0.000000 0.000000 0.000000
0.339515 0.348538 0.261812
-0.452571 -0.316132 -0.303981
0.000000 0.000000 0.000000
0.026133 0.405988 -0.251562
0.000000 0.000000 0.000000
0.000000 0.000000 0.000000
0.658534 0.469674 -0.093503
-0.188419 0.517399 -0.027605
0.089891 -0.100042 0.261812
0.000000 0.000000 0.000000
-0.111751 -0.044927 -0.251562
-0.039183 0.584171 0.231705
0.000000 0.000000 0.000000
0.000000 0.000000 0.000000
0.277847 0.003167 -0.266518
0.771631 0.273998 -0.251562
-0.446078 0.363337 -0.251562
0.000000 0.000000 0.000000
0.000000 0.000000 0.000000
-0.146255 -0.382571 -0.352874
-0.243868 0.584171 0.255529
0.822443 0.351972 0.144639
0.219700 0.517399 -0.013068
0.060805 0.261538 -0.251562
0.000000 0.000000 0.000000
-0.036539 0.222860 0.261812
0.000000 0.000000 0.000000
-0.050408 -0.142647 -0.251562
0.000000 0.000000 0.000000
0.419364 0.330872 -0.251562
0.000000 0.000000 0.000000
0.596523 0.348857 0.261812
-0.401497 0.155207 -0.250901
0.546779 0.505375 0.130675
0.720080 0.187230 0.261812
-0.496694 -0.103791 -0.251562
0.308222 0.008939 0.261812
0.000000 0.000000 0.000000
-0.257440 -0.011478 0.261812
-0.145121 -0.032055 0.261812
0.540181 0.172161 -0.262962
-0.226078 0.254304 -0.251562
-0.546311 0.517399 -0.131911
0.000000 0.000000 0.000000
0.210276 0.574457 0.172053
0.000000 0.000000 0.000000
0.000000 0.000000 0.000000
0.042724 0.364684 0.261812
0.000000 0.000000 0.000000
0.000000 0.000000 0.000000
0.000000 0.000000 0.000000
0.254184 0.448900 -0.251562
0.000000 0.000000 0.000000
-0.344641 0.517399 0.136426
0.647969 0.340872 0.261812
0.000000 0.000000 0.000000
-0.152068 0.584171 0.228125
0.478784 0.516440 0.077155
0.000000 0.000000 0.000000
0.471836 -0.004927 -0.242804
0.000000 0.000000 0.000000
-0.118304 0.498370 -0.247497
0.000000 0.000000 0.000000
0.000000 0.000000 0.000000
0.000000 0.000000 0.000000
0.014307 0.517399 -0.177706
0.179376 0.178405 0.261812
-0.602289 0.233710 -0.251562
0.604070 0.438727 -0.251562
0.000000 0.000000 0.000000
0.444974 0.517399 -0.179746
0.091918 0.034188 -0.251562
0.036205 -0.300031 -0.251562
0.464819 0.186197 0.261812
-0.177716 0.361681 0.261812
-0.329533 -0.000231 -0.249640
-0.255991 -0.243357 -0.238426
0.000000 0.000000 0.000000
0.000000 0.000000 0.000000
-0.063159 0.071161 0.261812
0.257829 0.187730 -0.254743
-0.333450 0.493693 -0.249436
0.000000 0.000000 0.000000
0.000000 0.000000 0.000000
0.000000 0.000000 0.000000
0.026028 0.517399 0.054229
0.826290 0.348092 -0.157183
0.000000 0.000000 0.000000
0.000000 0.000000 0.000000
0.336965 0.517399 0.226907
0.850485 0.323689 0.033853
0.031556 0.076644 -0.251562
0.000000 0.000000 0.000000
-0.358988 0.517399 -0.052270
-0.655547 0.440674 -0.251562
0.000000 0.000000 0.000000
0.000000 0.000000 0.000000
0.000000 0.000000 0.000000
-0.372984 0.206181 -0.238426
0.000000 0.000000 0.000000
-0.336874 -0.430310 -0.251562
-0.169306 0.109444 -0.251562
-0.372884 0.485680 0.261812
0.000000 0.000000 0.000000
0.000000 0.000000 0.000000
0.000000 0.000000 0.000000
0.000000 0.000000 0.000000
0.353993 0.517399 -0.141811
0.000000 0.000000 0.000000
0.352293 -0.128457 -0.267633
0.000000 0.000000 0.000000
0.000000 0.000000 0.000000
0.000000 0.000000 0.000000
0.118034 0.492541 0.261812
0.000000 0.000000 0.000000
0.000000 0.000000 0.000000
0.152183 0.347957 0.261812
-0.184990 -0.094271 -0.238426
0.112224 -0.140599 -0.251562
0.000000 0.000000 0.000000
0.000000 0.000000 0.000000
0.718620 0.436856 0.070857
0.471969 0.316738 -0.259950
0.000000 0.000000 0.000000
0.000000 0.000000 0.000000
-0.095341 0.279994 -0.244582
0.140613 -0.047901 0.261812
0.183323 0.517399 -0.101372
-0.100053 0.517399 0.099968
0.027707 0.103382 0.261812
0.631288 0.480264 0.272749
-0.071745 -0.042694 0.261812
0.000000 0.000000 0.000000
0.617160 0.209006 0.261812
0.662772 0.160980 -0.253585
0.383583 0.171726 -0.264532
-0.518148 0.515589 -0.227087
0.214776 0.341373 -0.251562
-0.136144 -0.350932 -0.251562
0.246452 0.233322 0.261812
0.000000 0.000000 0.000000
-0.249521 0.250468 0.261812
0.140316 0.517399 -0.208596
0.000000 0.000000 0.000000
0.000000 0.000000 0.000000
0.474651 0.507839 0.273862
0.802799 0.371785 0.268598
0.000000 0.000000 0.000000
-0.233996 0.517399 -0.169104
0.660471 0.262891 -0.259950
0.000000 0.000000 0.000000
-0.069444 0.361770 0.261812
0.000000 0.000000 0.000000
0.000000 0.000000 0.000000
0.000000 0.000000 0.000000
-0.342085 -0.139163 -0.251562
0.879255 0.279755 -0.073364
0.513129 0.510851 -0.045564
0.000000 0.000000 0.000000
0.523155 0.077572 0.261812
0.000000 0.000000 0.000000
0.000000 0.000000 0.000000
0.000000 0.000000 0.000000
-0.097506 0.101755 -0.251562
-0.190171 -0.391367 -0.251562
0.000000 0.000000 0.000000
0.000000 0.000000 0.000000
0.439884 0.462000 0.261812
0.295147 0.517399 0.118643
0.000000 0.000000 0.000000
0.053602 0.517399 0.164956
0.604302 0.039562 -0.238426
0.000000 0.000000 0.000000
0.000000 0.000000 0.000000
0.000000 0.000000 0.000000
0.000000 0.000000 0.000000
0.000000 0.000000 0.000000
-0.078466 -0.255281 -0.241232
0.778443 0.396351 -0.032225
-0.184076 0.378267 -0.251562
0.364559 0.025576 -0.271826
0.000000 0.000000 0.000000
0.000000 0.000000 0.000000
-0.006224 -0.169163 0.261812
-0.297363 0.517399 0.014214
-0.322079 0.078279 -0.251562
-0.398910 -0.219626 -0.251562
0.676016 0.462878 0.091976
0.000000 0.000000 0.000000
-0.566419 0.299414 -0.238426
0.157657 0.517399 0.086302
0.000000 0.000000 0.000000
-0.307766 0.357913 -0.251562
0.000000 0.000000 0.000000
0.317902 0.187207 0.261812
0.478222 0.316066 0.261812
0.390348 0.102109 0.261812
0.000000 0.000000 0.000000
0.366217 0.517399 0.006642
0.222422 0.449324 0.261812
0.000000 0.000000 0.000000
0.473524 0.106074 -0.270239
-0.240189 0.584171 0.183008
-0.119625 -0.166353 0.261812
-0.042835 0.517399 -0.057096
0.000000 0.000000 0.000000
0.320581 0.288716 -0.251562
-0.090241 0.517399 0.002735
0.000000 0.000000 0.000000
0.875009 0.286353 0.157403
0.000000 0.000000 0.000000
0.183935 -0.030802 -0.238426
-0.224269 0.517399 0.078684
0.079466 0.236220 0.261812
0.066925 0.576352 0.273862
0.485509 0.452152 -0.251562
0.000000 0.000000 0.000000
0.215420 -0.093842 -0.238426
0.000000 0.000000 0.000000
0.000000 0.000000 0.000000
0.000000 0.000000 0.000000
0.369981 0.446989 -0.251562
0.000000 0.000000 0.000000
-0.485030 0.202276 -0.249455
0.811785 0.362722 -0.207051
0.000000 0.000000 0.000000
0.718977 0.083106 -0.256817
0.000000 0.000000 0.000000
0.000000 0.000000 0.000000
0.840515 0.232983 0.261812
0.000000 0.000000 0.000000
0.734165 0.426667 -0.178074
0.212690 0.076946 -0.238426
0.000000 0.000000 0.000000
-0.352379 0.517399 0.223273
0.252216 0.517399 -0.155185
-0.189130 0.489029 0.261812
0.501031 0.399816 0.261812
0.000000 0.000000 0.000000
-0.213707 0.103921 0.261812
0.000000 0.000000 0.000000
-0.440495 0.517399 0.055884
-0.498988 0.517399 0.094912
0.000000 0.000000 0.000000
-0.303700 0.385675 0.261812
0.907650 0.235625 -0.180339
-0.264520 0.517399 -0.068143
0.000000 0.000000 0.000000
0.142628 0.173520 -0.251562
0.000000 0.000000 0.000000
0.000000 0.000000 0.000000
0.589166 0.496636 -0.191636
0.557617 0.503611 0.020853
0.096689 0.517399 -0.027901
-0.078630 0.189040 -0.251562
-0.506093 0.517399 -0.027765
0.760024 0.311378 0.261812
0.000000 0.000000 0.000000
-0.142196 0.166829 0.261812
0.017328 -0.041443 -0.251562
0.000000 0.000000 0.000000
0.000000 0.000000 0.000000
0.624802 0.087856 -0.262815
0.000000 0.000000 0.000000
0.000000 0.000000 0.000000
0.000000 0.000000 0.000000
0.407375 -0.084766 -0.271725
-0.361833 -0.325500 -0.251562
-0.094804 0.497883 0.266189
0.000000 0.000000 0.000000
0.720075 0.370878 -0.251562
0.000000 0.000000 0.000000
0.000000 0.000000 0.000000
0.090431 0.147719 -0.251562
-0.044778 0.476768 -0.251562
-0.433020 0.517399 -0.129565
0.229545 0.083059 0.261812
0.000000 0.000000 0.000000
0.444867 0.517399 0.192603
-0.208311 0.482903 -0.251493
0.000000 0.000000 0.000000
0.000000 0.000000 0.000000
0.000000 0.000000 0.000000
0.252951 0.526131 0.227377
0.177792 0.580306 0.273862
-0.091788 -0.245915 0.261812
-0.533071 0.411012 -0.251562
0.000000 0.000000 0.000000
0.793961 0.380699 0.048617
-0.460455 -0.000231 -0.250436
0.597847 0.162441 0.261812
0.000000 0.000000 0.000000
0.573197 0.295629 -0.251562
0.434804 0.018651 0.261812
0.131138 0.424516 -0.251562
0.705686 0.445333 0.174526
0.000000 0.000000 0.000000
0.000000 0.000000 0.000000
0.871745 0.291425 0.213805
-0.276544 -0.315030 -0.251562
0.481360 0.216467 -0.260259
-0.161149 0.517399 0.159113
-0.539308 0.163645 -0.251562
0.000000 0.000000 0.000000
0.201966 0.269333 -0.259950
0.000000 0.000000 0.000000
-0.387274 -0.375845 -0.303981
0.737644 0.424387 0.243428
0.651013 0.472597 0.015804
0.000000 0.000000 0.000000
0.419659 0.517399 -0.074228
-0.421024 0.487287 -0.250917
0.000000 0.000000 0.000000
-0.029099 0.517399 0.164944
0.303850 0.116577 -0.264682
0.000000 0.000000 0.000000
-0.169147 -0.201769 -0.251562
0.172381 0.275328 0.261812
0.000000 0.000000 0.000000
0.156511 -0.228661 -0.259950
-0.071333 -0.330679 -0.251562
0.000000 0.000000 0.000000
0.000000 0.000000 0.000000
-0.435762 0.067902 -0.238426
0.198319 -0.130423 0.261812
0.000000 0.000000 0.000000
0.000000 0.000000 0.000000
-0.393989 0.395648 0.261812
0.000000 0.000000 0.000000
0.000000 0.000000 0.000000
0.000000 0.000000 0.000000
0.503958 0.146683 0.261812
0.000000 0.000000 0.000000
0.415829 0.085991 -0.271308
0.697859 0.450463 -0.203433
0.000000 0.000000 0.000000
0.783894 0.162056 -0.251562
0.862769 0.223480 -0.251562
0.000000 0.000000 0.000000
0.038872 0.024395 0.261812
-0.186373 0.003840 -0.251562
-0.320787 0.230589 -0.238426
-0.238628 0.171019 -0.251562
0.000000 0.000000 0.000000
0.209468 0.009009 0.261812
0.000000 0.000000 0.000000
0.399703 0.265033 0.261812
0.000000 0.000000 0.000000
0.000000 0.000000 0.000000
0.000000 0.000000 0.000000
0.100177 0.445159 0.261812
0.000000 0.000000 0.000000
0.101731 0.346489 -0.251562
-0.235574 -0.432024 -0.251562
0.000000 0.000000 0.000000
0.129862 0.098165 0.261812
0.335128 0.443400 0.261812
0.276168 -0.163149 -0.238426
0.000000 0.000000 0.000000
0.000000 0.000000 0.000000
0.000000 0.000000 0.000000
0.158408 -0.152660 -0.259950
0.000000 0.000000 0.000000
0.348494 0.212954 -0.238426
0.284817 0.517399 -0.070080
0.439193 0.098609 0.261812
0.000000 0.000000 0.000000
0.000000 0.000000 0.000000
0.000000 0.000000 0.000000
-0.073697 0.368206 -0.251562
0.161727 0.517399 0.202248
-0.434607 0.517399 -0.035908
0.630201 0.480687 0.181723
0.000000 0.000000 0.000000
0.000000 0.000000 0.000000
0.000000 0.000000 0.000000
-0.000608 0.492992 0.261812
-0.248499 -0.146911 -0.244418
0.000000 0.000000 0.000000
0.000000 0.000000 0.000000
0.000000 0.000000 0.000000
-0.271486 0.505387 0.273862
0.000000 0.000000 0.000000
-0.139750 0.025924 0.261812
0.336161 -0.050954 -0.238426
0.904825 0.240014 0.139522
0.381335 0.157777 0.261812
0.000000 0.000000 0.000000
0.607080 0.196495 -0.238426
-0.094318 -0.334416 -0.295044
0.323679 0.514929 -0.228681
0.389992 0.517399 0.100553
-0.350481 0.517399 -0.134968
0.595708 0.295269 0.261812
0.000000 0.000000 0.000000
-0.350366 -0.255490 -0.251562
0.000000 0.000000 0.000000
-0.073215 0.517399 -0.167812
-0.095038 0.269479 0.261812
0.633101 0.426657 0.261812
0.070987 0.517399 -0.120564
-0.111736 -0.112310 -0.251562
0.000000 0.000000 0.000000
0.252260 0.351298 0.261812
0.000000 0.000000 0.000000
-0.311408 0.517399 -0.179759
0.108345 -0.055127 -0.259950
0.000000 0.000000 0.000000
-0.253496 -0.030880 -0.243964
-0.251372 0.433128 -0.251562
0.000000 0.000000 0.000000
0.000000 0.000000 0.000000
0.530306 0.086426 -0.238426
0.552398 0.504460 0.240845
-0.241620 0.046839 -0.238495
0.514887 0.510565 -0.145583
0.612748 0.335298 -0.251562
0.096375 0.517399 0.127630
-0.064944 0.128024 0.261812
0.264501 -0.067762 0.261812
0.224231 0.517399 0.063706
0.000000 0.000000 0.000000
0.000000 0.000000 0.000000
-0.483352 0.293812 -0.238426
0.000000 0.000000 0.000000
0.000000 0.000000 0.000000
0.000000 0.000000 0.000000
0.000000 0.000000 0.000000
-0.155615 -0.432632 -0.303981
0.287036 -0.085378 -0.265729
0.535662 0.386423 -0.259950
0.000000 0.000000 0.000000
0.284802 0.514462 0.273862
-0.412228 0.517399 0.164382
0.000000 0.000000 0.000000
0.000000 0.000000 0.000000
-0.438633 0.517399 0.218064
-0.133109 0.432585 -0.251562
0.000000 0.000000 0.000000
0.000000 0.000000 0.000000
0.424336 0.452503 -0.251562
0.000000 0.000000 0.000000
-0.017317 0.323133 -0.251562
0.000000 0.000000 0.000000
0.329126 0.374313 -0.251562
0.540165 0.244957 0.261812
-0.115311 0.517399 -0.077728
-0.001360 -0.082639 0.261812
0.000000 0.000000 0.000000
-0.096917 0.544484 0.172053
0.071366 0.299425 0.261812
0.000000 0.000000 0.000000
0.000000 0.000000 0.000000
-0.200129 -0.336552 -0.293878
0.877057 0.283170 0.052634
-0.143166 0.517399 -0.171915
0.731734 0.428260 -0.090737
-0.647335 0.509931 -0.237661
0.000000 0.000000 0.000000
0.000000 0.000000 0.000000
-0.261902 0.333123 0.261812
0.000000 0.000000 0.000000
-0.625048 0.365669 -0.251562
-0.157948 0.205570 -0.238426
-0.333080 0.279994 -0.250012
0.772915 0.401270 0.099004
0.000000 0.000000 0.000000
0.000000 0.000000 0.000000
0.000000 0.000000 0.000000
0.061089 -0.037181 0.261812
0.000000 0.000000 0.000000
0.133879 0.584171 0.203512
0.000000 0.000000 0.000000
-0.015626 -0.233866 0.261812
0.557552 0.458760 -0.251562
0.043140 -0.184614 -0.251562
0.000000 0.000000 0.000000
-0.017736 0.297495 0.261812
-0.492991 0.096416 -0.251562
0.876380 0.284221 -0.145258
0.425129 0.380291 0.261812
0.000000 0.000000 0.000000
0.000000 0.000000 0.000000
0.000000 0.000000 0.000000
0.000000 0.000000 0.000000
0.000000 0.000000 0.000000
-0.428266 -0.164745 -0.238426
0.000000 0.000000 0.000000
0.000000 0.000000 0.000000
0.000000 0.000000 0.000000
-0.223804 0.517399 0.179414
-0.302002 0.188198 0.261812
0.000000 0.000000 0.000000
0.000000 0.000000 0.000000
0.000000 0.000000 0.000000
0.000000 0.000000 0.000000
0.000000 0.000000 0.000000
-0.167560 -0.264700 -0.251562
-0.041411 0.438688 0.261812
0.000000 0.000000 0.000000
0.000000 0.000000 0.000000
0.000000 0.000000 0.000000
0.000000 0.000000 0.000000
0.000000 0.000000 0.000000
0.059561 0.173557 0.261812
0.000000 0.000000 0.000000
0.858884 0.309470 -0.224554
-0.187850 0.285774 0.261812
0.021635 0.517399 -0.026713
0.000000 0.000000 0.000000
0.010707 -0.117820 -0.251562
0.451305 0.168509 -0.238426
0.000000 0.000000 0.000000
-0.429972 -0.069192 -0.250706
0.296097 0.517399 -0.008214
-0.269591 0.439459 0.261812
0.878341 0.281173 -0.025077
0.334520 0.058647 -0.238426
0.000000 0.000000 0.000000
0.681391 0.251311 0.261812
0.000000 0.000000 0.000000
0.000000 0.000000 0.000000
0.813564 0.360928 0.217775
-0.141060 0.318776 -0.251562
-0.244602 -0.093109 -0.238426
0.449620 0.284723 -0.238426
0.000000 0.000000 0.000000
0.000000 0.000000 0.000000
0.000000 0.000000 0.000000
0.000000 0.000000 0.000000
0.065067 -0.194717 0.261812
-0.391706 0.320883 -0.251562
-0.297243 0.517399 0.077873
0.025473 0.194898 -0.251562
0.000000 0.000000 0.000000
-0.436368 0.517399 -0.204675
0.836256 0.338040 -0.036085
0.721098 0.221292 -0.251562
0.012644 0.584171 0.177154
-0.278598 0.068578 0.261812
0.250523 0.515881 -0.226385
0.000000 0.000000 0.000000
0.412749 -0.026175 -0.250476
0.000000 0.000000 0.000000
-0.291191 0.148453 -0.238426
-0.197121 0.517399 -0.104072
0.000000 0.000000 0.000000
0.462720 0.509446 -0.238292
-0.581506 0.517399 -0.066706
0.590889 0.495966 0.210349
0.000000 0.000000 0.000000
0.598996 0.095521 0.261812
0.068520 0.455797 -0.251562
0.000000 0.000000 0.000000
-0.376456 -0.051637 -0.251562
0.000000 0.000000 0.000000
0.000000 0.000000 0.000000
-0.196236 0.169676 0.261812
0.000000 0.000000 0.000000
-0.155779 0.517399 0.034167
0.000000 0.000000 0.000000
0.572326 0.501218 -0.120814
0.009827 0.517399 0.119391
0.000000 0.000000 0.000000
0.000000 0.000000 0.000000
0.333522 0.254957 0.261812
0.668889 0.134889 0.261812
0.151749 0.016483 -0.259026
0.000000 0.000000 0.000000
-0.153002 -0.274500 0.261812
0.135600 0.042028 0.261812
0.132966 0.277386 -0.252719
0.000000 0.000000 0.000000
-0.235587 0.351598 -0.251562
0.000000 0.000000 0.000000
0.713402 0.440275 0.001603
0.226898 0.517399 0.141492
0.000000 0.000000 0.000000
0.000000 0.000000 0.000000
0.231777 -0.024961 -0.261861
0.000000 0.000000 0.000000
0.553344 0.503108 -0.225524
0.840874 0.303352 0.271068
0.809910 0.364613 -0.078759
0.000000 0.000000 0.000000
0.614632 0.138858 -0.260493
0.000000 0.000000 0.000000
0.265916 0.141937 0.261812
-0.314020 0.568877 0.225853
0.185718 0.469112 -0.251562
-0.312452 -0.078269 -0.238426
0.000000 0.000000 0.000000
0.000000 0.000000 0.000000
0.389905 0.517399 0.155574
0.212392 -0.064199 0.261812
0.000000 0.000000 0.000000
0.773903 0.400621 0.169832
0.000000 0.000000 0.000000
0.000000 0.000000 0.000000
0.668238 0.348969 -0.251562
-0.293038 -0.368453 -0.251562
0.000000 0.000000 0.000000
0.768204 0.404357 -0.119107
0.000000 0.000000 0.000000
0.000000 0.000000 0.000000
0.355259 0.517399 -0.056359
0.000000 0.000000 0.000000
-0.133943 0.097726 0.261812
-0.598829 0.517399 -0.177709
0.038265 0.505912 -0.242241
-0.433791 0.250471 -0.251562
-0.052911 0.073257 -0.251562
-0.215623 -0.384612 -0.299609
0.520522 0.000102 -0.272102
0.000000 0.000000 0.000000
0.402416 0.286418 -0.251562
-0.018458 0.517399 0.219046
-0.117514 -0.100944 0.261812
0.189548 0.217601 -0.251562
0.434030 0.517399 0.024839
0.000000 0.000000 0.000000
-0.113294 0.146116 -0.238426
0.000000 0.000000 0.000000
0.149233 0.119924 -0.259950
-0.279541 -0.462334 -0.251562
0.000000 0.000000 0.000000
0.000000 0.000000 0.000000
0.275521 0.358494 -0.251562
0.598516 0.493002 -0.071266
-0.595181 0.471771 -0.251562
0.138990 0.206179 0.261812
-0.105949 -0.179655 -0.251562
0.205947 0.136253 0.261812
-0.027410 0.035077 0.261812
0.000000 0.000000 0.000000
0.803263 0.202029 -0.251562
0.440286 0.386557 -0.259950
-0.035315 0.517399 0.069397
0.000000 0.000000 0.000000
-0.381456 0.046839 -0.241698
0.474051 -0.074705 -0.272177
-0.151130 -0.301472 -0.301391
0.209562 0.516463 0.273862
-0.090347 -0.395039 -0.294887
0.000000 0.000000 0.000000
-0.676382 0.517399 -0.176369
-0.326078 -0.196385 -0.251562
0.000000 0.000000 0.000000
0.000000 0.000000 0.000000
0.624869 0.482759 0.125340
0.000000 0.000000 0.000000
-0.428548 0.497883 0.265325
0.000000 0.000000 0.000000
0.370028 0.034364 0.261812
0.000000 0.000000 0.000000
0.106941 0.159154 0.261812
0.000000 0.000000 0.000000
0.195332 0.403509 -0.251562
0.000000 0.000000 0.000000
0.000000 0.000000 0.000000
0.000000 0.000000 0.000000
0.000000 0.000000 0.000000
0.155438 -0.100022 -0.259950
0.106520 0.084316 -0.259950
0.000000 0.000000 0.000000
-0.486843 0.517399 0.033787
-0.296379 0.296121 0.261812
-0.143388 0.058812 -0.238426
0.035178 0.336793 -0.251562
0.646004 0.474544 -0.175157
0.000000 0.000000 0.000000
0.255171 0.034867 -0.238426
-0.483833 0.517399 -0.164407
0.000000 0.000000 0.000000
0.064355 -0.084481 -0.259950
0.000000 0.000000 0.000000
0.469601 0.517399 -0.112687
-0.408172 -0.282057 -0.251562
0.000000 0.000000 0.000000
-0.413366 -0.431511 -0.290953
-0.412787 0.517399 0.107445
-0.518449 -0.012996 -0.238426
0.000000 0.000000 0.000000
0.000000 0.000000 0.000000
-0.067863 -0.151138 0.261812
0.552693 0.438046 0.261812
0.000000 0.000000 0.000000
-0.536212 0.232925 -0.246184
0.505863 0.512033 0.205525
0.101508 -0.210593 -0.251562
-0.028980 0.517399 -0.122144
0.000000 0.000000 0.000000
0.000000 0.000000 0.000000
-0.164190 -0.204887 0.261812
0.720155 0.160900 -0.251562
0.678035 0.119963 -0.254962
0.195841 0.517399 -0.176143
0.000000 0.000000 0.000000
0.000000 0.000000 0.000000
-0.221544 0.041667 0.261812
-0.052148 0.244401 -0.251562
-0.320984 0.517399 0.261452
0.000000 0.000000 0.000000
-0.477736 0.460661 -0.251562
-0.287609 0.517399 0.162390
0.000000 0.000000 0.000000
-0.104508 0.011495 -0.251562
0.000000 0.000000 0.000000
-0.189397 0.433137 0.261812
0.000000 0.000000 0.000000
0.157868 0.357941 -0.251562
0.852365 0.321543 0.111600
0.007317 0.448407 0.261812
0.000000 0.000000 0.000000
0.200324 0.151635 -0.245687
0.000000 0.000000 0.000000
