0.127659 0.765671 0.487909
0.000000 0.000000 0.000000
0.000000 0.000000 0.000000
-0.017117 0.031459 0.371530
-0.354886 0.446105 0.250889
0.000000 0.000000 0.000000
0.000000 0.000000 0.000000
0.308680 0.250898 0.336411
0.000000 0.000000 0.000000
-0.273384 -0.067544 0.190923
0.000000 0.000000 0.000000
-0.157736 0.418530 0.487909
0.000000 0.000000 0.000000
-0.334685 0.806259 0.487783
-0.020981 0.775737 0.273224
0.000000 0.000000 0.000000
0.000000 0.000000 0.000000
0.000000 0.000000 0.000000
-0.243238 0.554339 0.159484
0.337502 0.595866 0.238185
0.000000 0.000000 0.000000
-0.042235 0.372172 0.257116
0.274867 0.458431 0.487909
0.010297 -0.433475 0.220693
0.000000 0.000000 0.000000
-0.304750 0.318551 0.487909
0.064083 0.250898 0.395298
0.000000 0.000000 0.000000
0.039944 0.396461 0.256992
0.000000 0.000000 0.000000
0.000000 0.000000 0.000000
-0.095137 0.717167 0.487909
-0.253760 0.673630 0.268134
0.282151 0.801506 0.277779
0.000000 0.000000 0.000000
0.000000 0.000000 0.000000
0.000000 0.000000 0.000000
0.000000 0.000000 0.000000
0.000000 0.000000 0.000000
-0.337020 0.542117 0.487909
0.121006 0.528394 0.254672
0.000000 0.000000 0.000000
0.000000 0.000000 0.000000
-0.232621 0.250898 0.320369
0.000000 0.000000 0.000000
-0.116983 0.806259 0.445599
0.000000 0.000000 0.000000
0.339314 0.708769 0.445618
0.000000 0.000000 0.000000
0.000000 0.000000 0.000000
0.000000 0.000000 0.000000
-0.043459 0.559623 0.487909
0.000000 0.000000 0.000000
0.000000 0.000000 0.000000
0.000000 0.000000 0.000000
0.000000 0.000000 0.000000
0.000000 0.000000 0.000000
0.064736 0.412784 0.487909
0.278283 0.415512 0.244217
-0.000432 0.731176 0.487909
-0.170794 0.673630 0.431819
0.000000 0.000000 0.000000
0.000000 0.000000 0.000000
0.108394 0.673630 0.363246
-0.168542 0.474670 0.253183
0.000000 0.000000 0.000000
-0.125033 0.280774 0.487909
-0.017633 -0.173769 0.334770
-0.078100 -0.277238 0.202701
0.339314 0.446976 0.379864
0.000000 0.000000 0.000000
0.086293 -0.264332 0.210260
0.000000 0.000000 0.000000
0.000000 0.000000 0.000000
0.000000 0.000000 0.000000
0.000000 0.000000 0.000000
0.000000 0.000000 0.000000
0.000000 0.000000 0.000000
-0.322183 0.806259 0.313031
-0.354886 0.733721 0.461830
0.198794 0.726689 0.250432
0.244252 0.615857 0.487909
0.258086 0.293731 0.487909
0.000000 0.000000 0.000000
0.000000 0.000000 0.000000
0.280707 0.806259 0.487016
0.104282 0.250898 0.286870
0.000000 0.000000 0.000000
-0.354886 0.405685 0.454336
0.268996 0.673630 0.347472
0.000000 0.000000 0.000000
0.000000 0.000000 0.000000
0.000000 0.000000 0.000000
0.000000 0.000000 0.000000
0.000000 0.000000 0.000000
0.000000 0.000000 0.000000
-0.354886 0.299968 0.342409
-0.080932 0.705388 0.256472
0.000000 0.000000 0.000000
0.000000 0.000000 0.000000
-0.214167 0.564228 0.487909
0.051682 -0.100739 0.196505
0.000000 0.000000 0.000000
-0.178672 0.796086 0.283691
0.000000 0.000000 0.000000
-0.307549 0.594527 0.242871
0.136697 0.806259 0.357741
-0.180255 0.498277 0.487909
-0.076001 0.250898 0.305503
-0.035226 0.189251 0.350891
0.000000 0.000000 0.000000
0.000000 0.000000 0.000000
0.000000 0.000000 0.000000
0.000000 0.000000 0.000000
0.000000 0.000000 0.000000
0.000000 0.000000 0.000000
0.000000 0.000000 0.000000
0.000000 0.000000 0.000000
0.000000 0.000000 0.000000
0.000000 0.000000 0.000000
0.000000 0.000000 0.000000
0.000000 0.000000 0.000000
-0.158801 0.806259 0.334144
0.133963 0.806259 0.302512
0.000000 0.000000 0.000000
0.000000 0.000000 0.000000
0.238900 0.250898 0.362441
-0.354886 0.636920 0.356948
0.115110 0.596823 0.487909
0.339314 0.335931 0.330146
0.000000 0.000000 0.000000
-0.278419 0.806259 0.457136
0.339314 0.731308 0.378374
0.000000 0.000000 0.000000
0.000000 0.000000 0.000000
0.000000 0.000000 0.000000
0.071169 0.257981 0.487909
-0.258435 0.367842 0.247196
0.000000 0.000000 0.000000
0.339314 0.552956 0.418821
0.000000 0.000000 0.000000
0.207833 0.568163 0.249841
0.000000 0.000000 0.000000
-0.354886 0.721142 0.321087
-0.010622 0.806259 0.358897
0.000000 0.000000 0.000000
-0.188804 0.319042 0.252104
0.000000 0.000000 0.000000
0.000000 0.000000 0.000000
0.000000 0.000000 0.000000
0.000000 0.000000 0.000000
-0.354886 0.565042 0.345842
-0.033253 0.330945 0.348830
0.000000 0.000000 0.000000
0.039556 0.687897 0.182504
0.000000 0.000000 0.000000
-0.043967 0.673630 0.382358
0.000000 0.000000 0.000000
0.000000 0.000000 0.000000
0.002086 0.533450 0.257344
0.229799 0.250898 0.262564
-0.212162 -0.172875 0.164648
0.000000 0.000000 0.000000
0.000000 0.000000 0.000000
0.339314 0.559105 0.305469
-0.038919 0.501479 0.487909
0.000000 0.000000 0.000000
-0.112327 -0.356328 0.163588
-0.185723 0.673630 0.360025
0.065542 -0.378848 0.221494
0.000000 0.000000 0.000000
0.000000 0.000000 0.000000
0.093572 0.659989 0.255681
0.000000 0.000000 0.000000
0.000000 0.000000 0.000000
0.000000 0.000000 0.000000
0.051008 0.673630 0.441263
-0.174791 0.632082 0.252892
0.000000 0.000000 0.000000
0.000000 0.000000 0.000000
0.000000 0.000000 0.000000
-0.285059 0.690394 0.487909
-0.168682 0.731471 0.487909
0.000000 0.000000 0.000000
-0.354886 0.634777 0.303966
0.337804 0.380977 0.487909
0.000000 0.000000 0.000000
0.000000 0.000000 0.000000
0.000000 0.000000 0.000000
0.012068 -0.240062 0.196499
-0.340014 0.250898 0.462359
0.000000 0.000000 0.000000
0.339314 0.715887 0.261238
0.247570 0.673630 0.250302
0.000000 0.000000 0.000000
0.148034 0.454341 0.487909
0.000000 0.000000 0.000000
0.000000 0.000000 0.000000
-0.055513 0.250898 0.404801
0.000000 0.000000 0.000000
0.000000 0.000000 0.000000
0.000000 0.000000 0.000000
-0.280510 0.529516 0.245339
0.000000 0.000000 0.000000
0.000000 0.000000 0.000000
0.000000 0.000000 0.000000
0.000000 0.000000 0.000000
-0.013931 0.388550 0.487909
0.153615 0.348144 0.253151
0.000000 0.000000 0.000000
0.000000 0.000000 0.000000
0.000000 0.000000 0.000000
0.140740 0.268640 0.487909
0.000000 0.000000 0.000000
0.000000 0.000000 0.000000
0.339314 0.683090 0.387869
0.053979 0.806259 0.465796
-0.331878 0.274636 0.240366
0.017306 0.304908 0.257203
0.000000 0.000000 0.000000
0.000000 0.000000 0.000000
-0.250187 0.360859 0.487909
0.000000 0.000000 0.000000
0.206877 0.806259 0.380568
0.339314 0.462252 0.265092
0.339314 0.311942 0.458850
0.000000 0.000000 0.000000
0.000000 0.000000 0.000000
-0.216621 0.250898 0.433630
0.000000 0.000000 0.000000
0.000000 0.000000 0.000000
0.000000 0.000000 0.000000
0.000000 0.000000 0.000000
-0.223658 0.251376 0.487909
0.000000 0.000000 0.000000
0.239648 0.739752 0.487909
-0.354886 0.451448 0.366258
0.291267 0.673630 0.457170
0.197587 0.378757 0.487909
-0.271303 0.759961 0.248068
0.000000 0.000000 0.000000
0.000000 0.000000 0.000000
0.000000 0.000000 0.000000
0.000000 0.000000 0.000000
0.000000 0.000000 0.000000
0.000000 0.000000 0.000000
0.195226 0.452333 0.250665
0.000000 0.000000 0.000000
0.000000 0.000000 0.000000
0.000000 0.000000 0.000000
0.000000 0.000000 0.000000
0.000000 0.000000 0.000000
0.000000 0.000000 0.000000
-0.032529 -0.129695 0.232711
-0.034436 -0.076044 0.354634
0.000000 0.000000 0.000000
-0.354886 0.486073 0.486349
0.314107 0.312268 0.240593
0.000000 0.000000 0.000000
0.000000 0.000000 0.000000
-0.329552 -0.102253 0.159733
0.000000 0.000000 0.000000
0.000000 0.000000 0.000000
0.000000 0.000000 0.000000
0.000000 0.000000 0.000000
0.000000 0.000000 0.000000
-0.064969 0.606362 0.256904
0.000000 0.000000 0.000000
0.000000 0.000000 0.000000
0.000000 0.000000 0.000000
0.079302 0.531361 0.487909
0.000000 0.000000 0.000000
0.000000 0.000000 0.000000
0.000000 0.000000 0.000000
0.000000 0.000000 0.000000
-0.134748 0.632169 0.487909
0.177692 0.673630 0.419276
0.000000 0.000000 0.000000
0.000000 0.000000 0.000000
0.333031 0.800331 0.487909
0.000000 0.000000 0.000000
-0.352120 0.806259 0.386179
0.094588 0.726294 0.255653
0.000000 0.000000 0.000000
-0.148253 -0.119967 0.196505
0.000000 0.000000 0.000000
-0.023939 0.285892 0.487909
0.008055 0.673630 0.307543
-0.065961 -0.395014 0.221494
0.000000 0.000000 0.000000
0.000000 0.000000 0.000000
0.000000 0.000000 0.000000
-0.242971 0.438634 0.487909
0.000000 0.000000 0.000000
0.000000 0.000000 0.000000
0.000000 0.000000 0.000000
-0.076116 0.682092 0.178318
0.000000 0.000000 0.000000
-0.354886 0.635674 0.479570
0.000000 0.000000 0.000000
0.132496 0.250898 0.348760
-0.150010 0.250898 0.366759
0.000000 0.000000 0.000000
0.000000 0.000000 0.000000
0.000000 0.000000 0.000000
0.000000 0.000000 0.000000
0.016453 0.239796 0.342865
0.000000 0.000000 0.000000
0.226196 0.520483 0.487909
0.000000 0.000000 0.000000
0.000000 0.000000 0.000000
0.127389 -0.171585 0.194425
0.000000 0.000000 0.000000
-0.354886 0.401139 0.331798
0.000000 0.000000 0.000000
0.339314 0.501733 0.466123
0.000000 0.000000 0.000000
0.000000 0.000000 0.000000
0.000000 0.000000 0.000000
-0.063264 0.302943 0.256920
-0.109794 0.546602 0.255664
0.000000 0.000000 0.000000
0.339314 0.367087 0.408887
0.163726 0.653125 0.487909
0.000000 0.000000 0.000000
0.000000 0.000000 0.000000
0.000000 0.000000 0.000000
0.000794 0.122404 0.322367
0.000000 0.000000 0.000000
0.000000 0.000000 0.000000
0.147561 -0.075636 0.196505
-0.005791 0.656397 0.487909
0.000000 0.000000 0.000000
0.000000 0.000000 0.000000
-0.316717 0.673630 0.401890
0.339314 0.506137 0.347726
0.000000 0.000000 0.000000
0.000000 0.000000 0.000000
0.000000 0.000000 0.000000
-0.107676 0.746835 0.255723
-0.314985 0.250898 0.298593
0.000000 0.000000 0.000000
-0.354886 0.762611 0.252630
0.000000 0.000000 0.000000
-0.032029 0.806259 0.480815
0.294376 0.250898 0.428923
0.000000 0.000000 0.000000
0.310029 0.806259 0.344878
-0.275476 0.590960 0.487909
0.000000 0.000000 0.000000
0.000000 0.000000 0.000000
0.000000 0.000000 0.000000
0.276201 0.518173 0.244392
0.200914 0.673630 0.302098
0.000000 0.000000 0.000000
0.000000 0.000000 0.000000
0.011340 -0.170467 0.204959
-0.288567 0.250898 0.412943
0.000000 0.000000 0.000000
0.000000 0.000000 0.000000
-0.167517 0.349394 0.487909
0.000000 0.000000 0.000000
0.000000 0.000000 0.000000
0.000000 0.000000 0.000000
-0.285896 0.480761 0.148208
0.000000 0.000000 0.000000
0.000000 0.000000 0.000000
0.000000 0.000000 0.000000
0.000000 0.000000 0.000000
0.000000 0.000000 0.000000
0.000000 0.000000 0.000000
0.000000 0.000000 0.000000
0.000000 0.000000 0.000000
0.000000 0.000000 0.000000
0.196501 0.250898 0.434993
-0.038906 0.461027 0.257147
0.000000 0.000000 0.000000
-0.124509 0.361587 0.255237
-0.266684 0.673630 0.331874
0.000000 0.000000 0.000000
0.000000 0.000000 0.000000
0.000000 0.000000 0.000000
0.000000 0.000000 0.000000
-0.223720 0.756863 0.487909
0.000000 0.000000 0.000000
-0.354886 0.319261 0.438437
0.000000 0.000000 0.000000
0.000000 0.000000 0.000000
-0.345493 0.682732 0.238966
0.000000 0.000000 0.000000
0.323759 0.806259 0.413219
-0.152650 0.673630 0.298727
0.000000 0.000000 0.000000
-0.019799 -0.086940 0.196505
0.000000 0.000000 0.000000
0.000000 0.000000 0.000000
0.008846 -0.168292 0.276270
0.000000 0.000000 0.000000
0.306500 0.552195 0.487909
0.000000 0.000000 0.000000
0.142896 0.673630 0.291054
0.000000 0.000000 0.000000
0.000000 0.000000 0.000000
-0.138800 0.253274 0.254571
0.339314 0.634449 0.455442
0.274441 0.346563 0.244540
-0.105407 0.531862 0.487909
0.000000 0.000000 0.000000
0.000000 0.000000 0.000000
0.000000 0.000000 0.000000
0.000000 0.000000 0.000000
0.000000 0.000000 0.000000
-0.342370 0.343554 0.239287
-0.354886 0.532768 0.415167
-0.214933 0.806259 0.412368
-0.188024 0.559632 0.252154
0.000000 0.000000 0.000000
-0.086733 -0.201484 0.187393
0.000000 0.000000 0.000000
0.094915 0.329041 0.487909
-0.070638 0.673630 0.307716
0.000000 0.000000 0.000000
0.000000 0.000000 0.000000
0.000000 0.000000 0.000000
0.000000 0.000000 0.000000
0.000000 0.000000 0.000000
0.000000 0.000000 0.000000
0.000000 0.000000 0.000000
0.151355 0.806259 0.436051
0.000000 0.000000 0.000000
0.000000 0.000000 0.000000
0.049159 0.806259 0.321202
0.000000 0.000000 0.000000
-0.079788 0.806259 0.315953
-0.240278 0.673630 0.440432
0.000000 0.000000 0.000000
0.000000 0.000000 0.000000
0.032603 0.578105 0.487909
0.000000 0.000000 0.000000
0.000000 0.000000 0.000000
0.000000 0.000000 0.000000
0.107805 0.434488 0.255283
0.179261 0.552853 0.487909
-0.354886 0.712263 0.381403
0.000000 0.000000 0.000000
-0.304402 0.644494 0.243195
0.000000 0.000000 0.000000
0.000000 0.000000 0.000000
0.000000 0.000000 0.000000
0.000000 0.000000 0.000000
0.339314 0.639726 0.329688
0.047444 -0.227647 0.215127
0.000000 0.000000 0.000000
0.000000 0.000000 0.000000
0.000000 0.000000 0.000000
0.306618 0.673630 0.280959
0.000000 0.000000 0.000000
0.000000 0.000000 0.000000
0.000000 0.000000 0.000000
0.000000 0.000000 0.000000
0.000000 0.000000 0.000000
0.000000 0.000000 0.000000
-0.075450 0.435617 0.487909
0.000000 0.000000 0.000000
0.000000 0.000000 0.000000
0.000000 0.000000 0.000000
0.000000 0.000000 0.000000
0.000000 0.000000 0.000000
-0.115688 -0.337162 0.216539
0.000000 0.000000 0.000000
0.000000 0.000000 0.000000
0.041703 0.673630 0.374475
0.000000 0.000000 0.000000
0.000000 0.000000 0.000000
0.046742 0.806259 0.398034
0.000000 0.000000 0.000000
0.000000 0.000000 0.000000
-0.251408 0.296373 0.247788
0.000000 0.000000 0.000000
0.000000 0.000000 0.000000
0.000000 0.000000 0.000000
-0.189593 0.701358 0.252052
0.000000 0.000000 0.000000
0.000000 0.000000 0.000000
0.000000 0.000000 0.000000
-0.354886 0.571306 0.270085
-0.148716 0.789554 0.487909
0.000000 0.000000 0.000000
0.000000 0.000000 0.000000
0.000000 0.000000 0.000000
0.000000 0.000000 0.000000
0.000000 0.000000 0.000000
0.000000 0.000000 0.000000
-0.022577 0.250898 0.281098
0.000000 0.000000 0.000000
0.117405 0.609619 0.254840
-0.275592 -0.138935 0.172173
0.081338 0.336403 0.256024
0.000000 0.000000 0.000000
0.000000 0.000000 0.000000
0.270473 0.615699 0.244874
0.000000 0.000000 0.000000
0.000000 0.000000 0.000000
0.000000 0.000000 0.000000
0.270098 0.364702 0.487909
0.000000 0.000000 0.000000
0.000000 0.000000 0.000000
0.150355 0.280200 0.253304
0.000000 0.000000 0.000000
0.000000 0.000000 0.000000
0.000000 0.000000 0.000000
0.000000 0.000000 0.000000
0.000000 0.000000 0.000000
0.000000 0.000000 0.000000
-0.354886 0.496566 0.313047
0.000000 0.000000 0.000000
0.000000 0.000000 0.000000
0.000000 0.000000 0.000000
-0.061751 0.323072 0.487909
0.015369 -0.376503 0.189719
0.069329 0.725032 0.487909
0.021319 0.699808 0.257165
0.000000 0.000000 0.000000
0.000000 0.000000 0.000000
-0.138179 0.250898 0.446568
0.000000 0.000000 0.000000
0.339314 0.385427 0.281789
0.256511 0.740546 0.246049
0.000000 0.000000 0.000000
0.000000 0.000000 0.000000
0.000000 0.000000 0.000000
0.218577 0.806259 0.456760
0.000000 0.000000 0.000000
0.000000 0.000000 0.000000
0.209868 0.325281 0.249708
0.000000 0.000000 0.000000
0.000000 0.000000 0.000000
0.000000 0.000000 0.000000
0.000000 0.000000 0.000000
-0.291740 0.250898 0.343613
0.000000 0.000000 0.000000
-0.190342 0.386938 0.252004
0.180946 0.768534 0.261048
0.000000 0.000000 0.000000
0.000000 0.000000 0.000000
0.000000 0.000000 0.000000
-0.089408 -0.155252 0.195407
-0.106936 0.673630 0.380768
0.000000 0.000000 0.000000
0.000000 0.000000 0.000000
0.000000 0.000000 0.000000
0.184228 0.250898 0.311631
0.000000 0.000000 0.000000
-0.169230 0.250898 0.310976
0.000000 0.000000 0.000000
0.000000 0.000000 0.000000
0.000000 0.000000 0.000000
0.063807 0.553115 0.256515
0.028408 0.529430 0.487909
0.000000 0.000000 0.000000
0.131447 0.377549 0.487909
0.000000 0.000000 0.000000
-0.246393 0.498298 0.487909
0.000000 0.000000 0.000000
0.339314 0.622535 0.287107
0.000000 0.000000 0.000000
0.000000 0.000000 0.000000
0.000000 0.000000 0.000000
-0.308551 0.390215 0.487909
-0.038595 -0.245093 0.212811
0.000000 0.000000 0.000000
0.000000 0.000000 0.000000
0.000000 0.000000 0.000000
0.214952 0.806259 0.315504
-0.046338 -0.427191 0.174257
0.339314 0.600732 0.380318
0.000000 0.000000 0.000000
0.000000 0.000000 0.000000
0.000000 0.000000 0.000000
-0.028300 0.667960 0.257246
0.000000 0.000000 0.000000
0.000000 0.000000 0.000000
-0.004258 -0.141845 0.178452
-0.200487 0.599039 0.167781
0.339314 0.289843 0.398040
-0.011195 0.290861 0.320255
0.016132 0.328488 0.352817
-0.005020 0.600369 0.257410
0.204179 0.329183 0.487909
0.002019 0.150949 0.369980
0.000000 0.000000 0.000000
-0.354886 0.583727 0.440721
0.000000 0.000000 0.000000
0.324284 0.250898 0.483371
0.000000 0.000000 0.000000
0.000538 0.451014 0.487909
0.014538 -0.044930 0.356906
-0.043544 0.673630 0.443241
0.000000 0.000000 0.000000
-0.285934 0.273183 0.487909
0.000000 0.000000 0.000000
-0.030423 0.110342 0.362101
0.181654 0.785403 0.487909
0.000000 0.000000 0.000000
0.000000 0.000000 0.000000
0.339314 0.267698 0.273247
-0.316372 0.673630 0.350579
0.217583 0.431689 0.487909
0.339314 0.518153 0.257208
0.005083 0.250898 0.418202
0.000000 0.000000 0.000000
0.000000 0.000000 0.000000
0.190491 0.651508 0.250975
0.097283 0.466563 0.487909
0.000000 0.000000 0.000000
0.000000 0.000000 0.000000
0.000000 0.000000 0.000000
-0.293472 0.455503 0.244249
-0.030076 -0.125046 0.362529
-0.056023 0.250898 0.463937
0.000000 0.000000 0.000000
0.000000 0.000000 0.000000
0.000000 0.000000 0.000000
0.000000 0.000000 0.000000
0.000000 0.000000 0.000000
0.000000 0.000000 0.000000
0.000000 0.000000 0.000000
0.198420 0.697847 0.487909
0.000000 0.000000 0.000000
0.339314 0.442147 0.476739
0.241660 0.673630 0.456953
0.264350 0.806259 0.418450
0.296725 0.720061 0.487909
0.050119 0.447592 0.256897
0.000000 0.000000 0.000000
0.038441 0.250898 0.276951
0.000000 0.000000 0.000000
0.000000 0.000000 0.000000
0.000000 0.000000 0.000000
0.103251 0.674187 0.487909
0.000000 0.000000 0.000000
0.000000 0.000000 0.000000
-0.105802 -0.067849 0.196505
0.000000 0.000000 0.000000
0.000000 0.000000 0.000000
0.000000 0.000000 0.000000
0.079167 -0.316264 0.205960
0.339314 0.691293 0.329294
0.000000 0.000000 0.000000
0.107868 -0.109905 0.196505
-0.080594 0.417668 0.256482
0.000000 0.000000 0.000000
-0.209087 0.672630 0.487909
0.000000 0.000000 0.000000
0.000000 0.000000 0.000000
0.000000 0.000000 0.000000
0.188214 0.396202 0.251123
-0.219406 0.673630 0.306830
0.118408 0.380330 0.254793
-0.292210 0.806259 0.351727
0.000000 0.000000 0.000000
0.000000 0.000000 0.000000
0.000000 0.000000 0.000000
0.000000 0.000000 0.000000
0.000000 0.000000 0.000000
-0.112994 -0.294460 0.164143
-0.011647 0.071102 0.320325
-0.309208 0.673630 0.286597
0.000000 0.000000 0.000000
0.000000 0.000000 0.000000
0.000000 0.000000 0.000000
0.000000 0.000000 0.000000
-0.354886 0.650068 0.425064
-0.083777 0.794419 0.487909
0.000000 0.000000 0.000000
0.000000 0.000000 0.000000
-0.016193 0.278428 0.371890
-0.039438 0.806259 0.425501
0.000000 0.000000 0.000000
-0.082214 -0.405130 0.166715
0.000000 0.000000 0.000000
-0.354886 0.275486 0.394952
0.000000 0.000000 0.000000
0.000000 0.000000 0.000000
0.000000 0.000000 0.000000
0.000000 0.000000 0.000000
0.000000 0.000000 0.000000
-0.300452 0.701125 0.243601
0.000000 0.000000 0.000000
0.000000 0.000000 0.000000
0.142611 0.709994 0.487909
0.000000 0.000000 0.000000
0.000000 0.000000 0.000000
0.000000 0.000000 0.000000
0.000000 0.000000 0.000000
0.000000 0.000000 0.000000
-0.142364 0.681372 0.487909
0.164632 0.673630 0.357584
0.000000 0.000000 0.000000
0.000000 0.000000 0.000000
-0.034823 0.244372 0.339574
0.339314 0.443677 0.323528
-0.224051 0.602862 0.249800
0.000000 0.000000 0.000000
0.192845 -0.099335 0.196505
0.000000 0.000000 0.000000
0.110721 0.250898 0.448224
0.000000 0.000000 0.000000
-0.028989 -0.002523 0.328884
-0.064150 0.514596 0.256912
0.000000 0.000000 0.000000
0.000000 0.000000 0.000000
0.000000 0.000000 0.000000
0.000000 0.000000 0.000000
0.000000 0.000000 0.000000
0.222136 0.507265 0.248908
0.000000 0.000000 0.000000
