-0.144007 0.022739 0.140179
0.000000 0.000000 0.000000
-0.098513 0.042447 0.031950
0.000000 0.000000 0.000000
0.000000 0.000000 0.000000
0.000000 0.000000 0.000000
0.000000 0.000000 0.000000
0.000000 0.000000 0.000000
0.000000 0.000000 0.000000
0.000000 0.000000 0.000000
-0.301256 0.015694 0.147471
0.000000 0.000000 0.000000
0.000000 0.000000 0.000000
0.000000 0.000000 0.000000
0.000000 0.000000 0.000000
-0.267629 0.022739 0.083373
0.000000 0.000000 0.000000
0.000000 0.000000 0.000000
-0.214980 0.001484 0.233058
0.000000 0.000000 0.000000
0.000000 0.000000 0.000000
0.000000 0.000000 0.000000
0.000000 0.000000 0.000000
0.000000 0.000000 0.000000
0.000000 0.000000 0.000000
0.000000 0.000000 0.000000
0.000000 0.000000 0.000000
-0.302577 -0.040116 0.140653
0.000000 0.000000 0.000000
-0.080904 0.010413 0.167661
0.000000 0.000000 0.000000
-0.386079 -0.012300 0.141293
-0.184193 0.044468 0.033256
0.000000 0.000000 0.000000
-0.026070 -0.000478 0.096260
-0.220434 -0.028336 0.155736
0.000000 0.000000 0.000000
0.000000 0.000000 0.000000
-0.294005 -0.005347 0.232233
0.000000 0.000000 0.000000
0.000000 0.000000 0.000000
0.000000 0.000000 0.000000
-0.035122 0.043468 0.017654
0.000000 0.000000 0.000000
0.000000 0.000000 0.000000
0.000000 0.000000 0.000000
0.000000 0.000000 0.000000
-0.101251 -0.014318 0.081724
0.000000 0.000000 0.000000
0.000000 0.000000 0.000000
0.000000 0.000000 0.000000
-0.140701 -0.001860 0.210925
0.000000 0.000000 0.000000
0.000000 0.000000 0.000000
0.000000 0.000000 0.000000
-0.359546 -0.022414 0.180663
0.000000 0.000000 0.000000
-0.181880 -0.001752 0.073688
0.000000 0.000000 0.000000
-0.223257 0.022739 0.148036
0.018881 0.030003 0.027988
0.000000 0.000000 0.000000
0.000000 0.000000 0.000000
-0.274595 0.012078 0.196165
-0.208236 -0.002911 0.098791
0.000000 0.000000 0.000000
0.000000 0.000000 0.000000
0.000000 0.000000 0.000000
-0.193075 -0.027680 0.141150
0.000000 0.000000 0.000000
0.000000 0.000000 0.000000
0.000000 0.000000 0.000000
-0.108359 -0.009926 0.170588
0.000000 0.000000 0.000000
0.000000 0.000000 0.000000
0.000000 0.000000 0.000000
0.000000 0.000000 0.000000
0.000000 0.000000 0.000000
0.000000 0.000000 0.000000
0.000000 0.000000 0.000000
0.000000 0.000000 0.000000
-0.323628 0.012616 0.086753
-0.274044 -0.038629 0.158394
0.000000 0.000000 0.000000
0.000000 0.000000 0.000000
0.000000 0.000000 0.000000
0.000000 0.000000 0.000000
-0.081311 0.022739 0.074040
0.000000 0.000000 0.000000
0.000000 0.000000 0.000000
-0.036327 0.002544 0.138007
0.000000 0.000000 0.000000
0.000000 0.000000 0.000000
0.000000 0.000000 0.000000
0.000000 0.000000 0.000000
0.000000 0.000000 0.000000
0.000000 0.000000 0.000000
0.000000 0.000000 0.000000
0.000000 0.000000 0.000000
0.000000 0.000000 0.000000
0.000000 0.000000 0.000000
-0.258121 -0.002067 0.138328
0.000000 0.000000 0.000000
0.000000 0.000000 0.000000
0.000000 0.000000 0.000000
0.000000 0.000000 0.000000
0.000000 0.000000 0.000000
0.000000 0.000000 0.000000
-0.346524 0.011261 0.108367
0.000000 0.000000 0.000000
-0.366361 -0.013878 0.112743
0.000000 0.000000 0.000000
-0.319047 -0.025519 0.188178
0.000000 0.000000 0.000000
-0.147450 0.042775 0.033444
-0.175135 0.022739 0.204835
-0.279758 -0.017156 0.102047
-0.011287 0.014261 0.051919
0.000000 0.000000 0.000000
0.000000 0.000000 0.000000
0.000000 0.000000 0.000000
-0.223569 0.022739 0.181815
0.000000 0.000000 0.000000
-0.136177 -0.013290 0.102499
0.000000 0.000000 0.000000
0.000000 0.000000 0.000000
0.000000 0.000000 0.000000
0.000000 0.000000 0.000000
0.018529 0.020698 0.126435
0.000000 0.000000 0.000000
-0.270992 0.039126 0.038056
-0.266748 -0.015802 0.199588
-0.363803 -0.040116 0.129346
0.000000 0.000000 0.000000
0.000000 0.000000 0.000000
0.000000 0.000000 0.000000
0.000000 0.000000 0.000000
0.000000 0.000000 0.000000
0.000000 0.000000 0.000000
0.000000 0.000000 0.000000
0.000000 0.000000 0.000000
0.000000 0.000000 0.000000
0.000000 0.000000 0.000000
0.000000 0.000000 0.000000
0.000000 0.000000 0.000000
0.000000 0.000000 0.000000
0.000000 0.000000 0.000000
0.000000 0.000000 0.000000
0.000000 0.000000 0.000000
0.000000 0.000000 0.000000
0.000000 0.000000 0.000000
0.000000 0.000000 0.000000
0.000000 0.000000 0.000000
0.000000 0.000000 0.000000
0.000000 0.000000 0.000000
0.027637 0.022739 0.078387
0.000000 0.000000 0.000000
0.000000 0.000000 0.000000
-0.205812 0.022739 0.081200
0.000000 0.000000 0.000000
0.000000 0.000000 0.000000
0.000000 0.000000 0.000000
0.000000 0.000000 0.000000
0.000000 0.000000 0.000000
-0.142722 -0.008013 0.136785
0.000000 0.000000 0.000000
-0.197139 -0.015379 0.192828
-0.231414 -0.005754 0.109416
0.000000 0.000000 0.000000
0.000000 0.000000 0.000000
-0.086588 0.022739 0.127876
0.000000 0.000000 0.000000
-0.147028 -0.011681 0.179682
0.000000 0.000000 0.000000
0.000000 0.000000 0.000000
0.000000 0.000000 0.000000
0.000000 0.000000 0.000000
0.000000 0.000000 0.000000
0.000000 0.000000 0.000000
0.000000 0.000000 0.000000
0.000000 0.000000 0.000000
-0.301872 0.006721 0.194911
0.000000 0.000000 0.000000
0.000000 0.000000 0.000000
0.000000 0.000000 0.000000
0.000000 0.000000 0.000000
0.000000 0.000000 0.000000
0.000000 0.000000 0.000000
-0.271948 -0.040116 0.130818
-0.152205 0.022739 0.073121
0.000000 0.000000 0.000000
0.000000 0.000000 0.000000
0.000000 0.000000 0.000000
-0.073803 -0.008217 0.142152
0.000000 0.000000 0.000000
0.000000 0.000000 0.000000
-0.318807 0.022739 0.049198
0.000000 0.000000 0.000000
0.000000 0.000000 0.000000
-0.113365 0.022739 0.094979
-0.352692 0.003630 0.150427
0.000000 0.000000 0.000000
0.000000 0.000000 0.000000
-0.017391 0.022739 0.147677
-0.187995 0.022739 0.109571
0.000000 0.000000 0.000000
-0.183101 0.022739 0.162603
0.000000 0.000000 0.000000
0.000000 0.000000 0.000000
0.000000 0.000000 0.000000
0.000000 0.000000 0.000000
0.000000 0.000000 0.000000
0.000000 0.000000 0.000000
0.000000 0.000000 0.000000
0.000000 0.000000 0.000000
-0.374518 -0.040116 0.165715
0.000000 0.000000 0.000000
-0.345486 -0.007040 0.206958
0.000000 0.000000 0.000000
0.000000 0.000000 0.000000
-0.257777 0.006403 0.235885
0.000000 0.000000 0.000000
0.000000 0.000000 0.000000
0.000000 0.000000 0.000000
-0.285098 0.001894 0.092097
-0.118022 -0.002905 0.199019
-0.329080 -0.018966 0.135249
0.000000 0.000000 0.000000
0.000000 0.000000 0.000000
0.087472 0.042075 0.028907
0.000000 0.000000 0.000000
0.000000 0.000000 0.000000
0.000000 0.000000 0.000000
0.000000 0.000000 0.000000
0.000000 0.000000 0.000000
0.000000 0.000000 0.000000
0.000000 0.000000 0.000000
0.000000 0.000000 0.000000
0.000000 0.000000 0.000000
0.000000 0.000000 0.000000
0.000000 0.000000 0.000000
0.000000 0.000000 0.000000
0.000000 0.000000 0.000000
-0.362161 0.015756 0.080202
-0.244572 -0.025008 0.187430
0.000000 0.000000 0.000000
0.000000 0.000000 0.000000
0.000000 0.000000 0.000000
0.000000 0.000000 0.000000
-0.241839 0.022739 0.048127
0.000000 0.000000 0.000000
-0.287131 -0.015963 0.137262
-0.060115 -0.004162 0.071137
-0.256315 0.022320 0.161340
0.000000 0.000000 0.000000
-0.050064 0.022739 0.107279
-0.295540 -0.033538 0.209235
0.000000 0.000000 0.000000
-0.001869 -0.003661 0.082915
0.000000 0.000000 0.000000
0.000000 0.000000 0.000000
0.000000 0.000000 0.000000
0.000000 0.000000 0.000000
-0.179872 0.002422 0.225784
0.000000 0.000000 0.000000
-0.200081 -0.001370 0.155423
0.000000 0.000000 0.000000
0.000000 0.000000 0.000000
0.000000 0.000000 0.000000
0.000000 0.000000 0.000000
0.000000 0.000000 0.000000
0.000000 0.000000 0.000000
0.000000 0.000000 0.000000
0.000000 0.000000 0.000000
0.000000 0.000000 0.000000
0.000000 0.000000 0.000000
0.000000 0.000000 0.000000
-0.301252 0.021864 0.114395
0.000000 0.000000 0.000000
-0.282929 0.022739 0.068804
-0.108617 -0.026685 0.114768
0.000000 0.000000 0.000000
-0.050743 -0.021638 0.122906
0.000000 0.000000 0.000000
-0.392165 0.001539 0.109185
0.000000 0.000000 0.000000
0.000000 0.000000 0.000000
0.000000 0.000000 0.000000
0.000000 0.000000 0.000000
0.000000 0.000000 0.000000
0.000000 0.000000 0.000000
0.000000 0.000000 0.000000
-0.222420 0.028188 0.045102
0.000000 0.000000 0.000000
0.000000 0.000000 0.000000
-0.240281 0.003619 0.207802
-0.246695 0.022739 0.109622
-0.121337 -0.009816 0.135250
-0.048456 -0.005470 0.171062
0.000000 0.000000 0.000000
-0.244067 0.051204 0.021021
0.000000 0.000000 0.000000
-0.319971 -0.028791 0.223228
0.000000 0.000000 0.000000
0.000000 0.000000 0.000000
0.000000 0.000000 0.000000
-0.182718 0.008190 0.140513
0.000000 0.000000 0.000000
0.000000 0.000000 0.000000
0.000000 0.000000 0.000000
0.000000 0.000000 0.000000
0.000000 0.000000 0.000000
0.000000 0.000000 0.000000
0.000000 0.000000 0.000000
-0.318640 -0.024650 0.164487
0.000000 0.000000 0.000000
0.000000 0.000000 0.000000
0.000000 0.000000 0.000000
0.000000 0.000000 0.000000
-0.186257 0.022739 0.055632
0.000000 0.000000 0.000000
0.000000 0.000000 0.000000
0.000000 0.000000 0.000000
0.000000 0.000000 0.000000
0.000000 0.000000 0.000000
0.000000 0.000000 0.000000
0.000000 0.000000 0.000000
0.000000 0.000000 0.000000
-0.159825 0.001437 0.105573
0.000000 0.000000 0.000000
-0.261983 -0.007887 0.175062
0.000000 0.000000 0.000000
0.000000 0.000000 0.000000
0.000000 0.000000 0.000000
0.000000 0.000000 0.000000
-0.048512 0.022739 0.161592
0.000000 0.000000 0.000000
0.000000 0.000000 0.000000
0.000000 0.000000 0.000000
-0.120853 0.022739 0.175800
0.000000 0.000000 0.000000
-0.351743 0.021766 0.059424
0.000000 0.000000 0.000000
0.000000 0.000000 0.000000
0.000000 0.000000 0.000000
0.000000 0.000000 0.000000
-0.032882 0.021929 0.075386
0.000000 0.000000 0.000000
-0.013506 0.022739 0.117103
0.000000 0.000000 0.000000
0.000000 0.000000 0.000000
0.000000 0.000000 0.000000
0.000000 0.000000 0.000000
0.000000 0.000000 0.000000
0.000000 0.000000 0.000000
0.000000 0.000000 0.000000
0.000000 0.000000 0.000000
0.000000 0.000000 0.000000
0.000000 0.000000 0.000000
0.000000 0.000000 0.000000
0.000000 0.000000 0.000000
-0.218517 0.004222 0.210216
0.000000 0.000000 0.000000
0.000000 0.000000 0.000000
0.000000 0.000000 0.000000
0.000000 0.000000 0.000000
0.000000 0.000000 0.000000
0.000000 0.000000 0.000000
0.000000 0.000000 0.000000
0.000000 0.000000 0.000000
0.000000 0.000000 0.000000
0.000000 0.000000 0.000000
0.000000 0.000000 0.000000
0.000000 0.000000 0.000000
0.000000 0.000000 0.000000
0.000000 0.000000 0.000000
0.000000 0.000000 0.000000
0.000000 0.000000 0.000000
0.000000 0.000000 0.000000
0.000000 0.000000 0.000000
0.000000 0.000000 0.000000
0.000000 0.000000 0.000000
-0.222437 -0.026787 0.123128
-0.238344 -0.011829 0.235411
0.000000 0.000000 0.000000
-0.251876 0.008381 0.076313
-0.094457 0.016357 0.191900
0.000000 0.000000 0.000000
0.000000 0.000000 0.000000
0.000000 0.000000 0.000000
0.000000 0.000000 0.000000
0.000000 0.000000 0.000000
0.000000 0.000000 0.000000
0.000000 0.000000 0.000000
0.000000 0.000000 0.000000
0.000000 0.000000 0.000000
0.000000 0.000000 0.000000
-0.217106 0.044301 0.020178
0.000000 0.000000 0.000000
0.000000 0.000000 0.000000
0.000000 0.000000 0.000000
0.000000 0.000000 0.000000
0.000000 0.000000 0.000000
0.000000 0.000000 0.000000
0.000000 0.000000 0.000000
0.000000 0.000000 0.000000
0.000000 0.000000 0.000000
0.000000 0.000000 0.000000
0.000000 0.000000 0.000000
0.000000 0.000000 0.000000
0.000000 0.000000 0.000000
0.000000 0.000000 0.000000
0.000000 0.000000 0.000000
0.000000 0.000000 0.000000
-0.343373 -0.040116 0.182813
0.000000 0.000000 0.000000
0.000000 0.000000 0.000000
0.000000 0.000000 0.000000
0.000000 0.000000 0.000000
0.000000 0.000000 0.000000
0.000000 0.000000 0.000000
0.000000 0.000000 0.000000
0.000000 0.000000 0.000000
0.000000 0.000000 0.000000
0.000000 0.000000 0.000000
0.000000 0.000000 0.000000
0.000000 0.000000 0.000000
-0.106285 -0.000786 0.104500
-0.323870 -0.040116 0.121846
0.000000 0.000000 0.000000
0.000000 0.000000 0.000000
-0.227496 -0.010296 0.181032
0.000000 0.000000 0.000000
0.000000 0.000000 0.000000
0.000000 0.000000 0.000000
0.000000 0.000000 0.000000
-0.156377 0.017254 0.179153
0.000000 0.000000 0.000000
0.000000 0.000000 0.000000
0.000000 0.000000 0.000000
0.011901 0.014467 0.101826
0.000000 0.000000 0.000000
0.001776 0.022739 0.079412
0.000000 0.000000 0.000000
0.040609 0.022739 0.047298
0.000000 0.000000 0.000000
0.000000 0.000000 0.000000
-0.178975 0.002566 0.183279
0.000000 0.000000 0.000000
-0.051358 -0.004866 0.098388
0.000000 0.000000 0.000000
0.000000 0.000000 0.000000
-0.368717 0.004355 0.134129
-0.149038 0.000205 0.078907
-0.386079 -0.037739 0.125576
0.000000 0.000000 0.000000
0.000000 0.000000 0.000000
0.000000 0.000000 0.000000
-0.303050 -0.003854 0.114594
-0.154031 0.022739 0.111717
0.000000 0.000000 0.000000
0.000000 0.000000 0.000000
0.000000 0.000000 0.000000
0.000000 0.000000 0.000000
-0.345291 0.000706 0.179440
0.000000 0.000000 0.000000
0.000000 0.000000 0.000000
-0.059886 0.022739 0.133018
0.000000 0.000000 0.000000
0.000000 0.000000 0.000000
0.000000 0.000000 0.000000
0.000000 0.000000 0.000000
0.000000 0.000000 0.000000
-0.244910 -0.035691 0.142093
0.000000 0.000000 0.000000
-0.270489 0.022739 0.128741
0.000000 0.000000 0.000000
-0.268501 -0.019017 0.235577
0.000000 0.000000 0.000000
-0.352593 -0.025146 0.152640
0.000000 0.000000 0.000000
0.000000 0.000000 0.000000
0.000000 0.000000 0.000000
0.000000 0.000000 0.000000
-0.144486 -0.028686 0.117799
0.000000 0.000000 0.000000
0.000000 0.000000 0.000000
0.000000 0.000000 0.000000
0.000000 0.000000 0.000000
0.000000 0.000000 0.000000
-0.127965 0.014899 0.119687
0.000000 0.000000 0.000000
0.000000 0.000000 0.000000
0.000000 0.000000 0.000000
0.000000 0.000000 0.000000
0.000000 0.000000 0.000000
0.000000 0.000000 0.000000
0.000000 0.000000 0.000000
0.000000 0.000000 0.000000
0.000000 0.000000 0.000000
0.000000 0.000000 0.000000
0.000000 0.000000 0.000000
0.000000 0.000000 0.000000
0.000000 0.000000 0.000000
0.000000 0.000000 0.000000
-0.006511 0.000225 0.110042
0.000000 0.000000 0.000000
0.000000 0.000000 0.000000
-0.226288 0.009085 0.074496
0.000000 0.000000 0.000000
0.000000 0.000000 0.000000
0.000000 0.000000 0.000000
-0.054123 0.022739 0.066208
0.000000 0.000000 0.000000
0.000000 0.000000 0.000000
0.000000 0.000000 0.000000
-0.098508 0.012636 0.087150
0.000000 0.000000 0.000000
0.002766 0.022739 0.163514
-0.200284 0.010668 0.221156
0.000000 0.000000 0.000000
0.000000 0.000000 0.000000
0.000000 0.000000 0.000000
0.000000 0.000000 0.000000
0.000000 0.000000 0.000000
0.000000 0.000000 0.000000
0.000000 0.000000 0.000000
-0.328615 0.010637 0.144518
0.000000 0.000000 0.000000
0.000000 0.000000 0.000000
0.000000 0.000000 0.000000
0.000000 0.000000 0.000000
0.000000 0.000000 0.000000
0.000000 0.000000 0.000000
0.000000 0.000000 0.000000
0.000000 0.000000 0.000000
0.000000 0.000000 0.000000
0.000000 0.000000 0.000000
0.000000 0.000000 0.000000
0.000000 0.000000 0.000000
-0.314960 0.008545 0.170746
0.000000 0.000000 0.000000
0.000000 0.000000 0.000000
-0.148270 0.022739 0.212028
0.000000 0.000000 0.000000
0.000000 0.000000 0.000000
0.000000 0.000000 0.000000
0.000000 0.000000 0.000000
0.000000 0.000000 0.000000
0.000000 0.000000 0.000000
-0.180867 -0.018306 0.171162
-0.083326 -0.019691 0.119914
0.000000 0.000000 0.000000
0.000000 0.000000 0.000000
0.000000 0.000000 0.000000
0.000000 0.000000 0.000000
0.000000 0.000000 0.000000
0.000000 0.000000 0.000000
0.000000 0.000000 0.000000
-0.068301 -0.014528 0.088564
0.000000 0.000000 0.000000
0.000000 0.000000 0.000000
0.000000 0.000000 0.000000
0.000000 0.000000 0.000000
0.000000 0.000000 0.000000
0.000000 0.000000 0.000000
-0.272192 0.003379 0.115581
-0.157786 -0.021973 0.146517
0.000000 0.000000 0.000000
0.000000 0.000000 0.000000
0.000000 0.000000 0.000000
0.000000 0.000000 0.000000
0.000000 0.000000 0.000000
0.000000 0.000000 0.000000
0.000000 0.000000 0.000000
0.000000 0.000000 0.000000
0.000000 0.000000 0.000000
0.000000 0.000000 0.000000
0.000000 0.000000 0.000000
0.000000 0.000000 0.000000
0.000000 0.000000 0.000000
0.000000 0.000000 0.000000
0.000000 0.000000 0.000000
-0.085829 0.018826 0.148529
0.000000 0.000000 0.000000
0.000000 0.000000 0.000000
0.000000 0.000000 0.000000
0.000000 0.000000 0.000000
0.000000 0.000000 0.000000
0.000000 0.000000 0.000000
0.000000 0.000000 0.000000
-0.020814 -0.002040 0.075783
0.000000 0.000000 0.000000
0.000000 0.000000 0.000000
0.000000 0.000000 0.000000
0.000000 0.000000 0.000000
0.000000 0.000000 0.000000
0.000000 0.000000 0.000000
-0.320041 -0.011507 0.091752
0.000000 0.000000 0.000000
-0.380689 0.015903 0.059051
0.000000 0.000000 0.000000
0.000000 0.000000 0.000000
-0.221613 0.022739 0.096101
0.000000 0.000000 0.000000
0.000000 0.000000 0.000000
0.000000 0.000000 0.000000
-0.341596 -0.029481 0.115205
0.000000 0.000000 0.000000
0.000000 0.000000 0.000000
-0.074434 -0.029190 0.102099
-0.117062 0.012991 0.146251
0.000000 0.000000 0.000000
0.000000 0.000000 0.000000
0.000000 0.000000 0.000000
0.000000 0.000000 0.000000
0.000000 0.000000 0.000000
0.000000 0.000000 0.000000
-0.251138 0.016694 0.191676
0.000000 0.000000 0.000000
-0.195062 -0.016152 0.118689
-0.175441 0.022739 0.072732
-0.307565 -0.025667 0.108412
0.000000 0.000000 0.000000
0.000000 0.000000 0.000000
-0.025369 0.001048 0.166511
0.000000 0.000000 0.000000
0.000000 0.000000 0.000000
0.000000 0.000000 0.000000
0.000000 0.000000 0.000000
0.000000 0.000000 0.000000
-0.273461 -0.012479 0.157899
0.000000 0.000000 0.000000
-0.331597 -0.040116 0.144289
0.000000 0.000000 0.000000
-0.128487 0.027544 0.039068
0.000000 0.000000 0.000000
-0.243761 0.000196 0.158511
0.000000 0.000000 0.000000
0.000000 0.000000 0.000000
-0.327284 0.001561 0.194648
0.000000 0.000000 0.000000
0.000000 0.000000 0.000000
0.000000 0.000000 0.000000
-0.388392 0.009244 0.086290
-0.298642 0.022739 0.086781
0.000000 0.000000 0.000000
0.000000 0.000000 0.000000
0.000000 0.000000 0.000000
-0.037219 -0.011999 0.151047
0.000000 0.000000 0.000000
0.000000 0.000000 0.000000
-0.131366 0.022739 0.084401
0.000000 0.000000 0.000000
-0.090184 0.017285 0.105512
0.000000 0.000000 0.000000
0.000000 0.000000 0.000000
0.000000 0.000000 0.000000
0.000000 0.000000 0.000000
0.000000 0.000000 0.000000
0.000000 0.000000 0.000000
-0.223593 0.022739 0.124009
0.000000 0.000000 0.000000
0.000000 0.000000 0.000000
0.000000 0.000000 0.000000
0.000000 0.000000 0.000000
0.000000 0.000000 0.000000
0.000000 0.000000 0.000000
0.000000 0.000000 0.000000
0.000000 0.000000 0.000000
0.000000 0.000000 0.000000
0.016335 0.009216 0.058778
-0.326218 0.016398 0.116261
0.000000 0.000000 0.000000
0.000000 0.000000 0.000000
0.000000 0.000000 0.000000
0.000000 0.000000 0.000000
-0.238676 0.022739 0.069694
-0.102677 -0.016697 0.145644
0.000000 0.000000 0.000000
0.000000 0.000000 0.000000
0.000000 0.000000 0.000000
0.000000 0.000000 0.000000
0.000000 0.000000 0.000000
0.000000 0.000000 0.000000
-0.232943 -0.016454 0.214677
-0.125464 -0.015913 0.155647
-0.063589 0.022739 0.087155
0.000000 0.000000 0.000000
0.000000 0.000000 0.000000
0.000000 0.000000 0.000000
0.000000 0.000000 0.000000
-0.293387 -0.040116 0.171409
0.000000 0.000000 0.000000
-0.075136 -0.007234 0.170200
-0.269510 0.009385 0.216193
0.000000 0.000000 0.000000
0.000000 0.000000 0.000000
-0.327034 -0.040116 0.200763
0.000000 0.000000 0.000000
0.000000 0.000000 0.000000
0.000000 0.000000 0.000000
0.000000 0.000000 0.000000
0.000000 0.000000 0.000000
0.000000 0.000000 0.000000
0.000000 0.000000 0.000000
0.000000 0.000000 0.000000
0.000000 0.000000 0.000000
0.000000 0.000000 0.000000
0.000000 0.000000 0.000000
0.000000 0.000000 0.000000
0.000000 0.000000 0.000000
0.000000 0.000000 0.000000
-0.061776 0.011676 0.174435
0.000000 0.000000 0.000000
0.000000 0.000000 0.000000
-0.134213 0.018082 0.159648
