0.000000 0.000000 0.000000
0.000000 0.000000 0.000000
0.000000 0.000000 0.000000
-0.415367 0.111996 0.547477
0.000000 0.000000 0.000000
0.296208 0.127728 0.508846
0.000000 0.000000 0.000000
0.000000 0.000000 0.000000
0.000000 0.000000 0.000000
0.000000 0.000000 0.000000
0.000000 0.000000 0.000000
-0.033608 -0.295943 0.547477
-0.043059 0.472950 0.570319
-0.568455 0.568189 0.465244
0.000000 0.000000 0.000000
0.000000 0.000000 0.000000
0.000000 0.000000 0.000000
0.000000 0.000000 0.000000
0.000000 0.000000 0.000000
0.000000 0.000000 0.000000
0.000000 0.000000 0.000000
-0.154270 0.138000 0.547477
0.000000 0.000000 0.000000
0.000000 0.000000 0.000000
0.000000 0.000000 0.000000
0.000000 0.000000 0.000000
0.000000 0.000000 0.000000
0.205530 0.542747 0.097389
0.000000 0.000000 0.000000
0.314645 -0.329555 0.508846
0.000000 0.000000 0.000000
0.216476 0.578335 0.467129
0.000000 0.000000 0.000000
0.149944 -0.628031 0.585950
0.000000 0.000000 0.000000
0.000000 0.000000 0.000000
-0.245670 0.578335 0.494262
0.000000 0.000000 0.000000
0.000000 0.000000 0.000000
-0.122986 -0.168463 0.508846
0.000000 0.000000 0.000000
0.000000 0.000000 0.000000
0.000000 0.000000 0.000000
0.000000 0.000000 0.000000
-0.353927 0.353794 0.508846
0.000000 0.000000 0.000000
0.314171 -0.628031 0.401082
0.000000 0.000000 0.000000
0.000000 0.000000 0.000000
0.199806 -0.105368 0.547477
0.103136 0.357599 0.508846
0.000000 0.000000 0.000000
0.000000 0.000000 0.000000
0.000000 0.000000 0.000000
0.000000 0.000000 0.000000
0.000000 0.000000 0.000000
0.000000 0.000000 0.000000
-0.032974 0.542747 0.342747
0.000000 0.000000 0.000000
-0.351025 -0.163382 0.547477
0.000000 0.000000 0.000000
0.000000 0.000000 0.000000
0.000000 0.000000 0.000000
0.000000 0.000000 0.000000
0.248870 0.533623 0.135483
0.000000 0.000000 0.000000
0.000000 0.000000 0.000000
0.000000 0.000000 0.000000
0.024584 -0.493409 0.508846
0.000000 0.000000 0.000000
0.000000 0.000000 0.000000
0.000000 0.000000 0.000000
0.000000 0.000000 0.000000
0.057223 0.054862 0.508846
0.000000 0.000000 0.000000
-0.563626 0.253667 0.576593
0.000000 0.000000 0.000000
0.000000 0.000000 0.000000
0.000000 0.000000 0.000000
0.000000 0.000000 0.000000
0.000000 0.000000 0.000000
0.000000 0.000000 0.000000
0.000000 0.000000 0.000000
0.000000 0.000000 0.000000
0.000000 0.000000 0.000000
0.000000 0.000000 0.000000
0.000000 0.000000 0.000000
-0.159292 0.305501 0.547477
0.000000 0.000000 0.000000
0.000000 0.000000 0.000000
0.000000 0.000000 0.000000
0.000000 0.000000 0.000000
0.031133 0.530896 0.542278
0.000000 0.000000 0.000000
0.000000 0.000000 0.000000
0.000000 0.000000 0.000000
0.000000 0.000000 0.000000
0.000000 0.000000 0.000000
0.000000 0.000000 0.000000
-0.421175 0.550231 0.571620
0.077839 0.163528 0.508846
0.159044 -0.265329 0.547477
0.000000 0.000000 0.000000
0.000000 0.000000 0.000000
0.000000 0.000000 0.000000
0.000000 0.000000 0.000000
0.000000 0.000000 0.000000
0.000000 0.000000 0.000000
0.000000 0.000000 0.000000
-0.247763 0.052831 0.547477
0.000000 0.000000 0.000000
0.000000 0.000000 0.000000
0.000000 0.000000 0.000000
0.000000 0.000000 0.000000
-0.110361 -0.618030 0.586107
0.000000 0.000000 0.000000
0.000000 0.000000 0.000000
0.000000 0.000000 0.000000
0.000000 0.000000 0.000000
0.000000 0.000000 0.000000
0.318144 -0.526538 0.547477
0.000000 0.000000 0.000000
0.000000 0.000000 0.000000
-0.384674 0.578335 0.460328
0.000000 0.000000 0.000000
0.000000 0.000000 0.000000
0.000000 0.000000 0.000000
0.000000 0.000000 0.000000
0.000000 0.000000 0.000000
0.000000 0.000000 0.000000
0.000000 0.000000 0.000000
0.058777 0.542748 0.231780
0.000000 0.000000 0.000000
0.000000 0.000000 0.000000
0.000000 0.000000 0.000000
0.000000 0.000000 0.000000
0.387734 -0.097201 0.508846
0.000000 0.000000 0.000000
0.194967 -0.004679 0.508846
0.000000 0.000000 0.000000
0.000000 0.000000 0.000000
0.000000 0.000000 0.000000
0.000000 0.000000 0.000000
0.000000 0.000000 0.000000
0.000000 0.000000 0.000000
0.180157 -0.431665 0.547477
0.000000 0.000000 0.000000
0.432427 -0.460004 0.508846
-0.222896 0.472950 0.575184
0.000000 0.000000 0.000000
0.000000 0.000000 0.000000
0.000000 0.000000 0.000000
-0.233205 -0.253870 0.508846
0.000000 0.000000 0.000000
0.000000 0.000000 0.000000
0.000000 0.000000 0.000000
0.000000 0.000000 0.000000
0.000000 0.000000 0.000000
0.000000 0.000000 0.000000
-0.144383 0.578335 0.439798
0.000000 0.000000 0.000000
0.000000 0.000000 0.000000
0.000000 0.000000 0.000000
0.000000 0.000000 0.000000
0.000000 0.000000 0.000000
0.000000 0.000000 0.000000
-0.070826 0.244831 0.547477
0.000000 0.000000 0.000000
-0.524995 0.418297 0.584933
0.000000 0.000000 0.000000
0.080445 0.524959 0.470215
0.000000 0.000000 0.000000
0.000000 0.000000 0.000000
0.137138 0.472950 0.477870
-0.475322 0.472950 0.437501
0.000000 0.000000 0.000000
0.000000 0.000000 0.000000
0.000000 0.000000 0.000000
0.000000 0.000000 0.000000
0.000000 0.000000 0.000000
0.000000 0.000000 0.000000
0.000000 0.000000 0.000000
0.000000 0.000000 0.000000
0.000000 0.000000 0.000000
0.000000 0.000000 0.000000
0.000000 0.000000 0.000000
0.000000 0.000000 0.000000
0.000000 0.000000 0.000000
0.000000 0.000000 0.000000
0.057801 -0.112036 0.508846
0.000000 0.000000 0.000000
0.000000 0.000000 0.000000
0.000000 0.000000 0.000000
0.000000 0.000000 0.000000
-0.126209 -0.011369 0.508846
0.000000 0.000000 0.000000
-0.302074 0.578335 0.522246
0.000000 0.000000 0.000000
-0.300032 0.176417 0.547477
0.000000 0.000000 0.000000
0.000000 0.000000 0.000000
-0.328206 0.472950 0.499199
0.000000 0.000000 0.000000
0.000000 0.000000 0.000000
0.196711 -0.628031 0.457570
0.000000 0.000000 0.000000
0.000000 0.000000 0.000000
0.000000 0.000000 0.000000
0.000000 0.000000 0.000000
0.000000 0.000000 0.000000
0.427673 -0.612941 0.586107
0.335759 -0.245681 0.508846
0.000000 0.000000 0.000000
0.000000 0.000000 0.000000
0.000000 0.000000 0.000000
0.000000 0.000000 0.000000
0.000000 0.000000 0.000000
0.000000 0.000000 0.000000
0.314773 0.458238 0.547477
0.000000 0.000000 0.000000
0.000000 0.000000 0.000000
0.000000 0.000000 0.000000
0.000000 0.000000 0.000000
0.000000 0.000000 0.000000
-0.200923 -0.358760 0.547477
0.000000 0.000000 0.000000
0.000000 0.000000 0.000000
0.231478 0.269538 0.547477
0.000000 0.000000 0.000000
0.000000 0.000000 0.000000
0.000000 0.000000 0.000000
0.000000 0.000000 0.000000
0.000000 0.000000 0.000000
0.000000 0.000000 0.000000
-0.244888 -0.092577 0.508846
0.000000 0.000000 0.000000
0.000000 0.000000 0.000000
0.000000 0.000000 0.000000
0.000000 0.000000 0.000000
-0.415034 -0.037910 0.547477
0.000000 0.000000 0.000000
0.000000 0.000000 0.000000
0.000000 0.000000 0.000000
0.000000 0.000000 0.000000
0.000000 0.000000 0.000000
0.168909 0.542748 0.321409
-0.150158 0.555511 0.571620
0.000000 0.000000 0.000000
0.253283 -0.597761 0.586107
0.415680 -0.628031 0.383726
0.000000 0.000000 0.000000
0.000000 0.000000 0.000000
0.000000 0.000000 0.000000
-0.472035 0.210840 0.508846
-0.072934 0.085637 0.508846
0.174543 0.549319 0.571620
0.000000 0.000000 0.000000
0.000000 0.000000 0.000000
0.000000 0.000000 0.000000
0.000000 0.000000 0.000000
0.000000 0.000000 0.000000
0.000000 0.000000 0.000000
0.045269 -0.367802 0.547477
0.000000 0.000000 0.000000
0.000000 0.000000 0.000000
0.000000 0.000000 0.000000
-0.000908 -0.610402 0.586107
0.000000 0.000000 0.000000
0.000000 0.000000 0.000000
0.000000 0.000000 0.000000
0.000000 0.000000 0.000000
0.000000 0.000000 0.000000
0.000000 0.000000 0.000000
0.000000 0.000000 0.000000
0.000000 0.000000 0.000000
0.000000 0.000000 0.000000
0.000000 0.000000 0.000000
0.137806 0.242569 0.508846
0.000000 0.000000 0.000000
0.308265 -0.154694 0.508846
0.000000 0.000000 0.000000
0.000000 0.000000 0.000000
0.219407 0.478641 0.470215
0.000000 0.000000 0.000000
0.000000 0.000000 0.000000
0.000000 0.000000 0.000000
0.000000 0.000000 0.000000
0.000000 0.000000 0.000000
0.000000 0.000000 0.000000
0.000000 0.000000 0.000000
0.000000 0.000000 0.000000
0.000000 0.000000 0.000000
-0.036324 0.356010 0.547477
0.000000 0.000000 0.000000
0.000000 0.000000 0.000000
0.000000 0.000000 0.000000
0.000000 0.000000 0.000000
-0.261191 0.542747 0.362765
0.088099 -0.559352 0.508846
0.000000 0.000000 0.000000
0.000000 0.000000 0.000000
0.000000 0.000000 0.000000
0.000000 0.000000 0.000000
0.000000 0.000000 0.000000
0.000000 0.000000 0.000000
-0.128572 0.472950 0.486247
0.000000 0.000000 0.000000
0.000000 0.000000 0.000000
0.000000 0.000000 0.000000
0.000000 0.000000 0.000000
0.000000 0.000000 0.000000
0.000000 0.000000 0.000000
-0.420094 0.280429 0.508846
0.000000 0.000000 0.000000
0.000000 0.000000 0.000000
0.000000 0.000000 0.000000
0.000000 0.000000 0.000000
0.000000 0.000000 0.000000
-0.110948 0.533623 0.264892
0.000000 0.000000 0.000000
0.000000 0.000000 0.000000
-0.435195 0.406833 0.508846
0.000000 0.000000 0.000000
0.000000 0.000000 0.000000
-0.076241 -0.204143 0.547477
0.000000 0.000000 0.000000
-0.241608 0.578335 0.559875
0.315654 0.227559 0.547477
0.306673 -0.416600 0.508846
0.000000 0.000000 0.000000
0.000000 0.000000 0.000000
-0.468592 0.578335 0.485311
-0.146680 -0.544173 0.547477
0.000000 0.000000 0.000000
0.000000 0.000000 0.000000
-0.191883 0.199317 0.508846
-0.354040 -0.055360 0.508846
0.000000 0.000000 0.000000
0.000000 0.000000 0.000000
0.000000 0.000000 0.000000
0.208708 0.411584 0.547477
0.000000 0.000000 0.000000
0.000000 0.000000 0.000000
0.000000 0.000000 0.000000
0.000000 0.000000 0.000000
0.000000 0.000000 0.000000
0.421061 -0.354439 0.547477
-0.063328 -0.374340 0.547477
0.000000 0.000000 0.000000
0.000000 0.000000 0.000000
0.061587 -0.021086 0.508846
0.028175 0.256346 0.508846
0.000000 0.000000 0.000000
-0.252723 0.355830 0.547477
0.000000 0.000000 0.000000
0.000000 0.000000 0.000000
-0.048026 0.578335 0.497413
0.000000 0.000000 0.000000
0.000000 0.000000 0.000000
0.000000 0.000000 0.000000
0.222699 -0.343805 0.547477
0.000000 0.000000 0.000000
-0.544960 0.530896 0.574789
0.000000 0.000000 0.000000
0.000000 0.000000 0.000000
0.178591 0.111080 0.508846
0.000000 0.000000 0.000000
0.228859 0.357262 0.547477
0.000000 0.000000 0.000000
-0.098024 0.406442 0.547477
0.054060 -0.222100 0.547477
0.000000 0.000000 0.000000
0.000000 0.000000 0.000000
0.000000 0.000000 0.000000
0.000000 0.000000 0.000000
0.000000 0.000000 0.000000
0.000000 0.000000 0.000000
0.000000 0.000000 0.000000
0.000000 0.000000 0.000000
-0.336101 0.476057 0.586107
0.000000 0.000000 0.000000
0.000000 0.000000 0.000000
0.000000 0.000000 0.000000
0.173359 -0.188090 0.508846
0.000000 0.000000 0.000000
0.000000 0.000000 0.000000
0.000000 0.000000 0.000000
0.000000 0.000000 0.000000
-0.292898 0.238463 0.508846
0.000000 0.000000 0.000000
0.000000 0.000000 0.000000
0.000000 0.000000 0.000000
0.321327 0.029370 0.547477
0.000000 0.000000 0.000000
0.000000 0.000000 0.000000
0.255686 0.548464 0.407439
0.000000 0.000000 0.000000
0.221816 0.533623 0.318652
-0.563626 0.419061 0.499810
0.000000 0.000000 0.000000
-0.047425 -0.065400 0.547477
0.000000 0.000000 0.000000
0.000000 0.000000 0.000000
0.000000 0.000000 0.000000
0.000000 0.000000 0.000000
0.000000 0.000000 0.000000
0.000000 0.000000 0.000000
0.000000 0.000000 0.000000
0.000000 0.000000 0.000000
0.063500 0.542748 0.339019
0.000000 0.000000 0.000000
0.392411 -0.560428 0.454582
0.000000 0.000000 0.000000
0.000000 0.000000 0.000000
-0.049229 0.530889 0.431789
0.000000 0.000000 0.000000
0.000000 0.000000 0.000000
0.229316 -0.487349 0.547477
0.000000 0.000000 0.000000
0.000000 0.000000 0.000000
0.107942 -0.493650 0.547477
0.000000 0.000000 0.000000
0.000000 0.000000 0.000000
0.000000 0.000000 0.000000
-0.020556 -0.163743 0.547477
0.000000 0.000000 0.000000
-0.238748 -0.172600 0.547477
0.000000 0.000000 0.000000
0.000000 0.000000 0.000000
0.000000 0.000000 0.000000
0.000000 0.000000 0.000000
0.000000 0.000000 0.000000
-0.164621 0.542747 0.364978
0.000000 0.000000 0.000000
0.000000 0.000000 0.000000
0.000000 0.000000 0.000000
0.256324 0.484808 0.586107
0.000000 0.000000 0.000000
0.000000 0.000000 0.000000
0.000000 0.000000 0.000000
0.000000 0.000000 0.000000
0.000000 0.000000 0.000000
0.000000 0.000000 0.000000
0.159011 0.542748 0.217729
0.000000 0.000000 0.000000
0.120637 0.578335 0.431095
0.000000 0.000000 0.000000
0.000000 0.000000 0.000000
0.000000 0.000000 0.000000
-0.111993 -0.276982 0.508846
0.000000 0.000000 0.000000
0.000000 0.000000 0.000000
0.000000 0.000000 0.000000
0.000000 0.000000 0.000000
0.000000 0.000000 0.000000
0.000000 0.000000 0.000000
0.000000 0.000000 0.000000
0.000000 0.000000 0.000000
0.000000 0.000000 0.000000
-0.157434 0.397557 0.508846
0.303441 -0.094614 0.547477
0.000000 0.000000 0.000000
0.000000 0.000000 0.000000
-0.357583 0.533623 0.374631
0.111487 -0.366296 0.508846
0.000000 0.000000 0.000000
0.000000 0.000000 0.000000
0.000000 0.000000 0.000000
0.000000 0.000000 0.000000
0.265463 0.056135 0.547477
0.000000 0.000000 0.000000
0.000000 0.000000 0.000000
0.000000 0.000000 0.000000
0.000000 0.000000 0.000000
0.000000 0.000000 0.000000
0.000000 0.000000 0.000000
0.000000 0.000000 0.000000
-0.354310 0.224636 0.547477
0.000000 0.000000 0.000000
0.000000 0.000000 0.000000
0.000000 0.000000 0.000000
0.000000 0.000000 0.000000
0.000000 0.000000 0.000000
0.000000 0.000000 0.000000
0.000000 0.000000 0.000000
0.013889 0.577281 0.408458
0.210778 -0.560428 0.433342
0.000000 0.000000 0.000000
0.000000 0.000000 0.000000
0.000000 0.000000 0.000000
0.000000 0.000000 0.000000
0.000000 0.000000 0.000000
0.000000 0.000000 0.000000
0.000000 0.000000 0.000000
0.000000 0.000000 0.000000
0.125176 -0.078721 0.508846
0.000000 0.000000 0.000000
-0.057716 0.169760 0.508846
0.259054 0.394494 0.508846
0.000000 0.000000 0.000000
0.000000 0.000000 0.000000
0.000000 0.000000 0.000000
0.000000 0.000000 0.000000
0.000000 0.000000 0.000000
-0.065083 -0.495157 0.547477
0.000000 0.000000 0.000000
0.000000 0.000000 0.000000
0.000000 0.000000 0.000000
0.000000 0.000000 0.000000
0.268760 -0.236418 0.547477
0.000000 0.000000 0.000000
0.000000 0.000000 0.000000
0.000000 0.000000 0.000000
0.000000 0.000000 0.000000
0.000000 0.000000 0.000000
0.343814 -0.589401 0.577879
0.000000 0.000000 0.000000
0.000000 0.000000 0.000000
-0.533953 0.341045 0.586107
-0.289896 -0.321965 0.547477
0.000000 0.000000 0.000000
0.000000 0.000000 0.000000
0.416422 -0.628031 0.489972
0.073420 0.472950 0.538476
0.000000 0.000000 0.000000
0.000000 0.000000 0.000000
0.265177 -0.560428 0.478874
0.000000 0.000000 0.000000
-0.036953 0.577753 0.569977
0.000000 0.000000 0.000000
0.000000 0.000000 0.000000
0.000000 0.000000 0.000000
0.000000 0.000000 0.000000
0.000000 0.000000 0.000000
0.000000 0.000000 0.000000
0.000000 0.000000 0.000000
0.000000 0.000000 0.000000
0.000000 0.000000 0.000000
0.000000 0.000000 0.000000
0.000000 0.000000 0.000000
0.000000 0.000000 0.000000
0.000000 0.000000 0.000000
0.000000 0.000000 0.000000
0.000000 0.000000 0.000000
0.000000 0.000000 0.000000
0.000000 0.000000 0.000000
0.125042 0.533623 0.136286
0.000000 0.000000 0.000000
0.000000 0.000000 0.000000
-0.407592 0.472950 0.533462
0.000000 0.000000 0.000000
-0.566636 0.472950 0.530749
-0.341415 0.127058 0.508846
-0.309778 0.423906 0.547477
0.000000 0.000000 0.000000
-0.185005 0.530896 0.495903
0.088586 0.571310 0.571620
0.151356 0.166220 0.547477
-0.027039 0.533623 0.223757
0.000000 0.000000 0.000000
0.000000 0.000000 0.000000
0.000000 0.000000 0.000000
-0.163274 0.069244 0.508846
0.000000 0.000000 0.000000
0.000000 0.000000 0.000000
-0.539773 0.530896 0.518991
0.000000 0.000000 0.000000
0.000000 0.000000 0.000000
0.413442 -0.529963 0.547477
0.000000 0.000000 0.000000
0.000000 0.000000 0.000000
0.243904 0.542748 0.232628
-0.524995 0.182488 0.549953
0.000000 0.000000 0.000000
0.000000 0.000000 0.000000
0.191468 0.309843 0.508846
0.000000 0.000000 0.000000
-0.053967 0.472950 0.472006
0.000000 0.000000 0.000000
0.270664 -0.560428 0.409307
0.000000 0.000000 0.000000
0.000000 0.000000 0.000000
0.000000 0.000000 0.000000
0.000000 0.000000 0.000000
0.000000 0.000000 0.000000
0.000000 0.000000 0.000000
0.000000 0.000000 0.000000
0.000000 0.000000 0.000000
0.000000 0.000000 0.000000
0.000000 0.000000 0.000000
0.000000 0.000000 0.000000
0.234138 0.200332 0.508846
0.000000 0.000000 0.000000
0.002639 0.198959 0.547477
0.134574 0.578335 0.515520
0.000000 0.000000 0.000000
0.000000 0.000000 0.000000
0.000000 0.000000 0.000000
0.000000 0.000000 0.000000
0.000000 0.000000 0.000000
0.181931 -0.557558 0.547477
0.133357 -0.560428 0.441910
0.000000 0.000000 0.000000
0.000000 0.000000 0.000000
0.000000 0.000000 0.000000
0.000000 0.000000 0.000000
0.000000 0.000000 0.000000
0.176767 0.533623 0.396757
0.000000 0.000000 0.000000
0.000000 0.000000 0.000000
0.000000 0.000000 0.000000
0.341236 -0.589401 0.478146
0.000000 0.000000 0.000000
0.000000 0.000000 0.000000
0.000000 0.000000 0.000000
0.140047 0.065240 0.547477
0.000000 0.000000 0.000000
0.000000 0.000000 0.000000
0.000000 0.000000 0.000000
0.000000 0.000000 0.000000
0.000000 0.000000 0.000000
-0.298914 0.008457 0.508846
0.000000 0.000000 0.000000
0.000000 0.000000 0.000000
0.000000 0.000000 0.000000
-0.118590 -0.423591 0.547477
0.033226 0.353729 0.547477
0.000000 0.000000 0.000000
0.000000 0.000000 0.000000
0.000000 0.000000 0.000000
0.000000 0.000000 0.000000
0.000000 0.000000 0.000000
0.000000 0.000000 0.000000
0.040899 0.410865 0.508846
0.000000 0.000000 0.000000
0.000000 0.000000 0.000000
0.000000 0.000000 0.000000
0.000000 0.000000 0.000000
0.000000 0.000000 0.000000
0.000000 0.000000 0.000000
0.000000 0.000000 0.000000
0.000000 0.000000 0.000000
0.000000 0.000000 0.000000
-0.122217 0.216151 0.508846
0.000268 0.038628 0.547477
0.000000 0.000000 0.000000
0.000000 0.000000 0.000000
0.000000 0.000000 0.000000
0.000000 0.000000 0.000000
0.000000 0.000000 0.000000
0.000000 0.000000 0.000000
-0.326048 0.530889 0.447362
0.000000 0.000000 0.000000
0.372610 -0.010996 0.508846
0.000000 0.000000 0.000000
0.000000 0.000000 0.000000
0.000000 0.000000 0.000000
0.000000 0.000000 0.000000
0.000000 0.000000 0.000000
0.000000 0.000000 0.000000
0.084753 -0.293204 0.508846
0.000000 0.000000 0.000000
0.000000 0.000000 0.000000
0.000000 0.000000 0.000000
0.000000 0.000000 0.000000
0.000000 0.000000 0.000000
0.000000 0.000000 0.000000
0.000000 0.000000 0.000000
0.000000 0.000000 0.000000
0.000000 0.000000 0.000000
0.000000 0.000000 0.000000
0.000000 0.000000 0.000000
-0.506045 0.313942 0.508846
0.000000 0.000000 0.000000
0.000000 0.000000 0.000000
0.000000 0.000000 0.000000
-0.467048 0.510049 0.528568
0.000000 0.000000 0.000000
0.000000 0.000000 0.000000
0.000000 0.000000 0.000000
0.000000 0.000000 0.000000
-0.033953 -0.557171 0.547477
0.000000 0.000000 0.000000
0.000000 0.000000 0.000000
0.000000 0.000000 0.000000
0.246370 0.530889 0.529758
-0.247983 0.129765 0.547477
0.000000 0.000000 0.000000
0.000000 0.000000 0.000000
0.298823 0.303566 0.547477
0.000000 0.000000 0.000000
0.000000 0.000000 0.000000
0.000000 0.000000 0.000000
0.000000 0.000000 0.000000
0.000000 0.000000 0.000000
0.000000 0.000000 0.000000
-0.379073 0.046632 0.547477
0.000000 0.000000 0.000000
0.000000 0.000000 0.000000
0.000000 0.000000 0.000000
0.000000 0.000000 0.000000
0.000000 0.000000 0.000000
-0.516218 0.472950 0.499346
0.000000 0.000000 0.000000
0.000000 0.000000 0.000000
0.000000 0.000000 0.000000
-0.207870 0.007755 0.508846
-0.113793 0.471254 0.547477
0.000000 0.000000 0.000000
0.000000 0.000000 0.000000
0.000000 0.000000 0.000000
0.000000 0.000000 0.000000
0.058170 -0.628031 0.550216
0.000000 0.000000 0.000000
0.000000 0.000000 0.000000
0.000000 0.000000 0.000000
0.000000 0.000000 0.000000
