0.000000 0.000000 0.000000
-0.450820 0.113847 0.438646
0.000000 0.000000 0.000000
0.000000 0.000000 0.000000
0.000000 0.000000 0.000000
-0.465827 -0.153117 0.599778
0.000000 0.000000 0.000000
-0.005690 0.094200 0.788999
0.000000 0.000000 0.000000
0.000000 0.000000 0.000000
0.000000 0.000000 0.000000
0.000000 0.000000 0.000000
-0.375739 0.206439 0.863523
0.000000 0.000000 0.000000
0.000000 0.000000 0.000000
0.000000 0.000000 0.000000
0.000000 0.000000 0.000000
0.000000 0.000000 0.000000
0.000000 0.000000 0.000000
0.000000 0.000000 0.000000
0.000000 0.000000 0.000000
0.000000 0.000000 0.000000
0.000000 0.000000 0.000000
-0.353452 0.044262 0.698792
0.000000 0.000000 0.000000
0.000000 0.000000 0.000000
0.000000 0.000000 0.000000
-0.437589 0.288034 0.486189
-0.117284 -0.198242 0.321580
0.000000 0.000000 0.000000
0.000000 0.000000 0.000000
0.000000 0.000000 0.000000
0.000000 0.000000 0.000000
0.000000 0.000000 0.000000
-0.254744 -0.026048 0.425278
0.000000 0.000000 0.000000
0.000000 0.000000 0.000000
-0.321155 -0.130466 0.878395
0.000000 0.000000 0.000000
-0.048711 0.118481 0.472444
0.000000 0.000000 0.000000
0.000000 0.000000 0.000000
0.000000 0.000000 0.000000
-0.063275 -0.026048 0.555386
0.000000 0.000000 0.000000
0.000000 0.000000 0.000000
-0.187570 0.074692 0.788999
0.000000 0.000000 0.000000
0.000000 0.000000 0.000000
0.000000 0.000000 0.000000
0.000000 0.000000 0.000000
0.000000 0.000000 0.000000
0.000000 0.000000 0.000000
0.000000 0.000000 0.000000
-0.064422 0.179909 0.788999
-0.450820 -0.017187 0.718668
0.000000 0.000000 0.000000
0.000000 0.000000 0.000000
0.000000 0.000000 0.000000
0.000000 0.000000 0.000000
0.000000 0.000000 0.000000
0.000000 0.000000 0.000000
-0.336388 -0.198242 0.686587
0.000000 0.000000 0.000000
0.000000 0.000000 0.000000
0.000000 0.000000 0.000000
-0.160793 -0.026048 0.717785
0.000000 0.000000 0.000000
0.000000 0.000000 0.000000
0.000000 0.000000 0.000000
0.000000 0.000000 0.000000
-0.450820 0.283258 0.674581
0.000000 0.000000 0.000000
-0.357203 0.089803 0.519917
0.000000 0.000000 0.000000
0.000000 0.000000 0.000000
0.000000 0.000000 0.000000
0.000000 0.000000 0.000000
0.000000 0.000000 0.000000
-0.091811 -0.075067 0.878395
-0.212641 0.288034 0.796528
0.000000 0.000000 0.000000
0.000000 0.000000 0.000000
0.000000 0.000000 0.000000
0.000000 0.000000 0.000000
0.000000 0.000000 0.000000
-0.124784 -0.198242 0.532613
0.000000 0.000000 0.000000
0.000000 0.000000 0.000000
-0.465827 -0.163626 0.781289
-0.126853 0.118481 0.619704
0.000000 0.000000 0.000000
0.000000 0.000000 0.000000
0.000000 0.000000 0.000000
-0.003082 -0.026048 0.469913
0.000000 0.000000 0.000000
0.000000 0.000000 0.000000
0.013114 0.118481 0.702547
0.000000 0.000000 0.000000
0.000000 0.000000 0.000000
-0.325052 -0.198242 0.495494
0.000000 0.000000 0.000000
0.000000 0.000000 0.000000
0.000000 0.000000 0.000000
0.000000 0.000000 0.000000
0.000000 0.000000 0.000000
-0.280787 0.230958 0.775033
-0.158333 -0.125069 0.878395
0.000000 0.000000 0.000000
0.000000 0.000000 0.000000
0.000000 0.000000 0.000000
-0.176132 0.149783 0.863523
-0.465827 -0.074591 0.495069
0.000000 0.000000 0.000000
0.000000 0.000000 0.000000
0.000000 0.000000 0.000000
0.000000 0.000000 0.000000
0.000000 0.000000 0.000000
0.000000 0.000000 0.000000
0.000000 0.000000 0.000000
-0.358902 0.120621 0.563446
-0.357048 0.167996 0.529693
-0.056936 0.271398 0.788999
0.000000 0.000000 0.000000
0.000000 0.000000 0.000000
0.000000 0.000000 0.000000
0.000000 0.000000 0.000000
0.000000 0.000000 0.000000
0.000000 0.000000 0.000000
0.000000 0.000000 0.000000
0.000000 0.000000 0.000000
0.000000 0.000000 0.000000
0.000000 0.000000 0.000000
0.000000 0.000000 0.000000
0.000000 0.000000 0.000000
0.000000 0.000000 0.000000
0.000000 0.000000 0.000000
0.000000 0.000000 0.000000
0.000000 0.000000 0.000000
0.000000 0.000000 0.000000
0.000000 0.000000 0.000000
0.000000 0.000000 0.000000
0.000000 0.000000 0.000000
-0.450820 0.015408 0.859869
0.000000 0.000000 0.000000
0.000000 0.000000 0.000000
-0.104049 0.013016 0.863523
0.000000 0.000000 0.000000
-0.092183 -0.026048 0.627432
-0.274772 -0.070548 0.600473
-0.186328 -0.198242 0.641401
0.100931 0.118481 0.474553
0.000000 0.000000 0.000000
0.000000 0.000000 0.000000
0.000000 0.000000 0.000000
0.000000 0.000000 0.000000
-0.277952 0.044666 0.863523
0.000000 0.000000 0.000000
0.000000 0.000000 0.000000
0.000000 0.000000 0.000000
0.000000 0.000000 0.000000
0.000000 0.000000 0.000000
-0.450820 0.088965 0.617295
0.000000 0.000000 0.000000
0.000000 0.000000 0.000000
0.000000 0.000000 0.000000
0.000000 0.000000 0.000000
0.000000 0.000000 0.000000
0.000000 0.000000 0.000000
-0.183925 0.118481 0.560480
0.000000 0.000000 0.000000
0.000000 0.000000 0.000000
0.000000 0.000000 0.000000
0.000000 0.000000 0.000000
0.000000 0.000000 0.000000
0.000000 0.000000 0.000000
0.000000 0.000000 0.000000
0.000000 0.000000 0.000000
0.000000 0.000000 0.000000
0.000000 0.000000 0.000000
0.000000 0.000000 0.000000
0.000000 0.000000 0.000000
-0.188326 -0.198242 0.769459
0.000000 0.000000 0.000000
-0.328298 -0.070521 0.773122
0.000000 0.000000 0.000000
0.000000 0.000000 0.000000
0.000000 0.000000 0.000000
0.000000 0.000000 0.000000
0.000000 0.000000 0.000000
0.000000 0.000000 0.000000
-0.450820 0.241576 0.782688
0.000000 0.000000 0.000000
0.000000 0.000000 0.000000
0.000000 0.000000 0.000000
0.000000 0.000000 0.000000
-0.134945 -0.026048 0.501470
0.000000 0.000000 0.000000
0.000000 0.000000 0.000000
0.000000 0.000000 0.000000
0.000000 0.000000 0.000000
0.000000 0.000000 0.000000
0.000000 0.000000 0.000000
-0.377580 -0.070497 0.610244
0.000000 0.000000 0.000000
-0.348737 -0.198242 0.349199
0.000000 0.000000 0.000000
0.000000 0.000000 0.000000
0.000000 0.000000 0.000000
0.000000 0.000000 0.000000
0.000000 0.000000 0.000000
0.000000 0.000000 0.000000
0.000000 0.000000 0.000000
0.000000 0.000000 0.000000
-0.465827 -0.150634 0.405600
0.000000 0.000000 0.000000
-0.054055 0.042321 0.788999
0.000000 0.000000 0.000000
-0.354779 0.032391 0.455559
0.000000 0.000000 0.000000
0.000000 0.000000 0.000000
0.000000 0.000000 0.000000
0.000000 0.000000 0.000000
0.000000 0.000000 0.000000
0.000000 0.000000 0.000000
0.000000 0.000000 0.000000
0.000000 0.000000 0.000000
0.000000 0.000000 0.000000
0.000000 0.000000 0.000000
-0.361024 0.255308 0.628908
0.000000 0.000000 0.000000
0.000000 0.000000 0.000000
0.000000 0.000000 0.000000
0.000000 0.000000 0.000000
0.000000 0.000000 0.000000
0.000000 0.000000 0.000000
0.000000 0.000000 0.000000
0.000000 0.000000 0.000000
0.000000 0.000000 0.000000
0.000000 0.000000 0.000000
0.000000 0.000000 0.000000
-0.196927 -0.070586 0.795386
0.000000 0.000000 0.000000
-0.450820 0.019967 0.486471
0.000000 0.000000 0.000000
-0.255484 0.118481 0.687015
0.000000 0.000000 0.000000
0.000000 0.000000 0.000000
0.000000 0.000000 0.000000
0.000000 0.000000 0.000000
0.000000 0.000000 0.000000
0.000000 0.000000 0.000000
0.000000 0.000000 0.000000
-0.109370 0.118481 0.700629
0.000000 0.000000 0.000000
-0.267504 -0.198242 0.818893
0.000000 0.000000 0.000000
-0.221559 -0.198242 0.380240
0.000000 0.000000 0.000000
0.000000 0.000000 0.000000
0.000000 0.000000 0.000000
0.000000 0.000000 0.000000
-0.351038 0.182057 0.702607
0.000000 0.000000 0.000000
0.000000 0.000000 0.000000
-0.057709 -0.198242 0.429434
0.000000 0.000000 0.000000
0.000000 0.000000 0.000000
0.000000 0.000000 0.000000
0.000000 0.000000 0.000000
0.000000 0.000000 0.000000
0.000000 0.000000 0.000000
0.000000 0.000000 0.000000
0.012159 0.118481 0.578604
0.000000 0.000000 0.000000
-0.124486 -0.070622 0.764162
0.000000 0.000000 0.000000
0.000000 0.000000 0.000000
0.000000 0.000000 0.000000
0.000000 0.000000 0.000000
0.000000 0.000000 0.000000
0.000000 0.000000 0.000000
0.000000 0.000000 0.000000
0.000000 0.000000 0.000000
-0.228787 -0.198242 0.531302
-0.450820 0.204252 0.574901
0.000000 0.000000 0.000000
-0.329114 0.288034 0.849824
0.000000 0.000000 0.000000
0.000000 0.000000 0.000000
-0.168950 0.118481 0.443820
0.000000 0.000000 0.000000
0.000000 0.000000 0.000000
0.000000 0.000000 0.000000
0.000000 0.000000 0.000000
0.000000 0.000000 0.000000
0.000000 0.000000 0.000000
0.000000 0.000000 0.000000
-0.268421 -0.026048 0.697381
-0.435125 -0.179183 0.878395
0.000000 0.000000 0.000000
0.000000 0.000000 0.000000
0.000000 0.000000 0.000000
0.000000 0.000000 0.000000
0.000000 0.000000 0.000000
-0.228810 -0.070570 0.556863
0.000000 0.000000 0.000000
0.000000 0.000000 0.000000
0.000000 0.000000 0.000000
0.000000 0.000000 0.000000
0.000000 0.000000 0.000000
0.000000 0.000000 0.000000
-0.450820 0.203474 0.854549
0.000000 0.000000 0.000000
-0.343376 0.016369 0.863523
0.000000 0.000000 0.000000
0.000000 0.000000 0.000000
0.000000 0.000000 0.000000
0.000000 0.000000 0.000000
-0.441610 -0.198242 0.474770
0.000000 0.000000 0.000000
0.000000 0.000000 0.000000
0.000000 0.000000 0.000000
0.000000 0.000000 0.000000
0.000000 0.000000 0.000000
0.000000 0.000000 0.000000
0.000000 0.000000 0.000000
0.000000 0.000000 0.000000
0.000000 0.000000 0.000000
0.000000 0.000000 0.000000
0.000000 0.000000 0.000000
0.000000 0.000000 0.000000
0.000000 0.000000 0.000000
0.000000 0.000000 0.000000
0.000000 0.000000 0.000000
-0.434779 -0.070469 0.818522
0.000000 0.000000 0.000000
0.000000 0.000000 0.000000
0.000000 0.000000 0.000000
-0.245393 0.118481 0.469690
0.000000 0.000000 0.000000
0.000000 0.000000 0.000000
-0.406789 -0.070483 0.344251
0.000000 0.000000 0.000000
-0.450820 -0.017439 0.581576
0.000000 0.000000 0.000000
0.000000 0.000000 0.000000
0.000000 0.000000 0.000000
0.000000 0.000000 0.000000
-0.465827 -0.164627 0.700244
0.000000 0.000000 0.000000
0.000000 0.000000 0.000000
-0.142536 0.248965 0.863523
0.000000 0.000000 0.000000
-0.373724 -0.198242 0.572387
0.000000 0.000000 0.000000
0.000000 0.000000 0.000000
0.000000 0.000000 0.000000
-0.100438 -0.070633 0.441914
0.000000 0.000000 0.000000
0.000000 0.000000 0.000000
0.023870 0.219954 0.788999
0.000000 0.000000 0.000000
-0.023626 -0.026048 0.408567
-0.262125 -0.070554 0.857766
0.000000 0.000000 0.000000
0.000000 0.000000 0.000000
0.000000 0.000000 0.000000
0.000000 0.000000 0.000000
-0.336685 0.104171 0.863523
0.000000 0.000000 0.000000
0.000000 0.000000 0.000000
0.000000 0.000000 0.000000
0.000000 0.000000 0.000000
0.000000 0.000000 0.000000
0.000000 0.000000 0.000000
0.000000 0.000000 0.000000
0.000000 0.000000 0.000000
-0.308280 -0.070531 0.488685
0.000000 0.000000 0.000000
0.000000 0.000000 0.000000
-0.378811 -0.070497 0.421942
0.000000 0.000000 0.000000
-0.392172 -0.198242 0.636697
0.000000 0.000000 0.000000
0.000000 0.000000 0.000000
0.000000 0.000000 0.000000
0.000000 0.000000 0.000000
-0.264425 0.206928 0.863523
0.000000 0.000000 0.000000
-0.366111 -0.198242 0.817176
0.000000 0.000000 0.000000
-0.187795 -0.026048 0.623084
-0.110156 -0.198242 0.690760
0.000000 0.000000 0.000000
0.000000 0.000000 0.000000
0.000000 0.000000 0.000000
0.000000 0.000000 0.000000
0.000000 0.000000 0.000000
0.000000 0.000000 0.000000
0.000000 0.000000 0.000000
-0.037926 -0.070664 0.676861
0.000000 0.000000 0.000000
0.000000 0.000000 0.000000
0.000000 0.000000 0.000000
0.000000 0.000000 0.000000
0.000000 0.000000 0.000000
-0.450820 0.109038 0.812774
0.000000 0.000000 0.000000
0.000000 0.000000 0.000000
0.000000 0.000000 0.000000
0.000000 0.000000 0.000000
0.000000 0.000000 0.000000
0.000000 0.000000 0.000000
0.000000 0.000000 0.000000
0.000000 0.000000 0.000000
0.000000 0.000000 0.000000
0.000000 0.000000 0.000000
0.000000 0.000000 0.000000
0.000000 0.000000 0.000000
-0.059130 0.117071 0.863523
0.000000 0.000000 0.000000
0.000000 0.000000 0.000000
0.000000 0.000000 0.000000
-0.360817 0.017788 0.589156
0.000000 0.000000 0.000000
-0.450820 0.193432 0.709729
0.000000 0.000000 0.000000
-0.450820 0.122096 0.542795
0.000000 0.000000 0.000000
0.000000 0.000000 0.000000
0.000000 0.000000 0.000000
0.000000 0.000000 0.000000
-0.264746 -0.198242 0.306992
0.000000 0.000000 0.000000
0.000000 0.000000 0.000000
-0.204969 -0.070582 0.470380
-0.450820 0.078389 0.717322
0.000000 0.000000 0.000000
-0.168005 -0.026048 0.404504
-0.369080 -0.070501 0.502774
0.000000 0.000000 0.000000
0.000000 0.000000 0.000000
-0.152985 0.218972 0.788999
0.000000 0.000000 0.000000
0.000000 0.000000 0.000000
-0.283302 -0.026048 0.367510
0.000000 0.000000 0.000000
0.000000 0.000000 0.000000
0.000000 0.000000 0.000000
-0.409545 -0.070482 0.706160
0.000000 0.000000 0.000000
-0.289045 0.118481 0.760612
0.000000 0.000000 0.000000
0.000000 0.000000 0.000000
0.000000 0.000000 0.000000
0.029629 -0.026048 0.544214
0.000000 0.000000 0.000000
0.000000 0.000000 0.000000
0.000000 0.000000 0.000000
0.000000 0.000000 0.000000
-0.065974 -0.026048 0.709282
0.000000 0.000000 0.000000
0.086448 0.118481 0.560224
0.000000 0.000000 0.000000
0.000000 0.000000 0.000000
0.000000 0.000000 0.000000
0.000000 0.000000 0.000000
0.000000 0.000000 0.000000
0.000000 0.000000 0.000000
0.000000 0.000000 0.000000
0.000000 0.000000 0.000000
0.013778 -0.026048 0.655653
0.000000 0.000000 0.000000
0.000000 0.000000 0.000000
0.000000 0.000000 0.000000
0.000000 0.000000 0.000000
-0.188638 0.052235 0.863523
0.000000 0.000000 0.000000
-0.227641 0.162898 0.788441
0.000000 0.000000 0.000000
0.000000 0.000000 0.000000
0.000000 0.000000 0.000000
0.000000 0.000000 0.000000
0.000000 0.000000 0.000000
-0.273277 0.118481 0.567595
0.000000 0.000000 0.000000
0.000000 0.000000 0.000000
0.000000 0.000000 0.000000
0.000000 0.000000 0.000000
0.000000 0.000000 0.000000
0.000000 0.000000 0.000000
0.000000 0.000000 0.000000
0.000000 0.000000 0.000000
0.000000 0.000000 0.000000
0.000000 0.000000 0.000000
0.000000 0.000000 0.000000
0.000000 0.000000 0.000000
0.000000 0.000000 0.000000
0.000000 0.000000 0.000000
0.000000 0.000000 0.000000
0.000000 0.000000 0.000000
0.000000 0.000000 0.000000
0.000000 0.000000 0.000000
0.000000 0.000000 0.000000
0.000000 0.000000 0.000000
0.034088 -0.070700 0.418787
0.000000 0.000000 0.000000
-0.362969 0.113456 0.650898
-0.229669 -0.070570 0.374205
-0.450820 0.190997 0.489075
0.000000 0.000000 0.000000
0.000000 0.000000 0.000000
-0.141552 -0.070613 0.566951
0.000000 0.000000 0.000000
0.000000 0.000000 0.000000
0.000000 0.000000 0.000000
-0.263466 -0.198242 0.662997
0.000000 0.000000 0.000000
-0.393679 0.288034 0.749324
-0.214548 -0.070577 0.712197
-0.073081 -0.070647 0.518882
0.000000 0.000000 0.000000
0.000000 0.000000 0.000000
0.000000 0.000000 0.000000
0.000000 0.000000 0.000000
-0.272483 -0.026048 0.519885
0.000000 0.000000 0.000000
0.000000 0.000000 0.000000
0.000000 0.000000 0.000000
0.000000 0.000000 0.000000
0.000000 0.000000 0.000000
0.000000 0.000000 0.000000
0.000000 0.000000 0.000000
0.000000 0.000000 0.000000
0.000000 0.000000 0.000000
0.000000 0.000000 0.000000
0.000000 0.000000 0.000000
0.000000 0.000000 0.000000
0.000000 0.000000 0.000000
0.000000 0.000000 0.000000
-0.330341 -0.026048 0.639601
-0.200438 0.260880 0.863523
0.000000 0.000000 0.000000
0.000000 0.000000 0.000000
0.000000 0.000000 0.000000
0.000000 0.000000 0.000000
0.000000 0.000000 0.000000
-0.365961 -0.198242 0.424221
-0.352368 -0.067988 0.863523
0.000000 0.000000 0.000000
-0.001329 -0.198242 0.357731
0.000000 0.000000 0.000000
0.000000 0.000000 0.000000
0.000000 0.000000 0.000000
0.000000 0.000000 0.000000
0.000000 0.000000 0.000000
0.000000 0.000000 0.000000
0.000000 0.000000 0.000000
0.000000 0.000000 0.000000
-0.164486 -0.198242 0.439567
0.000000 0.000000 0.000000
-0.440740 -0.198242 0.351629
0.000000 0.000000 0.000000
0.000000 0.000000 0.000000
0.000000 0.000000 0.000000
0.000000 0.000000 0.000000
0.000000 0.000000 0.000000
0.000000 0.000000 0.000000
0.000000 0.000000 0.000000
0.000000 0.000000 0.000000
0.000000 0.000000 0.000000
0.000000 0.000000 0.000000
0.000000 0.000000 0.000000
0.000000 0.000000 0.000000
0.000000 0.000000 0.000000
0.000000 0.000000 0.000000
0.000000 0.000000 0.000000
0.000000 0.000000 0.000000
0.000000 0.000000 0.000000
0.000000 0.000000 0.000000
0.000000 0.000000 0.000000
0.000000 0.000000 0.000000
0.000000 0.000000 0.000000
-0.169278 -0.003351 0.788999
0.000000 0.000000 0.000000
-0.027361 0.260726 0.863523
0.000000 0.000000 0.000000
-0.332207 -0.026048 0.410229
0.000000 0.000000 0.000000
0.000000 0.000000 0.000000
0.000000 0.000000 0.000000
0.000000 0.000000 0.000000
0.000000 0.000000 0.000000
0.000000 0.000000 0.000000
0.000000 0.000000 0.000000
-0.007875 -0.070679 0.545594
-0.182791 -0.070592 0.876309
0.000000 0.000000 0.000000
-0.408715 -0.115187 0.878395
-0.418725 0.288034 0.839058
0.000000 0.000000 0.000000
0.000000 0.000000 0.000000
0.000000 0.000000 0.000000
0.000000 0.000000 0.000000
0.000000 0.000000 0.000000
0.000000 0.000000 0.000000
0.000000 0.000000 0.000000
-0.221367 -0.198242 0.444321
0.000000 0.000000 0.000000
-0.047294 -0.070660 0.623875
0.000000 0.000000 0.000000
-0.355550 0.277492 0.514478
-0.450820 -0.060433 0.422871
-0.047053 0.118481 0.620625
0.000000 0.000000 0.000000
0.000000 0.000000 0.000000
0.000000 0.000000 0.000000
0.000000 0.000000 0.000000
0.000000 0.000000 0.000000
0.000000 0.000000 0.000000
0.000000 0.000000 0.000000
0.000000 0.000000 0.000000
0.000000 0.000000 0.000000
0.000000 0.000000 0.000000
0.000000 0.000000 0.000000
0.000000 0.000000 0.000000
0.000000 0.000000 0.000000
0.038884 -0.070702 0.495456
0.000000 0.000000 0.000000
0.000000 0.000000 0.000000
0.000000 0.000000 0.000000
0.000000 0.000000 0.000000
-0.219372 -0.161349 0.878395
0.000000 0.000000 0.000000
0.000000 0.000000 0.000000
0.000000 0.000000 0.000000
0.000000 0.000000 0.000000
-0.187996 0.118481 0.685004
-0.063599 -0.198242 0.519210
0.000000 0.000000 0.000000
-0.154410 -0.198242 0.840348
0.000000 0.000000 0.000000
-0.437804 -0.198242 0.545337
0.000000 0.000000 0.000000
0.000000 0.000000 0.000000
0.000000 0.000000 0.000000
0.000000 0.000000 0.000000
0.000000 0.000000 0.000000
0.000000 0.000000 0.000000
0.000000 0.000000 0.000000
0.000000 0.000000 0.000000
0.000000 0.000000 0.000000
0.000000 0.000000 0.000000
-0.333905 -0.026048 0.717127
-0.258153 -0.198242 0.735029
0.000000 0.000000 0.000000
0.048594 0.288034 0.808657
-0.296652 -0.198242 0.392849
0.000000 0.000000 0.000000
0.000000 0.000000 0.000000
0.000000 0.000000 0.000000
0.000000 0.000000 0.000000
0.000000 0.000000 0.000000
0.000000 0.000000 0.000000
0.000000 0.000000 0.000000
-0.226260 0.118481 0.617356
0.000000 0.000000 0.000000
0.000000 0.000000 0.000000
-0.401263 -0.198242 0.716770
0.037694 -0.026048 0.395784
0.000000 0.000000 0.000000
-0.093144 -0.026048 0.383517
-0.465827 -0.087659 0.634339
0.000000 0.000000 0.000000
-0.044221 0.118481 0.684047
0.000000 0.000000 0.000000
0.000000 0.000000 0.000000
0.000000 0.000000 0.000000
0.000000 0.000000 0.000000
0.000000 0.000000 0.000000
0.000000 0.000000 0.000000
0.000000 0.000000 0.000000
0.000000 0.000000 0.000000
0.041237 0.118481 0.476328
0.000000 0.000000 0.000000
0.000000 0.000000 0.000000
0.000000 0.000000 0.000000
0.000000 0.000000 0.000000
0.000000 0.000000 0.000000
0.000000 0.000000 0.000000
0.000000 0.000000 0.000000
0.000000 0.000000 0.000000
0.000000 0.000000 0.000000
0.000000 0.000000 0.000000
0.000000 0.000000 0.000000
0.000000 0.000000 0.000000
0.000000 0.000000 0.000000
0.000000 0.000000 0.000000
0.000000 0.000000 0.000000
0.000000 0.000000 0.000000
0.000000 0.000000 0.000000
-0.243100 -0.026048 0.623814
0.000000 0.000000 0.000000
-0.108140 -0.070630 0.692687
-0.080486 0.109314 0.788999
0.000000 0.000000 0.000000
0.000000 0.000000 0.000000
0.000000 0.000000 0.000000
0.000000 0.000000 0.000000
0.000000 0.000000 0.000000
0.000000 0.000000 0.000000
0.000000 0.000000 0.000000
-0.011453 -0.026048 0.598183
0.000000 0.000000 0.000000
0.000000 0.000000 0.000000
-0.087599 -0.198242 0.606592
