0.000000 0.000000 0.000000
0.095596 -0.289788 0.020286
0.080421 -0.648024 -0.002792
0.108456 0.075686 0.015477
0.127053 -0.491569 -0.026787
0.096433 0.360438 -0.026245
-0.088014 -0.861723 0.163075
0.000000 0.000000 0.000000
0.262968 -0.863949 0.162497
0.115729 -0.755905 0.107107
0.068102 0.585066 -0.016860
0.000000 0.000000 0.000000
0.061100 -0.581180 0.034192
0.089168 0.133289 -0.033970
0.000000 0.000000 0.000000
0.113269 0.313006 0.020408
0.084849 -0.340226 0.021305
0.000000 0.000000 0.000000
0.075401 -0.095312 -0.016622
0.078373 -0.581242 -0.008296
0.099189 -0.257022 0.017773
0.197682 -0.778779 0.004067
0.000000 0.000000 0.000000
0.000000 0.000000 0.000000
0.000000 0.000000 0.000000
0.047252 -0.668685 0.042765
0.085025 0.460044 0.000251
0.000000 0.000000 0.000000
-0.015647 0.692629 -0.005452
0.072345 0.015599 -0.016622
0.000000 0.000000 0.000000
0.095600 0.250079 -0.033970
0.000000 0.000000 0.000000
0.101803 0.191522 0.022059
0.000000 0.000000 0.000000
0.064180 -0.445969 0.003188
0.116412 -0.033448 0.034472
0.211154 -0.865889 0.111502
0.000000 0.000000 0.000000
0.000000 0.000000 0.000000
0.061264 -0.189886 -0.008653
0.153895 -0.767003 0.066228
0.118954 -0.142979 0.028879
0.000000 0.000000 0.000000
0.000000 0.000000 0.000000
0.112594 -0.395391 -0.003529
0.000000 0.000000 0.000000
0.112006 0.390011 0.006243
0.000000 0.000000 0.000000
-0.061996 -0.865889 0.135243
0.000000 0.000000 0.000000
0.147420 0.483887 -0.013693
0.082861 0.302839 -0.016860
0.000000 0.000000 0.000000
0.000000 0.000000 0.000000
0.096433 0.422976 -0.026551
0.019678 0.640909 -0.005452
0.099307 -0.738773 0.043936
0.091422 -0.507119 -0.001055
0.000000 0.000000 0.000000
0.087429 0.508899 -0.028626
0.096433 0.063449 -0.020257
-0.043829 0.754400 0.000251
0.069965 -0.500782 0.033629
0.000000 0.000000 0.000000
0.112112 -0.207196 -0.016622
0.000000 0.000000 0.000000
0.115250 0.123659 0.030596
0.000000 0.000000 0.000000
0.000000 0.000000 0.000000
0.061264 -0.234934 -0.011089
0.112594 -0.083966 -0.014275
0.094861 0.194220 -0.016860
0.040915 -0.747143 0.048957
0.061264 -0.039467 -0.003922
0.170760 -0.738773 0.018515
0.061264 -0.382421 -0.001522
0.000000 0.000000 0.000000
0.081607 0.014762 0.015910
0.030372 -0.738773 0.021730
0.096021 -0.463078 -0.030593
0.061264 -0.297301 -0.009547
0.000000 0.000000 0.000000
0.112594 -0.334711 -0.003041
-0.027765 -0.848779 0.104780
0.105354 0.547170 -0.000525
0.079649 -0.413297 0.024531
0.103314 0.255093 0.025117
0.164154 -0.865889 0.092239
0.117879 0.031952 0.019340
0.112594 -0.458694 0.010309
0.000000 0.000000 0.000000
0.077422 0.352335 -0.033414
0.192436 -0.780758 0.024947
0.000000 0.000000 0.000000
-0.026156 -0.849921 0.080583
0.000000 0.000000 0.000000
0.129911 -0.559407 -0.034899
0.093583 -0.143887 -0.014102
0.000000 0.000000 0.000000
0.222585 -0.865889 0.144821
0.000000 0.000000 0.000000
0.000000 0.000000 0.000000
0.117027 -0.791055 0.043359
0.000000 0.000000 0.000000
0.000000 0.000000 0.000000
0.097890 -0.036310 -0.016622
0.117302 -0.098552 0.034472
0.000000 0.000000 0.000000
0.000000 0.000000 0.000000
0.105410 0.451410 0.000251
0.080010 -0.769241 0.076272
0.110734 -0.280705 -0.016622
0.063959 0.476896 0.000229
0.094914 0.479626 -0.033970
0.094980 0.355210 0.009539
0.129422 -0.004080 0.002244
0.000000 0.000000 0.000000
0.000000 0.000000 0.000000
0.000000 0.000000 0.000000
0.071075 -0.051599 0.000013
0.079499 0.093748 -0.033970
0.189004 -0.848779 0.070158
0.000000 0.000000 0.000000
0.087032 -0.599090 -0.016854
0.061264 -0.255192 -0.002859
0.096702 -0.194964 0.000013
0.000000 0.000000 0.000000
0.067665 -0.142898 -0.016622
0.080117 0.044662 -0.016860
0.000000 0.000000 0.000000
0.000000 0.000000 0.000000
0.081856 -0.032197 0.017361
0.082771 0.384851 -0.033970
0.011602 0.657457 -0.016860
0.000000 0.000000 0.000000
0.000000 0.000000 0.000000
0.000000 0.000000 0.000000
0.116453 -0.791055 0.087270
0.078495 -0.426141 -0.009667
0.095471 -0.363305 -0.008003
0.072556 -0.330965 -0.016622
0.111415 0.426052 0.008350
0.000000 0.000000 0.000000
0.000000 0.000000 0.000000
0.111864 0.479101 0.000251
0.010546 -0.848779 0.069907
0.114786 0.220515 0.009922
0.000000 0.000000 0.000000
0.000000 0.000000 0.000000
0.000000 0.000000 0.000000
0.000000 0.000000 0.000000
0.000000 0.000000 0.000000
0.000000 0.000000 0.000000
0.091411 0.271304 -0.033970
0.098247 0.272726 0.018677
0.127057 0.514995 -0.016334
0.000000 0.000000 0.000000
0.052506 0.625521 -0.012766
0.000000 0.000000 0.000000
0.100830 -0.250136 -0.016622
0.000000 0.000000 0.000000
0.246718 -0.848779 0.131566
0.000000 0.000000 0.000000
0.000000 0.000000 0.000000
-0.015313 0.722764 -0.016860
0.112280 -0.738773 0.072674
0.052375 -0.623925 0.035288
0.116682 0.103117 0.031451
0.077422 -0.011113 -0.033176
0.119836 -0.428003 -0.022585
0.000000 0.000000 0.000000
0.000000 0.000000 0.000000
0.126936 -0.534545 -0.031063
0.096910 0.151174 0.013278
0.100652 -0.208045 0.018827
0.000000 0.000000 0.000000
0.000000 0.000000 0.000000
0.000000 0.000000 0.000000
0.000000 0.000000 0.000000
0.096338 -0.317924 0.000013
0.116011 0.462699 -0.008146
0.079061 -0.537791 -0.011597
0.000000 0.000000 0.000000
0.181096 -0.738773 -0.002768
0.000000 0.000000 0.000000
0.111580 0.072759 0.032711
-0.030810 -0.865889 0.133352
0.112599 -0.062695 0.017361
0.065053 -0.538406 0.035941
0.000000 0.000000 0.000000
0.116410 -0.229570 0.003669
0.113198 -0.121560 0.012469
0.000000 0.000000 0.000000
0.000000 0.000000 0.000000
0.091693 0.511062 0.000251
0.057444 -0.769606 0.055203
0.000000 0.000000 0.000000
0.002133 0.700204 -0.002241
0.062686 -0.008042 -0.016622
0.113628 -0.163884 0.009980
0.000000 0.000000 0.000000
0.077422 0.178055 -0.033292
0.078062 0.217043 -0.033970
0.099682 0.055689 0.033414
-0.046128 -0.865889 0.107474
0.086602 -0.791055 0.060899
0.000000 0.000000 0.000000
0.067685 -0.001536 0.008566
0.000000 0.000000 0.000000
0.186767 -0.865889 0.112187
0.040714 -0.711329 0.043389
0.111209 -0.060212 0.000013
0.000000 0.000000 0.000000
0.000000 0.000000 0.000000
0.097554 -0.109516 -0.016622
0.080275 -0.462907 -0.001983
0.116798 0.003995 0.034472
0.138148 -0.738773 0.046524
0.000000 0.000000 0.000000
0.163177 -0.791055 0.046381
0.110815 0.490084 -0.016860
0.238162 -0.857337 0.167128
0.079033 -0.211110 -0.005017
0.061921 -0.350889 0.000013
0.016289 0.677106 0.000251
0.061264 -0.413774 -0.005742
0.108164 -0.004375 0.017361
0.063070 -0.734623 0.033030
0.181488 -0.738938 0.036675
0.000000 0.000000 0.000000
0.000000 0.000000 0.000000
0.091578 -0.294242 -0.015459
0.000000 0.000000 0.000000
0.081055 0.562299 0.000251
0.119244 -0.367318 -0.010947
0.000000 0.000000 0.000000
0.096433 0.382193 -0.019007
0.085161 0.112304 -0.016860
0.115674 0.152182 0.029409
0.094398 0.144644 -0.016860
0.000000 0.000000 0.000000
0.108999 -0.012067 0.000013
-0.000280 -0.849142 0.103102
0.096433 0.023076 -0.030685
0.029279 -0.784988 0.039025
0.061264 -0.074262 -0.002256
0.000000 0.000000 0.000000
0.096010 0.320815 -0.033970
0.089467 -0.394700 -0.016467
0.000000 0.000000 0.000000
0.038011 0.613014 -0.011318
-0.020855 0.734284 -0.002917
0.094863 -0.434285 -0.011463
0.082336 -0.486899 -0.015477
0.000000 0.000000 0.000000
0.000000 0.000000 0.000000
0.061264 -0.123803 -0.001917
0.000000 0.000000 0.000000
0.098643 0.225149 0.026360
0.000000 0.000000 0.000000
0.000000 0.000000 0.000000
-0.061339 -0.848779 0.159730
0.069438 -0.738773 0.062253
0.079157 -0.182945 -0.016622
0.154540 -0.848779 0.071615
0.000000 0.000000 0.000000
0.073752 0.026939 0.000013
0.103517 0.475148 0.018572
-0.008743 -0.865889 0.088719
0.000000 0.000000 0.000000
0.000000 0.000000 0.000000
0.112702 0.347570 0.019244
0.000000 0.000000 0.000000
-0.081789 -0.861637 0.136215
0.000000 0.000000 0.000000
0.075282 -0.455169 0.031318
0.000000 0.000000 0.000000
0.000000 0.000000 0.000000
0.094536 -0.061058 -0.004433
0.000000 0.000000 0.000000
0.109307 0.452058 0.017361
0.094481 0.299238 0.010199
0.203427 -0.748292 0.013176
0.118727 -0.791055 0.018865
0.000000 0.000000 0.000000
0.077422 0.243190 -0.020728
0.206836 -0.848779 0.129732
0.086162 -0.447438 0.017124
0.091693 0.567424 -0.015692
0.105696 -0.084808 0.017361
0.080275 -0.278460 -0.002113
0.077422 0.482095 -0.020728
0.086730 -0.618788 0.000235
0.094766 -0.003752 -0.016860
0.000000 0.000000 0.000000
0.145772 -0.739034 0.074929
-0.049502 -0.848779 0.124440
0.000000 0.000000 0.000000
0.000000 0.000000 0.000000
0.097050 0.389705 0.019511
0.000000 0.000000 0.000000
0.000000 0.000000 0.000000
0.084211 -0.384349 0.026923
0.066806 -0.154630 0.000013
0.166741 -0.791055 0.017910
0.112594 -0.422128 -0.000789
0.000000 0.000000 0.000000
0.131861 -0.586895 -0.039586
0.034454 0.651107 -0.016860
0.065378 -0.368217 -0.016622
0.079002 0.406499 -0.016860
0.000000 0.000000 0.000000
0.112594 -0.132081 -0.004985
0.000000 0.000000 0.000000
0.125953 -0.462569 -0.027079
0.113440 -0.117770 0.038463
0.077422 0.460118 -0.029588
0.078919 -0.079055 -0.005354
0.000000 0.000000 0.000000
0.000000 0.000000 0.000000
0.080275 -0.035898 -0.002371
0.077422 0.333829 -0.017856
0.000000 0.000000 0.000000
0.000000 0.000000 0.000000
0.090342 0.221009 -0.016860
0.175696 -0.767727 0.042878
0.000000 0.000000 0.000000
0.000000 0.000000 0.000000
0.000000 0.000000 0.000000
0.110562 0.248606 0.008282
0.000000 0.000000 0.000000
0.000000 0.000000 0.000000
0.112594 -0.179277 -0.014704
0.103289 0.014073 0.000251
0.103973 0.331989 0.004807
0.000000 0.000000 0.000000
0.205406 -0.862457 0.085975
0.112594 -0.306428 -0.009114
0.105689 -0.105963 0.000013
0.000000 0.000000 0.000000
0.099419 0.111468 0.013982
0.000000 0.000000 0.000000
0.000000 0.000000 0.000000
0.000000 0.000000 0.000000
0.000000 0.000000 0.000000
0.000000 0.000000 0.000000
0.067600 0.603144 -0.005594
0.075627 -0.257596 -0.016622
0.000000 0.000000 0.000000
0.098358 -0.000166 -0.039712
0.000000 0.000000 0.000000
0.062024 -0.206142 -0.016622
-0.003188 0.675004 -0.016860
0.085084 -0.242802 0.000024
0.102119 -0.046492 0.023066
0.000000 0.000000 0.000000
0.101253 0.533905 -0.016860
0.000000 0.000000 0.000000
0.000000 0.000000 0.000000
0.000000 0.000000 0.000000
0.000000 0.000000 0.000000
-0.046851 0.754098 -0.016860
0.127302 -0.791055 0.064163
0.069047 0.499819 -0.015017
0.144852 -0.791055 0.028442
0.108557 -0.738773 0.008324
0.099577 -0.011418 0.032324
0.112458 0.362473 0.003910
0.096433 0.165084 -0.030144
0.000000 0.000000 0.000000
0.064564 -0.280880 -0.016622
0.084212 -0.674383 -0.000198
0.117015 0.500099 0.000251
0.079067 -0.383319 0.000013
0.000000 0.000000 0.000000
0.000000 0.000000 0.000000
0.000000 0.000000 0.000000
0.000000 0.000000 0.000000
0.061264 -0.321358 -0.001253
0.000000 0.000000 0.000000
0.082729 0.078854 -0.016860
0.094141 -0.553239 -0.012860
0.238327 -0.863653 0.118895
0.112594 -0.017507 -0.016448
0.092294 0.432553 0.003353
0.000000 0.000000 0.000000
0.000000 0.000000 0.000000
0.102963 -0.463078 -0.008526
0.080275 -0.117321 -0.015724
0.000000 0.000000 0.000000
0.093583 -0.343109 -0.014426
0.096433 0.447563 -0.022147
0.000000 0.000000 0.000000
0.084385 -0.017197 0.000013
-0.060647 0.759428 0.000251
0.110608 -0.035755 0.000013
0.086853 -0.445969 -0.024342
0.000000 0.000000 0.000000
0.000000 0.000000 0.000000
0.246720 -0.865889 0.148350
0.110671 0.175584 0.011321
0.095449 -0.224178 -0.007851
0.097140 0.137139 0.015486
0.105476 0.014622 0.017361
0.000000 0.000000 0.000000
0.095397 -0.576596 -0.007200
0.128097 -0.777069 0.093859
0.102224 -0.024456 0.017361
0.092955 -0.529127 -0.002235
0.061264 -0.435441 -0.016485
0.000000 0.000000 0.000000
0.102289 -0.738773 0.095040
0.123412 -0.405526 -0.020302
0.084342 0.578322 -0.004083
0.178745 -0.848779 0.091694
0.096433 0.494432 -0.024391
0.079928 0.063078 -0.033970
0.069742 -0.162677 -0.016622
0.103895 -0.104642 0.017361
0.000000 0.000000 0.000000
0.000000 0.000000 0.000000
0.107180 -0.186884 0.017085
0.000000 0.000000 0.000000
0.117518 -0.262146 -0.002657
0.000000 0.000000 0.000000
0.089090 -0.749948 0.084750
0.100235 -0.230841 0.014911
0.128452 -0.024264 0.014768
0.079241 -0.302260 -0.004564
0.113569 0.235756 0.025929
0.094617 -0.145784 0.000013
0.000000 0.000000 0.000000
0.000000 0.000000 0.000000
0.078768 -0.360145 -0.005767
0.000000 0.000000 0.000000
0.099129 -0.417826 -0.016622
0.000000 0.000000 0.000000
-0.036676 0.723742 -0.012631
0.000000 0.000000 0.000000
0.116925 0.523509 0.000251
0.000000 0.000000 0.000000
0.000000 0.000000 0.000000
0.000000 0.000000 0.000000
0.103208 -0.164447 -0.016622
0.094026 0.374916 0.008718
0.000000 0.000000 0.000000
0.000000 0.000000 0.000000
0.088768 -0.015853 0.017361
0.000000 0.000000 0.000000
0.096433 0.293312 -0.033195
0.064554 -0.052965 -0.016622
0.000000 0.000000 0.000000
0.111875 0.290746 0.023639
0.000000 0.000000 0.000000
0.000000 0.000000 0.000000
0.085918 -0.409170 0.000172
0.000000 0.000000 0.000000
0.080275 -0.135998 -0.000319
0.000000 0.000000 0.000000
0.000000 0.000000 0.000000
0.000000 0.000000 0.000000
0.103639 0.088781 0.025214
0.000000 0.000000 0.000000
0.082281 -0.362518 0.022406
0.000000 0.000000 0.000000
0.163677 -0.848779 0.048887
-0.048342 -0.848779 0.146194
0.251771 -0.851153 0.158226
0.083651 -0.560734 -0.000431
0.000000 0.000000 0.000000
0.101582 -0.133593 0.020454
0.000000 0.000000 0.000000
0.000000 0.000000 0.000000
0.096938 0.411506 0.001493
0.000000 0.000000 0.000000
-0.016421 0.712662 0.000251
0.041736 -0.764940 0.040853
0.081997 0.491780 -0.000978
0.079061 -0.516002 -0.011596
0.114765 -0.078241 0.034472
0.000000 0.000000 0.000000
0.000000 0.000000 0.000000
0.113716 0.054533 0.016361
0.000000 0.000000 0.000000
0.000000 0.000000 0.000000
-0.061916 -0.865889 0.156236
0.111341 0.376687 0.020062
0.088049 0.003949 0.001860
0.067321 -0.221493 0.000013
0.048287 -0.691199 0.039976
0.094102 0.322372 0.018829
0.112594 -0.445630 -0.010328
0.073413 -0.476662 0.028949
0.000000 0.000000 0.000000
-0.024633 -0.865889 0.110389
0.000000 0.000000 0.000000
0.098172 0.110360 0.031137
0.000000 0.000000 0.000000
0.112727 0.209201 0.027034
0.058349 -0.602091 0.038574
0.084008 -0.340406 -0.000283
0.096553 0.172928 0.028423
0.092651 -0.770613 0.088074
0.077236 -0.433451 0.030623
0.127371 0.480533 -0.012662
0.094878 -0.264006 -0.005154
0.109034 -0.778425 0.103371
0.104871 -0.791055 0.057278
0.262766 -0.854325 0.143336
0.123104 -0.387743 -0.015066
0.078442 -0.028184 -0.023671
0.053549 -0.738773 0.015059
0.096111 0.215345 0.009656
0.170254 -0.748069 0.048706
0.090559 -0.738773 0.063257
0.048164 -0.790420 0.046538
0.000000 0.000000 0.000000
0.063137 -0.396389 -0.016622
0.000000 0.000000 0.000000
0.102625 0.140463 0.029888
0.089988 -0.738773 0.022597
0.082213 0.008370 -0.035206
0.048908 0.598393 -0.005452
0.000000 0.000000 0.000000
0.000000 0.000000 0.000000
0.096433 0.402739 -0.021516
0.000000 0.000000 0.000000
0.000000 0.000000 0.000000
0.106045 0.505357 -0.016860
0.000000 0.000000 0.000000
0.000000 0.000000 0.000000
0.098770 0.037760 0.019327
0.013675 -0.865443 0.089148
0.151280 -0.738773 0.035347
0.000000 0.000000 0.000000
0.077154 -0.784306 0.073605
0.070972 -0.217358 -0.016622
0.116257 0.130825 0.013306
0.077422 0.375965 -0.017376
-0.073195 -0.865889 0.169230
0.000000 0.000000 0.000000
0.000000 0.000000 0.000000
0.085853 0.542085 -0.000014
0.000000 0.000000 0.000000
0.198662 -0.848779 0.096128
-0.037592 0.742303 -0.016860
0.077422 0.418403 -0.032196
0.101482 0.467115 -0.009961
0.136718 0.500672 -0.003046
0.119313 -0.055413 0.031729
0.000000 0.000000 0.000000
0.096433 0.091396 -0.017983
0.095152 -0.017983 -0.033970
0.000000 0.000000 0.000000
0.079357 0.158055 -0.016860
0.069184 -0.791055 0.051263
0.000000 0.000000 0.000000
0.000000 0.000000 0.000000
0.077422 0.285088 -0.024384
0.091508 0.174490 -0.016860
0.204755 -0.865889 0.132252
0.093241 0.079229 -0.033970
0.077422 0.203833 -0.018070
0.000000 0.000000 0.000000
0.000000 0.000000 0.000000
0.118974 -0.738773 0.040920
0.093549 -0.463078 0.013354
0.000000 0.000000 0.000000
0.102288 -0.296993 0.000013
0.092457 0.422634 0.017398
0.000000 0.000000 0.000000
0.119728 -0.738773 0.090855
0.068073 0.586903 0.000251
-0.068545 -0.848779 0.142563
0.226889 -0.852417 0.107460
0.000000 0.000000 0.000000
0.104942 -0.359446 0.000013
0.000000 0.000000 0.000000
0.085404 0.437329 -0.033970
0.088455 0.036637 -0.033970
0.091909 0.456036 0.013472
0.000000 0.000000 0.000000
0.030961 0.628773 -0.011156
0.000000 0.000000 0.000000
0.000000 0.000000 0.000000
0.118276 0.474540 -0.021613
0.111962 0.295024 0.006351
0.094435 0.484092 0.005456
0.000000 0.000000 0.000000
0.093583 -0.118026 -0.000152
0.049386 -0.640189 0.040347
0.000000 0.000000 0.000000
0.000000 0.000000 0.000000
-0.017919 0.704798 -0.016860
0.089555 0.020240 -0.016860
0.222985 -0.848779 0.150633
0.096433 0.282476 -0.017601
0.061264 -0.109349 -0.014208
0.061264 -0.457527 -0.009676
0.079770 -0.326152 -0.003661
0.143296 -0.738773 0.013315
0.091174 -0.307695 0.024432
0.180799 -0.788897 0.037413
0.104335 0.019011 0.034472
0.059059 -0.556263 0.035804
0.000000 0.000000 0.000000
0.096928 -0.197749 -0.016622
0.089962 -0.375833 -0.016280
0.000000 0.000000 0.000000
0.096433 0.101758 -0.033483
0.113738 -0.245370 -0.001894
0.082629 0.493577 -0.033970
0.000000 0.000000 0.000000
0.000000 0.000000 0.000000
0.100018 0.240641 0.014310
0.073580 -0.103223 0.000013
0.000000 0.000000 0.000000
0.000000 0.000000 0.000000
0.189174 -0.755345 -0.003878
0.000000 0.000000 0.000000
0.000000 0.000000 0.000000
0.000000 0.000000 0.000000
0.083085 0.334354 -0.033970
0.000000 0.000000 0.000000
0.111576 -0.145264 0.011146
0.000000 0.000000 0.000000
0.081999 -0.565607 -0.015266
0.070739 -0.020664 0.000251
0.000000 0.000000 0.000000
0.094932 -0.042759 0.004399
0.079294 -0.461574 -0.033733
0.096433 0.036330 -0.016994
0.000000 0.000000 0.000000
0.114225 -0.206318 0.008007
0.126230 -0.738773 0.060051
0.147252 -0.782273 0.073343
0.000000 0.000000 0.000000
0.000000 0.000000 0.000000
0.084621 -0.318086 -0.016522
0.083336 0.308205 -0.033970
0.000000 0.000000 0.000000
0.000000 0.000000 0.000000
-0.060584 -0.858646 0.115010
0.000000 0.000000 0.000000
0.000000 0.000000 0.000000
0.000000 0.000000 0.000000
0.073421 -0.735032 0.021694
0.079148 -0.013601 -0.016860
0.000000 0.000000 0.000000
0.082603 -0.415230 -0.015645
0.080275 -0.172096 -0.002731
0.000000 0.000000 0.000000
0.000000 0.000000 0.000000
0.000000 0.000000 0.000000
0.085636 0.466680 -0.016860
0.080275 -0.445358 -0.002745
0.000000 0.000000 0.000000
-0.031402 -0.848779 0.130753
0.000000 0.000000 0.000000
0.095448 -0.094835 -0.007777
0.000000 0.000000 0.000000
0.000000 0.000000 0.000000
0.107984 0.412954 0.018551
0.000000 0.000000 0.000000
0.018396 0.676092 -0.016645
0.000000 0.000000 0.000000
0.043846 -0.728112 0.044665
0.101041 -0.071611 -0.016622
0.112363 0.038440 0.034140
0.083191 0.001005 -0.005964
0.000000 0.000000 0.000000
0.077422 0.258487 -0.028056
0.125651 -0.507063 -0.033489
0.083920 0.237825 -0.033970
0.000000 0.000000 0.000000
0.077422 0.111894 -0.031841
0.000000 0.000000 0.000000
0.090872 -0.621365 -0.015891
0.096433 0.181866 -0.031597
0.000000 0.000000 0.000000
0.104623 -0.177657 0.000013
0.189017 -0.738773 0.012056
0.000000 0.000000 0.000000
0.120593 -0.350925 -0.014122
0.000000 0.000000 0.000000
0.000000 0.000000 0.000000
0.078445 -0.226624 -0.009376
0.131351 0.481771 0.000251
0.000000 0.000000 0.000000
0.000000 0.000000 0.000000
0.000000 0.000000 0.000000
0.095706 -0.029114 0.000013
0.115437 0.180873 0.026090
0.117396 -0.108755 0.017361
0.076215 -0.749674 0.072729
0.116759 0.100269 0.015144
0.085950 -0.482946 0.000174
0.000000 0.000000 0.000000
0.081866 0.158280 -0.033970
0.000000 0.000000 0.000000
0.000000 0.000000 0.000000
0.000000 0.000000 0.000000
0.000000 0.000000 0.000000
0.118648 -0.014882 0.024015
0.230502 -0.848779 0.129103
-0.019685 -0.848779 0.119292
0.080275 -0.257354 -0.002524
0.043621 0.638694 -0.009910
0.000000 0.000000 0.000000
0.093777 0.342148 0.019282
0.095361 -0.236274 -0.006893
0.108708 -0.217112 -0.003551
0.000000 0.000000 0.000000
0.086867 -0.462739 -0.016854
0.190925 -0.747489 0.026567
-0.077345 -0.850084 0.157285
