0.000000 0.000000 0.000000
0.000000 0.000000 0.000000
0.000000 0.000000 0.000000
-0.115014 -0.726250 0.021679
0.000000 0.000000 0.000000
0.000000 0.000000 0.000000
0.000000 0.000000 0.000000
0.000000 0.000000 0.000000
0.000000 0.000000 0.000000
0.000000 0.000000 0.000000
-0.490675 -0.469461 -0.084289
0.000000 0.000000 0.000000
-0.187744 -0.726250 -0.419185
0.345992 -0.726250 -0.210220
0.000000 0.000000 0.000000
0.000000 0.000000 0.000000
0.000000 0.000000 0.000000
0.286162 -0.726250 0.271123
0.000000 0.000000 0.000000
0.000000 0.000000 0.000000
0.000000 0.000000 0.000000
0.000000 0.000000 0.000000
-0.434268 -0.409548 -0.191549
0.000000 0.000000 0.000000
0.000000 0.000000 0.000000
0.000000 0.000000 0.000000
0.000000 0.000000 0.000000
0.000000 0.000000 0.000000
0.000000 0.000000 0.000000
0.000000 0.000000 0.000000
-0.490675 -0.169854 0.061042
0.000000 0.000000 0.000000
0.000000 0.000000 0.000000
0.000000 0.000000 0.000000
0.000000 0.000000 0.000000
-0.089916 -0.726250 -0.159016
0.000000 0.000000 0.000000
-0.490675 -0.584418 -0.427620
0.439018 -0.726250 0.007863
0.000000 0.000000 0.000000
0.000000 0.000000 0.000000
0.177433 -0.700126 -0.440460
-0.388927 -0.726250 -0.012569
0.000000 0.000000 0.000000
0.000000 0.000000 0.000000
-0.034958 -0.726250 -0.201673
0.000000 0.000000 0.000000
0.000000 0.000000 0.000000
-0.209910 -0.427363 -0.440460
0.000000 0.000000 0.000000
0.000000 0.000000 0.000000
0.000000 0.000000 0.000000
0.000000 0.000000 0.000000
0.000000 0.000000 0.000000
0.164737 -0.726250 0.003151
0.000000 0.000000 0.000000
-0.338805 -0.726250 0.183775
0.000000 0.000000 0.000000
-0.434268 -0.321314 -0.372438
0.000000 0.000000 0.000000
-0.391964 -0.714476 -0.256797
0.000000 0.000000 0.000000
0.000000 0.000000 0.000000
0.000000 0.000000 0.000000
0.000000 0.000000 0.000000
0.000000 0.000000 0.000000
0.000000 0.000000 0.000000
0.000000 0.000000 0.000000
0.000000 0.000000 0.000000
0.000000 0.000000 0.000000
-0.490675 -0.262503 -0.042012
0.000000 0.000000 0.000000
0.000000 0.000000 0.000000
-0.490675 -0.533100 0.055761
0.075802 -0.726250 0.131048
0.000000 0.000000 0.000000
0.000000 0.000000 0.000000
0.535966 -0.726250 0.278359
0.000000 0.000000 0.000000
0.000000 0.000000 0.000000
-0.391964 -0.608776 -0.170893
-0.019547 -0.726250 -0.315074
0.000000 0.000000 0.000000
0.000000 0.000000 0.000000
-0.434268 -0.315938 0.192074
0.000000 0.000000 0.000000
0.000000 0.000000 0.000000
0.000000 0.000000 0.000000
0.000000 0.000000 0.000000
0.000000 0.000000 0.000000
0.000000 0.000000 0.000000
0.000000 0.000000 0.000000
0.000000 0.000000 0.000000
0.000000 0.000000 0.000000
0.264726 -0.726250 -0.369892
0.000000 0.000000 0.000000
0.000000 0.000000 0.000000
0.000000 0.000000 0.000000
0.000000 0.000000 0.000000
0.269454 -0.726250 0.077461
0.000000 0.000000 0.000000
0.000000 0.000000 0.000000
0.000000 0.000000 0.000000
-0.434268 -0.382047 0.051119
0.000000 0.000000 0.000000
-0.327713 -0.453001 -0.440460
-0.434268 -0.225462 -0.197484
0.000000 0.000000 0.000000
0.000000 0.000000 0.000000
-0.490675 -0.527335 -0.327529
-0.360932 -0.726250 -0.406139
0.000000 0.000000 0.000000
0.000000 0.000000 0.000000
0.161688 -0.726250 -0.201360
0.000000 0.000000 0.000000
0.000000 0.000000 0.000000
-0.432011 -0.056680 0.167424
0.000000 0.000000 0.000000
0.000000 0.000000 0.000000
0.000000 0.000000 0.000000
-0.023464 -0.666572 -0.440460
0.000000 0.000000 0.000000
0.000000 0.000000 0.000000
0.000000 0.000000 0.000000
-0.256282 -0.726250 -0.105337
0.000000 0.000000 0.000000
0.000000 0.000000 0.000000
0.000000 0.000000 0.000000
0.000000 0.000000 0.000000
0.000000 0.000000 0.000000
0.000000 0.000000 0.000000
0.000000 0.000000 0.000000
0.000000 0.000000 0.000000
0.000000 0.000000 0.000000
0.000000 0.000000 0.000000
0.430461 -0.726250 0.167702
-0.188979 -0.726250 -0.264674
0.000000 0.000000 0.000000
0.000000 0.000000 0.000000
0.000000 0.000000 0.000000
0.000000 0.000000 0.000000
0.000000 0.000000 0.000000
0.000000 0.000000 0.000000
-0.434268 -0.451555 -0.402675
-0.096288 -0.726250 0.181602
0.000000 0.000000 0.000000
0.000000 0.000000 0.000000
-0.391964 -0.642976 0.201162
0.000000 0.000000 0.000000
0.000000 0.000000 0.000000
0.000000 0.000000 0.000000
0.004440 -0.726250 -0.038489
0.000000 0.000000 0.000000
0.000000 0.000000 0.000000
0.000000 0.000000 0.000000
0.000000 0.000000 0.000000
0.000000 0.000000 0.000000
-0.434268 -0.376821 0.229398
0.000000 0.000000 0.000000
0.000000 0.000000 0.000000
0.000000 0.000000 0.000000
0.000000 0.000000 0.000000
0.000000 0.000000 0.000000
0.000000 0.000000 0.000000
-0.210235 -0.726250 0.125741
-0.126617 -0.544387 -0.440460
0.000000 0.000000 0.000000
0.000000 0.000000 0.000000
-0.322676 -0.648534 -0.440460
-0.401611 -0.599335 -0.048223
0.000000 0.000000 0.000000
-0.490675 -0.293486 -0.238933
0.000000 0.000000 0.000000
0.000000 0.000000 0.000000
0.000000 0.000000 0.000000
0.000000 0.000000 0.000000
0.000000 0.000000 0.000000
0.000000 0.000000 0.000000
-0.490675 -0.195233 0.196728
0.000000 0.000000 0.000000
0.441529 -0.726250 -0.091593
0.000000 0.000000 0.000000
0.000000 0.000000 0.000000
0.000000 0.000000 0.000000
0.000000 0.000000 0.000000
-0.296744 -0.726250 0.042137
0.000000 0.000000 0.000000
-0.490675 -0.541195 -0.224376
0.000000 0.000000 0.000000
0.000000 0.000000 0.000000
0.000000 0.000000 0.000000
0.000000 0.000000 0.000000
0.271955 -0.726250 -0.079263
-0.490675 -0.566856 0.182268
0.000000 0.000000 0.000000
0.003209 -0.726250 0.240570
0.000000 0.000000 0.000000
0.000000 0.000000 0.000000
0.000000 0.000000 0.000000
0.000000 0.000000 0.000000
0.000000 0.000000 0.000000
0.000000 0.000000 0.000000
0.000000 0.000000 0.000000
0.578790 -0.723713 0.137553
-0.434268 -0.271737 -0.140540
-0.397107 -0.599335 -0.315654
0.000000 0.000000 0.000000
0.000000 0.000000 0.000000
0.000000 0.000000 0.000000
0.000000 0.000000 0.000000
0.000000 0.000000 0.000000
0.000000 0.000000 0.000000
0.000000 0.000000 0.000000
-0.418901 -0.599335 0.084768
0.000000 0.000000 0.000000
0.000000 0.000000 0.000000
0.000000 0.000000 0.000000
-0.434268 -0.254270 0.072323
0.000000 0.000000 0.000000
-0.490675 -0.422101 -0.267500
0.000000 0.000000 0.000000
0.000000 0.000000 0.000000
0.000000 0.000000 0.000000
0.000000 0.000000 0.000000
0.000000 0.000000 0.000000
0.578790 -0.622481 0.294791
0.000000 0.000000 0.000000
0.000000 0.000000 0.000000
0.000000 0.000000 0.000000
0.000000 0.000000 0.000000
0.000000 0.000000 0.000000
0.000000 0.000000 0.000000
0.000000 0.000000 0.000000
0.412519 -0.726250 0.263215
0.000000 0.000000 0.000000
0.000000 0.000000 0.000000
0.000000 0.000000 0.000000
0.000000 0.000000 0.000000
0.000000 0.000000 0.000000
0.000000 0.000000 0.000000
0.000000 0.000000 0.000000
0.000000 0.000000 0.000000
0.000000 0.000000 0.000000
0.098961 -0.726250 -0.125641
-0.432011 -0.110784 0.034519
0.000000 0.000000 0.000000
0.000000 0.000000 0.000000
0.000000 0.000000 0.000000
0.000000 0.000000 0.000000
-0.146046 -0.726250 -0.097620
0.000000 0.000000 0.000000
0.000000 0.000000 0.000000
0.000000 0.000000 0.000000
0.000000 0.000000 0.000000
0.000000 0.000000 0.000000
0.000000 0.000000 0.000000
-0.144713 -0.624639 -0.440460
-0.434268 -0.481546 0.007938
0.000000 0.000000 0.000000
0.000000 0.000000 0.000000
-0.490675 -0.408109 0.141214
0.000000 0.000000 0.000000
0.000000 0.000000 0.000000
0.000000 0.000000 0.000000
0.000000 0.000000 0.000000
0.000000 0.000000 0.000000
0.000000 0.000000 0.000000
0.000000 0.000000 0.000000
0.000000 0.000000 0.000000
0.000000 0.000000 0.000000
-0.418295 -0.599335 -0.268842
0.000000 0.000000 0.000000
0.000000 0.000000 0.000000
0.000000 0.000000 0.000000
0.000000 0.000000 0.000000
0.000000 0.000000 0.000000
0.075611 -0.726250 -0.416290
0.000000 0.000000 0.000000
0.000000 0.000000 0.000000
-0.490675 -0.270334 -0.428476
-0.228921 -0.726250 0.222188
0.000000 0.000000 0.000000
0.000000 0.000000 0.000000
0.000000 0.000000 0.000000
0.000000 0.000000 0.000000
-0.292513 -0.726250 -0.304349
-0.490675 -0.576532 -0.118177
0.000000 0.000000 0.000000
0.000000 0.000000 0.000000
0.000000 0.000000 0.000000
0.000000 0.000000 0.000000
0.275368 -0.726250 0.172638
0.000000 0.000000 0.000000
0.000000 0.000000 0.000000
0.000000 0.000000 0.000000
0.163771 -0.726250 0.188137
0.000000 0.000000 0.000000
0.000000 0.000000 0.000000
-0.434268 -0.353996 -0.059298
0.000000 0.000000 0.000000
0.000000 0.000000 0.000000
0.000000 0.000000 0.000000
0.000000 0.000000 0.000000
0.000000 0.000000 0.000000
0.000000 0.000000 0.000000
-0.434268 -0.346453 -0.298868
0.000000 0.000000 0.000000
0.000000 0.000000 0.000000
0.000000 0.000000 0.000000
0.000000 0.000000 0.000000
0.000000 0.000000 0.000000
0.000000 0.000000 0.000000
0.000000 0.000000 0.000000
0.000000 0.000000 0.000000
-0.356428 -0.726250 -0.158054
0.000000 0.000000 0.000000
0.000000 0.000000 0.000000
-0.490675 -0.362569 -0.127611
0.000000 0.000000 0.000000
0.000000 0.000000 0.000000
0.000000 0.000000 0.000000
0.000000 0.000000 0.000000
-0.061335 -0.726250 -0.093006
0.000000 0.000000 0.000000
-0.490675 -0.162045 -0.129355
0.000000 0.000000 0.000000
0.143220 -0.726250 -0.308004
0.000000 0.000000 0.000000
0.000000 0.000000 0.000000
0.000000 0.000000 0.000000
-0.284958 -0.562931 -0.440460
0.000000 0.000000 0.000000
0.000000 0.000000 0.000000
-0.490675 -0.156823 0.000289
0.000000 0.000000 0.000000
0.000000 0.000000 0.000000
0.000000 0.000000 0.000000
0.000000 0.000000 0.000000
-0.490675 -0.426640 0.016679
0.000000 0.000000 0.000000
-0.320731 -0.726250 -0.076485
0.000000 0.000000 0.000000
0.451709 -0.726250 -0.185840
-0.391964 -0.704419 0.094524
0.000000 0.000000 0.000000
0.000000 0.000000 0.000000
-0.490675 -0.309392 0.110954
0.000000 0.000000 0.000000
0.000000 0.000000 0.000000
0.000000 0.000000 0.000000
0.000000 0.000000 0.000000
-0.434268 -0.211236 -0.051573
0.000000 0.000000 0.000000
-0.003001 -0.726250 0.068051
0.000000 0.000000 0.000000
0.000000 0.000000 0.000000
0.169896 -0.638259 -0.440460
0.192777 -0.726250 0.086791
0.061100 -0.726250 -0.233745
0.254479 -0.726250 -0.241622
-0.434268 -0.489752 -0.274684
-0.398100 -0.382163 -0.440460
-0.434268 -0.513362 0.116907
0.000000 0.000000 0.000000
0.000000 0.000000 0.000000
0.000000 0.000000 0.000000
0.000000 0.000000 0.000000
0.578790 -0.657223 0.216986
0.000000 0.000000 0.000000
-0.393272 -0.533149 -0.440460
0.000000 0.000000 0.000000
0.000000 0.000000 0.000000
0.000000 0.000000 0.000000
0.000000 0.000000 0.000000
-0.434268 -0.178221 0.001052
0.000000 0.000000 0.000000
0.000000 0.000000 0.000000
0.000000 0.000000 0.000000
0.000000 0.000000 0.000000
0.000000 0.000000 0.000000
-0.102269 -0.726250 -0.368854
0.000000 0.000000 0.000000
0.000000 0.000000 0.000000
0.333639 -0.726250 -0.014803
0.000000 0.000000 0.000000
0.000000 0.000000 0.000000
0.203302 -0.726250 -0.131817
0.000000 0.000000 0.000000
0.000000 0.000000 0.000000
0.000000 0.000000 0.000000
0.000000 0.000000 0.000000
0.000000 0.000000 0.000000
0.000000 0.000000 0.000000
0.000000 0.000000 0.000000
0.000000 0.000000 0.000000
0.000000 0.000000 0.000000
-0.434268 -0.519871 -0.368709
0.000000 0.000000 0.000000
0.000000 0.000000 0.000000
0.000000 0.000000 0.000000
0.000000 0.000000 0.000000
0.000000 0.000000 0.000000
0.000000 0.000000 0.000000
0.000000 0.000000 0.000000
0.000000 0.000000 0.000000
0.000000 0.000000 0.000000
0.000000 0.000000 0.000000
0.000000 0.000000 0.000000
0.000000 0.000000 0.000000
0.000000 0.000000 0.000000
0.000000 0.000000 0.000000
-0.223726 -0.726250 -0.006122
0.350896 -0.726250 0.119462
0.000000 0.000000 0.000000
0.000000 0.000000 0.000000
0.000000 0.000000 0.000000
0.265479 -0.700953 -0.440460
0.000000 0.000000 0.000000
0.000000 0.000000 0.000000
-0.434268 -0.277267 -0.300876
-0.262455 -0.726250 -0.222077
0.000000 0.000000 0.000000
-0.434268 -0.452167 0.098330
0.000000 0.000000 0.000000
-0.430725 -0.649530 -0.419309
0.000000 0.000000 0.000000
0.000000 0.000000 0.000000
0.000000 0.000000 0.000000
-0.490675 -0.120503 0.139461
0.000000 0.000000 0.000000
0.000000 0.000000 0.000000
0.000000 0.000000 0.000000
0.000000 0.000000 0.000000
-0.490675 -0.348707 -0.324071
-0.177196 -0.726250 -0.165416
0.000000 0.000000 0.000000
-0.490675 -0.492184 -0.416922
-0.233235 -0.648320 -0.440460
0.000000 0.000000 0.000000
0.000000 0.000000 0.000000
0.000000 0.000000 0.000000
0.000000 0.000000 0.000000
0.000000 0.000000 0.000000
0.000000 0.000000 0.000000
0.000000 0.000000 0.000000
-0.391964 -0.655735 -0.106194
0.000000 0.000000 0.000000
0.000000 0.000000 0.000000
0.000000 0.000000 0.000000
-0.270241 -0.726250 -0.386015
0.000000 0.000000 0.000000
0.000000 0.000000 0.000000
-0.107811 -0.726250 -0.279538
0.000000 0.000000 0.000000
0.000000 0.000000 0.000000
0.000000 0.000000 0.000000
0.000000 0.000000 0.000000
0.000000 0.000000 0.000000
0.000000 0.000000 0.000000
-0.008659 -0.726250 0.156142
0.000000 0.000000 0.000000
0.000000 0.000000 0.000000
0.000000 0.000000 0.000000
0.000000 0.000000 0.000000
0.000000 0.000000 0.000000
0.000000 0.000000 0.000000
-0.490675 -0.584956 -0.038840
0.455930 -0.726250 0.085682
0.000000 0.000000 0.000000
-0.476345 -0.056424 0.081150
0.000000 0.000000 0.000000
0.000000 0.000000 0.000000
0.000000 0.000000 0.000000
0.000000 0.000000 0.000000
0.000000 0.000000 0.000000
0.000000 0.000000 0.000000
0.000000 0.000000 0.000000
0.000000 0.000000 0.000000
0.000000 0.000000 0.000000
0.000000 0.000000 0.000000
0.000000 0.000000 0.000000
0.000000 0.000000 0.000000
-0.137313 -0.726250 0.105697
0.000000 0.000000 0.000000
0.000000 0.000000 0.000000
0.000000 0.000000 0.000000
0.000000 0.000000 0.000000
0.000000 0.000000 0.000000
0.000000 0.000000 0.000000
0.000000 0.000000 0.000000
0.000000 0.000000 0.000000
0.000000 0.000000 0.000000
0.000000 0.000000 0.000000
0.537409 -0.726250 -0.097934
-0.240386 -0.521473 -0.440460
0.000000 0.000000 0.000000
0.000000 0.000000 0.000000
0.000000 0.000000 0.000000
0.000000 0.000000 0.000000
0.000000 0.000000 0.000000
0.000000 0.000000 0.000000
0.000000 0.000000 0.000000
0.000000 0.000000 0.000000
0.000000 0.000000 0.000000
0.000000 0.000000 0.000000
0.000000 0.000000 0.000000
0.000000 0.000000 0.000000
0.000000 0.000000 0.000000
0.000000 0.000000 0.000000
0.000000 0.000000 0.000000
0.000000 0.000000 0.000000
0.000000 0.000000 0.000000
0.000000 0.000000 0.000000
0.000000 0.000000 0.000000
0.512780 -0.726250 0.188206
-0.490675 -0.274073 0.191798
0.000000 0.000000 0.000000
0.418973 -0.726250 -0.262028
0.000000 0.000000 0.000000
0.000000 0.000000 0.000000
0.000000 0.000000 0.000000
0.000000 0.000000 0.000000
0.000000 0.000000 0.000000
0.361210 -0.726250 -0.076795
0.000000 0.000000 0.000000
-0.467553 -0.351343 -0.440460
0.000000 0.000000 0.000000
-0.490675 -0.223077 -0.272223
0.000000 0.000000 0.000000
0.000000 0.000000 0.000000
-0.434268 -0.259933 -0.001362
0.000000 0.000000 0.000000
0.000000 0.000000 0.000000
0.000000 0.000000 0.000000
0.000000 0.000000 0.000000
0.000000 0.000000 0.000000
0.000000 0.000000 0.000000
0.000000 0.000000 0.000000
0.000000 0.000000 0.000000
-0.490675 -0.595012 0.111894
0.000000 0.000000 0.000000
-0.168092 -0.475854 -0.440460
-0.391964 -0.630477 0.013233
0.000000 0.000000 0.000000
0.000000 0.000000 0.000000
0.000000 0.000000 0.000000
0.000000 0.000000 0.000000
0.000000 0.000000 0.000000
0.000000 0.000000 0.000000
0.000000 0.000000 0.000000
-0.434268 -0.557652 -0.207225
0.000000 0.000000 0.000000
0.000000 0.000000 0.000000
-0.490675 -0.268326 0.045307
0.000000 0.000000 0.000000
0.000000 0.000000 0.000000
0.000000 0.000000 0.000000
-0.470138 -0.599335 -0.343580
0.000000 0.000000 0.000000
0.000000 0.000000 0.000000
0.000000 0.000000 0.000000
0.000000 0.000000 0.000000
0.000000 0.000000 0.000000
0.000000 0.000000 0.000000
-0.490675 -0.236014 -0.142444
0.000000 0.000000 0.000000
0.000000 0.000000 0.000000
0.000000 0.000000 0.000000
0.000000 0.000000 0.000000
0.000000 0.000000 0.000000
0.000000 0.000000 0.000000
0.096074 -0.726250 -0.349936
0.000000 0.000000 0.000000
-0.391964 -0.681596 -0.176620
0.000000 0.000000 0.000000
0.000000 0.000000 0.000000
0.000000 0.000000 0.000000
0.000000 0.000000 0.000000
0.000000 0.000000 0.000000
0.000000 0.000000 0.000000
0.000000 0.000000 0.000000
0.000000 0.000000 0.000000
0.000000 0.000000 0.000000
0.000000 0.000000 0.000000
0.000000 0.000000 0.000000
-0.490675 -0.427857 -0.406444
0.000000 0.000000 0.000000
0.514679 -0.726250 0.011775
0.000000 0.000000 0.000000
0.000000 0.000000 0.000000
0.000000 0.000000 0.000000
0.000000 0.000000 0.000000
-0.187294 -0.726250 0.043444
0.251968 -0.726250 0.004067
0.000000 0.000000 0.000000
-0.464591 -0.112284 0.209047
0.000000 0.000000 0.000000
0.000000 0.000000 0.000000
0.000000 0.000000 0.000000
0.000000 0.000000 0.000000
0.000000 0.000000 0.000000
0.000000 0.000000 0.000000
0.000000 0.000000 0.000000
-0.434268 -0.503069 0.204643
0.000000 0.000000 0.000000
0.000000 0.000000 0.000000
0.000000 0.000000 0.000000
-0.434268 -0.283843 0.141329
0.000000 0.000000 0.000000
0.000000 0.000000 0.000000
0.103204 -0.677120 -0.440460
0.000000 0.000000 0.000000
0.000000 0.000000 0.000000
-0.391964 -0.646468 -0.373723
0.000000 0.000000 0.000000
0.000000 0.000000 0.000000
-0.107596 -0.687950 -0.440460
0.000000 0.000000 0.000000
0.000000 0.000000 0.000000
0.000000 0.000000 0.000000
-0.432648 -0.721554 -0.419309
-0.006374 -0.726250 -0.134393
0.193069 -0.726250 -0.266985
0.000000 0.000000 0.000000
-0.297493 -0.726250 0.114784
0.000000 0.000000 0.000000
-0.434268 -0.315263 -0.198662
0.000000 0.000000 0.000000
-0.490675 -0.455026 0.196384
0.000000 0.000000 0.000000
0.000000 0.000000 0.000000
0.000000 0.000000 0.000000
0.000000 0.000000 0.000000
0.000000 0.000000 0.000000
-0.490675 -0.590816 -0.273267
0.000000 0.000000 0.000000
0.000000 0.000000 0.000000
0.000000 0.000000 0.000000
0.000000 0.000000 0.000000
-0.434268 -0.513627 -0.053394
-0.448831 -0.599335 0.017401
0.000000 0.000000 0.000000
0.000000 0.000000 0.000000
0.000000 0.000000 0.000000
-0.432011 -0.116615 0.144083
0.000000 0.000000 0.000000
0.000000 0.000000 0.000000
0.267194 -0.726250 -0.163413
0.000000 0.000000 0.000000
0.000000 0.000000 0.000000
0.330296 -0.726250 0.215348
0.000000 0.000000 0.000000
-0.490675 -0.353417 -0.200922
-0.490675 -0.438804 -0.336324
0.000000 0.000000 0.000000
0.000000 0.000000 0.000000
0.000000 0.000000 0.000000
0.000000 0.000000 0.000000
-0.490675 -0.050268 0.195352
0.323593 -0.726250 -0.407148
0.386159 -0.726250 -0.152621
0.000000 0.000000 0.000000
0.000000 0.000000 0.000000
-0.391964 -0.711029 -0.322638
0.000000 0.000000 0.000000
0.000000 0.000000 0.000000
0.000000 0.000000 0.000000
0.000000 0.000000 0.000000
0.000000 0.000000 0.000000
0.000000 0.000000 0.000000
0.000000 0.000000 0.000000
0.000000 0.000000 0.000000
0.000000 0.000000 0.000000
0.000000 0.000000 0.000000
0.000000 0.000000 0.000000
0.000000 0.000000 0.000000
0.000000 0.000000 0.000000
-0.434268 -0.253267 0.227624
0.000000 0.000000 0.000000
0.000000 0.000000 0.000000
0.000000 0.000000 0.000000
-0.391964 -0.723422 -0.091947
-0.490675 -0.273286 -0.340649
0.000000 0.000000 0.000000
0.000000 0.000000 0.000000
0.000000 0.000000 0.000000
0.000000 0.000000 0.000000
0.000000 0.000000 0.000000
0.000000 0.000000 0.000000
0.000000 0.000000 0.000000
0.000000 0.000000 0.000000
0.000000 0.000000 0.000000
-0.490675 -0.368966 -0.387829
0.000000 0.000000 0.000000
0.000000 0.000000 0.000000
0.000000 0.000000 0.000000
0.000000 0.000000 0.000000
0.000000 0.000000 0.000000
-0.490675 -0.170282 -0.061927
0.000000 0.000000 0.000000
0.578790 -0.725007 0.222066
0.000000 0.000000 0.000000
0.000000 0.000000 0.000000
0.000000 0.000000 0.000000
0.000000 0.000000 0.000000
0.026363 -0.726250 -0.364272
0.000000 0.000000 0.000000
0.000000 0.000000 0.000000
0.000000 0.000000 0.000000
0.000000 0.000000 0.000000
-0.016120 -0.599996 -0.440460
0.000000 0.000000 0.000000
0.000000 0.000000 0.000000
0.000000 0.000000 0.000000
0.151800 -0.726250 -0.383904
0.000000 0.000000 0.000000
0.000000 0.000000 0.000000
