0.000000 0.000000 0.000000
0.000000 0.000000 0.000000
0.591077 0.442663 -0.352854
0.000000 0.000000 0.000000
0.000000 0.000000 0.000000
0.591077 -0.079960 0.433617
0.000000 0.000000 0.000000
0.000000 0.000000 0.000000
0.532220 0.579211 0.393102
0.591077 -0.244974 -0.288203
0.000000 0.000000 0.000000
0.000000 0.000000 0.000000
0.000000 0.000000 0.000000
0.380266 0.308693 -0.000736
0.319097 -0.544378 0.584355
0.000000 0.000000 0.000000
0.000000 0.000000 0.000000
0.000000 0.000000 0.000000
0.000000 0.000000 0.000000
0.000000 0.000000 0.000000
0.000000 0.000000 0.000000
0.000000 0.000000 0.000000
0.000000 0.000000 0.000000
0.591077 -0.110527 -0.160810
0.591077 -0.485384 0.240889
0.000000 0.000000 0.000000
0.000000 0.000000 0.000000
0.000000 0.000000 0.000000
0.000000 0.000000 0.000000
0.000000 0.000000 0.000000
0.000000 0.000000 0.000000
0.283890 -0.005881 0.319464
0.277255 -0.179780 0.584355
0.000000 0.000000 0.000000
0.591077 -0.539060 -0.083132
0.000000 0.000000 0.000000
0.000000 0.000000 0.000000
0.525997 -0.498247 0.584355
0.000000 0.000000 0.000000
0.000000 0.000000 0.000000
0.591077 0.231343 0.216548
0.575867 0.265674 0.584355
0.315144 0.579211 0.106725
0.000000 0.000000 0.000000
0.000000 0.000000 0.000000
0.000000 0.000000 0.000000
0.000000 0.000000 0.000000
0.000000 0.000000 0.000000
0.000000 0.000000 0.000000
0.000000 0.000000 0.000000
0.000000 0.000000 0.000000
0.000000 0.000000 0.000000
0.591077 -0.195792 0.064711
0.000000 0.000000 0.000000
0.379271 0.579211 -0.178217
0.000000 0.000000 0.000000
0.186713 -0.482074 0.584355
0.000000 0.000000 0.000000
0.591077 0.106806 0.041152
0.591077 0.550806 0.028348
0.000000 0.000000 0.000000
0.000000 0.000000 0.000000
0.000000 0.000000 0.000000
0.000000 0.000000 0.000000
0.000000 0.000000 0.000000
0.591077 0.143761 -0.229169
0.000000 0.000000 0.000000
0.000000 0.000000 0.000000
0.285314 -0.590973 0.239278
0.000000 0.000000 0.000000
0.000000 0.000000 0.000000
0.000000 0.000000 0.000000
0.000000 0.000000 0.000000
0.000000 0.000000 0.000000
0.000000 0.000000 0.000000
0.000000 0.000000 0.000000
0.000000 0.000000 0.000000
0.419635 -0.005881 -0.200565
0.450895 -0.005881 0.519593
0.000000 0.000000 0.000000
0.431154 -0.403410 -0.000736
0.591077 -0.469744 -0.147711
0.000000 0.000000 0.000000
0.591077 -0.054538 -0.430591
0.000000 0.000000 0.000000
0.000000 0.000000 0.000000
0.483592 -0.235325 0.584355
0.000000 0.000000 0.000000
0.000000 0.000000 0.000000
0.000000 0.000000 0.000000
0.514120 -0.005881 0.247271
0.000000 0.000000 0.000000
0.591077 -0.239564 0.369788
0.591077 0.359737 -0.072561
0.000000 0.000000 0.000000
0.000000 0.000000 0.000000
0.374759 0.074147 -0.000736
0.196858 0.473155 -0.000736
0.591077 0.220492 0.447845
0.000000 0.000000 0.000000
0.493364 -0.590973 0.412427
0.000000 0.000000 0.000000
0.000000 0.000000 0.000000
0.000000 0.000000 0.000000
0.000000 0.000000 0.000000
0.464435 -0.590973 0.109705
0.591077 0.197781 -0.406581
0.000000 0.000000 0.000000
0.591077 0.466924 0.276799
0.591077 -0.408756 0.127876
0.000000 0.000000 0.000000
0.000000 0.000000 0.000000
0.000000 0.000000 0.000000
0.000000 0.000000 0.000000
0.000000 0.000000 0.000000
0.000000 0.000000 0.000000
0.000000 0.000000 0.000000
0.000000 0.000000 0.000000
0.000000 0.000000 0.000000
0.000000 0.000000 0.000000
0.000000 0.000000 0.000000
0.000000 0.000000 0.000000
0.000000 0.000000 0.000000
0.000000 0.000000 0.000000
0.000000 0.000000 0.000000
0.000000 0.000000 0.000000
0.517229 0.579211 -0.350065
0.000000 0.000000 0.000000
0.000000 0.000000 0.000000
0.000000 0.000000 0.000000
0.000000 0.000000 0.000000
0.441132 -0.100063 -0.000736
0.000000 0.000000 0.000000
0.000000 0.000000 0.000000
0.000000 0.000000 0.000000
0.000000 0.000000 0.000000
0.000000 0.000000 0.000000
0.000000 0.000000 0.000000
0.591077 0.418734 -0.568801
0.000000 0.000000 0.000000
0.591077 -0.480130 0.439225
0.000000 0.000000 0.000000
0.480062 0.579211 0.210096
0.332074 -0.344283 0.584355
0.591077 0.218755 -0.289136
0.000000 0.000000 0.000000
0.000000 0.000000 0.000000
0.000000 0.000000 0.000000
0.591077 0.080145 0.483455
0.000000 0.000000 0.000000
0.000000 0.000000 0.000000
0.000000 0.000000 0.000000
0.000000 0.000000 0.000000
0.479701 -0.461254 -0.000736
0.000000 0.000000 0.000000
0.000000 0.000000 0.000000
0.000000 0.000000 0.000000
0.374748 -0.005881 0.125333
0.186674 -0.590973 0.502790
0.000000 0.000000 0.000000
0.000000 0.000000 0.000000
0.000000 0.000000 0.000000
0.105060 -0.005881 0.300070
0.000000 0.000000 0.000000
0.591077 0.532107 -0.178834
0.591077 0.195848 0.076455
0.591077 0.116652 -0.049030
0.000000 0.000000 0.000000
0.591077 0.455076 0.439551
0.000000 0.000000 0.000000
0.502621 0.508329 -0.000736
0.000000 0.000000 0.000000
0.591077 0.090376 0.316466
0.140062 0.579211 0.053246
0.591077 -0.326300 0.532558
0.000000 0.000000 0.000000
0.000000 0.000000 0.000000
0.000000 0.000000 0.000000
0.000000 0.000000 0.000000
0.591077 -0.328366 -0.098828
0.000000 0.000000 0.000000
0.000000 0.000000 0.000000
0.000000 0.000000 0.000000
0.591077 -0.117307 0.228620
0.000000 0.000000 0.000000
0.591077 -0.050410 0.049690
0.000000 0.000000 0.000000
0.000000 0.000000 0.000000
0.591077 0.373789 0.101185
0.000000 0.000000 0.000000
0.000000 0.000000 0.000000
0.000000 0.000000 0.000000
0.000000 0.000000 0.000000
0.484397 -0.590973 0.230518
0.000000 0.000000 0.000000
0.000000 0.000000 0.000000
0.000000 0.000000 0.000000
0.000000 0.000000 0.000000
0.000000 0.000000 0.000000
0.000000 0.000000 0.000000
0.591077 0.005958 -0.318781
0.000000 0.000000 0.000000
0.000000 0.000000 0.000000
0.000000 0.000000 0.000000
0.000000 0.000000 0.000000
0.000000 0.000000 0.000000
0.000000 0.000000 0.000000
0.000000 0.000000 0.000000
0.000000 0.000000 0.000000
0.000000 0.000000 0.000000
0.000000 0.000000 0.000000
0.000000 0.000000 0.000000
0.000000 0.000000 0.000000
0.361031 -0.253649 -0.000736
0.524993 -0.046909 -0.000736
0.000000 0.000000 0.000000
0.000000 0.000000 0.000000
0.000000 0.000000 0.000000
0.000000 0.000000 0.000000
0.000000 0.000000 0.000000
0.000000 0.000000 0.000000
0.000000 0.000000 0.000000
0.000000 0.000000 0.000000
0.000000 0.000000 0.000000
0.000000 0.000000 0.000000
0.000000 0.000000 0.000000
0.330263 0.214662 -0.000736
0.436705 0.579211 0.055325
0.591077 0.336049 -0.440166
0.342183 -0.590973 0.391714
0.000000 0.000000 0.000000
0.577640 -0.135289 0.584355
0.000000 0.000000 0.000000
0.371781 -0.005881 0.424573
0.000000 0.000000 0.000000
0.000000 0.000000 0.000000
0.000000 0.000000 0.000000
0.000000 0.000000 0.000000
0.000000 0.000000 0.000000
0.591077 -0.586819 0.553419
0.591077 -0.131746 -0.063391
0.000000 0.000000 0.000000
0.000000 0.000000 0.000000
0.248943 0.260494 -0.000736
0.000000 0.000000 0.000000
0.000000 0.000000 0.000000
0.000000 0.000000 0.000000
0.000000 0.000000 0.000000
0.000000 0.000000 0.000000
0.000000 0.000000 0.000000
0.000000 0.000000 0.000000
0.487817 0.198415 -0.000736
0.371947 0.446392 -0.000736
0.000000 0.000000 0.000000
0.000000 0.000000 0.000000
0.000000 0.000000 0.000000
0.000000 0.000000 0.000000
0.000000 0.000000 0.000000
0.591077 -0.537219 0.056924
0.000000 0.000000 0.000000
0.000000 0.000000 0.000000
0.308414 -0.590973 0.135494
0.531948 -0.301912 -0.000736
0.000000 0.000000 0.000000
0.000000 0.000000 0.000000
0.000000 0.000000 0.000000
0.000000 0.000000 0.000000
0.527904 -0.005881 0.351818
0.586458 0.579211 -0.474033
0.454183 -0.099038 0.584355
0.000000 0.000000 0.000000
0.591077 0.510295 0.196239
0.281210 -0.005881 0.174658
0.000000 0.000000 0.000000
0.000000 0.000000 0.000000
0.000000 0.000000 0.000000
0.591077 -0.579050 -0.240965
0.000000 0.000000 0.000000
0.000000 0.000000 0.000000
0.000000 0.000000 0.000000
0.455572 0.579211 -0.077889
0.000000 0.000000 0.000000
0.000000 0.000000 0.000000
0.000000 0.000000 0.000000
0.000000 0.000000 0.000000
0.556859 -0.005881 0.544034
0.459073 -0.264845 -0.000736
0.000000 0.000000 0.000000
0.320126 0.579211 -0.006325
0.000000 0.000000 0.000000
0.591077 0.079523 -0.380194
0.591077 -0.415816 -0.014425
0.591077 0.255817 -0.523807
0.221745 -0.590973 0.361501
0.000000 0.000000 0.000000
0.000000 0.000000 0.000000
0.000000 0.000000 0.000000
0.000000 0.000000 0.000000
0.591077 0.402199 0.563563
0.000000 0.000000 0.000000
0.000000 0.000000 0.000000
0.000000 0.000000 0.000000
0.000000 0.000000 0.000000
0.000000 0.000000 0.000000
0.591077 0.254183 -0.154877
0.591077 -0.366255 0.367736
0.000000 0.000000 0.000000
0.000000 0.000000 0.000000
0.000000 0.000000 0.000000
0.000000 0.000000 0.000000
0.000000 0.000000 0.000000
0.000000 0.000000 0.000000
0.591077 0.381478 -0.239530
0.000000 0.000000 0.000000
0.000000 0.000000 0.000000
0.000000 0.000000 0.000000
0.000000 0.000000 0.000000
0.000000 0.000000 0.000000
0.459710 -0.590973 0.563610
0.000000 0.000000 0.000000
0.000000 0.000000 0.000000
0.591077 0.017611 -0.191424
0.591077 0.218164 0.303307
0.495679 -0.372714 0.584355
0.000000 0.000000 0.000000
0.000000 0.000000 0.000000
0.000000 0.000000 0.000000
0.000000 0.000000 0.000000
0.591077 -0.308242 0.164591
0.000000 0.000000 0.000000
0.000000 0.000000 0.000000
0.000000 0.000000 0.000000
0.000000 0.000000 0.000000
0.591077 0.067133 0.163468
0.000000 0.000000 0.000000
0.492968 0.085453 -0.000736
0.591077 -0.169386 -0.412363
0.000000 0.000000 0.000000
0.000000 0.000000 0.000000
0.000000 0.000000 0.000000
0.000000 0.000000 0.000000
0.000000 0.000000 0.000000
0.000000 0.000000 0.000000
0.000000 0.000000 0.000000
0.497574 -0.005881 0.126735
0.590196 -0.590973 0.166798
0.000000 0.000000 0.000000
0.568314 0.143256 0.584355
0.000000 0.000000 0.000000
0.000000 0.000000 0.000000
0.591077 0.499797 0.379385
0.000000 0.000000 0.000000
0.000000 0.000000 0.000000
0.000000 0.000000 0.000000
0.553761 0.579211 -0.072031
0.000000 0.000000 0.000000
0.416545 -0.005881 -0.045371
0.000000 0.000000 0.000000
0.000000 0.000000 0.000000
0.000000 0.000000 0.000000
0.000000 0.000000 0.000000
0.000000 0.000000 0.000000
0.591077 0.317163 0.380387
0.000000 0.000000 0.000000
0.591077 -0.015570 -0.079780
0.000000 0.000000 0.000000
0.547813 -0.590973 -0.168719
0.591077 -0.349113 -0.217987
0.000000 0.000000 0.000000
0.367288 -0.590973 0.510704
0.000000 0.000000 0.000000
0.489824 -0.005881 -0.270283
0.397060 -0.005881 0.309887
0.000000 0.000000 0.000000
0.000000 0.000000 0.000000
0.000000 0.000000 0.000000
0.442787 0.579211 0.313961
0.000000 0.000000 0.000000
0.591077 0.335535 0.253282
0.000000 0.000000 0.000000
0.000000 0.000000 0.000000
0.000000 0.000000 0.000000
0.000000 0.000000 0.000000
0.000000 0.000000 0.000000
0.000000 0.000000 0.000000
0.591077 -0.583411 0.378062
0.000000 0.000000 0.000000
0.000000 0.000000 0.000000
0.000000 0.000000 0.000000
0.000000 0.000000 0.000000
0.000000 0.000000 0.000000
0.000000 0.000000 0.000000
0.275054 -0.005881 0.087884
0.000000 0.000000 0.000000
0.000000 0.000000 0.000000
0.536929 0.579211 0.106682
0.000000 0.000000 0.000000
0.000000 0.000000 0.000000
0.000000 0.000000 0.000000
0.345148 -0.452112 0.584355
0.000000 0.000000 0.000000
0.000000 0.000000 0.000000
0.000000 0.000000 0.000000
0.591077 -0.189070 0.478804
0.000000 0.000000 0.000000
0.591077 -0.091230 -0.263034
0.000000 0.000000 0.000000
0.000000 0.000000 0.000000
0.591077 0.328230 -0.316826
0.000000 0.000000 0.000000
0.000000 0.000000 0.000000
0.000000 0.000000 0.000000
0.000000 0.000000 0.000000
0.555750 0.302197 -0.000736
0.000000 0.000000 0.000000
0.000000 0.000000 0.000000
0.000000 0.000000 0.000000
0.000000 0.000000 0.000000
0.591077 0.534037 -0.291680
0.000000 0.000000 0.000000
0.000000 0.000000 0.000000
0.000000 0.000000 0.000000
0.000000 0.000000 0.000000
0.000000 0.000000 0.000000
0.276692 -0.005881 0.486483
0.000000 0.000000 0.000000
0.591077 -0.364221 0.254114
0.000000 0.000000 0.000000
0.000000 0.000000 0.000000
0.233084 0.579211 0.215064
0.591077 0.458837 0.042950
0.514319 -0.590973 -0.048840
0.591077 0.343524 0.451520
0.407163 -0.005881 0.204583
0.591077 0.467289 -0.471129
0.000000 0.000000 0.000000
0.000000 0.000000 0.000000
0.000000 0.000000 0.000000
0.351628 -0.059198 -0.000736
0.000000 0.000000 0.000000
0.000000 0.000000 0.000000
0.000000 0.000000 0.000000
0.000000 0.000000 0.000000
0.456415 -0.579075 -0.000736
0.282646 0.347425 -0.000736
0.000000 0.000000 0.000000
0.000000 0.000000 0.000000
0.152036 -0.005881 0.194024
0.000000 0.000000 0.000000
0.000000 0.000000 0.000000
0.000000 0.000000 0.000000
0.000000 0.000000 0.000000
0.470428 -0.178702 -0.000736
0.000000 0.000000 0.000000
0.591077 -0.229362 -0.181249
0.000000 0.000000 0.000000
0.262316 -0.590973 0.447207
0.000000 0.000000 0.000000
0.000000 0.000000 0.000000
0.000000 0.000000 0.000000
0.000000 0.000000 0.000000
0.000000 0.000000 0.000000
0.476885 0.579211 -0.221975
0.000000 0.000000 0.000000
0.000000 0.000000 0.000000
0.265485 0.124944 -0.000736
0.000000 0.000000 0.000000
0.000000 0.000000 0.000000
0.000000 0.000000 0.000000
0.000000 0.000000 0.000000
0.000000 0.000000 0.000000
0.494845 0.279690 -0.000736
0.238798 -0.005881 0.254196
0.000000 0.000000 0.000000
0.000000 0.000000 0.000000
0.000000 0.000000 0.000000
0.591077 0.218692 -0.042596
0.565525 0.579211 0.294529
0.591077 0.465241 -0.097887
0.393618 0.579211 0.176244
0.000000 0.000000 0.000000
0.000000 0.000000 0.000000
0.000000 0.000000 0.000000
0.000000 0.000000 0.000000
0.000000 0.000000 0.000000
0.000000 0.000000 0.000000
0.000000 0.000000 0.000000
0.000000 0.000000 0.000000
0.373807 -0.590973 0.297131
0.000000 0.000000 0.000000
0.000000 0.000000 0.000000
0.591077 -0.240667 -0.086230
0.370231 -0.251187 0.584355
0.000000 0.000000 0.000000
0.591077 -0.111664 0.105369
0.591077 -0.360001 0.045200
0.000000 0.000000 0.000000
0.000000 0.000000 0.000000
0.000000 0.000000 0.000000
0.000000 0.000000 0.000000
0.000000 0.000000 0.000000
0.000000 0.000000 0.000000
0.591077 0.380681 -0.157337
0.096377 -0.553359 0.584355
0.000000 0.000000 0.000000
0.591077 0.280266 0.131382
0.000000 0.000000 0.000000
0.000000 0.000000 0.000000
0.000000 0.000000 0.000000
0.355193 -0.174279 -0.000736
0.478766 -0.005881 -0.120403
0.591077 -0.303260 0.444210
0.000000 0.000000 0.000000
0.591077 -0.200378 0.152401
0.000000 0.000000 0.000000
0.000000 0.000000 0.000000
0.591077 -0.149790 0.366926
0.000000 0.000000 0.000000
0.591077 -0.435399 -0.221227
0.000000 0.000000 0.000000
0.000000 0.000000 0.000000
0.491146 0.050658 0.584355
0.000000 0.000000 0.000000
0.000000 0.000000 0.000000
0.262087 -0.590973 0.558161
0.000000 0.000000 0.000000
0.000000 0.000000 0.000000
0.376375 -0.070207 0.584355
0.000000 0.000000 0.000000
0.000000 0.000000 0.000000
0.000000 0.000000 0.000000
0.000000 0.000000 0.000000
0.000000 0.000000 0.000000
0.218158 0.579211 0.094690
0.000000 0.000000 0.000000
0.591077 -0.456819 0.337045
0.591077 -0.032517 0.294226
0.000000 0.000000 0.000000
0.000000 0.000000 0.000000
0.000000 0.000000 0.000000
0.000000 0.000000 0.000000
0.000000 0.000000 0.000000
0.000000 0.000000 0.000000
0.568632 -0.590973 0.078459
0.000000 0.000000 0.000000
0.000000 0.000000 0.000000
0.000000 0.000000 0.000000
0.550351 -0.160606 -0.000736
0.000000 0.000000 0.000000
0.591077 -0.550116 0.273080
0.000000 0.000000 0.000000
0.000000 0.000000 0.000000
0.000000 0.000000 0.000000
0.000000 0.000000 0.000000
0.000000 0.000000 0.000000
0.000000 0.000000 0.000000
0.000000 0.000000 0.000000
0.000000 0.000000 0.000000
0.000000 0.000000 0.000000
0.591077 -0.440341 0.547313
0.000000 0.000000 0.000000
0.577742 -0.590973 0.463289
0.000000 0.000000 0.000000
0.000000 0.000000 0.000000
0.000000 0.000000 0.000000
0.000000 0.000000 0.000000
0.591077 0.394581 0.339857
0.309034 -0.113831 0.584355
0.000000 0.000000 0.000000
0.000000 0.000000 0.000000
0.000000 0.000000 0.000000
0.000000 0.000000 0.000000
0.000000 0.000000 0.000000
0.000000 0.000000 0.000000
0.000000 0.000000 0.000000
0.565138 -0.005881 0.191256
0.000000 0.000000 0.000000
0.000000 0.000000 0.000000
0.000000 0.000000 0.000000
0.354682 0.579211 -0.088659
0.000000 0.000000 0.000000
0.000000 0.000000 0.000000
0.290838 0.493447 -0.000736
0.000000 0.000000 0.000000
0.000000 0.000000 0.000000
0.000000 0.000000 0.000000
0.448457 -0.005881 0.373164
0.000000 0.000000 0.000000
0.415243 -0.515589 0.584355
0.569251 -0.246571 0.584355
0.000000 0.000000 0.000000
0.000000 0.000000 0.000000
0.591077 0.029990 0.015746
0.238275 0.576610 -0.000736
0.000000 0.000000 0.000000
0.000000 0.000000 0.000000
0.000000 0.000000 0.000000
0.000000 0.000000 0.000000
0.274343 -0.270636 0.584355
0.591077 0.283184 -0.071030
0.000000 0.000000 0.000000
0.000000 0.000000 0.000000
0.000000 0.000000 0.000000
0.000000 0.000000 0.000000
0.000000 0.000000 0.000000
0.000000 0.000000 0.000000
0.000000 0.000000 0.000000
0.000000 0.000000 0.000000
0.591077 0.532428 0.486002
0.400561 -0.005881 0.038926
0.000000 0.000000 0.000000
0.591077 -0.176342 -0.242413
0.000000 0.000000 0.000000
0.000000 0.000000 0.000000
0.459073 -0.437926 0.584355
0.000000 0.000000 0.000000
0.591077 -0.390712 0.458545
0.000000 0.000000 0.000000
0.491330 -0.590973 0.319042
0.000000 0.000000 0.000000
0.000000 0.000000 0.000000
0.000000 0.000000 0.000000
0.000000 0.000000 0.000000
0.000000 0.000000 0.000000
0.000000 0.000000 0.000000
0.000000 0.000000 0.000000
0.000000 0.000000 0.000000
0.000000 0.000000 0.000000
0.000000 0.000000 0.000000
0.484767 -0.005881 0.448123
0.000000 0.000000 0.000000
0.000000 0.000000 0.000000
0.392216 -0.327573 -0.000736
0.000000 0.000000 0.000000
0.000000 0.000000 0.000000
0.449823 0.579211 -0.307524
0.000000 0.000000 0.000000
0.000000 0.000000 0.000000
0.591077 0.017252 0.431807
0.000000 0.000000 0.000000
0.000000 0.000000 0.000000
0.591077 -0.321654 -0.283721
0.000000 0.000000 0.000000
0.000000 0.000000 0.000000
0.591077 -0.185010 0.281123
0.000000 0.000000 0.000000
0.000000 0.000000 0.000000
0.417180 -0.326390 0.584355
0.591077 -0.517596 -0.232693
0.000000 0.000000 0.000000
0.000000 0.000000 0.000000
0.000000 0.000000 0.000000
0.519652 -0.533652 -0.000736
0.000000 0.000000 0.000000
0.591077 -0.362782 -0.368783
0.000000 0.000000 0.000000
0.591077 0.088191 -0.293956
0.000000 0.000000 0.000000
0.000000 0.000000 0.000000
0.000000 0.000000 0.000000
0.591077 0.415891 -0.433638
0.591077 0.572014 -0.559526
0.000000 0.000000 0.000000
0.000000 0.000000 0.000000
0.000000 0.000000 0.000000
0.000000 0.000000 0.000000
0.000000 0.000000 0.000000
0.000000 0.000000 0.000000
0.000000 0.000000 0.000000
0.564840 0.579211 -0.231197
0.000000 0.000000 0.000000
0.548412 -0.005881 -0.382775
0.000000 0.000000 0.000000
0.000000 0.000000 0.000000
0.000000 0.000000 0.000000
0.000000 0.000000 0.000000
0.000000 0.000000 0.000000
0.575442 -0.501504 -0.000736
0.000000 0.000000 0.000000
0.556605 0.379448 -0.000736
0.484153 -0.005881 0.040908
0.000000 0.000000 0.000000
0.162171 0.579211 0.156530
0.000000 0.000000 0.000000
0.000000 0.000000 0.000000
0.000000 0.000000 0.000000
0.000000 0.000000 0.000000
0.169868 -0.005881 0.351445
0.358287 -0.590973 0.194105
0.000000 0.000000 0.000000
0.000000 0.000000 0.000000
0.333741 0.579211 0.226566
0.000000 0.000000 0.000000
0.591077 0.463005 -0.236762
0.000000 0.000000 0.000000
0.000000 0.000000 0.000000
0.591077 -0.102286 -0.343898
0.000000 0.000000 0.000000
0.591077 -0.537022 -0.309086
0.000000 0.000000 0.000000
0.491549 -0.028305 0.584355
0.000000 0.000000 0.000000
0.591077 0.363960 0.169486
0.000000 0.000000 0.000000
0.000000 0.000000 0.000000
0.497993 0.150587 0.584355
0.000000 0.000000 0.000000
0.591077 0.308291 -0.214441
0.000000 0.000000 0.000000
0.591077 0.168367 0.360274
0.591077 0.151931 0.202608
0.000000 0.000000 0.000000
0.000000 0.000000 0.000000
0.591077 0.016640 0.100969
0.000000 0.000000 0.000000
0.000000 0.000000 0.000000
0.417707 -0.590973 0.377438
