0.332715 0.034605 0.411215
0.000000 0.000000 0.000000
0.000000 0.000000 0.000000
0.000000 0.000000 0.000000
0.000000 0.000000 0.000000
0.000000 0.000000 0.000000
0.000000 0.000000 0.000000
0.000000 0.000000 0.000000
0.037167 0.024959 0.707836
0.000000 0.000000 0.000000
0.000000 0.000000 0.000000
0.364055 -0.002084 -0.076397
0.000000 0.000000 0.000000
0.000000 0.000000 0.000000
0.327671 0.002161 0.159335
0.287301 0.034605 0.622383
0.000000 0.000000 0.000000
0.000000 0.000000 0.000000
0.000000 0.000000 0.000000
0.173704 0.034605 0.227846
0.000000 0.000000 0.000000
0.000000 0.000000 0.000000
0.152551 0.024959 0.454233
0.000000 0.000000 0.000000
0.000000 0.000000 0.000000
0.000000 0.000000 0.000000
0.000000 0.000000 0.000000
0.340275 0.034605 -0.260600
0.000000 0.000000 0.000000
0.257608 0.024959 0.026438
0.000000 0.000000 0.000000
0.000000 0.000000 0.000000
0.000000 0.000000 0.000000
0.041781 0.034605 0.546032
0.000000 0.000000 0.000000
0.000000 0.000000 0.000000
0.369367 -0.001594 0.708346
0.000000 0.000000 0.000000
0.354271 -0.002084 -0.222696
0.256870 0.024958 -0.116597
0.274396 0.024958 0.185704
0.000000 0.000000 0.000000
0.000000 0.000000 0.000000
0.369367 0.000792 0.277263
0.186807 0.030913 0.719927
0.000000 0.000000 0.000000
0.000000 0.000000 0.000000
0.369367 -0.000913 0.527066
0.183344 0.024958 0.532731
0.000000 0.000000 0.000000
0.232425 0.034605 0.332371
0.000000 0.000000 0.000000
0.113162 0.024959 0.335568
0.369367 0.001350 0.017098
0.000000 0.000000 0.000000
0.253220 0.024958 -0.232344
0.000000 0.000000 0.000000
0.121704 0.024958 0.129745
0.256894 0.034605 -0.357236
0.175413 0.034605 -0.032021
0.000000 0.000000 0.000000
0.000000 0.000000 0.000000
0.000000 0.000000 0.000000
0.000000 0.000000 0.000000
0.000000 0.000000 0.000000
0.129125 0.034605 0.622064
0.000000 0.000000 0.000000
0.000000 0.000000 0.000000
0.327671 0.002378 0.078885
0.357871 0.034605 -0.547872
0.000000 0.000000 0.000000
0.000000 0.000000 0.000000
0.283349 0.034605 0.498031
0.201716 0.024959 0.082733
0.000000 0.000000 0.000000
0.000000 0.000000 0.000000
0.000000 0.000000 0.000000
0.000000 0.000000 0.000000
0.000000 0.000000 0.000000
0.000000 0.000000 0.000000
0.000000 0.000000 0.000000
0.000000 0.000000 0.000000
0.057276 0.034605 0.436634
0.000000 0.000000 0.000000
0.000000 0.000000 0.000000
0.327671 0.005598 0.411002
0.363162 -0.002084 -0.326326
0.127644 0.024959 0.156155
0.000000 0.000000 0.000000
0.369276 0.034605 0.613177
0.000000 0.000000 0.000000
0.264919 0.024958 -0.155928
0.227881 0.034605 0.425858
0.000000 0.000000 0.000000
0.261547 0.034605 0.715630
0.000000 0.000000 0.000000
0.000000 0.000000 0.000000
0.000000 0.000000 0.000000
-0.023101 0.024958 0.609155
0.000000 0.000000 0.000000
0.000000 0.000000 0.000000
0.000000 0.000000 0.000000
0.316841 0.024958 -0.146500
0.000000 0.000000 0.000000
0.000000 0.000000 0.000000
-0.036075 0.034605 0.717208
0.357389 -0.082219 0.719927
0.288924 0.024959 0.270304
0.369367 0.027005 -0.495901
0.000000 0.000000 0.000000
0.340937 0.034605 0.341713
0.000000 0.000000 0.000000
0.317933 0.034605 -0.022910
0.131773 0.024959 0.423090
0.084409 0.024958 0.257566
0.000000 0.000000 0.000000
0.000000 0.000000 0.000000
0.000000 0.000000 0.000000
0.000000 0.000000 0.000000
0.000000 0.000000 0.000000
0.265193 0.034605 0.113029
0.000000 0.000000 0.000000
0.366892 0.034605 0.086396
0.000000 0.000000 0.000000
0.000000 0.000000 0.000000
0.210791 0.034605 0.642308
0.366664 0.034605 0.190061
0.099501 0.024959 0.523154
0.299957 0.034605 -0.336479
0.000000 0.000000 0.000000
0.329485 0.034605 0.673941
0.312212 0.024959 0.556853
0.000000 0.000000 0.000000
0.107340 0.030283 0.719927
0.000000 0.000000 0.000000
0.000000 0.000000 0.000000
0.111195 0.024959 0.496864
0.053619 0.034605 0.625770
0.215300 0.034605 0.185184
0.000000 0.000000 0.000000
0.000000 0.000000 0.000000
0.150107 0.024958 0.021536
0.000000 0.000000 0.000000
0.369367 0.030667 0.462981
0.000000 0.000000 0.000000
0.207379 0.034605 0.399508
0.215550 0.034605 0.586527
0.000000 0.000000 0.000000
0.365130 -0.002084 0.647373
0.000000 0.000000 0.000000
0.369367 0.033951 -0.102038
0.243167 0.024958 -0.035204
0.000000 0.000000 0.000000
0.000000 0.000000 0.000000
0.000000 0.000000 0.000000
0.000000 0.000000 0.000000
0.168489 0.034605 0.299966
0.000000 0.000000 0.000000
0.301928 0.034605 0.202724
0.000000 0.000000 0.000000
0.000000 0.000000 0.000000
0.000000 0.000000 0.000000
0.000000 0.000000 0.000000
0.000000 0.000000 0.000000
0.000000 0.000000 0.000000
0.000000 0.000000 0.000000
0.065022 0.024958 0.378132
0.000000 0.000000 0.000000
0.000000 0.000000 0.000000
0.316372 0.024958 -0.211722
0.000000 0.000000 0.000000
0.329765 -0.002084 0.618916
0.000000 0.000000 0.000000
0.000000 0.000000 0.000000
0.028158 0.034605 0.485607
0.214924 0.034605 -0.212938
0.000000 0.000000 0.000000
0.362906 -0.002084 0.356888
0.296515 0.034605 -0.497208
0.318112 0.034605 -0.390857
0.000000 0.000000 0.000000
0.342125 0.024958 0.015387
0.234497 0.034605 0.264579
0.312564 0.034605 -0.075875
0.265963 0.024959 0.397383
0.327671 -0.000682 0.474892
0.000000 0.000000 0.000000
0.257722 0.024958 -0.308742
0.357595 0.024958 -0.172194
0.000000 0.000000 0.000000
0.000000 0.000000 0.000000
0.119375 0.024958 0.219005
0.000000 0.000000 0.000000
0.000000 0.000000 0.000000
-0.003301 0.034605 0.654918
0.000000 0.000000 0.000000
0.329825 0.034605 0.119894
0.000000 0.000000 0.000000
0.336303 -0.002084 -0.034878
0.000000 0.000000 0.000000
0.000000 0.000000 0.000000
0.365046 0.006458 -0.298236
0.000000 0.000000 0.000000
0.000000 0.000000 0.000000
0.043482 0.034605 0.582129
0.369367 0.026364 -0.363832
0.000000 0.000000 0.000000
0.000000 0.000000 0.000000
0.000000 0.000000 0.000000
0.367239 0.034605 0.559959
0.000000 0.000000 0.000000
0.328850 0.006458 0.302709
0.271630 0.034605 0.461160
0.000000 0.000000 0.000000
0.000000 0.000000 0.000000
0.172219 0.034605 0.351604
0.198650 0.034605 0.017382
0.241810 0.034605 0.514565
0.000000 0.000000 0.000000
0.000000 0.000000 0.000000
0.000000 0.000000 0.000000
0.000000 0.000000 0.000000
0.000000 0.000000 0.000000
0.000000 0.000000 0.000000
0.061014 0.024958 0.321083
0.202850 0.024958 -0.132181
0.000000 0.000000 0.000000
0.000000 0.000000 0.000000
0.000000 0.000000 0.000000
0.147108 0.034605 0.676428
0.000000 0.000000 0.000000
0.000000 0.000000 0.000000
0.000000 0.000000 0.000000
0.000000 0.000000 0.000000
0.000000 0.000000 0.000000
0.369367 0.027114 -0.425719
0.138108 0.034605 0.074261
-0.010754 0.034605 0.512800
0.000000 0.000000 0.000000
0.000000 0.000000 0.000000
0.000000 0.000000 0.000000
0.204274 0.024958 -0.072140
0.000000 0.000000 0.000000
0.185190 0.024959 0.135191
0.327949 -0.031720 0.719927
0.000000 0.000000 0.000000
0.000000 0.000000 0.000000
0.209785 0.024958 0.475937
0.000000 0.000000 0.000000
0.000000 0.000000 0.000000
0.000000 0.000000 0.000000
0.000000 0.000000 0.000000
0.140613 0.034605 0.268977
0.000000 0.000000 0.000000
0.331808 0.006458 0.223104
0.000000 0.000000 0.000000
0.000000 0.000000 0.000000
0.000000 0.000000 0.000000
0.120659 0.034605 0.564168
0.000000 0.000000 0.000000
0.000000 0.000000 0.000000
0.345539 0.006458 -0.150626
0.000000 0.000000 0.000000
0.000000 0.000000 0.000000
0.000000 0.000000 0.000000
0.000000 0.000000 0.000000
0.327828 0.024959 0.528405
0.275284 0.034605 0.062826
0.000000 0.000000 0.000000
0.067020 0.034605 0.664816
0.000000 0.000000 0.000000
0.341004 -0.002084 0.575316
0.000000 0.000000 0.000000
0.346328 -0.002084 0.044469
0.000000 0.000000 0.000000
0.000000 0.000000 0.000000
0.187701 0.024959 0.621143
0.000000 0.000000 0.000000
0.000000 0.000000 0.000000
0.000000 0.000000 0.000000
0.293679 0.024958 0.363720
0.327671 -0.136800 0.719502
0.000000 0.000000 0.000000
0.257660 0.034605 0.559729
0.000000 0.000000 0.000000
0.000000 0.000000 0.000000
0.320708 0.034605 -0.454112
0.369367 0.031746 0.297648
0.286557 0.024958 0.302901
0.369367 0.000369 0.106731
0.000000 0.000000 0.000000
0.000000 0.000000 0.000000
0.000000 0.000000 0.000000
0.000000 0.000000 0.000000
0.234007 0.034605 0.086919
0.000000 0.000000 0.000000
0.261570 0.034605 -0.063390
0.000000 0.000000 0.000000
0.000000 0.000000 0.000000
0.000000 0.000000 0.000000
0.290102 0.034605 -0.270698
0.272012 0.034605 0.668232
0.000000 0.000000 0.000000
0.000000 0.000000 0.000000
-0.054894 0.034605 0.659177
0.000000 0.000000 0.000000
0.039479 0.034605 0.338017
0.256315 0.034605 -0.203645
0.000000 0.000000 0.000000
0.000000 0.000000 0.000000
0.000000 0.000000 0.000000
0.363975 -0.002084 0.426228
0.000000 0.000000 0.000000
0.000000 0.000000 0.000000
0.000000 0.000000 0.000000
0.000000 0.000000 0.000000
0.000000 0.000000 0.000000
0.000000 0.000000 0.000000
0.000000 0.000000 0.000000
0.289910 0.034605 0.142011
0.342039 -0.002084 -0.382226
0.000000 0.000000 0.000000
0.000000 0.000000 0.000000
0.000000 0.000000 0.000000
0.131422 0.024959 0.378398
0.000000 0.000000 0.000000
0.000000 0.000000 0.000000
0.361739 0.024958 -0.035650
0.055665 0.034605 0.261874
0.093420 0.024959 0.422466
0.073327 0.024958 0.483259
-0.001521 0.034605 0.569730
0.218362 0.034605 -0.263196
0.000000 0.000000 0.000000
0.000000 0.000000 0.000000
0.000000 0.000000 0.000000
0.369367 0.029439 0.238576
0.245629 0.024959 0.624212
0.000000 0.000000 0.000000
0.327671 -0.000831 0.677909
0.299258 0.034605 0.657260
0.000000 0.000000 0.000000
0.220020 0.034605 0.229555
0.293677 0.034605 0.015424
0.000000 0.000000 0.000000
0.000000 0.000000 0.000000
0.000000 0.000000 0.000000
0.228456 0.034605 0.139128
0.000000 0.000000 0.000000
0.363390 0.024959 0.380318
0.000000 0.000000 0.000000
0.000000 0.000000 0.000000
0.369296 0.034605 0.689869
0.136117 0.034605 0.539776
0.327254 0.024959 0.716132
0.000000 0.000000 0.000000
0.000000 0.000000 0.000000
0.000000 0.000000 0.000000
0.202210 0.024959 0.684872
0.000000 0.000000 0.000000
0.000000 0.000000 0.000000
0.000000 0.000000 0.000000
0.343242 -0.002084 -0.276018
0.312289 0.034605 -0.171506
0.000000 0.000000 0.000000
0.141214 0.024958 0.308073
0.369367 -0.037981 0.712037
0.311951 0.024958 -0.293698
0.000000 0.000000 0.000000
0.000000 0.000000 0.000000
-0.076041 0.034605 0.704236
0.313522 0.034605 0.441731
0.151235 0.034605 -0.023412
0.152231 0.024959 0.111716
0.000000 0.000000 0.000000
0.000000 0.000000 0.000000
0.341542 0.034605 0.492210
0.343569 0.034605 -0.324565
0.256428 0.024959 0.222188
0.000000 0.000000 0.000000
0.000000 0.000000 0.000000
0.000000 0.000000 0.000000
0.000000 0.000000 0.000000
0.000000 0.000000 0.000000
0.000000 0.000000 0.000000
0.000000 0.000000 0.000000
0.000000 0.000000 0.000000
0.000000 0.000000 0.000000
0.000000 0.000000 0.000000
0.000000 0.000000 0.000000
0.085294 0.034605 0.342047
0.000000 0.000000 0.000000
0.000000 0.000000 0.000000
0.000000 0.000000 0.000000
0.000000 0.000000 0.000000
0.000000 0.000000 0.000000
0.233430 0.034605 0.684501
0.345823 0.034605 0.272982
0.369367 0.029093 -0.070374
0.000000 0.000000 0.000000
0.289934 0.024958 -0.427580
0.095822 0.034605 0.596567
0.167909 0.034605 0.417090
0.000000 0.000000 0.000000
0.364635 0.006458 0.165672
0.000000 0.000000 0.000000
0.274118 0.034605 -0.387454
0.368669 0.006458 0.481729
0.000000 0.000000 0.000000
0.000000 0.000000 0.000000
0.101783 0.034605 0.668111
0.212733 0.024959 0.561011
0.000000 0.000000 0.000000
0.000000 0.000000 0.000000
0.076911 0.034605 0.563100
0.000000 0.000000 0.000000
0.203841 0.034605 0.316491
0.000000 0.000000 0.000000
0.316981 0.034605 0.591022
0.000000 0.000000 0.000000
0.000000 0.000000 0.000000
0.000000 0.000000 0.000000
0.000000 0.000000 0.000000
0.000000 0.000000 0.000000
0.200253 0.024958 0.272459
0.000000 0.000000 0.000000
0.000000 0.000000 0.000000
0.000000 0.000000 0.000000
0.000000 0.000000 0.000000
0.196760 0.024958 0.047683
0.000000 0.000000 0.000000
0.300298 0.024959 0.702810
0.000000 0.000000 0.000000
0.000000 0.000000 0.000000
0.000000 0.000000 0.000000
0.146710 0.024959 0.500337
0.121740 0.024959 0.466462
0.000000 0.000000 0.000000
0.324894 0.034605 0.169023
0.303422 0.024959 0.101690
0.000000 0.000000 0.000000
0.000000 0.000000 0.000000
-0.044667 0.034605 0.639075
0.000000 0.000000 0.000000
0.003938 0.024959 0.687951
0.000000 0.000000 0.000000
0.000000 0.000000 0.000000
0.000000 0.000000 0.000000
0.000000 0.000000 0.000000
0.328051 -0.002084 0.373525
0.291764 0.024958 0.340700
0.104383 0.024959 0.376766
0.000000 0.000000 0.000000
0.213184 0.034605 0.364938
0.000000 0.000000 0.000000
0.092036 0.024959 0.300194
0.000000 0.000000 0.000000
0.000000 0.000000 0.000000
0.022147 0.034605 0.375813
0.000000 0.000000 0.000000
0.014680 0.034605 0.615540
0.000496 0.034605 0.453818
0.363891 -0.002084 0.207211
0.000000 0.000000 0.000000
0.179542 0.024959 0.573012
0.342885 0.034605 0.054972
0.000000 0.000000 0.000000
0.000000 0.000000 0.000000
0.366134 -0.002084 0.317658
0.000000 0.000000 0.000000
0.327671 -0.001705 0.261970
0.000000 0.000000 0.000000
0.355142 0.034605 0.432085
0.000000 0.000000 0.000000
0.357706 0.024958 -0.457636
0.000000 0.000000 0.000000
0.305941 0.024958 0.238837
0.000000 0.000000 0.000000
0.000000 0.000000 0.000000
0.232018 0.024958 0.048056
0.000000 0.000000 0.000000
0.000000 0.000000 0.000000
0.000000 0.000000 0.000000
0.282316 0.034605 0.535114
0.069438 0.024959 0.702235
0.000000 0.000000 0.000000
0.325654 0.024958 -0.362905
0.327671 -0.000775 0.001535
0.264653 0.024958 0.346134
0.182526 0.034605 -0.100932
0.000000 0.000000 0.000000
0.175431 0.024959 0.659160
0.000000 0.000000 0.000000
0.000000 0.000000 0.000000
0.206733 0.034605 -0.025228
0.000000 0.000000 0.000000
0.222447 0.024958 -0.098435
0.000000 0.000000 0.000000
0.091899 0.034605 0.632098
0.000000 0.000000 0.000000
0.000000 0.000000 0.000000
0.369367 0.033331 -0.216085
0.000000 0.000000 0.000000
0.000000 0.000000 0.000000
0.000000 0.000000 0.000000
0.000000 0.000000 0.000000
0.000000 0.000000 0.000000
0.129871 0.024958 0.190284
0.000000 0.000000 0.000000
0.240270 0.034605 0.455495
0.163415 0.034605 0.388459
0.000000 0.000000 0.000000
0.000000 0.000000 0.000000
0.000000 0.000000 0.000000
0.000000 0.000000 0.000000
0.000000 0.000000 0.000000
0.000000 0.000000 0.000000
0.000000 0.000000 0.000000
0.000000 0.000000 0.000000
0.369119 0.024958 -0.000739
0.182840 0.024958 0.183861
0.278481 0.024959 0.587357
0.000000 0.000000 0.000000
0.000000 0.000000 0.000000
0.000000 0.000000 0.000000
0.000000 0.000000 0.000000
0.139604 0.024959 0.706727
0.000000 0.000000 0.000000
0.000000 0.000000 0.000000
0.348631 0.034605 0.656195
0.280500 0.034605 -0.021016
0.162787 0.034605 0.054309
0.298696 0.034605 0.405848
0.176339 0.034605 0.482872
0.000000 0.000000 0.000000
0.000000 0.000000 0.000000
0.000000 0.000000 0.000000
0.243169 0.024958 -0.265736
0.000000 0.000000 0.000000
0.000000 0.000000 0.000000
0.000000 0.000000 0.000000
0.269011 0.024958 -0.337007
0.000000 0.000000 0.000000
0.142936 0.024959 0.592540
0.000000 0.000000 0.000000
0.295928 0.024958 -0.104279
0.334798 0.024958 -0.104812
0.369367 0.025012 0.333799
0.000000 0.000000 0.000000
0.226528 0.034605 -0.005156
0.000000 0.000000 0.000000
0.193011 0.024959 0.440559
0.000000 0.000000 0.000000
-0.030326 0.024959 0.679187
0.369367 0.000118 -0.402703
0.338842 0.024958 -0.492031
0.298394 0.024959 0.046209
0.000000 0.000000 0.000000
0.000000 0.000000 0.000000
0.174300 0.024958 -0.060902
0.000000 0.000000 0.000000
0.000000 0.000000 0.000000
0.000000 0.000000 0.000000
0.061849 0.024959 0.519014
0.000000 0.000000 0.000000
0.000000 0.000000 0.000000
0.335091 0.034605 -0.047604
0.327671 -0.001581 0.130587
0.284400 0.024959 0.430201
0.000000 0.000000 0.000000
0.023788 0.024959 0.517957
0.332612 -0.002084 0.534614
0.049694 0.024958 0.405974
0.000000 0.000000 0.000000
0.000000 0.000000 0.000000
0.245781 0.034605 0.164537
0.000000 0.000000 0.000000
0.000000 0.000000 0.000000
-0.001573 0.032283 0.719927
0.000000 0.000000 0.000000
0.000000 0.000000 0.000000
0.000000 0.000000 0.000000
0.000000 0.000000 0.000000
0.000000 0.000000 0.000000
0.000000 0.000000 0.000000
0.000000 0.000000 0.000000
0.349183 -0.002084 -0.181791
0.148366 0.034605 0.642204
0.000000 0.000000 0.000000
0.000000 0.000000 0.000000
0.000000 0.000000 0.000000
0.283352 0.024958 -0.223314
0.352240 0.034605 -0.400120
0.000000 0.000000 0.000000
0.159559 0.024958 0.146503
0.000000 0.000000 0.000000
0.318786 0.034605 -0.242402
0.000000 0.000000 0.000000
0.000000 0.000000 0.000000
0.000000 0.000000 0.000000
0.000000 0.000000 0.000000
0.211764 0.034605 0.524949
0.000000 0.000000 0.000000
0.000000 0.000000 0.000000
0.344096 0.034605 0.589527
0.000000 0.000000 0.000000
0.000000 0.000000 0.000000
0.000000 0.000000 0.000000
0.334096 0.006458 0.445696
0.367064 0.034605 -0.143078
0.218832 0.024959 0.111021
0.000000 0.000000 0.000000
0.000000 0.000000 0.000000
0.000000 0.000000 0.000000
0.321702 0.024958 0.384230
0.000000 0.000000 0.000000
0.000000 0.000000 0.000000
0.000000 0.000000 0.000000
0.332169 -0.103968 0.711382
0.000000 0.000000 0.000000
0.000000 0.000000 0.000000
0.274197 0.034605 -0.417142
0.000000 0.000000 0.000000
0.000000 0.000000 0.000000
0.000000 0.000000 0.000000
0.027301 0.034605 0.641618
0.362189 -0.002084 -0.456054
0.000000 0.000000 0.000000
0.000000 0.000000 0.000000
0.316291 0.024959 0.281637
0.000000 0.000000 0.000000
0.251510 0.024959 0.288961
0.000000 0.000000 0.000000
0.263013 0.034605 -0.007035
0.000000 0.000000 0.000000
0.000000 0.000000 0.000000
0.000000 0.000000 0.000000
0.000000 0.000000 0.000000
0.338076 0.024958 0.196353
0.000000 0.000000 0.000000
0.000000 0.000000 0.000000
0.000000 0.000000 0.000000
0.000000 0.000000 0.000000
0.000000 0.000000 0.000000
0.000000 0.000000 0.000000
0.000000 0.000000 0.000000
0.361391 -0.002084 0.390561
0.369367 0.034591 -0.324250
0.314185 0.034605 0.313146
0.000000 0.000000 0.000000
0.333538 -0.002084 0.194121
-0.057764 0.034605 0.684377
0.000000 0.000000 0.000000
0.000000 0.000000 0.000000
0.000000 0.000000 0.000000
0.000000 0.000000 0.000000
0.000000 0.000000 0.000000
0.369367 0.002251 0.583900
0.000000 0.000000 0.000000
0.000000 0.000000 0.000000
0.000000 0.000000 0.000000
0.000000 0.000000 0.000000
0.000000 0.000000 0.000000
0.316617 0.034605 -0.423126
0.206799 0.024958 0.158747
0.249929 0.034605 0.585104
0.000000 0.000000 0.000000
0.000000 0.000000 0.000000
0.000000 0.000000 0.000000
0.000000 0.000000 0.000000
0.000000 0.000000 0.000000
0.000000 0.000000 0.000000
0.037737 0.024959 0.458494
0.000000 0.000000 0.000000
0.344647 0.006458 0.335191
0.000000 0.000000 0.000000
0.096920 0.034605 0.145113
0.000000 0.000000 0.000000
0.359735 -0.002084 0.137081
0.260889 0.024958 0.257807
0.000000 0.000000 0.000000
0.215668 0.034605 0.712097
0.332128 0.006458 -0.316151
0.000000 0.000000 0.000000
0.015102 0.034605 0.590155
0.311199 0.024959 0.491387
0.000000 0.000000 0.000000
0.000000 0.000000 0.000000
-0.035952 0.034605 0.585718
0.000000 0.000000 0.000000
0.000000 0.000000 0.000000
0.000000 0.000000 0.000000
0.092789 0.034605 0.462495
0.151454 0.034605 0.216820
0.000000 0.000000 0.000000
0.000000 0.000000 0.000000
0.000000 0.000000 0.000000
0.000000 0.000000 0.000000
0.000000 0.000000 0.000000
0.000000 0.000000 0.000000
0.249390 0.034605 0.485849
0.000000 0.000000 0.000000
0.000000 0.000000 0.000000
0.173427 0.034605 0.269337
0.000000 0.000000 0.000000
0.327671 -0.001595 0.649685
0.000000 0.000000 0.000000
0.000000 0.000000 0.000000
0.346829 0.034605 -0.299734
0.339893 0.024958 -0.194245
0.000000 0.000000 0.000000
0.283056 0.024958 -0.364144
0.314422 0.024958 0.629980
0.000000 0.000000 0.000000
0.099685 0.024959 0.558060
0.000000 0.000000 0.000000
0.162841 0.024958 0.078796
