-0.343057 0.052310 -0.072835
-0.241558 -0.063791 -0.179191
0.000000 0.000000 0.000000
0.000000 0.000000 0.000000
0.000000 0.000000 0.000000
0.000000 0.000000 0.000000
0.000000 0.000000 0.000000
-0.202895 0.052310 -0.152685
0.000000 0.000000 0.000000
0.000000 0.000000 0.000000
0.000000 0.000000 0.000000
0.000000 0.000000 0.000000
0.000000 0.000000 0.000000
-0.388157 -0.004353 -0.231660
0.000000 0.000000 0.000000
0.000000 0.000000 0.000000
0.000000 0.000000 0.000000
-0.060850 -0.037343 -0.178662
0.000000 0.000000 0.000000
0.000000 0.000000 0.000000
0.000000 0.000000 0.000000
0.000000 0.000000 0.000000
0.000000 0.000000 0.000000
0.000000 0.000000 0.000000
0.000000 0.000000 0.000000
0.000000 0.000000 0.000000
0.000000 0.000000 0.000000
-0.208627 -0.063791 -0.036444
-0.252960 -0.034359 -0.264847
-0.468691 0.023987 -0.013596
0.000000 0.000000 0.000000
-0.426674 -0.063791 -0.133920
0.000000 0.000000 0.000000
-0.449900 0.047005 -0.151382
0.000000 0.000000 0.000000
-0.394572 0.052310 -0.198413
0.000000 0.000000 0.000000
-0.339068 -0.063791 -0.090455
0.000000 0.000000 0.000000
0.000000 0.000000 0.000000
0.000000 0.000000 0.000000
-0.165222 -0.023350 -0.235216
0.000000 0.000000 0.000000
0.000000 0.000000 0.000000
0.000000 0.000000 0.000000
0.000000 0.000000 0.000000
-0.338338 0.052310 0.061842
-0.261188 0.052310 -0.258199
-0.360836 -0.063791 -0.235875
0.000000 0.000000 0.000000
0.000000 0.000000 0.000000
0.000000 0.000000 0.000000
0.000000 0.000000 0.000000
0.000000 0.000000 0.000000
-0.461168 0.025043 -0.093516
0.000000 0.000000 0.000000
-0.137091 -0.063791 -0.107322
0.000000 0.000000 0.000000
0.000000 0.000000 0.000000
0.000000 0.000000 0.000000
0.000000 0.000000 0.000000
0.000000 0.000000 0.000000
-0.240305 0.064545 -0.071750
-0.305749 0.052310 -0.218869
0.000000 0.000000 0.000000
0.000000 0.000000 0.000000
0.000000 0.000000 0.000000
0.000000 0.000000 0.000000
0.000000 0.000000 0.000000
-0.449591 0.005009 -0.152384
-0.406589 0.052310 0.033004
0.000000 0.000000 0.000000
0.000000 0.000000 0.000000
-0.114798 0.046653 -0.195944
0.000000 0.000000 0.000000
0.000000 0.000000 0.000000
0.000000 0.000000 0.000000
0.000000 0.000000 0.000000
0.000000 0.000000 0.000000
0.000000 0.000000 0.000000
-0.331739 -0.063791 -0.157124
0.000000 0.000000 0.000000
0.000000 0.000000 0.000000
0.000000 0.000000 0.000000
-0.297168 0.052310 -0.136999
-0.294023 -0.063791 -0.216283
0.000000 0.000000 0.000000
-0.156189 -0.063791 -0.185875
0.000000 0.000000 0.000000
0.000000 0.000000 0.000000
0.000000 0.000000 0.000000
0.000000 0.000000 0.000000
0.000000 0.000000 0.000000
-0.290806 0.052310 0.001369
0.000000 0.000000 0.000000
0.000000 0.000000 0.000000
0.000000 0.000000 0.000000
0.000000 0.000000 0.000000
-0.123132 0.020005 -0.201577
-0.329288 -0.063791 -0.222305
0.000000 0.000000 0.000000
0.000000 0.000000 0.000000
0.000000 0.000000 0.000000
-0.419242 -0.049048 -0.205763
-0.385533 0.052310 -0.138409
-0.200371 -0.063791 -0.106734
-0.422989 0.052310 -0.045221
0.000000 0.000000 0.000000
0.000000 0.000000 0.000000
0.000000 0.000000 0.000000
0.000000 0.000000 0.000000
0.000000 0.000000 0.000000
-0.330722 0.019471 -0.257563
0.000000 0.000000 0.000000
0.000000 0.000000 0.000000
0.000000 0.000000 0.000000
0.000000 0.000000 0.000000
-0.137914 0.052310 -0.175923
-0.195150 0.052310 -0.243840
0.000000 0.000000 0.000000
0.000000 0.000000 0.000000
0.000000 0.000000 0.000000
-0.277304 -0.063791 -0.057017
0.000000 0.000000 0.000000
-0.361782 0.052310 -0.009552
0.000000 0.000000 0.000000
0.000000 0.000000 0.000000
-0.279802 -0.063791 -0.118761
0.000000 0.000000 0.000000
0.000000 0.000000 0.000000
0.000000 0.000000 0.000000
0.000000 0.000000 0.000000
-0.188947 -0.063791 -0.231458
-0.248534 0.052310 -0.207933
0.000000 0.000000 0.000000
-0.325793 0.052310 -0.230104
-0.408299 -0.063791 -0.095172
0.000000 0.000000 0.000000
0.000000 0.000000 0.000000
0.000000 0.000000 0.000000
0.000000 0.000000 0.000000
0.000000 0.000000 0.000000
0.000000 0.000000 0.000000
0.000000 0.000000 0.000000
0.000000 0.000000 0.000000
0.000000 0.000000 0.000000
-0.092650 -0.063791 -0.163921
0.000000 0.000000 0.000000
0.000000 0.000000 0.000000
0.000000 0.000000 0.000000
0.000000 0.000000 0.000000
0.000000 0.000000 0.000000
0.000000 0.000000 0.000000
-0.357135 0.052310 -0.141899
0.000000 0.000000 0.000000
0.000000 0.000000 0.000000
-0.420476 0.052310 -0.173837
-0.235481 0.041325 -0.024577
0.000000 0.000000 0.000000
0.000000 0.000000 0.000000
0.000000 0.000000 0.000000
-0.377343 -0.063791 -0.082867
0.000000 0.000000 0.000000
0.000000 0.000000 0.000000
0.000000 0.000000 0.000000
0.000000 0.000000 0.000000
0.000000 0.000000 0.000000
0.000000 0.000000 0.000000
0.000000 0.000000 0.000000
0.000000 0.000000 0.000000
0.000000 0.000000 0.000000
0.000000 0.000000 0.000000
-0.166847 0.052310 -0.231508
0.000000 0.000000 0.000000
0.000000 0.000000 0.000000
0.000000 0.000000 0.000000
0.000000 0.000000 0.000000
-0.177357 -0.063791 -0.160595
0.000000 0.000000 0.000000
-0.221366 0.007331 -0.259455
0.000000 0.000000 0.000000
0.000000 0.000000 0.000000
-0.109990 -0.035589 -0.193137
0.000000 0.000000 0.000000
-0.465821 0.026044 -0.054654
-0.360367 0.052310 0.017724
0.000000 0.000000 0.000000
0.000000 0.000000 0.000000
0.000000 0.000000 0.000000
0.000000 0.000000 0.000000
0.000000 0.000000 0.000000
0.000000 0.000000 0.000000
0.000000 0.000000 0.000000
-0.310955 -0.063791 -0.165799
0.000000 0.000000 0.000000
0.000000 0.000000 0.000000
-0.428648 0.052310 -0.090984
0.000000 0.000000 0.000000
0.000000 0.000000 0.000000
0.000000 0.000000 0.000000
0.000000 0.000000 0.000000
0.000000 0.000000 0.000000
0.000000 0.000000 0.000000
0.000000 0.000000 0.000000
-0.466928 0.002929 -0.042424
0.000000 0.000000 0.000000
0.000000 0.000000 0.000000
0.000000 0.000000 0.000000
0.000000 0.000000 0.000000
0.000000 0.000000 0.000000
-0.436746 0.052310 -0.125322
-0.362098 0.052310 -0.029855
-0.283391 0.052310 -0.080521
0.000000 0.000000 0.000000
-0.466221 0.052310 0.039102
0.000000 0.000000 0.000000
0.000000 0.000000 0.000000
-0.428226 0.006892 -0.194803
-0.313474 -0.031711 -0.261658
0.000000 0.000000 0.000000
0.000000 0.000000 0.000000
-0.388298 -0.063791 -0.173110
0.000000 0.000000 0.000000
-0.215036 0.064545 -0.099465
-0.163466 0.052310 -0.129344
0.000000 0.000000 0.000000
0.000000 0.000000 0.000000
-0.226678 -0.063791 -0.245678
-0.280829 0.015964 -0.265549
0.000000 0.000000 0.000000
0.000000 0.000000 0.000000
-0.254489 0.052310 -0.130275
0.000000 0.000000 0.000000
0.000000 0.000000 0.000000
0.000000 0.000000 0.000000
0.000000 0.000000 0.000000
0.000000 0.000000 0.000000
0.000000 0.000000 0.000000
-0.459155 -0.031438 -0.105922
0.000000 0.000000 0.000000
0.000000 0.000000 0.000000
0.000000 0.000000 0.000000
0.000000 0.000000 0.000000
0.000000 0.000000 0.000000
0.000000 0.000000 0.000000
-0.233549 -0.063791 -0.078334
-0.285938 -0.063791 -0.264601
0.000000 0.000000 0.000000
0.000000 0.000000 0.000000
0.000000 0.000000 0.000000
-0.376791 0.048549 -0.238467
0.000000 0.000000 0.000000
-0.431140 0.052310 -0.005870
0.000000 0.000000 0.000000
0.000000 0.000000 0.000000
-0.342567 0.052310 -0.187251
0.000000 0.000000 0.000000
0.000000 0.000000 0.000000
-0.257148 -0.063791 -0.039353
0.000000 0.000000 0.000000
0.000000 0.000000 0.000000
0.000000 0.000000 0.000000
0.000000 0.000000 0.000000
0.000000 0.000000 0.000000
-0.275119 0.052310 -0.181722
0.000000 0.000000 0.000000
0.000000 0.000000 0.000000
0.000000 0.000000 0.000000
0.000000 0.000000 0.000000
-0.442709 -0.050598 -0.170278
0.000000 0.000000 0.000000
0.000000 0.000000 0.000000
0.000000 0.000000 0.000000
0.000000 0.000000 0.000000
-0.373611 0.052310 -0.087856
-0.360819 -0.026083 -0.246609
0.000000 0.000000 0.000000
-0.087700 0.016533 -0.183620
0.000000 0.000000 0.000000
0.000000 0.000000 0.000000
0.000000 0.000000 0.000000
0.000000 0.000000 0.000000
-0.206476 0.052310 -0.198876
-0.302190 0.052310 -0.038041
-0.258922 0.041325 -0.033549
-0.123689 -0.063791 -0.182929
-0.203846 -0.063791 -0.181015
-0.349979 -0.063791 -0.122526
0.000000 0.000000 0.000000
0.000000 0.000000 0.000000
0.000000 0.000000 0.000000
0.000000 0.000000 0.000000
0.000000 0.000000 0.000000
0.000000 0.000000 0.000000
0.000000 0.000000 0.000000
0.000000 0.000000 0.000000
0.000000 0.000000 0.000000
0.000000 0.000000 0.000000
-0.344386 -0.063791 -0.052504
-0.180788 -0.063791 -0.076222
0.000000 0.000000 0.000000
0.000000 0.000000 0.000000
0.000000 0.000000 0.000000
0.000000 0.000000 0.000000
0.000000 0.000000 0.000000
0.000000 0.000000 0.000000
-0.148280 -0.062387 -0.223094
-0.402273 -0.060913 -0.221773
-0.388169 0.052310 -0.070592
0.000000 0.000000 0.000000
0.000000 0.000000 0.000000
0.000000 0.000000 0.000000
-0.232565 -0.063791 -0.131556
0.000000 0.000000 0.000000
0.000000 0.000000 0.000000
-0.454001 -0.035342 -0.134208
0.000000 0.000000 0.000000
0.000000 0.000000 0.000000
0.000000 0.000000 0.000000
-0.168180 -0.063791 -0.034857
-0.439096 -0.025901 -0.177536
-0.181330 0.015060 -0.244383
0.000000 0.000000 0.000000
0.000000 0.000000 0.000000
0.000000 0.000000 0.000000
0.000000 0.000000 0.000000
0.000000 0.000000 0.000000
0.000000 0.000000 0.000000
0.000000 0.000000 0.000000
0.000000 0.000000 0.000000
-0.394484 -0.043054 -0.227516
0.000000 0.000000 0.000000
-0.148162 -0.063791 -0.135161
0.000000 0.000000 0.000000
0.000000 0.000000 0.000000
0.000000 0.000000 0.000000
0.000000 0.000000 0.000000
0.000000 0.000000 0.000000
0.000000 0.000000 0.000000
0.000000 0.000000 0.000000
0.000000 0.000000 0.000000
-0.325669 0.052310 -0.121087
-0.199670 -0.036544 -0.252552
0.000000 0.000000 0.000000
-0.355420 0.014914 -0.248896
0.000000 0.000000 0.000000
-0.237601 0.052310 -0.153223
-0.380542 0.052310 0.051963
0.000000 0.000000 0.000000
0.000000 0.000000 0.000000
0.000000 0.000000 0.000000
0.000000 0.000000 0.000000
0.000000 0.000000 0.000000
0.000000 0.000000 0.000000
0.000000 0.000000 0.000000
-0.256449 -0.063791 -0.221939
0.000000 0.000000 0.000000
-0.320130 0.052310 0.021955
0.000000 0.000000 0.000000
0.000000 0.000000 0.000000
0.000000 0.000000 0.000000
0.000000 0.000000 0.000000
0.000000 0.000000 0.000000
0.000000 0.000000 0.000000
-0.445753 -0.063791 -0.083841
0.000000 0.000000 0.000000
-0.289619 0.052310 -0.247347
0.000000 0.000000 0.000000
-0.253022 0.041325 -0.004768
-0.270455 -0.003626 -0.265639
-0.230166 -0.063791 -0.210758
0.000000 0.000000 0.000000
-0.439366 0.052310 0.054442
0.000000 0.000000 0.000000
0.000000 0.000000 0.000000
0.000000 0.000000 0.000000
-0.348784 -0.063791 -0.189002
0.000000 0.000000 0.000000
0.000000 0.000000 0.000000
0.000000 0.000000 0.000000
-0.337483 -0.020116 -0.255523
0.000000 0.000000 0.000000
0.000000 0.000000 0.000000
-0.453751 0.026611 -0.135498
-0.167392 0.052310 -0.199124
0.000000 0.000000 0.000000
0.000000 0.000000 0.000000
-0.272346 0.052310 -0.235574
0.000000 0.000000 0.000000
-0.395538 -0.063791 -0.126876
-0.305507 -0.063791 -0.074350
0.000000 0.000000 0.000000
0.000000 0.000000 0.000000
0.000000 0.000000 0.000000
0.000000 0.000000 0.000000
-0.222458 0.052310 -0.249707
-0.324787 0.052310 -0.037358
0.000000 0.000000 0.000000
0.000000 0.000000 0.000000
0.000000 0.000000 0.000000
0.000000 0.000000 0.000000
-0.149681 0.018980 -0.224249
0.000000 0.000000 0.000000
0.000000 0.000000 0.000000
-0.322542 0.052310 -0.164558
-0.416268 0.052310 -0.144598
0.000000 0.000000 0.000000
0.000000 0.000000 0.000000
0.000000 0.000000 0.000000
-0.138668 -0.022225 -0.214857
0.000000 0.000000 0.000000
-0.196403 -0.063791 -0.062618
0.000000 0.000000 0.000000
-0.416248 -0.063791 -0.166710
-0.464025 -0.014562 -0.071951
-0.264745 -0.063791 -0.149323
0.000000 0.000000 0.000000
-0.392511 0.052310 -0.021832
0.000000 0.000000 0.000000
0.000000 0.000000 0.000000
-0.411781 0.029081 -0.213423
-0.253100 0.021537 -0.264855
-0.091380 -0.018524 -0.184825
-0.206358 0.052310 -0.123794
0.000000 0.000000 0.000000
0.000000 0.000000 0.000000
0.000000 0.000000 0.000000
-0.232737 0.041325 -0.088849
0.000000 0.000000 0.000000
0.000000 0.000000 0.000000
-0.276064 -0.063791 -0.179513
0.000000 0.000000 0.000000
0.000000 0.000000 0.000000
0.000000 0.000000 0.000000
-0.461713 0.052310 0.006072
0.000000 0.000000 0.000000
0.000000 0.000000 0.000000
-0.391488 0.052310 0.012553
0.000000 0.000000 0.000000
0.000000 0.000000 0.000000
0.000000 0.000000 0.000000
0.000000 0.000000 0.000000
-0.467222 0.052310 -0.033242
-0.368263 -0.063791 -0.143570
-0.373852 0.052310 -0.169981
0.000000 0.000000 0.000000
0.000000 0.000000 0.000000
0.000000 0.000000 0.000000
0.000000 0.000000 0.000000
0.000000 0.000000 0.000000
0.000000 0.000000 0.000000
-0.455913 -0.063791 -0.116408
0.000000 0.000000 0.000000
-0.307704 -0.063791 -0.195401
0.000000 0.000000 0.000000
-0.406429 0.052310 -0.112791
0.000000 0.000000 0.000000
0.000000 0.000000 0.000000
0.000000 0.000000 0.000000
0.000000 0.000000 0.000000
-0.326542 -0.063211 -0.258675
-0.185597 -0.063791 -0.132929
0.000000 0.000000 0.000000
0.000000 0.000000 0.000000
-0.356319 0.052310 -0.215750
-0.312618 -0.063791 -0.111288
0.000000 0.000000 0.000000
0.000000 0.000000 0.000000
0.000000 0.000000 0.000000
0.000000 0.000000 0.000000
-0.073119 -0.063120 -0.180021
0.000000 0.000000 0.000000
0.000000 0.000000 0.000000
0.000000 0.000000 0.000000
0.000000 0.000000 0.000000
0.000000 0.000000 0.000000
-0.451438 0.052310 -0.062566
0.000000 0.000000 0.000000
0.000000 0.000000 0.000000
0.000000 0.000000 0.000000
0.000000 0.000000 0.000000
0.000000 0.000000 0.000000
-0.336231 0.052310 -0.008104
0.000000 0.000000 0.000000
-0.202549 -0.063483 -0.253631
0.000000 0.000000 0.000000
0.000000 0.000000 0.000000
0.000000 0.000000 0.000000
0.000000 0.000000 0.000000
0.000000 0.000000 0.000000
-0.040955 -0.061220 -0.180004
0.000000 0.000000 0.000000
-0.220938 0.041325 -0.057995
0.000000 0.000000 0.000000
-0.239837 -0.063791 -0.048360
0.000000 0.000000 0.000000
0.000000 0.000000 0.000000
0.000000 0.000000 0.000000
-0.458096 -0.001188 -0.112434
-0.182460 0.052310 -0.184019
0.000000 0.000000 0.000000
0.000000 0.000000 0.000000
0.000000 0.000000 0.000000
-0.123256 -0.063791 -0.152797
0.000000 0.000000 0.000000
-0.310688 -0.004181 -0.262210
-0.396711 0.042832 -0.225941
0.000000 0.000000 0.000000
-0.197771 -0.063791 -0.006301
0.000000 0.000000 0.000000
0.000000 0.000000 0.000000
0.000000 0.000000 0.000000
-0.260230 -0.063791 -0.253343
0.000000 0.000000 0.000000
0.000000 0.000000 0.000000
0.000000 0.000000 0.000000
0.000000 0.000000 0.000000
-0.170639 -0.063791 -0.213492
0.000000 0.000000 0.000000
0.000000 0.000000 0.000000
-0.417811 -0.014702 -0.207329
-0.279488 0.052310 -0.051718
0.000000 0.000000 0.000000
0.000000 0.000000 0.000000
0.000000 0.000000 0.000000
0.000000 0.000000 0.000000
0.000000 0.000000 0.000000
0.000000 0.000000 0.000000
0.000000 0.000000 0.000000
0.000000 0.000000 0.000000
0.000000 0.000000 0.000000
0.000000 0.000000 0.000000
0.000000 0.000000 0.000000
0.000000 0.000000 0.000000
0.000000 0.000000 0.000000
0.000000 0.000000 0.000000
-0.441394 0.026276 -0.173174
0.000000 0.000000 0.000000
0.000000 0.000000 0.000000
0.000000 0.000000 0.000000
0.000000 0.000000 0.000000
0.000000 0.000000 0.000000
0.000000 0.000000 0.000000
-0.178874 -0.006358 -0.243088
-0.314417 0.052310 -0.068807
-0.248989 0.052310 -0.104874
0.000000 0.000000 0.000000
0.000000 0.000000 0.000000
0.000000 0.000000 0.000000
0.000000 0.000000 0.000000
-0.137501 -0.063791 -0.199551
0.000000 0.000000 0.000000
0.000000 0.000000 0.000000
0.000000 0.000000 0.000000
0.000000 0.000000 0.000000
0.000000 0.000000 0.000000
0.000000 0.000000 0.000000
0.000000 0.000000 0.000000
0.000000 0.000000 0.000000
-0.255338 0.052310 -0.180231
-0.295493 0.052310 -0.112301
-0.315199 0.040755 -0.261316
0.000000 0.000000 0.000000
0.000000 0.000000 0.000000
0.000000 0.000000 0.000000
0.000000 0.000000 0.000000
0.000000 0.000000 0.000000
0.000000 0.000000 0.000000
0.000000 0.000000 0.000000
0.000000 0.000000 0.000000
0.000000 0.000000 0.000000
0.000000 0.000000 0.000000
0.000000 0.000000 0.000000
0.000000 0.000000 0.000000
-0.342050 0.052310 -0.159201
0.000000 0.000000 0.000000
0.000000 0.000000 0.000000
0.000000 0.000000 0.000000
-0.351560 0.052310 -0.106302
0.000000 0.000000 0.000000
-0.416406 0.052310 -0.064940
0.000000 0.000000 0.000000
0.000000 0.000000 0.000000
0.000000 0.000000 0.000000
-0.274637 0.052310 -0.156307
0.000000 0.000000 0.000000
0.000000 0.000000 0.000000
0.000000 0.000000 0.000000
0.000000 0.000000 0.000000
0.000000 0.000000 0.000000
0.000000 0.000000 0.000000
0.000000 0.000000 0.000000
0.000000 0.000000 0.000000
-0.190074 -0.063791 -0.211806
-0.456230 0.052310 -0.097735
-0.277138 -0.063791 -0.079755
-0.304172 -0.063791 -0.242876
0.000000 0.000000 0.000000
-0.302905 0.052310 0.037599
0.000000 0.000000 0.000000
-0.117661 -0.063791 -0.127899
0.000000 0.000000 0.000000
0.000000 0.000000 0.000000
-0.228135 0.052310 -0.185946
-0.221622 -0.045212 -0.259516
-0.229686 0.036845 -0.261408
0.000000 0.000000 0.000000
0.000000 0.000000 0.000000
0.000000 0.000000 0.000000
0.000000 0.000000 0.000000
-0.173090 0.052310 -0.155424
0.000000 0.000000 0.000000
0.000000 0.000000 0.000000
-0.234294 -0.063791 -0.101512
0.000000 0.000000 0.000000
0.000000 0.000000 0.000000
-0.391358 0.052310 -0.050356
0.000000 0.000000 0.000000
0.000000 0.000000 0.000000
0.000000 0.000000 0.000000
0.000000 0.000000 0.000000
0.000000 0.000000 0.000000
0.000000 0.000000 0.000000
0.000000 0.000000 0.000000
0.000000 0.000000 0.000000
0.000000 0.000000 0.000000
0.000000 0.000000 0.000000
0.000000 0.000000 0.000000
0.000000 0.000000 0.000000
-0.301339 -0.063791 -0.140443
0.000000 0.000000 0.000000
0.000000 0.000000 0.000000
0.000000 0.000000 0.000000
-0.259419 0.052310 -0.082138
0.000000 0.000000 0.000000
0.000000 0.000000 0.000000
0.000000 0.000000 0.000000
-0.141883 0.037647 -0.217790
0.000000 0.000000 0.000000
-0.241182 0.052310 -0.044644
-0.462048 -0.050181 -0.086878
0.000000 0.000000 0.000000
-0.146788 -0.063791 -0.162184
-0.206607 -0.063791 -0.150032
0.000000 0.000000 0.000000
0.000000 0.000000 0.000000
-0.095034 -0.055133 -0.186147
-0.318786 0.052310 -0.195283
0.000000 0.000000 0.000000
0.000000 0.000000 0.000000
-0.427423 0.032593 -0.195943
-0.213120 0.064545 -0.072026
0.000000 0.000000 0.000000
0.000000 0.000000 0.000000
-0.310201 0.052310 -0.089226
0.000000 0.000000 0.000000
0.000000 0.000000 0.000000
-0.260007 -0.063791 -0.081741
-0.466596 -0.025771 -0.047016
0.000000 0.000000 0.000000
0.000000 0.000000 0.000000
0.000000 0.000000 0.000000
-0.287103 -0.032347 -0.265124
0.000000 0.000000 0.000000
0.000000 0.000000 0.000000
-0.434622 -0.063791 -0.106831
0.000000 0.000000 0.000000
-0.401822 0.052310 -0.087480
0.000000 0.000000 0.000000
0.000000 0.000000 0.000000
0.000000 0.000000 0.000000
0.000000 0.000000 0.000000
0.000000 0.000000 0.000000
0.000000 0.000000 0.000000
0.000000 0.000000 0.000000
-0.447469 -0.063791 -0.149771
0.000000 0.000000 0.000000
0.000000 0.000000 0.000000
0.000000 0.000000 0.000000
0.000000 0.000000 0.000000
0.000000 0.000000 0.000000
0.000000 0.000000 0.000000
0.000000 0.000000 0.000000
0.000000 0.000000 0.000000
-0.276848 -0.063791 -0.024829
0.000000 0.000000 0.000000
-0.324721 0.052310 0.043182
0.000000 0.000000 0.000000
0.000000 0.000000 0.000000
-0.463886 0.009620 -0.072998
0.000000 0.000000 0.000000
0.000000 0.000000 0.000000
-0.176173 -0.045655 -0.241663
0.000000 0.000000 0.000000
-0.353919 -0.063791 -0.211616
0.000000 0.000000 0.000000
0.000000 0.000000 0.000000
0.000000 0.000000 0.000000
0.000000 0.000000 0.000000
0.000000 0.000000 0.000000
0.000000 0.000000 0.000000
0.000000 0.000000 0.000000
-0.279326 -0.063791 -0.238975
0.000000 0.000000 0.000000
0.000000 0.000000 0.000000
0.000000 0.000000 0.000000
0.000000 0.000000 0.000000
0.000000 0.000000 0.000000
-0.329320 0.052310 -0.097852
-0.281791 0.042957 -0.265484
0.000000 0.000000 0.000000
0.000000 0.000000 0.000000
0.000000 0.000000 0.000000
0.000000 0.000000 0.000000
0.000000 0.000000 0.000000
-0.142464 0.052310 -0.144755
-0.181707 -0.063791 -0.185446
