0.109338 -0.004052 -0.706693
0.047930 0.048594 -0.513528
0.363756 0.025471 0.041064
0.237407 -0.642503 -0.689078
0.000000 0.000000 0.000000
0.000000 0.000000 0.000000
0.000000 0.000000 0.000000
-0.001562 0.025471 0.312610
0.008197 0.048594 -0.142376
0.351569 0.048594 -0.316365
0.337670 0.040566 0.420394
0.191235 -0.323881 -0.693483
0.000000 0.000000 0.000000
0.116882 0.048594 0.084403
0.000000 0.000000 0.000000
0.005659 -0.341604 -0.712239
0.303740 0.036023 -0.604698
0.000000 0.000000 0.000000
0.000000 0.000000 0.000000
-0.106780 0.048594 0.060115
0.139162 0.048594 -0.364360
0.297979 0.035282 0.628322
0.240657 0.048594 0.241871
0.249954 0.048594 -0.157821
0.000000 0.000000 0.000000
0.000000 0.000000 0.000000
0.163247 0.048594 0.345896
0.178797 -0.169762 -0.704149
0.224156 -0.484816 -0.706058
0.000000 0.000000 0.000000
0.000000 0.000000 0.000000
0.000000 0.000000 0.000000
0.269269 0.025471 -0.452270
0.214320 0.025471 0.505387
0.199523 0.025471 -0.027200
0.352927 0.048594 -0.086476
0.150660 0.025471 -0.609863
0.000000 0.000000 0.000000
0.351099 0.048594 0.270097
0.000000 0.000000 0.000000
0.035596 0.048594 -0.439787
0.048373 0.048594 -0.281797
0.247760 0.046978 -0.740952
-0.003146 0.025471 0.179878
0.257280 0.048594 -0.287216
0.000000 0.000000 0.000000
0.099222 0.048594 0.205627
-0.005055 0.025471 -0.013765
0.248126 0.025471 0.116489
0.000000 0.000000 0.000000
0.000000 0.000000 0.000000
0.000000 0.000000 0.000000
0.124705 0.048594 -0.096322
0.000000 0.000000 0.000000
0.152191 0.048594 -0.215901
0.000000 0.000000 0.000000
0.000000 0.000000 0.000000
0.088908 -0.245767 -0.707556
0.352066 0.025471 -0.196533
0.000000 0.000000 0.000000
0.155513 0.048594 -0.488193
0.000000 0.000000 0.000000
0.267252 0.048594 0.335579
0.326003 0.048594 0.149691
0.003023 0.025471 0.087912
0.027613 0.048594 -0.363820
0.000000 0.000000 0.000000
0.000000 0.000000 0.000000
0.000000 0.000000 0.000000
0.000000 0.000000 0.000000
0.000000 0.000000 0.000000
0.286493 0.048594 0.007207
0.146972 0.025471 0.442458
0.000000 0.000000 0.000000
0.108555 0.048594 0.015046
0.238878 0.025471 -0.537743
0.000000 0.000000 0.000000
0.225209 0.025471 0.259130
0.299232 0.048594 0.538156
0.080282 0.025471 0.363209
0.000000 0.000000 0.000000
0.201221 0.048594 -0.715105
-0.071708 0.048594 0.262482
0.000000 0.000000 0.000000
0.065249 0.048594 -0.058761
0.138073 0.048594 -0.277009
0.000000 0.000000 0.000000
0.146127 0.048594 0.137587
0.000000 0.000000 0.000000
0.189942 -0.247426 -0.708888
0.369525 0.048594 -0.042500
0.164618 -0.078799 -0.700663
0.000000 0.000000 0.000000
0.000000 0.000000 0.000000
-0.074720 0.025471 0.171330
0.225498 0.048594 -0.614495
0.242498 0.048594 -0.365130
0.000000 0.000000 0.000000
0.175615 0.048594 0.054171
0.000000 0.000000 0.000000
0.126197 0.048594 -0.691453
0.296910 0.025471 0.439224
0.052042 0.025471 0.152081
0.000000 0.000000 0.000000
0.000000 0.000000 0.000000
0.236500 -0.572899 -0.703999
0.197225 0.048594 -0.109820
0.080563 0.025471 -0.178230
-0.013041 0.025471 -0.293536
0.055020 0.048594 -0.592805
-0.066917 0.048594 -0.077608
0.322896 0.043528 -0.511449
0.083303 0.048594 0.299850
0.000000 0.000000 0.000000
-0.003865 0.025471 -0.231563
0.206322 -0.410022 -0.718487
0.000000 0.000000 0.000000
0.224660 0.025471 0.161682
0.317765 0.025471 -0.111524
0.217929 0.025471 0.045118
0.284221 0.025471 0.272279
0.000000 0.000000 0.000000
0.035692 0.048594 0.228560
0.117800 0.025471 -0.420626
0.000000 0.000000 0.000000
0.000000 0.000000 0.000000
0.000000 0.000000 0.000000
-0.074096 0.025471 -0.166405
0.000000 0.000000 0.000000
0.286261 0.035748 -0.676700
0.115905 0.025471 -0.549654
0.319636 0.048594 -0.401790
0.000000 0.000000 0.000000
0.349178 0.043905 0.338012
0.000000 0.000000 0.000000
0.141245 0.025471 0.263665
-0.138201 0.048594 0.152834
0.280321 0.025471 -0.309199
0.306667 0.025471 0.091196
0.027759 -0.210808 -0.693634
0.000000 0.000000 0.000000
0.000000 0.000000 0.000000
0.272690 0.048594 -0.230014
0.191956 0.048594 -0.569117
0.232553 0.048594 0.406464
0.181363 0.048594 0.207874
0.201483 0.025471 0.379247
0.000000 0.000000 0.000000
0.180695 0.025471 -0.420422
-0.048126 0.025471 0.038031
0.000000 0.000000 0.000000
0.000000 0.000000 0.000000
-0.014250 0.048594 0.250945
0.203202 0.048594 -0.292051
0.107149 0.025471 0.432293
0.201236 0.025471 -0.226188
0.089975 0.025471 -0.335469
0.100899 0.025471 -0.633455
0.364267 0.027308 0.175283
0.000000 0.000000 0.000000
0.000000 0.000000 0.000000
0.049246 0.025471 0.050323
0.000000 0.000000 0.000000
0.153403 0.025471 -0.148166
0.229830 0.048594 0.577311
0.237168 0.025471 -0.570766
0.299310 0.025471 0.488996
0.013235 0.025471 -0.095119
0.000000 0.000000 0.000000
0.132994 0.025471 -0.036591
0.190651 0.025471 0.480204
0.055017 0.048594 0.406302
0.081391 0.025471 -0.485282
0.111230 0.048594 -0.231476
0.000000 0.000000 0.000000
0.000000 0.000000 0.000000
0.070136 0.048594 -0.239775
-0.107479 0.048594 -0.016058
0.279146 0.025471 0.208022
0.280700 0.048594 -0.067080
0.021996 -0.282679 -0.699821
0.206152 0.025471 -0.502324
0.000000 0.000000 0.000000
0.368137 0.042697 0.106728
0.000000 0.000000 0.000000
0.000000 0.000000 0.000000
0.109762 0.025471 0.319196
0.000000 0.000000 0.000000
0.000000 0.000000 0.000000
0.000000 0.000000 0.000000
-0.043775 0.048594 0.126220
0.000000 0.000000 0.000000
0.000000 0.000000 0.000000
0.000000 0.000000 0.000000
0.249948 0.048594 0.436767
0.000000 0.000000 0.000000
0.000000 0.000000 0.000000
0.000000 0.000000 0.000000
0.000000 0.000000 0.000000
0.000000 0.000000 0.000000
0.175688 0.025471 -0.657563
0.000000 0.000000 0.000000
0.163211 0.025471 -0.323788
0.000000 0.000000 0.000000
0.000000 0.000000 0.000000
0.351391 0.048594 -0.256504
-0.047415 0.048594 -0.224218
0.048089 0.025471 0.272330
-0.038427 0.025471 -0.102400
0.000000 0.000000 0.000000
0.201115 0.048594 0.413327
0.019895 0.025471 -0.273129
0.196531 0.048594 0.322360
0.000000 0.000000 0.000000
0.326168 0.048594 0.220004
-0.134941 0.025471 0.099880
0.205524 0.025471 -0.192489
0.188280 0.048594 0.095484
0.020212 0.025471 -0.160273
0.192749 0.025471 0.554789
0.076823 0.048594 -0.431612
0.296082 0.025471 0.380005
0.250096 0.025471 -0.026149
0.207229 0.025471 -0.371584
0.000000 0.000000 0.000000
0.000000 0.000000 0.000000
0.260043 0.048594 -0.510508
0.228993 0.025471 -0.239636
0.123851 0.048594 0.045074
0.075611 0.048594 -0.382959
0.032766 0.048594 0.347308
0.302883 0.048594 -0.163748
0.267935 0.048594 0.176879
0.000000 0.000000 0.000000
0.273107 0.025471 -0.632268
0.071103 0.025471 0.100137
0.236534 0.025471 -0.074969
0.000000 0.000000 0.000000
0.082319 0.025471 -0.124146
-0.048489 0.048594 0.191565
0.000000 0.000000 0.000000
0.000000 0.000000 0.000000
0.315338 0.048594 0.042632
0.000000 0.000000 0.000000
0.000000 0.000000 0.000000
0.163905 0.011597 -0.725635
0.178467 -0.202211 -0.717223
0.000000 0.000000 0.000000
0.000000 0.000000 0.000000
0.039184 0.048594 0.010649
0.275790 0.025471 0.149046
0.265676 0.048594 0.070190
0.162225 0.025471 -0.537313
0.000000 0.000000 0.000000
0.145900 0.048594 0.400824
0.150196 -0.141518 -0.714461
0.000000 0.000000 0.000000
0.000000 0.000000 0.000000
0.000000 0.000000 0.000000
0.000000 0.000000 0.000000
0.000000 0.000000 0.000000
-0.057455 0.025471 -0.031689
0.000000 0.000000 0.000000
0.296487 0.048594 -0.346275
0.207415 0.025471 -0.161994
0.000000 0.000000 0.000000
0.000000 0.000000 0.000000
0.000000 0.000000 0.000000
0.132423 0.025471 0.365625
0.000000 0.000000 0.000000
-0.081981 0.025471 0.111614
0.307778 0.048594 0.296651
0.000000 0.000000 0.000000
0.192076 0.025471 0.010134
0.000000 0.000000 0.000000
0.033731 0.048594 0.166985
0.000000 0.000000 0.000000
0.137939 0.025471 0.214297
0.167509 0.048594 -0.052381
0.187008 -0.279691 -0.718801
0.028661 0.025471 0.127414
0.000000 0.000000 0.000000
0.000000 0.000000 0.000000
0.027442 0.025471 -0.474543
0.247776 0.025471 -0.691246
0.350813 0.025471 -0.161714
0.000000 0.000000 0.000000
0.000000 0.000000 0.000000
0.000000 0.000000 0.000000
0.000000 0.000000 0.000000
0.000000 0.000000 0.000000
0.142593 -0.024591 -0.693262
0.094437 0.025471 -0.276357
0.241792 0.048594 0.282215
0.000000 0.000000 0.000000
0.000000 0.000000 0.000000
0.030279 0.025471 -0.333126
0.000000 0.000000 0.000000
0.006897 0.025471 -0.190875
0.098869 0.048594 -0.601145
0.294176 0.025471 -0.268094
0.008534 0.048594 -0.059301
0.279842 0.025471 -0.156236
-0.021613 0.025471 -0.137190
-0.090319 0.048594 0.209370
0.249146 0.025471 0.355951
-0.030792 0.048594 0.055589
0.280935 0.048594 0.595669
0.222528 0.048594 -0.451622
0.000000 0.000000 0.000000
0.133335 -0.223815 -0.707563
0.000000 0.000000 0.000000
0.343136 0.025471 -0.362185
0.000000 0.000000 0.000000
0.000000 0.000000 0.000000
0.000000 0.000000 0.000000
0.320658 0.048594 0.003690
0.321395 0.025471 -0.454614
0.045002 0.025471 -0.557907
0.000000 0.000000 0.000000
0.000000 0.000000 0.000000
0.000000 0.000000 0.000000
0.326615 0.025471 -0.049233
0.148442 0.048594 -0.736682
0.085103 0.048594 -0.034480
0.215332 0.014325 -0.703617
0.000000 0.000000 0.000000
0.155847 0.025471 -0.458330
0.000000 0.000000 0.000000
-0.116328 0.025471 0.022796
0.254523 0.025471 0.538104
0.000000 0.000000 0.000000
0.000000 0.000000 0.000000
0.225089 0.048594 -0.659469
0.153085 0.048594 0.473582
0.118476 0.025471 -0.191341
0.226456 0.048594 -0.415252
0.058189 0.048594 -0.123996
-0.056662 0.048594 -0.195522
0.268016 0.025471 -0.386838
0.249081 0.048594 0.474252
0.000000 0.000000 0.000000
0.000000 0.000000 0.000000
0.000000 0.000000 0.000000
0.153719 0.048594 -0.570069
0.055200 0.025471 -0.402211
0.103926 0.048594 0.389709
0.355778 0.025471 -0.130197
0.064334 0.048594 -0.315839
0.157515 0.025471 0.108563
0.154265 0.048594 0.291142
0.075320 0.048594 0.252566
0.000000 0.000000 0.000000
0.000000 0.000000 0.000000
0.288120 0.025471 -0.539165
0.210752 -0.530181 -0.694402
0.000000 0.000000 0.000000
0.000000 0.000000 0.000000
0.000000 0.000000 0.000000
0.370515 0.028925 -0.002535
0.140653 0.048594 -0.642542
0.000000 0.000000 0.000000
0.121199 0.048594 -0.156224
0.222269 0.048594 0.355385
0.000000 0.000000 0.000000
-0.021413 0.025471 -0.329939
0.034319 0.048594 0.078826
0.098537 0.025471 0.170048
0.000000 0.000000 0.000000
0.000000 0.000000 0.000000
0.000000 0.000000 0.000000
0.000000 0.000000 0.000000
0.112082 0.025471 0.127955
0.143820 0.025471 0.314513
0.152513 0.048594 -0.411233
0.000000 0.000000 0.000000
0.117039 0.025471 -0.489941
0.158561 0.025471 0.172604
0.201236 0.048594 -0.340819
0.000000 0.000000 0.000000
0.000000 0.000000 0.000000
0.118793 0.048594 -0.521000
0.223283 0.048594 0.624767
0.108555 0.048594 0.348366
0.216154 -0.605563 -0.713750
0.194572 -0.458978 -0.712703
0.004674 0.048594 0.014503
0.119186 -0.056757 -0.706675
0.183524 0.048594 0.503642
0.293155 0.025471 -0.415115
0.039461 0.048594 -0.188342
-0.024425 0.048594 -0.178320
0.000000 0.000000 0.000000
-0.059519 0.048594 -0.001258
0.000000 0.000000 0.000000
0.000000 0.000000 0.000000
0.083981 0.011597 -0.680388
0.041088 0.025471 -0.221764
0.000000 0.000000 0.000000
0.050695 -0.255380 -0.712745
0.000000 0.000000 0.000000
-0.042875 0.025471 0.225471
0.295323 0.048594 -0.132676
0.135098 0.025471 -0.254570
0.217841 0.048594 0.078505
0.000000 0.000000 0.000000
0.142129 -0.267258 -0.705693
0.000000 0.000000 0.000000
0.305769 0.048594 0.408805
0.000000 0.000000 0.000000
0.312071 0.025471 -0.223866
0.238004 0.025471 0.604233
0.301590 0.048594 0.115445
0.343741 0.026564 0.382148
-0.031062 0.025471 -0.060414
0.206145 -0.363828 -0.702301
0.090957 0.025471 -0.004586
0.074728 0.025471 0.207988
0.199266 0.048594 0.233005
0.000000 0.000000 0.000000
0.000000 0.000000 0.000000
-0.059625 0.048594 0.086293
0.000000 0.000000 0.000000
0.317214 0.025471 0.180752
-0.021480 0.025471 0.155118
0.251052 0.025471 -0.192280
0.210334 0.048594 0.130382
0.000000 0.000000 0.000000
0.151460 0.025471 0.064549
0.313877 0.025471 -0.370406
0.000000 0.000000 0.000000
0.000000 0.000000 0.000000
0.096184 0.048594 -0.458557
-0.110968 0.048594 0.123353
0.000000 0.000000 0.000000
0.209640 0.048594 0.448310
0.000000 0.000000 0.000000
0.225778 0.025471 0.316580
0.346673 0.048594 0.025473
0.083375 0.048594 -0.660731
0.269041 0.025471 0.403574
0.000000 0.000000 0.000000
0.240398 0.048594 -0.314171
0.068375 0.048594 0.127269
0.005487 0.025471 0.267385
0.207543 0.048594 -0.252393
0.242203 0.025471 0.006339
0.039873 0.048594 0.304934
0.151669 0.025471 -0.083020
0.274832 0.037649 -0.721919
0.306898 0.025471 0.575057
0.097798 0.025471 -0.365057
0.000000 0.000000 0.000000
0.000000 0.000000 0.000000
0.089705 0.025471 0.056472
0.000000 0.000000 0.000000
0.000000 0.000000 0.000000
0.000000 0.000000 0.000000
0.360310 0.028974 0.233719
0.071833 0.048594 -0.550963
-0.009695 0.048594 -0.351660
0.308390 0.048594 -0.562288
0.061412 0.025471 -0.095424
0.000000 0.000000 0.000000
0.000000 0.000000 0.000000
0.000000 0.000000 0.000000
0.063721 -0.211533 -0.707566
0.300225 0.048594 -0.452695
0.152749 0.048594 0.015903
0.278917 0.025471 0.040744
0.298425 0.025471 0.320579
0.312314 0.048594 -0.283345
-0.109317 0.025471 0.174485
0.000000 0.000000 0.000000
0.317048 0.048594 -0.063972
0.000000 0.000000 0.000000
0.000000 0.000000 0.000000
0.000000 0.000000 0.000000
0.048306 0.025471 0.245202
-0.020948 0.048594 0.304010
0.184543 0.025471 -0.289412
0.000000 0.000000 0.000000
0.112037 0.048594 -0.048898
0.261325 0.048594 -0.662521
0.104795 0.048594 -0.305695
0.000000 0.000000 0.000000
0.000000 0.000000 0.000000
0.188165 0.048594 -0.391456
0.000000 0.000000 0.000000
0.065316 0.048594 0.037183
0.000000 0.000000 0.000000
0.000000 0.000000 0.000000
0.030242 0.025471 -0.061867
0.085525 0.025471 -0.585645
0.332457 0.025471 0.294804
0.118221 0.025471 -0.125505
0.236680 0.025471 0.211454
0.241181 0.025471 -0.478890
0.103677 0.025471 0.242647
0.000000 0.000000 0.000000
0.000000 0.000000 0.000000
0.162491 0.025471 -0.119800
0.166480 0.011597 -0.690752
-0.005364 0.048594 -0.204763
0.000000 0.000000 0.000000
-0.125628 0.048594 0.192698
0.034824 0.048594 -0.026857
0.326162 0.048594 -0.194028
0.206647 0.025471 0.203895
-0.007654 0.048594 0.144445
0.000000 0.000000 0.000000
0.245699 0.025471 0.079439
0.216851 0.048594 -0.018481
0.170583 0.048594 -0.614667
0.178629 0.048594 0.571544
0.182107 0.025471 -0.261980
0.192237 0.025471 -0.610724
0.109368 0.025471 -0.725251
-0.039603 0.025471 -0.252706
0.325578 0.048594 0.493146
0.168995 -0.209702 -0.693220
0.190139 0.048594 -0.209963
0.051982 0.025471 0.337051
0.248925 0.048594 0.510722
0.180802 0.025471 0.277671
0.265050 0.048594 -0.584222
0.000000 0.000000 0.000000
0.248449 0.048594 -0.093538
0.000000 0.000000 0.000000
0.212145 0.048594 -0.063584
0.130544 0.048594 -0.446598
0.000000 0.000000 0.000000
0.000000 0.000000 0.000000
0.265688 0.025471 -0.345760
0.332027 0.044905 0.455945
0.000000 0.000000 0.000000
0.163820 0.048594 -0.173252
0.054790 0.025471 -0.004251
0.045469 0.025471 0.193550
0.000000 0.000000 0.000000
0.179089 0.048594 -0.244698
0.313000 0.025471 -0.023534
0.138300 0.048594 0.185931
0.236305 0.048594 0.035329
0.000000 0.000000 0.000000
-0.088903 0.048594 0.031607
0.000000 0.000000 0.000000
0.000000 0.000000 0.000000
0.192035 0.027519 -0.740952
0.214343 0.048594 -0.525908
0.093448 0.048594 -0.074292
0.192622 0.048594 -0.474523
0.000000 0.000000 0.000000
0.000000 0.000000 0.000000
0.132357 0.025471 0.019737
0.000000 0.000000 0.000000
0.000000 0.000000 0.000000
0.225121 0.025471 -0.339111
0.351020 0.025471 -0.286660
0.000000 0.000000 0.000000
0.130123 0.011597 -0.679397
0.195338 0.048594 0.285184
0.122261 0.048594 0.250434
0.000000 0.000000 0.000000
0.216040 0.025471 -0.635091
0.338017 0.033138 -0.420229
0.000000 0.000000 0.000000
0.290431 0.048594 0.463327
-0.020209 0.048594 -0.086095
0.228756 0.048594 -0.193788
0.000000 0.000000 0.000000
0.007896 0.025471 -0.372240
0.000000 0.000000 0.000000
0.000000 0.000000 0.000000
0.000000 0.000000 0.000000
0.000000 0.000000 0.000000
0.219818 0.048594 0.184640
-0.013859 0.048594 0.204492
0.293221 0.048594 0.356890
0.000000 0.000000 0.000000
0.000000 0.000000 0.000000
-0.024847 0.048594 -0.030903
0.070877 0.025471 -0.529583
0.124767 0.048594 0.298516
0.215937 0.048594 0.540242
0.000000 0.000000 0.000000
0.170159 0.048594 -0.692448
0.000000 0.000000 0.000000
0.000000 0.000000 0.000000
0.000000 0.000000 0.000000
0.021790 0.048594 -0.309107
0.000000 0.000000 0.000000
0.186156 0.048594 -0.440777
0.000000 0.000000 0.000000
0.000000 0.000000 0.000000
0.000000 0.000000 0.000000
0.335985 0.048594 0.108001
0.000000 0.000000 0.000000
0.127721 0.048594 -0.017218
0.108716 0.048594 -0.344954
0.000000 0.000000 0.000000
0.026951 -0.249756 -0.697627
0.000000 0.000000 0.000000
0.271639 0.025471 0.652260
0.037684 0.048594 -0.093426
0.042101 0.025471 0.367113
0.165253 0.048594 -0.301999
0.056902 0.025471 -0.446347
0.187490 0.025471 -0.088708
0.061201 0.025471 0.307624
0.000000 0.000000 0.000000
0.318325 0.025471 -0.307958
0.270718 0.048594 -0.027198
0.000000 0.000000 0.000000
-0.088548 0.025471 -0.059442
0.264197 0.048594 -0.406275
0.352922 0.048594 -0.219996
0.000000 0.000000 0.000000
0.000000 0.000000 0.000000
0.297136 0.048594 0.241909
-0.002673 0.048594 -0.111433
0.000000 0.000000 0.000000
0.000000 0.000000 0.000000
0.000000 0.000000 0.000000
0.000000 0.000000 0.000000
0.184265 0.048594 -0.509923
0.257784 0.048594 0.633994
0.162006 0.048594 0.236581
0.159117 0.025471 -0.022184
-0.028570 0.025471 -0.202742
0.000000 0.000000 0.000000
0.000000 0.000000 0.000000
0.208669 0.025471 -0.402428
0.285396 0.025471 0.518763
0.000000 0.000000 0.000000
0.011425 0.048594 0.052565
0.000000 0.000000 0.000000
0.257174 0.048594 0.133037
0.200914 -0.505268 -0.712056
0.348019 0.025471 0.200831
0.170923 -0.124687 -0.700017
0.000000 0.000000 0.000000
0.169944 0.025471 0.398314
0.068110 0.048594 -0.628584
0.127506 0.025471 0.402210
0.000000 0.000000 0.000000
0.000000 0.000000 0.000000
0.213912 0.025471 -0.310749
0.132382 0.025471 -0.709661
0.221400 0.025471 -0.130032
0.000000 0.000000 0.000000
0.000000 0.000000 0.000000
0.216507 -0.643364 -0.717127
-0.072354 0.048594 0.147656
0.054687 0.025471 -0.348064
0.000000 0.000000 0.000000
0.079893 0.048594 -0.148677
0.297781 0.048594 -0.486499
0.140133 -0.008121 -0.720039
0.000000 0.000000 0.000000
-0.073498 0.025471 0.222357
0.000000 0.000000 0.000000
0.297682 0.025471 -0.507621
0.054251 0.025471 -0.254329
0.296462 0.025471 -0.084074
0.227304 -0.544054 -0.717195
0.000000 0.000000 0.000000
0.000000 0.000000 0.000000
0.197459 0.048594 0.031566
0.000000 0.000000 0.000000
-0.034909 0.048594 -0.126033
0.000000 0.000000 0.000000
0.000000 0.000000 0.000000
0.097452 0.048594 0.274472
0.106434 0.048594 0.141374
0.144828 0.025471 -0.395266
0.000000 0.000000 0.000000
0.000000 0.000000 0.000000
0.000000 0.000000 0.000000
0.000000 0.000000 0.000000
0.000000 0.000000 0.000000
0.196005 0.025471 0.138694
0.093329 -0.035800 -0.706682
0.276841 0.048594 -0.185464
0.000000 0.000000 0.000000
0.362587 0.048594 0.077021
0.236910 0.025471 -0.273073
0.076150 -0.274134 -0.705691
-0.109297 0.025471 0.076760
0.178236 0.048594 0.376376
0.071034 0.048594 0.079139
0.000000 0.000000 0.000000
0.108555 0.025471 0.196419
0.017186 0.048594 0.380896
0.320784 0.048594 0.323488
0.000000 0.000000 0.000000
0.000000 0.000000 0.000000
0.000000 0.000000 0.000000
0.000000 0.000000 0.000000
0.172608 0.048594 0.447953
0.314739 0.025471 0.349727
0.000000 0.000000 0.000000
0.000000 0.000000 0.000000
0.000000 0.000000 0.000000
0.270512 0.048594 0.301647
0.268696 0.048594 -0.478345
-0.033280 0.025471 0.080453
-0.104243 0.048594 -0.053790
0.027624 0.025471 -0.419876
0.000000 0.000000 0.000000
-0.008828 0.048594 0.108643
0.000000 0.000000 0.000000
0.269594 0.048594 0.266425
-0.028572 0.048594 0.021829
0.086696 0.048594 0.104127
0.195346 0.025471 -0.543055
0.000000 0.000000 0.000000
