-0.478517 0.196691 -0.557306
0.000000 0.000000 0.000000
0.000000 0.000000 0.000000
-0.544414 -0.241773 0.329063
0.000000 0.000000 0.000000
0.020492 -0.244276 -0.667272
-0.428370 0.133641 0.073817
-0.356445 -0.244276 -0.273838
0.000000 0.000000 0.000000
0.000000 0.000000 0.000000
0.000000 0.000000 0.000000
-0.013438 -0.244276 0.111220
-0.074194 -0.081814 -0.482128
-0.168063 0.451988 -0.723971
-0.544414 -0.210396 -0.668972
-0.064504 -0.081814 0.214946
0.000000 0.000000 0.000000
0.333396 -0.244276 0.346488
-0.550216 0.011567 -0.153330
0.114682 -0.081814 0.269353
0.000000 0.000000 0.000000
-0.280024 -0.244276 -0.303220
0.165974 -0.244276 -0.367903
-0.243389 0.027198 -0.726499
-0.225100 -0.081814 -0.077929
-0.484979 0.447052 -0.726499
0.000000 0.000000 0.000000
0.000000 0.000000 0.000000
-0.423655 0.069282 -0.333103
-0.385809 -0.238739 0.724047
-0.544414 0.091915 0.355844
0.000000 0.000000 0.000000
-0.533816 -0.244276 0.704547
-0.318473 -0.244276 0.073400
-0.394691 -0.049439 0.349493
0.000000 0.000000 0.000000
-0.206466 -0.244276 0.377950
0.000000 0.000000 0.000000
0.286687 -0.244276 0.167787
0.000000 0.000000 0.000000
-0.544414 -0.166092 0.107632
-0.179684 0.211408 -0.591654
-0.295765 -0.244276 -0.724580
0.000000 0.000000 0.000000
-0.106758 -0.081814 0.439008
-0.544414 -0.183646 -0.385842
-0.019815 -0.244276 -0.187256
0.000000 0.000000 0.000000
0.000000 0.000000 0.000000
0.033159 -0.081814 -0.241864
0.000000 0.000000 0.000000
-0.550216 0.090933 0.071376
-0.330597 -0.081814 -0.519851
0.055008 -0.244276 0.279763
-0.515396 0.040003 -0.726499
0.000000 0.000000 0.000000
0.000000 0.000000 0.000000
0.163905 -0.244276 -0.051944
0.000000 0.000000 0.000000
0.000000 0.000000 0.000000
0.000000 0.000000 0.000000
0.000000 0.000000 0.000000
-0.544414 -0.163234 0.400150
0.000000 0.000000 0.000000
-0.472301 0.208532 -0.136849
0.000000 0.000000 0.000000
-0.148379 -0.244276 -0.488939
-0.534069 -0.244276 -0.056924
0.000000 0.000000 0.000000
-0.374984 0.237073 -0.726499
-0.393931 -0.244276 0.535897
0.080885 -0.081814 -0.012209
-0.544414 0.142357 -0.344394
-0.428370 0.174730 0.285981
-0.550216 -0.028946 0.607618
-0.376156 -0.244276 -0.503678
0.000000 0.000000 0.000000
0.191597 -0.244276 0.480499
0.000000 0.000000 0.000000
-0.550216 0.044705 -0.552676
-0.360494 -0.081814 0.120796
-0.286864 -0.081814 -0.274820
-0.057985 0.038349 -0.577442
0.000000 0.000000 0.000000
0.270589 -0.081814 0.066670
-0.198591 -0.244276 0.607766
0.000000 0.000000 0.000000
-0.030075 -0.081814 -0.313976
-0.285745 -0.244276 -0.132407
-0.544414 0.251127 -0.719068
-0.118033 -0.081814 -0.051633
0.120401 -0.244276 -0.492507
0.000000 0.000000 0.000000
-0.544414 -0.173449 0.477965
0.181487 -0.244276 -0.260363
-0.405451 -0.016742 -0.050821
0.000000 0.000000 0.000000
-0.198603 -0.244276 -0.016632
-0.428370 0.121402 0.225682
0.145744 -0.244276 0.024916
0.000000 0.000000 0.000000
-0.332110 0.097575 -0.585835
-0.382023 -0.108351 -0.726499
-0.208308 -0.244276 0.244154
0.000000 0.000000 0.000000
-0.078853 -0.125534 -0.726499
-0.428727 0.201435 -0.455219
0.002165 -0.244276 0.453007
-0.542797 -0.244276 0.082065
-0.221694 -0.081814 0.319952
0.000000 0.000000 0.000000
0.000000 0.000000 0.000000
0.000000 0.000000 0.000000
0.000000 0.000000 0.000000
-0.550216 -0.016793 0.231158
0.000000 0.000000 0.000000
-0.209993 0.259602 -0.703291
0.000000 0.000000 0.000000
-0.471041 -0.244276 -0.318202
0.000000 0.000000 0.000000
-0.420467 0.048542 -0.138844
-0.346965 -0.081814 0.532033
0.000000 0.000000 0.000000
-0.240680 -0.081814 0.129915
0.000000 0.000000 0.000000
0.000000 0.000000 0.000000
0.000000 0.000000 0.000000
-0.200984 -0.081814 -0.435411
-0.015172 0.187951 -0.587249
-0.556019 -0.121748 -0.232171
0.000000 0.000000 0.000000
0.071370 -0.081814 -0.452884
0.000000 0.000000 0.000000
-0.110016 0.138974 -0.726499
-0.550216 -0.011654 -0.393394
0.000000 0.000000 0.000000
-0.125749 -0.081814 0.321429
-0.348748 -0.244276 0.293725
0.139657 -0.244276 0.203147
-0.547673 0.196691 0.181055
0.000000 0.000000 0.000000
-0.550216 0.052207 0.508489
-0.141599 -0.244276 -0.610625
-0.550096 0.196691 -0.043392
-0.544414 -0.061674 -0.007603
-0.551497 -0.059675 -0.683959
0.000000 0.000000 0.000000
0.004573 -0.081814 0.141317
0.000000 0.000000 0.000000
0.000000 0.000000 0.000000
-0.117337 -0.244276 -0.293033
0.001598 -0.244276 -0.364415
0.292664 -0.244276 0.021072
-0.324082 0.371310 -0.703291
0.018038 -0.131663 -0.726499
-0.544414 -0.185346 -0.192937
0.000000 0.000000 0.000000
-0.544414 -0.107951 -0.539362
-0.389840 -0.062614 -0.157769
-0.497441 0.196691 -0.294929
-0.197528 -0.116354 -0.726499
-0.444107 -0.173538 -0.726499
-0.045579 -0.244276 -0.030683
0.000000 0.000000 0.000000
0.000000 0.000000 0.000000
-0.220540 0.009298 -0.571218
-0.410858 -0.244276 0.200343
0.000000 0.000000 0.000000
0.000000 0.000000 0.000000
-0.312101 0.219951 -0.602947
-0.465339 0.216598 0.022847
-0.544414 -0.149871 0.267680
-0.543791 0.196691 0.333731
-0.232264 -0.081814 0.512282
-0.052150 -0.244276 0.209387
-0.344589 -0.244276 -0.191141
-0.391803 -0.057424 -0.373650
0.245580 -0.081814 -0.070811
0.000000 0.000000 0.000000
0.000000 0.000000 0.000000
-0.414566 0.019065 -0.502500
-0.023512 -0.081814 0.064873
0.000000 0.000000 0.000000
0.000000 0.000000 0.000000
0.000000 0.000000 0.000000
-0.363606 0.043467 -0.726499
0.000000 0.000000 0.000000
0.000000 0.000000 0.000000
0.037411 -0.035809 -0.558339
-0.136249 -0.037087 -0.557936
0.000000 0.000000 0.000000
0.203492 -0.081814 0.149321
0.000000 0.000000 0.000000
-0.035700 -0.244276 -0.544226
0.352594 -0.244276 0.218202
-0.108007 0.341384 -0.703291
0.000000 0.000000 0.000000
0.093371 -0.081814 -0.108636
-0.445909 -0.244276 -0.583580
-0.274212 -0.244276 -0.650152
-0.091025 -0.081814 -0.205744
0.000000 0.000000 0.000000
-0.137041 -0.244276 0.105612
0.000000 0.000000 0.000000
-0.152769 -0.244276 -0.156930
0.064577 -0.244276 -0.120124
-0.069262 0.159833 -0.587249
0.000000 0.000000 0.000000
-0.445945 0.196691 -0.666856
-0.320702 -0.244276 -0.433042
-0.265243 -0.081814 0.049956
-0.085757 -0.244276 0.321945
-0.544414 -0.167465 0.602585
-0.556019 -0.041109 0.343730
-0.530332 -0.244276 -0.521172
-0.544414 -0.002743 -0.283974
0.000000 0.000000 0.000000
-0.353010 -0.244276 0.425547
-0.544414 -0.209864 0.160661
-0.261860 0.157786 -0.726499
-0.118500 -0.244276 0.497311
-0.544414 -0.051447 0.511467
-0.010609 -0.081814 0.276631
0.196328 -0.244276 0.327869
0.000000 0.000000 0.000000
-0.474786 0.196711 0.183284
-0.510309 -0.125919 0.724047
0.000000 0.000000 0.000000
0.000000 0.000000 0.000000
0.000000 0.000000 0.000000
-0.552789 0.127066 -0.679835
-0.224746 -0.244276 0.507611
-0.011380 -0.244276 -0.487843
-0.477795 -0.244276 -0.184438
-0.366215 -0.081814 0.239624
0.000000 0.000000 0.000000
-0.449517 -0.244276 0.621879
-0.081996 0.010780 -0.726499
-0.377832 -0.244276 -0.059010
-0.556019 0.135277 -0.189910
0.000000 0.000000 0.000000
0.000000 0.000000 0.000000
0.000000 0.000000 0.000000
0.000000 0.000000 0.000000
0.000000 0.000000 0.000000
-0.414128 0.350267 -0.703291
0.000000 0.000000 0.000000
-0.166296 -0.234143 -0.726499
-0.550216 -0.039041 0.110870
0.000000 0.000000 0.000000
-0.414790 0.020047 0.035265
0.177583 -0.081814 0.065001
-0.428370 0.119900 -0.574443
0.000000 0.000000 0.000000
-0.324234 -0.244276 0.629562
-0.556019 0.141264 -0.561399
0.000000 0.000000 0.000000
-0.419733 0.044614 0.303200
-0.421671 0.055773 0.168847
0.287773 -0.081814 0.209447
0.000000 0.000000 0.000000
0.000000 0.000000 0.000000
-0.399986 -0.034138 0.468549
-0.215864 -0.244276 -0.393879
-0.148012 -0.081814 0.063130
-0.428370 0.157576 -0.067482
0.000000 0.000000 0.000000
0.000000 0.000000 0.000000
0.000000 0.000000 0.000000
-0.247026 -0.244276 -0.245843
0.171701 -0.081814 -0.202687
0.072641 -0.081814 -0.341852
-0.293495 -0.244276 0.181092
-0.069274 0.236081 -0.703291
0.000000 0.000000 0.000000
-0.542143 0.196691 -0.444192
-0.267729 -0.244276 -0.522734
0.054985 -0.244276 -0.244765
-0.544414 -0.148137 -0.088592
-0.556019 0.067855 -0.023264
0.067029 -0.244276 0.496662
0.000000 0.000000 0.000000
-0.214800 -0.081814 0.389362
0.000000 0.000000 0.000000
-0.202020 -0.081814 -0.204836
-0.490523 -0.244276 0.460673
-0.239103 0.371973 -0.726499
0.000000 0.000000 0.000000
-0.402060 -0.027553 -0.259579
0.000000 0.000000 0.000000
-0.023329 -0.081814 -0.086549
-0.472485 -0.244276 -0.428395
-0.343915 -0.081814 0.413402
-0.544414 0.081057 -0.446802
0.000000 0.000000 0.000000
-0.323318 -0.081814 -0.050603
0.334369 -0.081814 0.160011
-0.025023 -0.244276 0.562028
-0.550216 0.093238 0.227749
0.000000 0.000000 0.000000
-0.428370 0.185743 -0.220966
0.083789 -0.244276 0.077986
0.185998 -0.244276 -0.157037
-0.412111 0.220506 -0.604275
0.000000 0.000000 0.000000
0.000000 0.000000 0.000000
0.000000 0.000000 0.000000
-0.529161 0.361176 -0.703291
-0.036791 -0.237580 -0.726499
-0.184100 -0.081814 -0.310160
-0.385101 0.451988 -0.721067
0.103995 -0.244276 0.377758
-0.240240 -0.244276 0.083705
-0.391177 -0.059155 -0.440875
0.047938 -0.244276 0.152581
-0.422413 -0.244276 0.084149
0.000000 0.000000 0.000000
-0.442102 -0.244276 0.289134
-0.476574 -0.051859 -0.726499
0.000000 0.000000 0.000000
0.000000 0.000000 0.000000
-0.550980 0.196691 0.239955
-0.466777 0.215437 0.128001
-0.253616 -0.244276 0.698458
-0.428370 0.142754 -0.310070
0.000000 0.000000 0.000000
-0.426042 0.089070 -0.448571
-0.278111 -0.084813 -0.726499
-0.292690 -0.081814 -0.350901
0.000000 0.000000 0.000000
-0.439955 -0.244276 -0.078639
-0.390640 0.143976 -0.726499
0.017141 0.137084 -0.587249
0.000000 0.000000 0.000000
-0.287432 -0.081814 -0.152734
-0.544414 0.057882 -0.328278
-0.420739 0.049996 0.370128
0.000000 0.000000 0.000000
0.000000 0.000000 0.000000
-0.227675 -0.076320 -0.543088
-0.498881 -0.244276 -0.695926
-0.517181 0.196691 -0.230326
-0.043244 -0.054714 -0.551662
-0.544414 -0.152003 0.035792
0.000000 0.000000 0.000000
0.000000 0.000000 0.000000
0.000000 0.000000 0.000000
-0.115063 -0.244276 -0.389515
-0.550216 0.003389 0.421395
-0.359039 -0.244276 -0.601265
0.000000 0.000000 0.000000
-0.419093 0.041188 -0.234054
0.053653 -0.244276 -0.011121
-0.287672 -0.244276 -0.033666
0.000000 0.000000 0.000000
0.000000 0.000000 0.000000
0.243423 -0.244276 0.066527
-0.136429 0.092850 -0.585326
-0.114051 -0.081814 -0.369827
-0.294485 -0.161102 -0.726499
-0.376887 0.006982 -0.570689
-0.129711 -0.081814 0.258284
-0.544414 -0.099189 -0.449521
0.000000 0.000000 0.000000
-0.544414 -0.024185 -0.494183
-0.083518 0.422541 -0.726499
0.197336 -0.244276 0.155908
0.000000 0.000000 0.000000
0.000000 0.000000 0.000000
0.000000 0.000000 0.000000
-0.082970 -0.244276 -0.085390
0.000000 0.000000 0.000000
-0.015053 -0.244276 0.356693
-0.385707 -0.072673 0.015782
-0.291719 0.245948 -0.703291
0.000000 0.000000 0.000000
-0.275218 -0.081814 0.221371
0.000000 0.000000 0.000000
-0.444158 -0.211916 0.724047
0.000000 0.000000 0.000000
-0.550216 0.074052 0.442309
-0.495463 0.177006 -0.726499
-0.425299 0.082162 -0.015545
-0.399621 -0.035297 0.190948
0.000000 0.000000 0.000000
0.000000 0.000000 0.000000
-0.550216 0.115517 -0.101432
0.000000 0.000000 0.000000
0.000000 0.000000 0.000000
-0.550216 -0.101304 -0.172530
-0.544414 -0.080352 0.653830
-0.544414 0.012963 -0.627246
-0.556019 -0.114241 -0.331735
-0.248255 0.099282 -0.586019
0.000000 0.000000 0.000000
0.000000 0.000000 0.000000
-0.172748 -0.032383 -0.726499
-0.444107 0.265214 -0.703291
0.000000 0.000000 0.000000
-0.535134 -0.244276 -0.361742
-0.153352 0.087234 -0.726499
-0.544414 0.168216 0.068709
-0.556019 0.187427 0.432823
-0.550216 -0.104697 0.550034
-0.544414 0.037813 0.280499
-0.553660 0.196691 -0.612030
-0.309756 0.019803 -0.726499
-0.544414 -0.130277 -0.694220
0.000000 0.000000 0.000000
0.000000 0.000000 0.000000
0.000000 0.000000 0.000000
0.086742 -0.244276 -0.398713
-0.384306 -0.241736 -0.726499
-0.098689 -0.244276 0.620572
0.000000 0.000000 0.000000
-0.550216 0.059088 0.154807
0.236859 -0.244276 0.238563
0.101860 -0.081814 0.105893
-0.044908 -0.081814 0.366131
0.000000 0.000000 0.000000
0.000000 0.000000 0.000000
0.000000 0.000000 0.000000
0.000000 0.000000 0.000000
0.000000 0.000000 0.000000
-0.079549 -0.244276 0.412005
-0.227071 0.451988 -0.706845
-0.152382 -0.244276 0.341041
-0.544414 -0.174545 -0.291897
-0.020075 0.116957 -0.726499
0.183016 -0.081814 0.237246
0.000000 0.000000 0.000000
-0.544414 -0.161314 -0.602876
0.000000 0.000000 0.000000
-0.401963 -0.244276 -0.676398
0.000000 0.000000 0.000000
0.000000 0.000000 0.000000
-0.428370 0.139528 -0.146014
-0.315751 -0.081814 0.315415
-0.167851 0.191255 -0.726499
0.000000 0.000000 0.000000
0.001118 -0.081814 -0.419238
-0.513064 -0.244276 0.219858
-0.005003 -0.048861 -0.726499
0.000000 0.000000 0.000000
-0.528754 0.196691 -0.107830
-0.116407 -0.244276 0.031493
0.000000 0.000000 0.000000
-0.550216 -0.104089 0.169390
-0.419073 -0.244276 0.372614
0.000000 0.000000 0.000000
0.000000 0.000000 0.000000
-0.268272 -0.244276 0.439872
-0.099121 0.196691 -0.679225
-0.152053 -0.081814 0.173031
0.000000 0.000000 0.000000
-0.289881 -0.244276 0.266031
0.000000 0.000000 0.000000
-0.406015 -0.014657 0.100346
-0.554667 0.014288 0.037059
0.000000 0.000000 0.000000
0.083990 -0.244276 -0.321736
-0.544414 -0.050946 -0.076013
-0.254600 -0.081814 0.431945
0.000000 0.000000 0.000000
-0.544414 -0.218141 -0.582617
0.000000 0.000000 0.000000
-0.022663 -0.244276 -0.274347
-0.215606 -0.244276 -0.540371
0.000000 0.000000 0.000000
0.000000 0.000000 0.000000
-0.428370 0.159060 0.006802
0.000000 0.000000 0.000000
0.000000 0.000000 0.000000
-0.544414 -0.105744 0.435034
-0.291099 -0.244276 0.377019
-0.555820 0.144740 0.366252
-0.012693 -0.081814 -0.171588
0.000000 0.000000 0.000000
0.000000 0.000000 0.000000
-0.554452 0.145827 -0.010897
-0.534789 -0.244276 -0.283414
-0.246447 0.187795 -0.587249
0.000000 0.000000 0.000000
0.000000 0.000000 0.000000
-0.334393 -0.244276 -0.358186
-0.382490 -0.080504 -0.271114
0.000000 0.000000 0.000000
0.000000 0.000000 0.000000
-0.407058 -0.033756 -0.726499
-0.453081 -0.244276 -0.262223
-0.550216 0.035265 0.603455
-0.544414 -0.215595 0.550217
-0.056386 -0.244276 0.480546
-0.428370 0.153697 -0.403169
0.000000 0.000000 0.000000
-0.071927 -0.081814 0.139636
-0.296096 0.451988 -0.722135
-0.550216 0.099940 -0.262576
-0.479276 -0.244276 0.024354
-0.427248 0.100506 0.337589
0.000000 0.000000 0.000000
-0.544414 0.062476 -0.107721
-0.045745 -0.244276 -0.619684
0.000000 0.000000 0.000000
-0.428370 0.154954 0.144418
-0.544414 -0.057715 -0.567774
0.000000 0.000000 0.000000
0.000000 0.000000 0.000000
-0.419102 0.041233 0.456567
-0.302709 0.010136 -0.571409
0.037006 -0.244276 -0.588864
0.000000 0.000000 0.000000
0.000000 0.000000 0.000000
-0.259187 0.320922 -0.703291
0.000000 0.000000 0.000000
0.184891 -0.244276 0.409256
0.000000 0.000000 0.000000
-0.112500 -0.244276 -0.683336
0.000000 0.000000 0.000000
-0.473194 0.206066 -0.055729
0.100791 -0.081814 0.192680
0.000000 0.000000 0.000000
-0.099787 -0.244276 -0.227254
-0.432429 0.210923 -0.351117
-0.316714 -0.244276 0.537676
-0.505865 0.196691 -0.382563
-0.088202 -0.081814 -0.126881
-0.550216 -0.034540 -0.211109
-0.556019 0.142031 0.472739
-0.413376 0.013844 -0.424819
-0.180601 0.334341 -0.703291
0.045556 -0.081814 -0.158741
0.000000 0.000000 0.000000
0.000000 0.000000 0.000000
0.155692 -0.081814 -0.034367
-0.016689 -0.244276 0.279214
-0.239839 0.196691 -0.672217
-0.200532 -0.244276 -0.668829
0.000000 0.000000 0.000000
-0.550216 -0.080494 0.063605
0.003255 -0.081814 -0.505264
0.000000 0.000000 0.000000
-0.182647 -0.244276 -0.254439
0.252852 -0.244276 -0.055330
-0.546394 0.015265 0.346909
0.096936 -0.081814 -0.278239
-0.386384 0.388934 -0.726499
-0.544414 -0.219636 -0.129905
0.289704 -0.244276 0.280413
-0.336771 -0.081814 -0.200486
-0.466044 0.093722 -0.726499
0.000000 0.000000 0.000000
-0.146371 -0.244276 0.425211
-0.079416 -0.244276 0.147207
0.000000 0.000000 0.000000
-0.473730 0.204587 0.306680
-0.550216 -0.079422 0.296388
0.000000 0.000000 0.000000
-0.086856 -0.081814 0.019887
0.000000 0.000000 0.000000
-0.036015 -0.081814 -0.236802
-0.199882 -0.081814 0.237436
0.000000 0.000000 0.000000
0.000000 0.000000 0.000000
-0.539889 -0.244276 0.632441
0.000000 0.000000 0.000000
-0.054833 -0.244276 0.055169
0.000000 0.000000 0.000000
-0.476756 0.328050 -0.726499
0.000000 0.000000 0.000000
-0.356320 0.302662 -0.703291
0.169567 -0.081814 -0.109207
0.000000 0.000000 0.000000
-0.551962 -0.128231 -0.030987
-0.544414 -0.228204 0.403832
-0.428065 -0.244276 0.444497
0.000000 0.000000 0.000000
-0.048687 0.347685 -0.703291
-0.550216 -0.013417 0.552875
0.161869 -0.244276 0.266865
-0.107726 -0.244276 -0.562655
-0.481326 -0.244276 0.128447
-0.555253 0.003790 -0.037165
0.126676 -0.244276 -0.199821
0.000000 0.000000 0.000000
0.000000 0.000000 0.000000
0.000000 0.000000 0.000000
-0.093249 -0.192260 -0.726499
0.288371 -0.081814 0.008152
-0.550216 0.063864 -0.205761
0.000000 0.000000 0.000000
0.000000 0.000000 0.000000
0.000000 0.000000 0.000000
-0.337864 0.196691 -0.667300
0.000000 0.000000 0.000000
-0.180655 -0.081814 -0.136905
0.000000 0.000000 0.000000
-0.428370 0.183820 0.361979
0.000000 0.000000 0.000000
-0.175090 -0.081814 0.465703
0.000000 0.000000 0.000000
-0.544414 0.085922 -0.622983
0.040432 -0.081814 0.072692
0.000000 0.000000 0.000000
-0.553517 0.110231 0.313694
-0.438725 -0.244276 -0.498166
0.000000 0.000000 0.000000
-0.555042 -0.021122 -0.326152
-0.362962 0.148206 -0.587249
-0.386976 -0.069584 -0.077352
0.000000 0.000000 0.000000
0.000000 0.000000 0.000000
-0.383370 -0.166373 -0.726499
0.000000 0.000000 0.000000
-0.121741 0.213769 -0.627576
0.000000 0.000000 0.000000
-0.327443 -0.244276 0.719097
0.000000 0.000000 0.000000
-0.142398 0.398467 -0.703291
-0.550216 0.126389 0.180995
-0.386398 -0.244276 -0.118860
-0.542515 0.196691 -0.680617
-0.146421 -0.081814 -0.502664
-0.405548 -0.244276 -0.367806
-0.421748 0.056292 0.096399
-0.100803 -0.057267 -0.726499
-0.544414 -0.178279 0.719160
0.000000 0.000000 0.000000
-0.439228 0.217738 0.237639
0.127274 -0.244276 0.513921
-0.556019 0.183563 -0.496601
-0.395012 -0.048552 -0.512360
-0.544414 0.433547 -0.705915
0.057192 -0.244276 -0.540264
0.000000 0.000000 0.000000
-0.301415 -0.081814 -0.475823
-0.240092 -0.244276 -0.459770
0.033326 -0.244276 -0.435470
0.000000 0.000000 0.000000
0.000000 0.000000 0.000000
-0.428370 0.119725 -0.244029
-0.240339 -0.081814 -0.012474
0.000000 0.000000 0.000000
-0.051485 -0.244276 -0.433245
-0.547498 -0.102317 0.366252
-0.382171 -0.244276 0.615582
-0.531501 -0.244276 -0.205100
0.043101 -0.081814 0.219190
-0.152127 -0.244276 -0.088391
0.056940 -0.081814 0.306523
0.000000 0.000000 0.000000
0.000000 0.000000 0.000000
-0.544414 -0.241078 -0.429594
0.000000 0.000000 0.000000
0.033419 -0.244276 0.039417
-0.159807 0.025207 -0.574844
0.000000 0.000000 0.000000
0.113582 -0.081814 0.337034
0.000000 0.000000 0.000000
-0.544414 0.048833 0.191766
-0.550216 -0.053326 -0.137731
-0.428370 0.158523 -0.506263
-0.119115 -0.244276 0.222694
-0.146802 -0.244276 0.171949
-0.550216 0.048472 -0.671851
-0.544414 -0.158410 -0.509987
0.002485 0.071329 -0.582834
-0.030682 -0.081814 -0.008897
-0.318530 0.208099 -0.726499
-0.544414 -0.106049 0.224300
-0.550216 -0.071002 -0.623817
0.000000 0.000000 0.000000
0.000000 0.000000 0.000000
0.000000 0.000000 0.000000
0.268414 -0.244276 0.357766
0.000000 0.000000 0.000000
-0.138206 0.146806 -0.587249
0.077239 -0.081814 -0.532078
-0.216926 -0.244276 0.309349
-0.078051 -0.244276 -0.495779
-0.411686 0.006430 -0.312484
-0.204995 -0.244276 -0.330970
-0.354338 -0.244276 0.358420
-0.426497 0.093303 -0.083777
-0.544414 -0.144863 0.669253
-0.327514 0.149977 -0.726499
-0.550216 0.003343 0.476308
0.000000 0.000000 0.000000
0.000000 0.000000 0.000000
-0.397633 -0.244276 -0.441205
-0.303133 0.085481 -0.726499
-0.495714 -0.244276 -0.122871
-0.556019 0.140752 -0.236298
0.000000 0.000000 0.000000
0.000000 0.000000 0.000000
-0.340372 -0.081814 -0.410789
-0.525932 0.196691 0.111020
-0.544414 0.003935 0.080669
0.000000 0.000000 0.000000
0.000000 0.000000 0.000000
-0.240341 -0.244276 -0.089502
0.000000 0.000000 0.000000
0.000000 0.000000 0.000000
0.000000 0.000000 0.000000
-0.240870 -0.244276 0.146569
0.000000 0.000000 0.000000
-0.434640 0.214025 0.071406
-0.305862 -0.081814 0.465163
-0.244066 -0.029028 -0.726499
-0.335089 -0.081814 0.052934
0.014840 -0.244276 0.207372
-0.398320 -0.244276 -0.225986
-0.161324 -0.081814 -0.009672
-0.065461 -0.244276 -0.329835
-0.119094 -0.081814 -0.433476
0.000000 0.000000 0.000000
-0.017193 0.037475 -0.726499
