-0.029716 -0.460421 0.800238
-0.203976 0.076825 0.512650
0.281008 0.076825 0.830822
0.286375 0.040633 0.183039
-0.245090 0.076825 -0.060506
-0.102802 -0.122623 0.820027
-0.286868 0.065955 -0.519808
-0.014332 0.038609 0.253697
0.160738 0.076825 -0.164353
0.169993 0.076825 0.523487
0.063795 0.067309 0.857033
0.074730 -0.299765 0.816773
-0.121131 0.076825 -0.281584
-0.286868 0.040143 0.220564
0.215999 0.038609 -0.199832
0.064425 0.038609 0.758403
-0.130112 0.076825 -0.494979
-0.224575 0.076825 0.801669
-0.032448 0.038609 -0.007543
0.073698 0.076825 0.043951
-0.148438 0.038609 0.649228
0.068362 -0.099303 0.832626
0.000000 0.000000 0.000000
0.148082 -0.496595 0.825459
-0.118699 -0.356916 0.814566
-0.172835 0.019299 0.425031
0.161637 0.038609 0.014679
-0.005906 0.038609 0.498482
0.168603 0.076825 0.598928
0.196811 0.019299 0.379101
0.098441 0.076825 0.320326
-0.064103 0.076825 0.602668
-0.286868 0.058431 -0.309822
-0.106281 0.076825 0.360059
-0.124051 0.076825 0.119691
0.031781 0.076825 -0.357968
-0.164506 0.022293 -0.131072
-0.057261 0.076825 -0.059543
0.246991 0.076825 -0.001883
-0.219718 -0.496595 0.827381
-0.215494 0.038609 0.026951
-0.098047 0.038609 0.805302
0.045288 0.038609 -0.275767
0.248336 0.076825 0.480856
0.051908 0.038609 0.339809
-0.064955 0.076825 -0.375711
-0.008993 0.076825 -0.176395
0.203024 0.038609 0.689042
-0.167665 0.019368 -0.441062
0.122843 0.038609 0.159893
-0.040386 0.038609 -0.396973
0.000000 0.000000 0.000000
0.156679 0.076825 0.165844
-0.117615 0.076825 0.038911
-0.066406 0.076825 0.759498
0.274961 0.076825 0.326584
0.083963 0.076825 0.197355
0.007991 0.038609 0.101236
-0.147856 0.076825 -0.392108
-0.229343 0.076825 0.665778
0.022465 0.038609 0.744317
-0.286868 0.053981 0.375696
0.249109 0.076825 -0.159994
-0.146533 0.038609 0.234354
-0.245260 0.038609 -0.172597
-0.242334 0.038609 0.572078
-0.020027 -0.229111 0.799927
0.156073 0.076825 0.752030
-0.286868 0.052129 0.075205
0.115893 0.038609 0.003582
0.005832 0.076825 0.462807
-0.186199 -0.001840 0.799708
0.061269 0.076825 0.653865
-0.177317 0.076825 0.257020
0.095890 0.038609 -0.141597
0.114792 0.038609 0.568362
-0.080587 0.038609 0.377817
-0.237424 0.076825 0.109665
0.159832 -0.017493 0.799708
-0.158469 0.076825 -0.164085
-0.075283 0.038609 0.507313
-0.022694 0.076825 0.023126
0.245042 0.038609 0.459030
0.099244 0.038609 -0.304614
0.115117 -0.402243 0.837924
0.183603 0.076825 0.424746
0.286375 0.065681 0.629514
-0.245735 0.038609 0.717547
0.160262 0.062104 0.857033
0.000000 0.000000 0.000000
0.109896 0.038609 0.420303
0.189201 0.019299 0.255863
0.134916 0.076825 -0.066831
0.239949 0.038609 0.741370
0.046965 0.076825 0.306989
0.061714 -0.462317 0.837839
0.242689 0.038609 -0.072430
-0.192441 0.019299 -0.317208
-0.110826 0.038609 -0.184345
-0.157339 0.076825 0.427517
-0.052314 0.038609 0.180033
0.216011 0.038609 0.111560
-0.050632 0.038609 -0.113855
0.137071 0.038609 0.249331
0.084380 0.076825 -0.246199
-0.186659 0.076825 -0.503156
-0.286868 0.041268 0.483526
-0.008204 0.076825 0.134644
0.075632 0.076825 -0.095342
-0.144171 -0.422244 0.799708
-0.132957 0.076825 0.494489
0.018080 0.038609 0.620411
-0.249450 0.076825 -0.212599
0.097979 0.076825 0.622399
-0.051375 0.076825 -0.195347
-0.265829 0.076825 -0.421696
-0.087805 0.038609 -0.437733
-0.176843 0.019299 -0.064322
-0.196623 0.038609 0.331436
0.178716 -0.468168 0.837924
0.252644 0.076825 0.098332
-0.202341 0.038609 -0.526426
-0.189513 0.076825 0.047451
-0.155942 0.076825 0.753200
-0.136703 0.038609 0.758772
-0.286868 0.043370 0.809207
0.273124 0.038609 0.326098
-0.116708 -0.483934 0.837924
0.243934 0.076825 0.675640
-0.056579 0.038609 0.685606
-0.088730 0.076825 0.850567
-0.235251 0.076825 -0.278445
0.007054 0.000067 0.824501
0.036140 -0.209947 0.834191
-0.086622 0.076825 0.208139
0.222352 0.038609 0.558782
0.075653 0.038609 -0.223605
0.211968 0.076825 0.280947
-0.202591 0.038609 -0.364322
-0.008964 0.076825 -0.283310
-0.037623 -0.145290 0.837513
0.119172 0.076825 0.776367
-0.043103 0.038609 -0.274634
-0.164506 0.029213 0.100099
0.010637 0.038609 -0.098652
0.000000 0.000000 0.000000
-0.236024 0.038609 -0.004356
0.122075 0.038609 -0.053758
0.097424 0.076825 0.426237
-0.136268 0.076825 0.695543
0.040887 0.076825 0.534298
0.195530 0.076825 -0.093535
-0.167655 0.019370 0.549416
0.088063 0.038609 0.519769
-0.213697 0.076825 0.319143
0.136271 0.038609 0.750285
0.103000 0.076825 0.257974
0.286375 0.040493 0.538665
-0.031190 -0.291635 0.837924
-0.233919 0.038609 0.614844
-0.048017 0.076825 -0.475013
-0.105842 0.038609 -0.343570
0.221346 0.037457 0.811106
-0.008773 0.076825 0.378107
-0.173700 0.019299 -0.227763
0.275759 0.038609 0.419408
-0.114219 0.038609 0.289481
0.041299 0.038609 0.145137
-0.258441 0.076825 -0.138121
0.066318 0.038609 0.111311
-0.122081 0.038609 -0.024130
0.182565 0.076825 -0.222681
0.195373 0.019299 0.192413
-0.167688 0.019365 0.145533
-0.201300 0.076825 0.601128
-0.149542 0.076825 -0.070249
-0.030066 0.076825 0.655848
0.198317 0.076825 0.468663
0.023643 0.076825 0.755459
0.196459 0.076825 0.079409
0.245330 0.038609 0.041731
-0.053833 0.076825 0.287325
0.144704 0.038609 0.331438
0.098424 0.000067 0.816487
-0.092132 0.076825 -0.024691
0.150216 0.076825 0.686583
-0.020671 0.038667 0.857033
-0.166009 0.076825 0.192658
0.028820 0.038609 -0.346942
0.099594 0.038609 0.657019
0.230931 0.076825 0.573556
0.286375 0.071515 0.231382
-0.241981 0.038609 -0.092644
0.172557 0.019299 0.490849
0.166732 0.020720 -0.157216
-0.029959 0.038609 0.306701
0.073205 0.038609 0.252836
-0.193024 0.045644 0.857033
-0.118220 0.038609 0.569454
-0.106529 -0.051340 0.816926
-0.229669 0.076825 0.710408
-0.074215 0.038609 0.069585
0.167230 0.020172 0.617065
-0.104434 0.038609 0.427946
-0.236451 0.076825 0.435416
0.195253 0.076825 0.839203
0.120093 -0.082416 0.799708
0.055867 -0.477437 0.799708
0.259920 0.038609 -0.140627
0.100212 0.076825 -0.327859
-0.001387 0.076825 0.216569
0.246230 0.038609 0.827488
0.286375 0.066151 0.769663
0.099565 0.076825 0.146691
-0.184755 0.019299 0.485260
-0.240062 0.076825 0.183580
-0.233087 0.038609 0.217527
0.282619 0.076825 -0.087252
-0.283327 0.076825 0.549130
-0.150671 0.076825 -0.320949
-0.108143 -0.392972 0.799708
0.043748 0.038609 0.425960
0.232807 0.076825 0.759007
0.095983 -0.465208 0.799708
0.155590 0.076825 0.016309
0.177326 0.076825 0.336226
-0.286868 0.069710 0.302554
0.286375 0.048679 0.044386
-0.280602 0.076825 0.008487
-0.227869 0.038609 0.066103
0.109458 -0.354240 0.799708
-0.226971 0.038609 0.276126
-0.237107 0.038609 -0.458906
0.120443 0.076825 0.546366
-0.058076 0.076825 0.420552
0.184262 0.019299 -0.053564
-0.265216 0.038609 -0.385123
-0.226855 0.038609 0.405727
-0.060165 -0.491611 0.837924
-0.230076 0.076825 -0.567648
0.051239 0.038609 -0.027598
0.160713 0.038609 0.091314
-0.286868 0.053734 0.137648
0.075100 -0.157002 0.801572
0.099163 0.076825 -0.168457
0.243566 0.038609 0.420050
0.178081 -0.014826 0.837834
0.234023 0.076825 0.181973
0.237220 0.038609 0.269889
0.000816 -0.210026 0.837924
0.018601 0.076825 0.814771
-0.029212 0.038609 0.571270
-0.286868 0.046863 0.668910
0.017119 -0.285482 0.837766
-0.202509 0.020979 0.736694
0.004260 0.076825 -0.077600
-0.029528 0.038609 -0.224967
-0.108834 0.076825 -0.430194
-0.190140 0.019299 -0.157877
-0.034700 0.076825 0.513268
0.123013 0.038609 0.790261
0.152192 -0.422486 0.799708
-0.074566 0.076825 -0.150658
-0.109508 0.038609 0.161963
0.240714 0.038609 0.623788
-0.216963 0.076825 -0.373288
0.181049 0.076825 0.241595
-0.101011 0.038609 0.627326
-0.135049 -0.079261 0.832949
-0.013359 0.038609 0.397791
0.032855 0.038609 0.681466
-0.270839 0.076825 0.606158
-0.171468 0.076825 -0.219036
-0.155934 0.076825 0.822623
-0.222592 0.038609 0.765144
-0.104068 0.038609 -0.091813
-0.102817 0.038609 -0.234131
0.033291 0.076825 0.396036
0.078748 0.076825 -0.053611
0.110263 0.076825 0.480580
-0.201153 0.019727 0.673682
0.054903 0.038609 -0.077929
0.019545 0.076825 -0.253436
0.131855 0.038609 0.479633
-0.064550 -0.291735 0.799708
-0.071950 0.076825 -0.332468
0.127859 0.076825 0.094276
-0.146321 0.038609 0.368261
0.234079 0.076825 0.375960
0.280743 0.038609 0.118026
-0.012360 0.076825 -0.418622
-0.233858 0.038609 0.156106
-0.142690 0.038609 -0.385585
0.027962 0.076825 0.105140
-0.140299 0.015826 0.837924
-0.131292 0.076825 0.615860
0.040128 0.038609 0.042937
-0.281539 0.076825 0.827286
0.184737 0.038408 -0.103587
-0.070585 0.038609 0.764718
-0.018813 -0.165122 0.805587
0.280771 0.038609 -0.025254
-0.176433 0.076825 0.116560
-0.165665 -0.471913 0.799708
-0.194435 0.076825 -0.438250
-0.129554 0.076825 0.297895
0.030960 0.076825 -0.017142
-0.075385 0.000067 0.820252
0.054459 0.076825 -0.156316
0.018625 0.076825 0.602473
-0.127171 0.038609 -0.490157
-0.048133 0.038609 -0.319856
0.122759 -0.034380 0.837783
-0.174227 0.076825 -0.283395
0.029564 -0.149175 0.812065
0.090366 0.076825 0.708788
-0.035735 0.076825 0.806315
-0.240414 0.076825 0.376906
-0.100216 0.076825 0.549158
0.004089 -0.492668 0.837880
-0.157701 0.038432 0.814577
-0.286868 0.065182 -0.184693
-0.061298 -0.348148 0.810062
0.232450 0.038609 0.334449
-0.004282 0.038609 0.794515
-0.066196 0.076825 0.147203
-0.041519 0.038609 0.635925
-0.271055 0.076825 0.758155
0.219453 0.038609 0.151884
-0.220622 0.038609 -0.289979
0.008179 0.076825 0.046832
0.204617 0.021500 0.769218
-0.173644 0.076825 -0.012079
0.000000 0.000000 0.000000
0.119544 0.038609 0.358752
-0.020325 0.038609 0.074893
-0.183759 0.076825 -0.123006
0.021023 0.038609 0.220348
0.175377 0.038408 0.426639
-0.181614 0.019299 -0.028232
0.082900 -0.366578 0.837924
-0.087217 -0.458228 0.804887
-0.115728 0.076825 -0.123025
0.172379 0.019299 0.708663
-0.149388 -0.042352 0.837924
0.118193 0.038609 0.208852
-0.066414 0.076825 0.066898
-0.178454 -0.456131 0.837924
-0.286868 0.048442 -0.050172
-0.040004 0.038609 0.456932
-0.264237 0.038609 0.087258
-0.286868 0.066776 -0.247793
-0.234215 0.038609 -0.233634
0.111262 -0.486374 0.837924
0.260665 0.038609 0.696143
-0.114090 0.076825 -0.231168
0.286375 0.040096 0.480225
0.155268 0.038609 -0.221330
-0.138665 -0.406094 0.837924
0.041225 0.038609 -0.170093
-0.255141 0.038609 0.295509
-0.165711 0.019947 -0.282963
-0.152732 0.038609 0.031741
-0.164506 0.029001 0.711108
0.000000 0.000000 0.000000
0.046113 -0.261538 0.807598
0.164204 0.038609 0.544066
0.013544 0.076825 0.709618
0.111781 0.076825 0.836235
-0.057819 0.038609 0.220680
0.209532 -0.496595 0.808956
-0.250225 0.076825 -0.350388
0.218601 0.076825 0.634109
-0.199096 0.019299 0.636007
-0.229116 0.076825 -0.006037
-0.076114 0.076825 0.475379
0.085471 0.038609 0.055984
-0.175046 0.076825 0.561264
-0.008836 0.076825 0.582799
0.003247 0.076825 0.287143
-0.044118 0.076825 -0.241383
-0.183921 0.019299 0.207982
-0.286868 0.068366 -0.610527
-0.165571 0.076825 0.373431
0.209742 0.038609 -0.016997
0.129187 0.038609 -0.255482
0.215614 0.038609 0.504927
-0.139394 0.038609 0.503080
-0.170828 0.038408 0.300924
-0.286868 0.058222 -0.475567
0.064738 0.076825 0.372496
0.139252 -0.439990 0.837924
0.074302 0.038609 0.608958
-0.089392 0.038609 -0.002357
-0.286868 0.040530 -0.131053
-0.107376 0.038609 0.703647
-0.253395 0.038609 -0.549680
0.179144 0.076825 -0.031157
0.168989 0.076825 -0.277167
-0.069075 0.076825 0.662424
0.286375 0.062817 0.376980
0.051798 0.076825 0.255033
-0.022483 0.076825 -0.351984
0.166401 0.034383 0.151529
0.000000 0.000000 0.000000
0.202067 0.019468 0.298791
-0.191392 0.076825 0.673228
0.077285 0.038609 0.688594
0.143254 0.076825 0.635439
-0.269378 0.038609 0.854139
-0.278336 0.038609 0.425512
-0.286868 0.044713 0.623405
0.000000 0.000000 0.000000
-0.285790 0.076825 -0.569245
-0.241240 0.076825 0.046823
-0.026686 0.076825 0.725193
0.203150 0.076825 0.718772
-0.202722 0.029246 0.571312
-0.225803 0.076825 0.247140
0.237704 0.070106 0.857033
0.132144 0.038609 -0.190402
-0.257837 0.038609 -0.511226
-0.055390 -0.125084 0.799723
-0.067343 0.038609 0.126842
-0.100974 0.038609 -0.143451
-0.003455 0.038609 -0.294029
-0.079825 -0.153521 0.820968
0.133548 0.076825 -0.120789
-0.063330 0.076825 -0.287560
0.238867 0.038609 0.204883
0.191487 0.019299 0.747955
-0.027171 0.038609 0.357731
-0.166035 0.019752 0.603482
-0.199046 0.038609 0.519441
0.000000 0.000000 0.000000
0.058735 0.076825 0.490157
-0.112262 0.076825 0.778653
-0.246266 0.038609 0.340243
0.047570 0.025322 0.799708
0.169117 0.038266 0.654743
0.233009 0.076825 0.431488
-0.140107 0.038609 -0.305468
-0.267053 0.076825 0.699500
0.115942 -0.394219 0.799708
0.027177 0.045050 0.857033
-0.192369 0.038408 -0.470430
0.099588 0.076825 -0.013564
0.066460 0.076825 -0.290066
-0.026309 0.076825 -0.128563
-0.204367 0.076825 -0.240521
0.000000 0.000000 0.000000
0.204617 0.026015 0.029108
0.166721 0.028696 0.799708
-0.235792 0.076825 -0.490778
0.116063 0.076825 -0.279307
0.227829 0.076825 0.129588
-0.071898 -0.096262 0.827208
0.045444 0.076825 -0.211373
0.118980 0.038609 0.108417
-0.235751 0.038609 0.484630
0.191236 0.038408 -0.146559
-0.063143 0.038609 0.277921
0.095154 0.038432 0.805776
-0.106967 0.076825 0.443516
-0.286868 0.070157 -0.090428
-0.039680 0.038609 -0.173131
0.260196 0.076825 0.278622
-0.147240 0.056914 0.857033
0.264070 0.038609 0.579073
-0.215832 0.029371 0.813005
-0.207343 0.076825 -0.189079
-0.035082 0.076825 0.335208
0.286375 0.067366 0.692637
-0.169094 0.038609 0.185193
0.286375 0.076755 0.570816
0.059050 0.076825 0.817114
-0.195503 0.038408 -0.201277
-0.197322 0.019299 -0.409607
-0.238350 0.038609 0.841150
0.039947 0.038609 0.476508
0.105714 0.038609 0.853691
-0.129653 0.076825 0.243299
-0.078245 -0.327179 0.837924
0.040234 -0.322701 0.814253
0.059837 0.022291 0.837924
-0.286460 0.038609 0.547566
-0.092182 0.038609 -0.386268
0.014647 0.038609 0.007714
0.097587 0.038609 0.295958
-0.271616 0.038609 0.026081
0.241658 0.076825 0.525362
0.259712 0.076825 0.730070
0.155434 0.076825 0.376348
-0.113356 0.076825 0.652738
-0.036801 0.000067 0.828792
-0.077252 0.076825 0.246445
0.141974 0.076825 0.284968
0.169123 0.076825 0.122909
-0.063462 0.076825 -0.425902
0.003558 0.038609 -0.041461
0.204272 0.020686 0.454883
-0.034957 0.076825 0.186015
-0.134016 -0.477912 0.799708
-0.141795 0.038609 -0.434695
-0.200759 0.076825 -0.042731
0.014925 0.038609 -0.238118
-0.060306 0.038609 0.856779
-0.233335 0.038609 -0.331736
0.072150 0.038609 0.191368
-0.286868 0.054554 0.737990
0.123291 0.038609 0.618735
0.008564 0.038609 0.306719
-0.232768 0.038609 0.654020
-0.034568 -0.243783 0.831512
-0.035180 0.016663 0.799708
-0.214249 0.076825 0.758226
-0.286868 0.058023 0.270316
0.189350 0.038408 0.328294
0.105113 0.076825 0.041307
0.051047 0.000067 0.820318
0.136474 0.038609 -0.107170
0.013750 0.076825 0.178163
-0.165523 0.020060 -0.356801
0.142748 0.076825 0.212141
0.066641 0.038609 0.556087
-0.117840 0.000067 0.809117
0.252308 0.076825 -0.050740
0.144068 -0.065773 0.828640
0.221373 0.076825 0.043931
-0.202722 0.025300 -0.112949
-0.092873 0.038609 0.328309
0.235724 0.076825 0.327457
0.280391 0.038609 0.811663
0.182118 0.031367 0.837924
-0.236445 0.076825 0.540739
0.204861 0.076825 -0.147395
-0.014737 0.076825 -0.027524
0.144476 0.020045 0.837924
-0.159755 0.038609 -0.176778
0.136692 0.076825 0.410088
-0.085265 0.076825 -0.503031
-0.004955 0.038609 -0.383616
-0.209918 0.076825 -0.326827
-0.084938 0.076825 0.718007
0.161255 0.076825 0.821879
0.286375 0.063613 -0.133194
0.059333 -0.151358 0.837924
-0.282844 0.076825 -0.379652
-0.236133 0.076825 -0.098199
0.124367 0.076825 -0.232397
0.153913 0.038609 -0.024940
0.043915 0.076825 0.448541
-0.109134 0.076825 -0.356013
0.271557 0.076825 0.405743
-0.208807 0.076825 0.841508
0.045891 0.076825 0.217685
-0.180667 0.019299 0.266432
0.028619 0.038609 0.382859
0.074678 0.038609 0.390519
0.029781 0.038609 -0.138559
-0.281752 0.076825 0.653251
0.183327 0.019299 0.133114
-0.194213 0.019299 0.381944
0.203157 0.037914 0.607918
0.030421 0.076825 -0.312161
0.286375 0.073751 0.155926
0.060513 0.076825 0.588222
-0.122129 0.038609 0.063524
0.087709 0.038609 0.468454
-0.147821 0.038609 -0.073154
0.000000 0.000000 0.000000
0.106824 0.076825 0.374986
-0.225208 0.038609 -0.055597
0.108638 -0.082067 0.837924
0.029554 0.038609 0.581528
-0.038375 0.076825 0.250822
0.147024 -0.461921 0.799880
-0.279594 0.076825 0.457858
0.210873 0.076825 -0.195555
0.156155 0.076825 0.066377
0.043912 0.076825 -0.413183
0.166401 0.030151 0.295959
-0.278762 0.038609 -0.441986
0.077500 0.076825 0.110783
-0.200887 0.038122 0.121324
-0.104278 -0.091772 0.799708
-0.154011 0.038609 0.459271
0.186283 -0.468434 0.799708
-0.118067 0.076825 0.824272
-0.009633 0.076825 0.086679
-0.094443 0.076825 0.391355
-0.071499 0.038609 -0.061798
-0.139615 -0.041336 0.799708
0.204911 0.038609 0.074555
-0.171039 -0.496595 0.826167
-0.202847 0.076825 0.160312
0.166783 0.038609 0.208108
-0.260608 0.038609 -0.254852
-0.009351 0.076825 0.846038
-0.179871 0.038609 0.780765
-0.188087 0.019299 0.051922
0.179003 0.019299 -0.190177
-0.091342 0.076825 0.319581
-0.013140 0.038609 0.692471
-0.258442 0.038609 0.684086
-0.022245 0.076825 0.767452
-0.097912 0.038609 0.213998
-0.201034 0.019656 0.235448
-0.114818 0.076825 -0.167613
0.058221 0.038609 0.287217
0.002773 -0.203944 0.799708
-0.086114 0.038609 -0.282029
-0.284222 0.038609 -0.347775
-0.064100 0.038609 0.549444
-0.216215 0.076825 0.473600
0.175872 0.019299 0.568896
0.146742 0.038609 0.690663
-0.135843 0.076825 0.535928
-0.207676 0.076825 0.203672
-0.010662 0.038609 0.178472
0.286375 0.056634 0.089840
-0.232143 0.038609 -0.412138
0.221481 0.076825 0.800164
-0.036343 -0.198659 0.837924
-0.004242 0.076825 -0.218945
-0.048655 0.038609 0.035248
0.283112 0.038609 0.659182
-0.045705 0.038609 0.731584
-0.202722 0.021923 0.091123
-0.283450 0.038609 0.178105
0.107122 0.076825 0.672116
0.223703 0.038609 -0.117217
-0.016090 -0.289505 0.804610
0.285816 0.076825 0.523033
0.128780 0.076825 0.584957
0.068812 0.076825 0.775682
0.259358 0.038609 0.509223
-0.093307 -0.496595 0.805104
-0.135293 0.038609 0.323024
-0.030207 0.038609 0.118057
-0.048992 0.076825 0.380130
0.132721 0.076825 0.342694
-0.186823 0.038408 -0.256315
0.011719 0.076825 0.346230
-0.286868 0.075881 0.412933
-0.147646 0.038609 -0.220793
0.232020 0.038609 -0.161937
0.286375 0.046891 0.288781
-0.166549 0.019551 0.352420
0.063627 0.076825 0.086139
0.000000 0.000000 0.000000
-0.198194 0.076825 0.397824
-0.133048 0.038609 -0.273025
-0.261441 0.076825 0.217920
-0.128983 0.076825 -0.036355
0.275450 0.038609 -0.096373
0.015371 -0.477293 0.799708
-0.066025 0.038609 0.415015
-0.277127 0.076825 0.495494
0.038730 0.076825 -0.074351
0.165571 0.038609 0.462488
-0.152253 0.076825 -0.249604
-0.090841 0.038609 0.465866
-0.042135 0.076825 0.845984
0.195151 0.076825 0.385548
-0.174259 0.038609 0.676491
-0.058603 0.076825 0.006742
-0.186399 0.019299 0.453927
-0.092109 0.076825 -0.078870
0.266455 0.076825 0.798441
-0.145871 0.038609 0.543288
-0.022225 0.076825 0.434666
0.001286 0.076825 0.497345
0.033464 -0.183996 0.799708
0.263356 0.076825 0.032906
-0.190987 0.076825 -0.561644
-0.228419 0.038609 0.104616
0.204288 0.036983 -0.064452
-0.013464 -0.173283 0.836161
0.230393 0.038609 0.382933
-0.284244 0.076825 0.105838
0.271782 0.055710 0.857033
-0.257941 0.076825 0.322383
-0.043161 -0.496406 0.802741
-0.125310 0.038609 0.129527
0.196282 0.076825 0.773569
-0.164687 0.021051 -0.396336
-0.191833 -0.455263 0.803948
0.273991 0.076825 0.194492
0.108103 0.038609 0.712823
0.005864 -0.248603 0.837924
0.000000 0.000000 0.000000
0.135947 0.038609 -0.143182
-0.073184 0.076825 0.817621
-0.198723 0.076825 -0.091728
0.166401 0.026877 -0.123012
-0.008807 0.038609 -0.328475
-0.250209 0.038609 0.454043
-0.281693 0.038609 -0.576755
0.168647 0.019518 0.351747
-0.180251 0.076825 -0.360883
0.183944 0.076825 0.671640
0.069479 0.076825 0.005612
-0.173856 0.038408 0.751468
0.179494 0.076825 0.196540
0.216341 0.076825 0.502694
0.199819 0.008699 0.816021
0.002593 0.076825 0.535711
0.087501 0.076825 -0.205003
-0.195444 0.012758 0.837924
0.245998 0.038609 0.134084
0.249572 0.076825 0.240243
-0.097107 -0.328253 0.802559
-0.265105 0.038609 0.780142
-0.104329 0.038609 0.665359
-0.202722 0.028053 0.177720
-0.172906 0.038609 0.400732
