0.047169 0.635169 -0.699354
-0.110947 0.048175 -0.069858
0.119839 0.100270 0.446754
0.000000 0.000000 0.000000
0.000000 0.000000 0.000000
0.000000 0.000000 0.000000
0.004932 0.636681 0.241199
-0.099570 0.099495 0.579724
0.183775 0.388661 -0.165303
0.187270 0.404425 -0.366246
-0.093700 0.125969 -0.523193
0.063497 0.582898 0.786703
0.000000 0.000000 0.000000
0.173088 -0.043000 0.023111
0.171086 0.436517 0.111845
-0.009175 0.507238 -0.222994
0.086857 0.031649 -0.601698
0.078645 -0.085544 0.298910
-0.065160 0.254704 0.114338
0.098150 0.298322 0.655922
0.023219 0.212493 -0.773567
-0.014340 0.483937 -0.509389
-0.056294 0.294696 0.453150
0.000000 0.000000 0.000000
-0.098097 0.106134 -0.288739
-0.154282 -0.147297 -0.662006
0.146499 0.470171 0.481936
0.117662 0.090446 -0.231129
0.143889 0.395375 -0.621977
0.000000 0.000000 0.000000
0.053887 0.633679 -0.363030
0.128109 0.137570 0.019254
-0.042538 0.356744 -0.208600
0.000000 0.000000 0.000000
-0.027810 0.423182 0.669922
-0.098613 0.103808 0.323340
0.063082 -0.125023 0.605416
0.154126 0.254923 0.254575
0.077414 -0.091098 -0.058352
-0.150324 -0.129442 -0.452128
0.095767 0.612417 -0.028937
-0.021281 0.069719 0.775008
0.000000 0.000000 0.000000
-0.060415 0.020300 -0.773567
-0.001249 0.634053 0.500827
0.000000 0.000000 0.000000
-0.008380 0.510823 0.029636
0.174451 0.346605 -0.131860
0.000000 0.000000 0.000000
0.005072 0.428970 -0.761868
0.101185 0.016122 0.242620
0.053084 0.547601 -0.518042
0.023343 0.205387 -0.690623
0.000000 0.000000 0.000000
0.128888 0.141085 -0.417094
-0.053727 0.306278 -0.390714
-0.020243 0.457310 0.144408
0.071578 -0.117426 -0.480717
0.240478 0.091676 -0.112724
0.241777 0.084988 0.049675
0.055806 0.546997 -0.247527
0.000000 0.000000 0.000000
-0.114998 0.029901 0.148308
-0.016387 0.269837 0.775007
0.038805 0.051265 0.659851
0.000000 0.000000 0.000000
0.099492 0.548875 0.633237
0.174764 0.431484 0.359557
-0.053911 0.305447 0.280065
0.221534 0.098303 0.098765
-0.051736 0.315255 -0.601337
-0.015919 0.476817 0.493256
-0.070692 0.229750 -0.066018
0.000000 0.000000 0.000000
0.157583 0.270513 -0.500190
-0.034131 0.394666 -0.071450
0.137980 0.481830 -0.177039
0.165781 0.307497 0.484722
0.000000 0.000000 0.000000
-0.138430 -0.075792 -0.645157
0.069895 -0.125016 0.098344
0.000000 0.000000 0.000000
0.110996 0.609040 0.491379
-0.011966 -0.155352 -0.650982
0.099324 0.534738 0.258503
-0.061419 0.271582 0.674757
0.066472 -0.140454 0.444980
-0.141258 -0.088549 -0.117629
0.000000 0.000000 0.000000
0.087018 -0.047777 -0.247774
-0.143365 -0.098055 -0.287082
0.053223 0.547570 -0.676684
-0.010721 0.051736 -0.772083
0.149948 0.236081 -0.268776
0.024513 0.420408 0.786703
0.133937 0.163856 -0.582721
-0.107122 -0.158873 -0.773567
-0.189628 -0.306320 -0.719766
0.000000 0.000000 0.000000
0.000000 0.000000 0.000000
-0.015505 0.478683 0.318449
-0.150979 -0.300881 -0.470372
-0.049386 0.325855 -0.438745
-0.117167 0.020117 0.319128
0.179800 0.424592 0.284529
-0.019059 0.462655 -0.324034
0.134355 0.165746 0.510114
-0.137813 -0.073008 0.050669
-0.002371 0.629792 -0.212407
0.110489 0.598483 0.116203
0.000000 0.000000 0.000000
-0.001995 0.631488 0.656014
-0.096923 0.111432 -0.644346
0.035293 0.625821 -0.524479
-0.003333 0.533588 -0.369410
0.000000 0.000000 0.000000
0.000000 0.000000 0.000000
0.137676 0.180722 -0.125956
0.152833 0.249095 0.078517
0.000000 0.000000 0.000000
0.012548 0.587735 0.392876
0.003572 0.342915 -0.761868
0.098391 0.543911 0.339244
-0.100533 0.187014 0.750160
-0.070723 0.229614 0.412518
-0.098708 0.103381 0.033040
0.183149 0.420009 0.604085
-0.007544 0.514595 -0.672409
0.100466 0.012880 0.035883
0.161574 0.288519 0.056155
-0.078691 0.193669 0.186428
0.022451 0.138009 0.690424
-0.174596 -0.238927 -0.341389
-0.076237 0.204742 -0.191095
-0.121690 -0.000285 -0.404515
-0.008739 0.584857 -0.084619
0.000000 0.000000 0.000000
0.000000 0.000000 0.000000
0.090951 -0.030038 0.530171
-0.173841 -0.235521 -0.582534
0.062677 0.297824 -0.673168
0.126192 0.128922 0.295301
0.000000 0.000000 0.000000
0.075192 0.539055 -0.773567
-0.092324 0.224042 -0.728098
0.137116 0.483011 -0.384263
-0.063522 0.262095 -0.597718
0.129912 0.492873 -0.007920
-0.029290 0.416505 0.043455
0.000000 0.000000 0.000000
0.096718 -0.004029 -0.388453
0.000000 0.000000 0.000000
-0.009777 0.504519 0.628953
0.000000 0.000000 0.000000
0.108360 0.048486 -0.095803
0.188068 0.408023 -0.497964
-0.097366 0.109435 0.484248
0.107314 0.043768 0.122368
-0.002061 0.631191 0.070010
0.000000 0.000000 0.000000
0.172894 0.339581 0.003518
-0.049147 0.326937 0.557499
0.000000 0.000000 0.000000
0.000000 0.000000 0.000000
-0.003852 -0.034684 -0.666994
0.000929 0.590311 0.130057
0.141915 0.199846 0.588284
0.031491 0.095923 -0.661507
0.097262 0.612085 -0.147081
0.127123 0.496689 -0.555096
-0.036996 0.381745 -0.471386
0.124524 0.121396 -0.553155
0.026054 0.584740 -0.367619
-0.120766 0.003886 -0.516679
-0.085958 0.160891 -0.434869
-0.003688 0.531987 0.312338
0.007424 0.340621 0.732901
-0.114263 0.033217 -0.625841
0.086687 0.489075 0.702102
-0.068904 -0.228084 -0.686046
0.000000 0.000000 0.000000
0.101858 0.019160 0.367978
-0.069266 0.236186 -0.294862
0.000000 0.000000 0.000000
0.000000 0.000000 0.000000
0.000000 0.000000 0.000000
-0.016213 0.221869 0.732901
-0.115627 0.027066 0.376565
-0.020813 0.454741 -0.633373
0.038006 0.550943 0.483189
-0.026059 0.367746 -0.719766
-0.049006 0.327570 -0.125924
0.000000 0.000000 0.000000
0.101887 0.559676 -0.613047
0.095245 0.612532 0.387177
0.152042 0.245519 -0.377934
-0.106348 0.121656 -0.761868
0.062259 0.576714 0.728003
0.043061 0.580971 -0.044638
0.094632 -0.013434 -0.507442
0.128246 0.138185 -0.328025
-0.018996 0.509104 0.782072
0.000000 0.000000 0.000000
0.134219 0.165129 0.172142
0.170351 0.328110 0.371556
0.102199 0.610990 -0.278000
0.145977 0.218171 0.371078
-0.041927 0.359502 0.388778
0.113082 0.610182 -0.434338
-0.085335 0.006855 -0.689356
-0.032308 0.402891 0.588414
0.119296 0.097820 0.051866
-0.174150 -0.236917 -0.409707
0.176054 0.353836 0.191482
-0.043996 0.350171 0.120657
-0.032192 0.403413 -0.339999
-0.115231 0.028850 -0.186808
-0.071301 0.227006 0.568490
0.105817 0.037015 -0.242679
0.060515 0.373057 0.731825
0.123085 0.502217 0.534534
0.056465 0.577998 0.049872
0.078884 0.197582 -0.640152
0.169247 0.439034 -0.080262
0.075734 0.441718 -0.689356
0.000000 0.000000 0.000000
0.162310 0.308065 0.602655
0.111086 0.620999 0.239917
0.177379 0.359807 -0.277843
-0.063718 0.261208 0.035234
0.150277 0.464997 -0.499092
-0.034537 0.392837 0.250525
-0.009890 0.595875 -0.455535
-0.131483 -0.044458 -0.053255
-0.099971 0.097682 0.247447
0.000000 0.000000 0.000000
0.073148 -0.108128 -0.586851
0.048548 0.548607 -0.163684
-0.091875 0.134204 -0.173148
0.000000 0.000000 0.000000
-0.138467 -0.257470 -0.761868
-0.074401 0.213024 0.508959
0.075619 -0.026980 0.613319
0.000000 0.000000 0.000000
-0.031070 0.408475 -0.210051
-0.091241 0.137064 0.107444
-0.049751 0.127050 0.732901
-0.160583 -0.083858 -0.736594
0.151842 0.244624 -0.038730
0.091503 -0.027551 0.092872
0.000000 0.000000 0.000000
0.196562 0.038983 -0.049074
-0.120255 0.006189 -0.257226
-0.050986 0.151902 -0.719766
0.000000 0.000000 0.000000
0.000000 0.000000 0.000000
0.000000 0.000000 0.000000
0.060729 0.577053 0.562149
-0.084237 0.168654 0.653524
-0.134042 -0.063876 -0.761868
-0.068862 0.238008 -0.497831
0.114224 0.615330 0.773450
0.128185 0.495237 -0.286846
0.108637 0.049739 0.550829
0.134928 0.168330 -0.213566
-0.073811 0.215684 0.288354
-0.011698 0.587719 -0.746559
0.067675 -0.135030 0.205474
0.037435 0.582217 0.685110
0.112063 0.483900 -0.666180
0.026283 0.502401 0.702491
-0.075555 0.207819 -0.637663
-0.142527 -0.094269 -0.220387
-0.019828 0.459183 -0.066039
-0.075267 -0.089044 -0.689356
-0.121787 -0.000720 0.236581
0.183924 0.389334 0.444013
0.149773 0.299511 -0.598661
0.000000 0.000000 0.000000
0.001141 0.635064 -0.609207
0.084402 0.626916 0.588892
0.000000 0.000000 0.000000
0.141790 0.199277 -0.486440
0.137460 0.482542 0.176299
0.067750 0.544349 0.175284
0.147427 0.468899 0.381754
0.000000 0.000000 0.000000
-0.047909 0.424385 0.743558
-0.138760 -0.077282 -0.400337
-0.033497 0.397529 0.459266
-0.169170 -0.214452 -0.499110
-0.068381 0.332044 0.773419
0.005945 0.632330 0.330086
-0.062837 -0.183342 -0.763879
0.036703 0.265656 -0.748086
0.162525 0.292808 -0.187377
0.162642 0.010743 0.084932
0.000000 0.000000 0.000000
0.166198 0.309376 -0.361907
-0.049374 0.304219 -0.719766
0.047171 -0.073217 -0.615819
0.159534 0.107089 -0.067519
0.113229 0.610844 -0.529218
-0.001160 0.634087 -0.291849
0.000000 0.000000 0.000000
-0.041239 -0.072446 -0.773567
-0.150268 -0.129193 -0.569781
0.097574 0.537133 -0.087645
-0.059359 0.280873 -0.258273
0.107483 0.523570 0.115043
0.114575 0.616915 0.705271
0.010398 0.047314 -0.670370
0.000000 0.000000 0.000000
0.187585 0.040973 -0.000316
-0.132884 -0.050777 0.141875
0.039473 0.581766 -0.661891
-0.039017 0.464493 -0.727955
0.104891 0.403917 0.670242
0.000000 0.000000 0.000000
-0.119058 0.011587 0.022681
0.000000 0.000000 0.000000
0.046704 0.225399 0.686232
0.026112 0.584727 -0.138752
-0.174703 -0.233408 -0.689356
-0.187888 -0.347760 -0.773567
0.093984 -0.016356 0.439738
-0.008371 0.586516 -0.554620
0.110667 0.058897 -0.456069
0.073885 -0.107018 -0.153444
0.073841 -0.107219 -0.339780
0.000000 0.000000 0.000000
-0.009889 0.595881 -0.015745
0.000000 0.000000 0.000000
0.097334 0.091428 0.617217
0.149820 0.235505 0.473955
0.114713 0.620191 -0.730994
-0.157793 -0.163134 -0.350062
0.009761 0.349329 0.786703
-0.010837 0.575389 -0.267968
-0.004578 0.619840 0.760790
-0.047078 0.336268 0.021507
0.064794 0.392369 -0.767799
0.000000 0.000000 0.000000
0.000000 0.000000 0.000000
0.091297 -0.028477 0.171749
0.077781 0.542125 -0.350291
0.113235 0.610873 -0.622210
0.115576 0.512493 0.417860
-0.048970 0.419595 -0.740983
0.028000 0.300794 0.732901
-0.133156 0.025912 -0.719766
-0.123723 -0.198434 -0.719766
0.000000 0.000000 0.000000
0.000000 0.000000 0.000000
0.118470 0.094091 0.211298
0.000000 0.000000 0.000000
0.003164 0.166630 0.786703
0.047328 0.623156 0.171016
0.000000 0.000000 0.000000
0.000000 0.000000 0.000000
0.111633 0.603644 0.293397
0.083134 -0.065300 0.384814
-0.035812 -0.010489 -0.719766
0.176589 0.356246 -0.523909
0.178851 0.038178 -0.114751
0.135145 0.169308 0.079628
-0.044486 0.136980 0.786704
0.000000 0.000000 0.000000
0.000000 0.000000 0.000000
0.046288 0.364697 -0.689356
-0.047703 0.333449 -0.299747
0.177122 0.358653 0.142718
-0.103312 0.082612 -0.359369
-0.025238 0.434783 -0.427353
-0.084831 0.165977 -0.364247
0.094623 0.090446 -0.606223
0.083933 -0.061695 0.003475
0.000000 0.000000 0.000000
-0.007664 0.589703 0.590724
-0.160549 -0.175567 -0.134432
0.000000 0.000000 0.000000
0.081586 0.477124 0.786703
0.130906 0.491512 -0.085879
0.101305 0.561742 -0.719766
-0.067475 0.244265 0.330586
0.089166 0.570750 -0.210004
0.000000 0.000000 0.000000
0.161559 0.449557 0.047397
0.095294 -0.010447 -0.319669
-0.069531 0.234988 -0.410639
0.159434 0.278869 0.159082
-0.184277 -0.324647 -0.606839
0.161328 0.449872 -0.284512
-0.034566 0.392703 -0.576361
-0.137297 -0.070681 -0.509342
0.169712 0.104834 -0.004733
0.020065 0.554922 0.249559
0.000000 0.000000 0.000000
0.000000 0.000000 0.000000
-0.061386 0.271728 0.528395
0.000000 0.000000 0.000000
0.042509 0.437742 0.732901
0.000000 0.000000 0.000000
-0.089120 0.238494 0.770489
-0.060918 0.283831 -0.773567
-0.007177 0.516247 0.387366
0.026984 0.639645 -0.069697
0.071093 0.574756 0.434372
-0.086912 0.156591 0.335844
0.034998 0.625886 -0.457513
0.000000 0.000000 0.000000
-0.007979 0.512632 -0.562363
-0.066589 0.248261 -0.126805
-0.025400 0.524864 -0.762031
0.000000 0.000000 0.000000
-0.127685 -0.027325 -0.176416
0.120877 0.104951 0.368896
0.179261 0.425330 0.527929
-0.062016 -0.179641 -0.690990
0.114471 0.076050 -0.312176
0.155022 0.258965 0.561941
-0.084640 0.166839 -0.261227
0.112145 0.605955 0.055259
-0.049486 0.325405 0.673164
0.166978 0.312895 -0.069040
-0.093851 0.125288 -0.069006
-0.007311 0.515643 0.198234
0.109873 0.520299 -0.457082
-0.077319 0.082585 -0.719766
0.000000 0.000000 0.000000
-0.008082 0.604031 -0.666401
-0.003207 0.534156 -0.044985
0.125585 0.229666 -0.606140
-0.101263 0.091855 -0.466397
0.140587 0.478262 0.632057
0.088716 -0.040119 -0.566758
-0.004820 0.526880 0.566359
0.000000 0.000000 0.000000
0.000000 0.000000 0.000000
0.020045 0.493186 -0.761868
0.000000 0.000000 0.000000
0.187394 0.414195 -0.012551
-0.029480 0.415648 0.516551
-0.043173 0.156112 -0.773567
-0.083801 -0.238140 -0.773567
-0.174060 -0.144650 -0.753374
0.011149 0.150385 -0.733208
-0.051197 0.317689 -0.049270
0.081154 0.180727 0.648126
0.038887 0.637005 0.431012
-0.007230 0.516009 -0.435836
0.107883 0.046337 0.284290
0.054071 0.547382 0.400572
0.000000 0.000000 0.000000
-0.000768 0.545157 -0.145011
0.000000 0.000000 0.000000
0.000000 0.000000 0.000000
0.020343 0.554506 -0.719766
-0.085722 0.161954 -0.012730
0.000000 0.000000 0.000000
0.175117 0.349610 0.283541
0.105969 0.578090 -0.555540
0.008227 0.631825 0.582142
0.116974 0.087340 -0.365871
0.096430 -0.005320 -0.037228
0.075788 -0.098433 0.517482
0.000000 0.000000 0.000000
0.082131 0.541160 0.584071
0.045733 0.146066 -0.658821
0.000000 0.000000 0.000000
-0.123677 0.082617 -0.729482
-0.011727 0.571374 0.444567
-0.145774 -0.108919 -0.035177
0.099181 0.609755 -0.773567
-0.011319 0.573219 0.698213
0.152470 0.461995 -0.611907
0.158646 0.275315 0.420203
0.000000 0.000000 0.000000
0.101234 0.556732 -0.003144
0.086897 -0.048323 -0.172147
0.068604 -0.130841 -0.270691
-0.092568 0.131075 0.417392
-0.082394 0.176966 -0.102167
0.055170 0.578286 0.282027
0.034344 0.626034 0.001156
-0.021649 0.450971 0.385261
-0.003158 0.534377 -0.320680
-0.063087 0.215517 0.702491
-0.065300 0.254072 -0.667229
0.000000 0.000000 0.000000
0.081282 0.572497 0.214737
0.188806 0.411356 -0.569916
0.001481 0.263628 -0.689356
-0.000507 0.546335 -0.628762
0.136999 0.483173 0.279940
-0.051572 -0.132531 -0.742104
-0.110585 0.049809 -0.558560
-0.031421 0.114450 -0.689356
-0.157735 -0.162871 -0.237710
0.153152 0.250527 -0.121793
0.110153 0.596968 -0.359317
0.044616 0.580626 -0.473175
0.000000 0.000000 0.000000
0.112139 0.065534 -0.164252
0.000000 0.000000 0.000000
0.081988 0.469924 -0.762353
-0.044098 0.349711 0.192322
0.000000 0.000000 0.000000
0.030558 0.583742 0.352535
-0.084674 0.166686 0.451264
0.183247 0.386282 0.053804
-0.020088 0.458012 0.220594
-0.007655 0.589748 0.061508
0.065301 0.619170 -0.634342
-0.040345 0.366640 0.312421
0.147333 0.224284 0.036362
-0.051839 0.314794 -0.540945
0.000000 0.000000 0.000000
-0.120539 0.004906 -0.349043
-0.010841 0.575374 0.192606
-0.112593 0.040752 0.467739
0.043863 0.549646 -0.407374
-0.076238 0.204736 -0.552375
0.000000 0.000000 0.000000
-0.055328 0.187661 0.775007
0.000000 0.000000 0.000000
-0.012037 0.494325 -0.156459
0.000000 0.000000 0.000000
0.118129 0.092554 0.504028
0.000000 0.000000 0.000000
0.055783 0.621282 0.228160
0.000000 0.000000 0.000000
0.087335 -0.046350 -0.440740
-0.055736 0.352327 -0.767551
0.000000 0.000000 0.000000
0.000000 0.000000 0.000000
0.133529 0.162017 -0.064482
0.000000 0.000000 0.000000
-0.126562 -0.022262 -0.115678
-0.103000 0.084023 -0.126948
0.158574 0.453640 -0.433434
0.061337 0.620050 0.651263
0.046309 0.036220 -0.637404
0.000000 0.000000 0.000000
-0.003810 0.531437 0.091851
-0.056437 0.294055 0.393138
-0.034126 0.046505 -0.719766
0.000000 0.000000 0.000000
-0.038097 0.220749 -0.761868
0.111604 0.332176 -0.637677
0.029230 0.622128 -0.761868
0.068666 0.630402 -0.206805
0.162773 0.293934 0.322321
0.003648 0.128995 0.786704
-0.025459 0.433784 -0.151454
0.054180 0.578505 0.616481
0.000000 0.000000 0.000000
-0.085474 0.163078 0.588692
0.050685 0.634391 0.538387
-0.195825 -0.242824 -0.741356
0.154563 0.256893 -0.435908
0.013107 0.418841 -0.689356
0.042091 0.581186 -0.603394
0.039837 0.636795 0.380089
0.123047 0.114737 0.113079
0.003071 0.589835 0.512825
-0.128555 -0.031249 0.208877
-0.165837 -0.199417 -0.642397
0.000000 0.000000 0.000000
0.000000 0.000000 0.000000
0.127346 0.134131 0.578324
0.107854 0.523063 0.482203
0.006811 0.398288 0.732901
-0.087927 0.152013 0.283666
-0.032426 0.402360 0.107443
0.022671 0.585491 -0.214733
0.101148 0.556343 -0.294637
-0.004005 0.456262 0.732901
0.167699 0.316149 -0.297685
-0.116350 0.023804 0.085774
0.085879 0.540329 0.683327
-0.116287 -0.000549 -0.761868
0.241404 0.086910 -0.048669
0.130148 0.053705 0.070413
0.110470 0.598400 0.628635
0.000000 0.000000 0.000000
0.000000 0.000000 0.000000
0.064823 0.631254 -0.115461
-0.034372 0.393581 -0.684565
0.111902 0.064464 -0.533101
0.111541 0.603229 -0.093546
-0.102380 0.086816 0.185256
0.132433 0.157075 0.437637
0.142358 0.201840 -0.321418
-0.076179 0.205000 0.060920
-0.114772 0.030919 -0.462718
-0.037155 0.381030 0.642440
0.141329 0.197203 -0.430933
-0.106929 0.141947 -0.703540
0.000000 0.000000 0.000000
-0.061654 0.270521 0.612583
-0.100260 -0.050428 -0.719766
0.000000 0.000000 0.000000
0.088071 -0.043030 -0.093172
0.000000 0.000000 0.000000
0.000000 0.000000 0.000000
-0.069074 0.237053 0.213255
0.000516 0.564503 0.775007
0.023305 -0.040303 0.655726
0.000000 0.000000 0.000000
-0.017052 0.471705 -0.404952
0.155178 0.458290 0.576939
-0.044703 -0.078168 -0.719766
-0.139156 -0.303502 -0.610590
0.183653 0.388112 -0.085366
0.090129 0.506640 -0.733146
0.167183 0.313818 -0.457149
-0.011225 0.573639 0.649897
-0.158447 -0.166085 -0.533023
0.000000 0.000000 0.000000
0.000000 0.000000 0.000000
0.108968 0.051233 -0.011279
0.126830 0.497090 0.064600
-0.099817 0.181837 -0.761868
-0.087021 0.156098 0.527507
-0.091659 0.068938 -0.761868
0.078445 0.628233 -0.572841
0.000000 0.000000 0.000000
0.000000 0.000000 0.000000
-0.038733 0.373910 -0.156267
-0.045062 0.345361 0.487419
-0.033955 0.395460 -0.632516
0.169165 0.439148 0.203003
0.238569 0.044102 -0.114751
-0.052669 0.311048 0.166044
0.044303 0.623825 -0.288150
-0.099836 0.098291 -0.208525
0.052697 0.633943 0.119248
0.000000 0.000000 0.000000
0.240083 0.093703 -0.001568
0.098610 0.623764 0.183378
0.072651 0.629520 0.321879
-0.132833 -0.050546 -0.242154
0.071061 0.420633 0.769687
0.001552 0.107102 -0.760526
0.147937 0.227009 0.139748
-0.001312 0.633935 -0.412788
-0.055051 0.300302 -0.193586
0.000000 0.000000 0.000000
0.129130 0.142173 -0.475877
0.096660 0.025729 0.605282
-0.074624 0.287669 0.728775
0.024748 0.211730 0.785906
0.170520 0.328867 -0.565850
0.084232 0.571843 -0.129236
0.065400 0.127702 0.651561
-0.036816 0.382558 -0.402259
-0.067000 0.246406 -0.354259
-0.032512 0.383267 0.775007
-0.092568 0.131076 0.165666
-0.143310 -0.142564 -0.719766
0.000000 0.000000 0.000000
0.102278 0.561446 0.778055
-0.011800 0.495397 0.437346
-0.020983 0.274660 0.702491
-0.024561 0.198638 -0.719766
-0.031912 0.404677 0.192940
0.222590 0.019473 0.107480
-0.063715 0.336873 -0.702309
-0.113585 -0.248896 -0.689356
0.192285 0.039931 0.058237
-0.172545 -0.189136 -0.719766
0.000000 0.000000 0.000000
0.180356 0.373242 0.337040
-0.208108 -0.314440 -0.650809
0.049909 0.325218 0.705802
-0.156211 -0.155997 -0.184981
0.106445 0.039848 0.444230
0.044274 0.304437 -0.773567
-0.016046 0.476245 0.077936
0.123295 0.347364 0.643659
0.204652 0.069901 -0.084680
-0.017835 0.543827 0.728966
0.178682 0.365689 0.497068
-0.006953 0.069684 0.732902
-0.055972 0.099224 -0.773567
0.000000 0.000000 0.000000
-0.029817 0.183195 0.702491
0.010997 0.639260 -0.134779
0.104781 0.572727 0.165193
0.059048 0.632537 0.701404
0.173146 0.340719 0.560763
-0.004270 0.621221 -0.501146
-0.079019 0.192193 0.370944
-0.143029 -0.306005 -0.761868
0.000000 0.000000 0.000000
-0.013467 0.318268 -0.689356
-0.051678 0.315521 0.067675
0.112386 0.516861 0.170847
-0.182145 -0.293971 -0.571986
0.000000 0.000000 0.000000
0.001641 0.556026 -0.494675
0.122420 0.111910 -0.182737
-0.144628 -0.028102 -0.706377
0.000000 0.000000 0.000000
-0.030615 0.410528 -0.520343
-0.011755 0.571251 -0.191003
0.165666 0.087446 0.101595
0.099019 0.546739 0.063076
-0.097386 0.109346 -0.401821
-0.023875 0.440932 0.625319
-0.047481 0.334448 -0.648769
0.144212 0.210206 0.314794
0.114678 0.617374 -0.233489
0.000224 0.633597 0.138690
-0.028312 0.299268 -0.761868
0.102005 0.560210 -0.499007
