0.000000 0.000000 0.000000
0.000000 0.000000 0.000000
-0.591716 -0.105827 -0.648422
0.000000 0.000000 0.000000
0.231367 -0.248022 -0.568733
0.000000 0.000000 0.000000
0.000000 0.000000 0.000000
0.000000 0.000000 0.000000
0.000000 0.000000 0.000000
-0.700175 -0.038701 -0.271707
-0.447936 -0.191708 -0.304727
0.000000 0.000000 0.000000
0.000000 0.000000 0.000000
0.034804 -0.188654 -0.303466
-0.116015 0.067356 -0.648422
0.000000 0.000000 0.000000
0.000000 0.000000 0.000000
0.000000 0.000000 0.000000
-0.233725 -0.248022 -0.578128
0.000000 0.000000 0.000000
-0.626001 -0.248022 0.017017
0.000000 0.000000 0.000000
0.000000 0.000000 0.000000
0.268709 0.063989 -0.648422
0.000000 0.000000 0.000000
0.000000 0.000000 0.000000
-0.227290 -0.191708 -0.204291
0.000000 0.000000 0.000000
0.000000 0.000000 0.000000
0.000000 0.000000 0.000000
0.000000 0.000000 0.000000
0.000000 0.000000 0.000000
0.000000 0.000000 0.000000
-0.626511 -0.248022 -0.487352
0.000000 0.000000 0.000000
0.000000 0.000000 0.000000
0.161977 -0.191708 -0.093232
-0.389485 -0.191708 -0.054840
0.000000 0.000000 0.000000
0.000000 0.000000 0.000000
0.000000 0.000000 0.000000
0.000000 0.000000 0.000000
-0.144801 -0.040728 -0.405738
0.000000 0.000000 0.000000
0.000000 0.000000 0.000000
0.000000 0.000000 0.000000
0.000000 0.000000 0.000000
0.000000 0.000000 0.000000
0.287386 -0.248022 -0.276096
-0.448763 0.142263 -0.648422
0.000000 0.000000 0.000000
-0.584645 -0.248022 -0.233038
0.000000 0.000000 0.000000
-0.043404 -0.248022 -0.640672
0.000000 0.000000 0.000000
0.000000 0.000000 0.000000
0.307157 -0.098084 -0.648422
0.000000 0.000000 0.000000
0.000000 0.000000 0.000000
0.000000 0.000000 0.000000
0.000000 0.000000 0.000000
0.000000 0.000000 0.000000
-0.349536 -0.058293 -0.648422
-0.398915 -0.017851 -0.393746
-0.590596 0.148689 -0.648422
-0.344067 -0.248022 -0.399670
0.074467 -0.097144 -0.648422
0.000000 0.000000 0.000000
0.000000 0.000000 0.000000
-0.700175 -0.186384 -0.042573
-0.700175 -0.080299 -0.523780
-0.030753 -0.248022 -0.100546
0.449319 -0.248022 -0.481337
0.064277 0.175439 -0.648422
0.000000 0.000000 0.000000
0.000000 0.000000 0.000000
0.000000 0.000000 0.000000
0.000000 0.000000 0.000000
0.000000 0.000000 0.000000
0.000000 0.000000 0.000000
0.000000 0.000000 0.000000
0.000000 0.000000 0.000000
0.000000 0.000000 0.000000
0.000000 0.000000 0.000000
0.000000 0.000000 0.000000
0.000000 0.000000 0.000000
0.000000 0.000000 0.000000
0.000000 0.000000 0.000000
0.064583 -0.248022 0.022457
0.000000 0.000000 0.000000
-0.121539 -0.248022 -0.409638
0.000000 0.000000 0.000000
0.137138 -0.248022 -0.429125
-0.437663 -0.214675 -0.648422
0.000000 0.000000 0.000000
0.000000 0.000000 0.000000
0.000000 0.000000 0.000000
0.000000 0.000000 0.000000
-0.555750 -0.248022 -0.180435
0.000000 0.000000 0.000000
0.000000 0.000000 0.000000
0.000000 0.000000 0.000000
0.000000 0.000000 0.000000
-0.700175 0.038564 -0.582624
0.000000 0.000000 0.000000
0.000000 0.000000 0.000000
0.000000 0.000000 0.000000
0.000000 0.000000 0.000000
-0.537859 -0.104027 -0.170563
0.000000 0.000000 0.000000
-0.117483 -0.057278 -0.648422
-0.144668 -0.191708 -0.038369
0.000000 0.000000 0.000000
-0.122474 -0.248022 -0.241387
0.000000 0.000000 0.000000
0.000000 0.000000 0.000000
0.000000 0.000000 0.000000
-0.700175 -0.210960 -0.339362
0.168517 -0.248022 -0.131314
0.000000 0.000000 0.000000
0.000000 0.000000 0.000000
-0.303894 0.065893 -0.435063
0.371787 -0.180496 -0.648422
0.000000 0.000000 0.000000
-0.328157 0.211946 -0.648422
0.000000 0.000000 0.000000
0.000000 0.000000 0.000000
-0.293551 -0.191708 -0.243871
0.000000 0.000000 0.000000
0.000000 0.000000 0.000000
-0.389806 -0.248022 -0.485535
0.000000 0.000000 0.000000
-0.259656 -0.151658 -0.398157
0.000000 0.000000 0.000000
0.000000 0.000000 0.000000
0.000000 0.000000 0.000000
-0.592328 -0.248022 -0.413014
0.000000 0.000000 0.000000
-0.614174 -0.248022 -0.593793
0.000000 0.000000 0.000000
0.000000 0.000000 0.000000
0.000000 0.000000 0.000000
0.066403 -0.038548 -0.316054
0.000000 0.000000 0.000000
-0.462221 -0.248022 -0.050304
0.000000 0.000000 0.000000
0.000000 0.000000 0.000000
0.000000 0.000000 0.000000
0.000000 0.000000 0.000000
0.000000 0.000000 0.000000
0.000000 0.000000 0.000000
0.000000 0.000000 0.000000
0.000000 0.000000 0.000000
0.000000 0.000000 0.000000
-0.010252 -0.248022 -0.471311
-0.700175 0.051374 -0.321244
-0.459947 -0.095339 -0.335527
0.000000 0.000000 0.000000
0.000000 0.000000 0.000000
0.000000 0.000000 0.000000
0.000000 0.000000 0.000000
-0.077816 -0.106082 -0.373832
0.000000 0.000000 0.000000
0.000000 0.000000 0.000000
-0.692070 0.252413 -0.615430
-0.285481 0.048991 -0.648422
0.057814 -0.191708 -0.148210
-0.245693 -0.248022 -0.076509
0.000000 0.000000 0.000000
0.000000 0.000000 0.000000
-0.484412 -0.191708 -0.108709
0.438467 -0.248022 -0.377010
0.000000 0.000000 0.000000
0.000000 0.000000 0.000000
-0.394040 -0.096275 -0.380474
-0.700175 -0.176439 -0.394043
-0.700175 0.009246 -0.401342
-0.471606 -0.248022 -0.517009
0.387009 -0.248022 -0.178172
-0.700175 -0.075403 -0.099172
-0.700175 -0.233313 -0.116124
0.000000 0.000000 0.000000
0.146890 -0.248022 -0.283609
0.000000 0.000000 0.000000
0.000000 0.000000 0.000000
0.000000 0.000000 0.000000
-0.187279 -0.187883 -0.648422
0.000000 0.000000 0.000000
0.000000 0.000000 0.000000
0.000000 0.000000 0.000000
0.000000 0.000000 0.000000
-0.047771 -0.191708 -0.025247
-0.612474 0.058724 -0.648422
0.436876 -0.248022 -0.612952
0.000000 0.000000 0.000000
-0.339281 -0.248022 0.030349
0.000000 0.000000 0.000000
0.000000 0.000000 0.000000
0.000000 0.000000 0.000000
0.089754 -0.248022 -0.608351
0.263758 -0.248022 -0.375834
-0.503062 -0.248022 -0.291451
0.000000 0.000000 0.000000
-0.369901 -0.248022 -0.156586
0.000000 0.000000 0.000000
0.178395 -0.248022 -0.035611
0.000000 0.000000 0.000000
0.000000 0.000000 0.000000
0.047047 0.017772 -0.648422
0.000000 0.000000 0.000000
0.148635 0.089597 -0.648422
0.226034 -0.186380 -0.648422
0.000000 0.000000 0.000000
0.000000 0.000000 0.000000
0.000000 0.000000 0.000000
-0.464642 0.003182 -0.648422
0.000000 0.000000 0.000000
0.000000 0.000000 0.000000
0.000000 0.000000 0.000000
0.000000 0.000000 0.000000
-0.700175 -0.210761 -0.550073
0.000000 0.000000 0.000000
-0.572934 0.252120 -0.648422
0.000000 0.000000 0.000000
-0.060843 -0.191708 -0.210301
0.000000 0.000000 0.000000
0.000000 0.000000 0.000000
0.310457 -0.248022 -0.024582
-0.234743 0.138043 -0.648422
0.000000 0.000000 0.000000
-0.121033 -0.248022 -0.470744
0.000000 0.000000 0.000000
0.000000 0.000000 0.000000
0.184077 -0.191131 -0.189598
-0.005715 -0.194061 -0.648422
0.000000 0.000000 0.000000
0.000000 0.000000 0.000000
0.000000 0.000000 0.000000
0.000000 0.000000 0.000000
0.000000 0.000000 0.000000
0.000000 0.000000 0.000000
0.000000 0.000000 0.000000
0.000000 0.000000 0.000000
-0.132115 -0.191708 -0.321070
0.000000 0.000000 0.000000
-0.260101 -0.077858 -0.648422
-0.028087 -0.025537 -0.648422
-0.456550 -0.248022 -0.364433
-0.485477 0.066249 -0.352265
0.000000 0.000000 0.000000
0.000000 0.000000 0.000000
-0.263363 -0.248022 -0.460965
0.000000 0.000000 0.000000
-0.177597 -0.248022 -0.150102
0.000000 0.000000 0.000000
0.000000 0.000000 0.000000
-0.231000 -0.248022 -0.307039
0.000000 0.000000 0.000000
0.105070 -0.116278 -0.272200
0.044821 -0.248022 -0.045397
-0.461229 -0.122335 -0.648422
0.031569 -0.248022 -0.221437
0.000000 0.000000 0.000000
-0.700175 -0.185219 0.031958
0.000000 0.000000 0.000000
0.000000 0.000000 0.000000
0.000000 0.000000 0.000000
0.000000 0.000000 0.000000
0.000000 0.000000 0.000000
0.000000 0.000000 0.000000
0.000000 0.000000 0.000000
0.000000 0.000000 0.000000
0.329933 -0.248022 -0.467506
0.000000 0.000000 0.000000
-0.524240 -0.248022 0.060590
0.208346 -0.026630 -0.648422
0.000000 0.000000 0.000000
0.000000 0.000000 0.000000
0.000000 0.000000 0.000000
0.000000 0.000000 0.000000
0.000000 0.000000 0.000000
-0.052449 0.187392 -0.648422
0.000000 0.000000 0.000000
0.000000 0.000000 0.000000
0.000000 0.000000 0.000000
-0.353793 -0.248022 -0.250608
-0.059412 0.011612 -0.389804
0.000000 0.000000 0.000000
0.000000 0.000000 0.000000
0.000000 0.000000 0.000000
0.000000 0.000000 0.000000
0.000000 0.000000 0.000000
-0.688368 -0.071441 -0.621222
0.000000 0.000000 0.000000
0.000000 0.000000 0.000000
0.441351 -0.248022 -0.261981
0.000000 0.000000 0.000000
-0.044330 -0.248022 0.049438
0.000000 0.000000 0.000000
0.000000 0.000000 0.000000
0.000000 0.000000 0.000000
0.000000 0.000000 0.000000
-0.305164 -0.191708 -0.135106
0.000000 0.000000 0.000000
0.000000 0.000000 0.000000
0.000000 0.000000 0.000000
0.051605 -0.248022 -0.374085
0.000000 0.000000 0.000000
0.000000 0.000000 0.000000
-0.700175 0.079424 -0.503310
0.000000 0.000000 0.000000
-0.066098 -0.248022 -0.323127
-0.700175 -0.095818 -0.322965
-0.181089 0.055142 -0.430958
0.000000 0.000000 0.000000
-0.695590 -0.248022 -0.218234
0.000000 0.000000 0.000000
0.000000 0.000000 0.000000
-0.700175 0.149066 -0.579206
-0.522179 -0.190921 -0.064791
0.000000 0.000000 0.000000
0.000000 0.000000 0.000000
0.000000 0.000000 0.000000
-0.413656 -0.248022 -0.232061
0.290273 -0.248022 -0.118989
-0.405083 0.219921 -0.648422
0.000000 0.000000 0.000000
-0.181398 -0.191708 -0.367385
0.000000 0.000000 0.000000
0.000000 0.000000 0.000000
0.000000 0.000000 0.000000
-0.175832 0.030139 -0.648422
0.000000 0.000000 0.000000
0.000000 0.000000 0.000000
-0.636995 -0.248022 0.151225
0.000000 0.000000 0.000000
0.000000 0.000000 0.000000
0.000000 0.000000 0.000000
0.000000 0.000000 0.000000
-0.696818 -0.170924 -0.604404
-0.496677 -0.191708 -0.209183
0.207457 0.155097 -0.648422
0.000000 0.000000 0.000000
0.000000 0.000000 0.000000
0.000000 0.000000 0.000000
0.000000 0.000000 0.000000
-0.409516 0.078819 -0.406962
0.000000 0.000000 0.000000
0.000000 0.000000 0.000000
0.000000 0.000000 0.000000
0.000000 0.000000 0.000000
0.000000 0.000000 0.000000
0.000000 0.000000 0.000000
0.000000 0.000000 0.000000
0.070130 -0.248022 -0.503714
0.000000 0.000000 0.000000
-0.344088 -0.215544 -0.648422
0.000000 0.000000 0.000000
-0.500285 0.001246 -0.310690
0.000000 0.000000 0.000000
0.000000 0.000000 0.000000
0.000000 0.000000 0.000000
-0.249047 -0.004070 -0.423516
0.000000 0.000000 0.000000
0.000000 0.000000 0.000000
0.000000 0.000000 0.000000
0.000000 0.000000 0.000000
-0.003936 -0.081439 -0.346077
0.000000 0.000000 0.000000
0.000000 0.000000 0.000000
0.000000 0.000000 0.000000
0.000000 0.000000 0.000000
0.000000 0.000000 0.000000
-0.545568 -0.213499 -0.648422
0.000000 0.000000 0.000000
0.000000 0.000000 0.000000
0.000000 0.000000 0.000000
0.000000 0.000000 0.000000
0.000000 0.000000 0.000000
0.000000 0.000000 0.000000
0.000000 0.000000 0.000000
-0.135003 -0.248022 -0.587370
-0.321075 -0.248022 -0.062522
0.000000 0.000000 0.000000
-0.102181 -0.189601 -0.648422
-0.231793 -0.248022 0.019139
0.000000 0.000000 0.000000
0.000000 0.000000 0.000000
0.337931 -0.248022 -0.605884
0.000000 0.000000 0.000000
-0.517398 0.075706 -0.648422
0.000000 0.000000 0.000000
0.000000 0.000000 0.000000
0.000000 0.000000 0.000000
0.150949 -0.248022 -0.594161
0.000000 0.000000 0.000000
0.000000 0.000000 0.000000
0.216130 -0.248022 -0.460928
0.000000 0.000000 0.000000
0.000000 0.000000 0.000000
0.000000 0.000000 0.000000
0.197656 -0.248022 -0.351824
-0.700175 -0.128884 -0.245291
-0.246418 -0.075816 -0.410854
-0.354694 -0.152757 -0.648422
0.000000 0.000000 0.000000
0.000000 0.000000 0.000000
0.000000 0.000000 0.000000
0.000000 0.000000 0.000000
0.000000 0.000000 0.000000
0.000000 0.000000 0.000000
-0.632250 -0.010469 -0.648422
-0.611037 -0.248022 -0.082704
0.000000 0.000000 0.000000
0.000000 0.000000 0.000000
0.000000 0.000000 0.000000
0.066739 -0.191708 -0.083364
0.000000 0.000000 0.000000
0.000000 0.000000 0.000000
0.000000 0.000000 0.000000
0.000000 0.000000 0.000000
0.000000 0.000000 0.000000
0.000000 0.000000 0.000000
0.000000 0.000000 0.000000
0.000000 0.000000 0.000000
0.000000 0.000000 0.000000
-0.357425 0.105831 -0.648422
0.000000 0.000000 0.000000
0.000000 0.000000 0.000000
0.000000 0.000000 0.000000
0.368789 -0.069461 -0.648422
-0.440497 -0.248022 0.068026
0.000000 0.000000 0.000000
0.000000 0.000000 0.000000
-0.514299 -0.101308 -0.258517
0.000000 0.000000 0.000000
0.000000 0.000000 0.000000
-0.131639 -0.248022 0.026295
0.000000 0.000000 0.000000
0.110229 -0.191708 -0.239502
0.000000 0.000000 0.000000
-0.161371 -0.191708 -0.207061
0.008005 -0.191708 -0.217075
-0.316068 -0.009035 -0.418380
0.000000 0.000000 0.000000
0.000000 0.000000 0.000000
-0.152397 0.163742 -0.648422
0.000000 0.000000 0.000000
0.000000 0.000000 0.000000
0.000000 0.000000 0.000000
0.000000 0.000000 0.000000
0.000000 0.000000 0.000000
0.000000 0.000000 0.000000
-0.700175 -0.010839 -0.501050
0.000000 0.000000 0.000000
0.000000 0.000000 0.000000
-0.312475 -0.248022 -0.576174
0.000000 0.000000 0.000000
-0.281830 -0.245027 -0.648422
0.000000 0.000000 0.000000
0.000000 0.000000 0.000000
-0.513341 -0.248022 -0.434576
0.098134 -0.248022 -0.176208
0.028528 0.078966 -0.648422
0.160296 -0.248022 -0.504636
0.000000 0.000000 0.000000
0.000000 0.000000 0.000000
-0.384226 0.041543 -0.648422
0.000000 0.000000 0.000000
0.000000 0.000000 0.000000
0.000000 0.000000 0.000000
-0.551705 -0.248022 -0.118242
-0.196112 -0.248022 -0.218699
0.000000 0.000000 0.000000
0.000000 0.000000 0.000000
0.000000 0.000000 0.000000
0.000000 0.000000 0.000000
0.000000 0.000000 0.000000
-0.526364 -0.059459 -0.648422
0.149850 -0.133855 -0.648422
-0.410649 -0.191708 -0.157047
-0.555469 -0.248022 -0.530863
0.000000 0.000000 0.000000
0.000000 0.000000 0.000000
0.000000 0.000000 0.000000
0.000000 0.000000 0.000000
0.391159 -0.248022 -0.057982
0.204961 -0.248022 -0.229390
-0.619961 -0.248022 -0.330603
-0.673788 -0.248022 -0.635975
0.000000 0.000000 0.000000
-0.383021 -0.248022 -0.581737
0.071040 -0.248022 -0.299088
-0.310908 -0.191708 -0.366897
0.000000 0.000000 0.000000
0.000000 0.000000 0.000000
0.000000 0.000000 0.000000
-0.700175 -0.054116 -0.441465
-0.307618 -0.248022 -0.326208
0.000000 0.000000 0.000000
0.000000 0.000000 0.000000
0.000000 0.000000 0.000000
0.000000 0.000000 0.000000
0.000000 0.000000 0.000000
0.000000 0.000000 0.000000
0.000000 0.000000 0.000000
0.380007 -0.248022 -0.531469
0.096546 -0.248022 -0.092513
0.000000 0.000000 0.000000
0.378757 -0.248022 -0.262222
0.000000 0.000000 0.000000
0.000000 0.000000 0.000000
0.000000 0.000000 0.000000
0.000000 0.000000 0.000000
0.000000 0.000000 0.000000
0.000000 0.000000 0.000000
-0.076009 -0.191708 -0.103455
0.000000 0.000000 0.000000
0.000000 0.000000 0.000000
0.000000 0.000000 0.000000
0.000000 0.000000 0.000000
0.000000 0.000000 0.000000
0.000000 0.000000 0.000000
0.000000 0.000000 0.000000
0.000000 0.000000 0.000000
-0.339423 -0.248022 0.100960
-0.050814 -0.248022 -0.566668
0.000000 0.000000 0.000000
-0.500373 0.206049 -0.648422
0.000000 0.000000 0.000000
0.000000 0.000000 0.000000
0.000000 0.000000 0.000000
0.000000 0.000000 0.000000
0.000000 0.000000 0.000000
-0.666314 0.111740 -0.640746
0.000000 0.000000 0.000000
-0.538815 -0.002262 -0.237727
0.000000 0.000000 0.000000
0.000000 0.000000 0.000000
0.000000 0.000000 0.000000
-0.489330 -0.248022 0.131173
0.104984 -0.029237 -0.648422
0.000000 0.000000 0.000000
0.000000 0.000000 0.000000
0.000000 0.000000 0.000000
0.000000 0.000000 0.000000
0.000000 0.000000 0.000000
0.000000 0.000000 0.000000
0.000000 0.000000 0.000000
-0.700175 -0.062919 -0.195399
0.000000 0.000000 0.000000
-0.265405 -0.165743 -0.648422
0.293522 -0.248022 -0.565852
0.000000 0.000000 0.000000
-0.448620 -0.248022 -0.141697
0.000000 0.000000 0.000000
-0.001195 0.143180 -0.648422
0.000000 0.000000 0.000000
0.000000 0.000000 0.000000
-0.157155 -0.125798 -0.393911
-0.700175 0.072608 -0.419087
0.000000 0.000000 0.000000
0.000000 0.000000 0.000000
0.000000 0.000000 0.000000
0.000000 0.000000 0.000000
0.000000 0.000000 0.000000
-0.672300 -0.248022 -0.394936
-0.462951 -0.191708 -0.015207
-0.147019 -0.191708 -0.145810
0.000000 0.000000 0.000000
-0.200276 -0.191708 -0.293593
0.000000 0.000000 0.000000
0.000000 0.000000 0.000000
0.412804 -0.248022 -0.127102
0.000000 0.000000 0.000000
-0.698849 -0.248022 -0.012906
0.000000 0.000000 0.000000
0.000000 0.000000 0.000000
-0.303635 -0.191708 -0.306211
0.000000 0.000000 0.000000
-0.700175 -0.140085 -0.135588
-0.517487 -0.248022 -0.578916
0.000000 0.000000 0.000000
0.000000 0.000000 0.000000
-0.601870 -0.248022 0.087680
-0.477201 -0.248022 -0.197598
0.000000 0.000000 0.000000
0.000000 0.000000 0.000000
0.000000 0.000000 0.000000
0.000000 0.000000 0.000000
0.000000 0.000000 0.000000
0.000000 0.000000 0.000000
0.000000 0.000000 0.000000
0.000000 0.000000 0.000000
0.000000 0.000000 0.000000
0.000000 0.000000 0.000000
0.000000 0.000000 0.000000
0.000000 0.000000 0.000000
-0.642351 0.205241 -0.648014
0.084477 -0.172063 -0.648422
0.150308 -0.202153 -0.648422
0.000000 0.000000 0.000000
0.000000 0.000000 0.000000
-0.700175 -0.129515 -0.456530
-0.270655 -0.248022 -0.150995
-0.318672 -0.089418 -0.403193
-0.059642 -0.107765 -0.648422
0.000000 0.000000 0.000000
-0.700175 -0.223982 -0.478950
-0.628934 -0.172829 -0.648422
0.389049 -0.248022 -0.323590
-0.386744 -0.248022 -0.333872
0.135230 0.194419 -0.648422
-0.520871 -0.147172 -0.648422
0.000000 0.000000 0.000000
0.000000 0.000000 0.000000
-0.393250 -0.248022 -0.082149
-0.013744 -0.191708 -0.150372
0.000000 0.000000 0.000000
0.000000 0.000000 0.000000
0.000000 0.000000 0.000000
0.218882 -0.191708 -0.136050
0.000000 0.000000 0.000000
-0.168430 -0.248022 -0.348656
-0.403948 -0.168000 -0.358495
0.000000 0.000000 0.000000
0.000000 0.000000 0.000000
0.294867 -0.167417 -0.648422
0.000000 0.000000 0.000000
0.000000 0.000000 0.000000
0.000000 0.000000 0.000000
0.000000 0.000000 0.000000
0.000000 0.000000 0.000000
0.000000 0.000000 0.000000
0.000000 0.000000 0.000000
0.000000 0.000000 0.000000
-0.199746 -0.248022 -0.422483
0.355693 -0.248022 -0.400301
0.000000 0.000000 0.000000
0.000000 0.000000 0.000000
0.223760 -0.248022 -0.093364
0.000000 0.000000 0.000000
0.000000 0.000000 0.000000
-0.233995 -0.004590 -0.648422
-0.050410 -0.248022 -0.246657
0.000000 0.000000 0.000000
0.000000 0.000000 0.000000
0.000000 0.000000 0.000000
-0.535409 -0.124425 -0.102087
0.234600 -0.248022 -0.183541
0.000000 0.000000 0.000000
0.000000 0.000000 0.000000
0.000000 0.000000 0.000000
0.000000 0.000000 0.000000
-0.538137 -0.248022 -0.010971
-0.042137 0.059967 -0.648422
0.337781 0.032741 -0.648422
-0.284095 -0.191708 -0.022402
0.000000 0.000000 0.000000
0.000000 0.000000 0.000000
0.000000 0.000000 0.000000
-0.010342 -0.191708 -0.071642
-0.651625 -0.248022 -0.163934
0.000000 0.000000 0.000000
0.000000 0.000000 0.000000
0.000000 0.000000 0.000000
-0.700175 -0.240695 0.069080
-0.031453 -0.248022 -0.382453
0.039094 -0.248022 -0.561423
0.000000 0.000000 0.000000
0.000000 0.000000 0.000000
0.199105 0.048201 -0.648422
0.000000 0.000000 0.000000
0.000000 0.000000 0.000000
-0.700175 -0.078026 -0.386772
0.000000 0.000000 0.000000
0.000000 0.000000 0.000000
0.000000 0.000000 0.000000
-0.217997 -0.248022 -0.645927
0.000000 0.000000 0.000000
0.000000 0.000000 0.000000
-0.257285 0.214087 -0.648422
0.000000 0.000000 0.000000
0.034772 -0.045499 -0.648422
0.000000 0.000000 0.000000
0.000000 0.000000 0.000000
0.000000 0.000000 0.000000
-0.019002 -0.248022 -0.028985
0.000000 0.000000 0.000000
0.000000 0.000000 0.000000
-0.415919 -0.042075 -0.648422
0.000000 0.000000 0.000000
0.000000 0.000000 0.000000
0.000000 0.000000 0.000000
0.000000 0.000000 0.000000
-0.299411 -0.248022 -0.224667
0.000000 0.000000 0.000000
0.000000 0.000000 0.000000
0.000000 0.000000 0.000000
0.000000 0.000000 0.000000
0.000000 0.000000 0.000000
0.008717 -0.022871 -0.350811
0.000000 0.000000 0.000000
-0.542546 -0.248022 -0.365348
0.000000 0.000000 0.000000
0.000000 0.000000 0.000000
0.000000 0.000000 0.000000
0.000000 0.000000 0.000000
0.115045 -0.248022 -0.351174
-0.178467 -0.248022 -0.089271
0.000000 0.000000 0.000000
0.000000 0.000000 0.000000
-0.141339 -0.138644 -0.648422
0.000000 0.000000 0.000000
0.252452 -0.240408 -0.648422
0.000000 0.000000 0.000000
0.000000 0.000000 0.000000
