0.360078 -0.206461 -0.021093
0.000000 0.000000 0.000000
0.000000 0.000000 0.000000
0.000000 0.000000 0.000000
0.000000 0.000000 0.000000
0.040140 -0.601156 -0.312222
0.000000 0.000000 0.000000
0.026131 -0.125103 -0.367661
0.000000 0.000000 0.000000
0.291795 -0.639676 0.081057
0.308508 0.209134 -0.181396
0.000000 0.000000 0.000000
0.187974 -0.025102 -0.144760
0.000000 0.000000 0.000000
0.000000 0.000000 0.000000
0.000000 0.000000 0.000000
0.000000 0.000000 0.000000
0.000000 0.000000 0.000000
0.229367 -0.367688 -0.261135
0.000000 0.000000 0.000000
0.000000 0.000000 0.000000
0.132160 0.120402 -0.329582
0.000000 0.000000 0.000000
0.000000 0.000000 0.000000
0.053832 -0.650919 -0.053606
0.000000 0.000000 0.000000
0.095532 -0.633879 0.278366
0.000000 0.000000 0.000000
0.271912 -0.605505 -0.205354
0.374292 0.276037 0.038046
0.300427 -0.431810 0.215111
0.000000 0.000000 0.000000
0.000000 0.000000 0.000000
0.000000 0.000000 0.000000
0.361308 -0.454854 -0.006287
0.020965 -0.389970 -0.344038
0.000000 0.000000 0.000000
0.000000 0.000000 0.000000
0.356267 -0.017935 -0.066967
0.247921 -0.144248 -0.272193
0.000000 0.000000 0.000000
0.000000 0.000000 0.000000
0.000000 0.000000 0.000000
0.000000 0.000000 0.000000
0.000000 0.000000 0.000000
0.000000 0.000000 0.000000
0.000000 0.000000 0.000000
-0.164038 -0.522205 -0.317824
0.000000 0.000000 0.000000
0.319110 -0.025102 0.045586
0.340618 -0.253263 -0.149467
0.246736 -0.587308 0.269809
0.000000 0.000000 0.000000
0.000000 0.000000 0.000000
0.000000 0.000000 0.000000
0.000000 0.000000 0.000000
0.128553 -0.638402 0.112712
0.000000 0.000000 0.000000
0.000000 0.000000 0.000000
0.000000 0.000000 0.000000
0.000000 0.000000 0.000000
0.112905 -0.282928 -0.351979
0.000000 0.000000 0.000000
0.175152 -0.508639 -0.300682
0.000000 0.000000 0.000000
0.000000 0.000000 0.000000
0.312691 0.025586 -0.197240
0.000000 0.000000 0.000000
0.000000 0.000000 0.000000
0.002967 -0.638402 -0.162575
0.167594 -0.029608 -0.326665
0.327512 0.341061 -0.175875
0.000000 0.000000 0.000000
0.000000 0.000000 0.000000
0.000000 0.000000 0.000000
0.331037 -0.415707 -0.170794
0.000000 0.000000 0.000000
0.347838 -0.306040 0.114242
0.000000 0.000000 0.000000
0.307886 -0.102962 -0.204165
0.000000 0.000000 0.000000
-0.019105 -0.506551 -0.344437
0.363128 -0.170298 0.099813
0.361637 0.106025 -0.002324
0.000000 0.000000 0.000000
0.215263 -0.638402 -0.045807
-0.096877 -0.650918 0.029133
0.000000 0.000000 0.000000
0.000000 0.000000 0.000000
0.000000 0.000000 0.000000
0.352333 -0.518799 0.136894
0.000000 0.000000 0.000000
0.349492 -0.587357 -0.076777
0.000000 0.000000 0.000000
-0.024376 -0.650919 0.148472
-0.021518 -0.262137 -0.344119
0.000000 0.000000 0.000000
0.000000 0.000000 0.000000
0.000000 0.000000 0.000000
-0.085243 -0.632339 -0.264568
0.000000 0.000000 0.000000
0.000000 0.000000 0.000000
-0.042040 -0.650919 -0.007773
0.000000 0.000000 0.000000
0.000000 0.000000 0.000000
0.246024 0.129910 -0.273799
0.339485 -0.492120 -0.103541
0.000000 0.000000 0.000000
0.128332 -0.638273 -0.199803
0.000000 0.000000 0.000000
0.000000 0.000000 0.000000
0.000000 0.000000 0.000000
0.000000 0.000000 0.000000
0.000000 0.000000 0.000000
0.340129 0.072402 -0.150829
0.000000 0.000000 0.000000
0.000000 0.000000 0.000000
0.359443 0.262565 -0.097076
0.000000 0.000000 0.000000
0.000000 0.000000 0.000000
0.000000 0.000000 0.000000
0.000000 0.000000 0.000000
0.355293 -0.346570 -0.038583
-0.113306 -0.397642 -0.336044
0.000000 0.000000 0.000000
0.368970 0.376645 -0.064674
0.000000 0.000000 0.000000
0.000000 0.000000 0.000000
0.219356 -0.239963 -0.296370
0.118994 -0.392465 -0.349582
0.000000 0.000000 0.000000
0.000000 0.000000 0.000000
0.000000 0.000000 0.000000
0.000000 0.000000 0.000000
0.000000 0.000000 0.000000
0.000000 0.000000 0.000000
0.000000 0.000000 0.000000
0.126904 -0.149815 -0.320643
0.213612 -0.650150 0.159062
0.000000 0.000000 0.000000
0.000000 0.000000 0.000000
0.000000 0.000000 0.000000
0.287369 -0.025102 -0.088812
0.254279 -0.551795 -0.237712
0.000000 0.000000 0.000000
-0.096637 -0.638402 -0.110811
0.000000 0.000000 0.000000
0.000000 0.000000 0.000000
0.000000 0.000000 0.000000
0.000000 0.000000 0.000000
0.177551 -0.025102 -0.237388
0.000000 0.000000 0.000000
0.373365 -0.101210 -0.011802
0.000000 0.000000 0.000000
0.000000 0.000000 0.000000
0.000000 0.000000 0.000000
0.000000 0.000000 0.000000
0.311112 -0.526969 0.194821
0.366623 -0.565408 0.042798
0.000000 0.000000 0.000000
0.000000 0.000000 0.000000
0.000000 0.000000 0.000000
0.000000 0.000000 0.000000
0.000000 0.000000 0.000000
0.000000 0.000000 0.000000
0.309015 -0.329889 -0.202538
0.298418 -0.025102 -0.154974
0.000000 0.000000 0.000000
0.280889 -0.248350 -0.221199
0.000000 0.000000 0.000000
0.000000 0.000000 0.000000
0.000000 0.000000 0.000000
0.350358 0.046542 0.100305
0.000000 0.000000 0.000000
0.146839 -0.591217 -0.315856
0.357357 -0.407436 0.126241
0.000000 0.000000 0.000000
0.000000 0.000000 0.000000
0.000000 0.000000 0.000000
0.075033 -0.515526 -0.336943
0.000000 0.000000 0.000000
0.143325 -0.638402 0.010568
0.346008 -0.108839 -0.097593
0.000000 0.000000 0.000000
0.000000 0.000000 0.000000
0.034073 -0.650919 0.060604
0.000000 0.000000 0.000000
0.000000 0.000000 0.000000
0.096123 -0.638402 0.205215
0.000000 0.000000 0.000000
0.000000 0.000000 0.000000
0.276908 -0.456295 -0.247659
0.341677 0.167978 -0.109648
0.000000 0.000000 0.000000
0.258392 0.235522 -0.246989
0.000000 0.000000 0.000000
0.000000 0.000000 0.000000
0.194273 -0.650919 -0.140547
0.000000 0.000000 0.000000
0.000000 0.000000 0.000000
0.000000 0.000000 0.000000
0.236156 0.039892 -0.265810
0.000000 0.000000 0.000000
0.000000 0.000000 0.000000
0.000000 0.000000 0.000000
0.000000 0.000000 0.000000
0.343125 -0.268969 -0.094766
0.000000 0.000000 0.000000
0.000000 0.000000 0.000000
-0.117666 -0.650918 -0.154059
0.203036 -0.025102 -0.048634
0.000000 0.000000 0.000000
0.000000 0.000000 0.000000
0.000000 0.000000 0.000000
0.200472 0.162513 -0.296012
0.080451 -0.047071 -0.357844
0.314210 -0.319641 0.196835
0.000000 0.000000 0.000000
0.363697 -0.203597 0.026533
0.000000 0.000000 0.000000
-0.057977 -0.340533 -0.362923
-0.153660 -0.619628 -0.264521
0.000000 0.000000 0.000000
-0.087673 -0.572214 -0.348933
0.182800 -0.414678 -0.319495
0.000000 0.000000 0.000000
0.000000 0.000000 0.000000
0.000000 0.000000 0.000000
0.000000 0.000000 0.000000
0.000000 0.000000 0.000000
0.000000 0.000000 0.000000
0.000000 0.000000 0.000000
0.111790 0.049596 -0.339186
0.000000 0.000000 0.000000
0.032994 -0.649611 -0.257423
0.000000 0.000000 0.000000
0.000000 0.000000 0.000000
0.268802 -0.643129 -0.106543
0.000000 0.000000 0.000000
0.213082 -0.638402 0.062175
0.135928 -0.638402 -0.096854
0.316554 0.105439 -0.191671
0.000000 0.000000 0.000000
0.000000 0.000000 0.000000
0.370734 0.151095 0.057733
0.000000 0.000000 0.000000
0.273997 -0.025102 0.125663
0.000000 0.000000 0.000000
0.000000 0.000000 0.000000
0.186283 -0.098598 -0.317853
0.000000 0.000000 0.000000
0.303069 -0.516705 -0.179467
0.302675 -0.623355 -0.009336
0.346126 -0.171093 -0.097267
0.000000 0.000000 0.000000
0.000000 0.000000 0.000000
0.000000 0.000000 0.000000
0.000000 0.000000 0.000000
0.322454 -0.225125 0.176903
0.000000 0.000000 0.000000
0.371132 0.187559 -0.038660
0.284226 -0.602361 0.181162
0.000000 0.000000 0.000000
0.359579 -0.046519 0.119456
0.370753 -0.354793 0.057625
0.346492 -0.364968 -0.096247
0.000000 0.000000 0.000000
0.286709 0.291640 -0.234691
0.000000 0.000000 0.000000
0.000000 0.000000 0.000000
0.000000 0.000000 0.000000
0.000000 0.000000 0.000000
0.340182 -0.069986 -0.113812
0.000000 0.000000 0.000000
0.080124 -0.202074 -0.345228
0.000000 0.000000 0.000000
0.031056 -0.328483 -0.342714
0.355482 -0.439333 0.069400
0.179537 -0.612817 -0.247513
0.000000 0.000000 0.000000
0.000000 0.000000 0.000000
-0.106007 -0.489486 -0.338666
0.000000 0.000000 0.000000
0.000000 0.000000 0.000000
0.369371 -0.522124 -0.059854
0.000000 0.000000 0.000000
0.000000 0.000000 0.000000
0.000000 0.000000 0.000000
0.000000 0.000000 0.000000
0.240437 -0.079066 -0.262187
0.000000 0.000000 0.000000
0.000000 0.000000 0.000000
0.320762 -0.603256 0.096706
0.153857 -0.325536 -0.333143
0.000000 0.000000 0.000000
0.325669 -0.173940 0.169131
0.206075 -0.300366 -0.307612
0.000000 0.000000 0.000000
0.314461 -0.583717 -0.137602
0.001280 -0.638402 0.210481
0.333864 0.020360 -0.131398
0.000000 0.000000 0.000000
0.000000 0.000000 0.000000
0.000000 0.000000 0.000000
0.000000 0.000000 0.000000
0.000000 0.000000 0.000000
0.000000 0.000000 0.000000
0.000000 0.000000 0.000000
0.235841 -0.592259 -0.257103
0.000000 0.000000 0.000000
0.000000 0.000000 0.000000
0.000000 0.000000 0.000000
0.000000 0.000000 0.000000
0.000000 0.000000 0.000000
0.071232 -0.638402 -0.119092
0.000000 0.000000 0.000000
0.000000 0.000000 0.000000
0.000000 0.000000 0.000000
0.369503 0.062352 -0.058266
0.360307 -0.507415 0.032666
0.000000 0.000000 0.000000
-0.042480 -0.453650 -0.364212
0.334186 0.299572 -0.130501
0.000000 0.000000 0.000000
0.372949 -0.289408 0.045477
0.000000 0.000000 0.000000
0.000000 0.000000 0.000000
0.015996 -0.561100 -0.363810
0.158159 -0.225130 -0.331114
0.341641 -0.447170 0.159569
0.278010 0.355804 -0.225349
0.307418 -0.169979 -0.204839
0.000000 0.000000 0.000000
0.000000 0.000000 0.000000
0.000000 0.000000 0.000000
-0.035898 -0.597598 -0.316037
0.357855 -0.086974 0.058840
0.000000 0.000000 0.000000
0.000000 0.000000 0.000000
0.000000 0.000000 0.000000
0.040050 -0.262988 -0.352470
0.000000 0.000000 0.000000
0.000000 0.000000 0.000000
0.266684 -0.025102 -0.222635
0.000000 0.000000 0.000000
-0.022151 -0.650918 -0.106357
0.000000 0.000000 0.000000
0.242638 -0.025102 0.011189
0.000000 0.000000 0.000000
0.000000 0.000000 0.000000
-0.043913 -0.638402 -0.198080
0.000000 0.000000 0.000000
0.000000 0.000000 0.000000
0.000000 0.000000 0.000000
0.267565 -0.304761 -0.255567
0.318888 0.408337 -0.188306
0.000000 0.000000 0.000000
0.000000 0.000000 0.000000
0.000000 0.000000 0.000000
0.045669 -0.638402 0.142818
0.272898 0.168907 -0.232717
0.094868 -0.645507 -0.262468
0.000000 0.000000 0.000000
0.000000 0.000000 0.000000
0.000000 0.000000 0.000000
0.367027 -0.443736 -0.075969
0.236015 -0.494339 -0.282271
0.000000 0.000000 0.000000
0.363926 0.212041 0.025240
0.000000 0.000000 0.000000
0.000000 0.000000 0.000000
0.000000 0.000000 0.000000
0.000000 0.000000 0.000000
0.000000 0.000000 0.000000
0.000000 0.000000 0.000000
0.186612 0.080437 -0.317698
0.000000 0.000000 0.000000
0.164818 -0.631763 0.241987
0.000000 0.000000 0.000000
0.000000 0.000000 0.000000
0.000000 0.000000 0.000000
0.000000 0.000000 0.000000
0.000000 0.000000 0.000000
0.297161 -0.269370 -0.187159
0.000000 0.000000 0.000000
0.363904 0.044447 0.024974
0.000000 0.000000 0.000000
0.000000 0.000000 0.000000
0.000000 0.000000 0.000000
0.000000 0.000000 0.000000
0.361852 -0.146840 0.011048
0.228362 -0.433183 -0.288748
0.028960 -0.638402 0.014200
0.000000 0.000000 0.000000
0.252129 -0.638270 0.016206
0.000000 0.000000 0.000000
0.000000 0.000000 0.000000
0.069653 -0.638402 -0.188649
0.000000 0.000000 0.000000
0.000000 0.000000 0.000000
0.000000 0.000000 0.000000
0.000000 0.000000 0.000000
0.000000 0.000000 0.000000
0.113971 -0.451832 -0.338158
0.000000 0.000000 0.000000
0.000000 0.000000 0.000000
0.000000 0.000000 0.000000
0.000000 0.000000 0.000000
0.000000 0.000000 0.000000
0.000000 0.000000 0.000000
0.000000 0.000000 0.000000
0.000000 0.000000 0.000000
0.273309 0.088224 -0.232126
0.000000 0.000000 0.000000
0.000000 0.000000 0.000000
0.000000 0.000000 0.000000
-0.003173 -0.460196 -0.346542
0.000000 0.000000 0.000000
0.000000 0.000000 0.000000
0.000000 0.000000 0.000000
0.000000 0.000000 0.000000
0.000000 0.000000 0.000000
0.000000 0.000000 0.000000
0.000000 0.000000 0.000000
0.000000 0.000000 0.000000
0.335407 0.165547 -0.163971
0.000000 0.000000 0.000000
0.000000 0.000000 0.000000
0.000000 0.000000 0.000000
0.000000 0.000000 0.000000
0.000000 0.000000 0.000000
0.194781 -0.157118 -0.287650
-0.008230 -0.172200 -0.354545
0.000000 0.000000 0.000000
0.000000 0.000000 0.000000
0.000000 0.000000 0.000000
0.000000 0.000000 0.000000
0.000000 0.000000 0.000000
0.244300 0.314573 -0.258917
0.077338 -0.415030 -0.358406
0.000000 0.000000 0.000000
0.000000 0.000000 0.000000
0.215889 0.213575 -0.299305
0.247060 -0.213057 -0.247573
0.000000 0.000000 0.000000
0.202766 -0.055999 -0.294072
-0.090777 -0.638402 -0.049403
0.353948 -0.564661 -0.008409
0.000000 0.000000 0.000000
0.361239 -0.287029 -0.007119
0.122666 -0.534893 -0.333369
0.372115 0.263829 -0.026839
0.000000 0.000000 0.000000
0.000000 0.000000 0.000000
0.000000 0.000000 0.000000
-0.128171 -0.650501 -0.215000
0.000000 0.000000 0.000000
0.349319 -0.097004 0.106055
0.324405 -0.160906 -0.157729
0.000000 0.000000 0.000000
-0.028316 -0.638402 0.074751
0.000000 0.000000 0.000000
0.233036 -0.650528 0.111399
0.350089 -0.423996 -0.123110
0.000000 0.000000 0.000000
0.360529 -0.038824 -0.015655
0.000000 0.000000 0.000000
0.099454 -0.638402 0.056450
0.000000 0.000000 0.000000
0.183268 -0.364520 -0.305484
0.362616 -0.401670 0.032512
0.158677 -0.650919 -0.049203
0.365521 0.207598 0.086573
0.000000 0.000000 0.000000
0.087486 -0.121031 -0.356573
0.137171 0.174817 -0.341011
0.000000 0.000000 0.000000
0.000000 0.000000 0.000000
0.114150 -0.025102 -0.224374
0.213029 -0.639794 0.220527
0.000000 0.000000 0.000000
0.000000 0.000000 0.000000
0.357512 0.318681 -0.051981
0.000000 0.000000 0.000000
0.000000 0.000000 0.000000
0.000000 0.000000 0.000000
0.000000 0.000000 0.000000
0.028197 -0.650919 0.245061
0.351072 0.106852 0.096360
0.191252 -0.556030 -0.285050
-0.074775 -0.280657 -0.361525
0.000000 0.000000 0.000000
0.233118 -0.625851 -0.170378
0.000000 0.000000 0.000000
0.155631 -0.638402 0.183998
0.000000 0.000000 0.000000
0.370154 -0.136179 -0.050431
0.000000 0.000000 0.000000
0.126816 -0.087585 -0.320680
-0.096451 -0.595818 -0.316031
0.324592 -0.572574 0.144665
0.000000 0.000000 0.000000
-0.180077 -0.564332 -0.290909
0.317118 -0.455436 -0.190858
0.000000 0.000000 0.000000
0.000000 0.000000 0.000000
0.000000 0.000000 0.000000
0.331190 -0.393448 0.181737
0.094804 -0.579015 -0.328791
0.000000 0.000000 0.000000
0.000000 0.000000 0.000000
0.060948 -0.462748 -0.361368
0.000000 0.000000 0.000000
0.000000 0.000000 0.000000
0.000000 0.000000 0.000000
0.000000 0.000000 0.000000
0.000000 0.000000 0.000000
0.000000 0.000000 0.000000
0.000000 0.000000 0.000000
0.333706 0.254807 -0.166947
0.369574 0.119418 -0.057416
0.345617 -0.540212 -0.132772
0.000000 0.000000 0.000000
0.000000 0.000000 0.000000
0.000000 0.000000 0.000000
0.000000 0.000000 0.000000
0.370118 -0.291104 -0.050872
0.372676 -0.406773 -0.020089
0.000000 0.000000 0.000000
0.000000 0.000000 0.000000
-0.146324 -0.592860 -0.316484
0.000000 0.000000 0.000000
0.000000 0.000000 0.000000
0.348572 -0.227231 0.110179
0.000000 0.000000 0.000000
0.000000 0.000000 0.000000
0.000000 0.000000 0.000000
0.000000 0.000000 0.000000
0.000000 0.000000 0.000000
0.000000 0.000000 0.000000
-0.027438 -0.405797 -0.365463
0.350807 -0.213406 -0.121110
0.000000 0.000000 0.000000
0.000000 0.000000 0.000000
0.000000 0.000000 0.000000
0.170443 0.025582 -0.325322
0.110547 -0.638402 -0.145168
0.364393 0.206746 -0.083298
0.000000 0.000000 0.000000
0.000000 0.000000 0.000000
0.000000 0.000000 0.000000
0.000000 0.000000 0.000000
0.000000 0.000000 0.000000
0.278753 -0.545907 0.254245
0.000000 0.000000 0.000000
0.000000 0.000000 0.000000
0.112415 -0.638402 -0.040898
0.000000 0.000000 0.000000
0.000000 0.000000 0.000000
0.000000 0.000000 0.000000
0.299910 -0.558777 -0.207840
0.074124 0.003069 -0.346311
0.297561 -0.383181 -0.197172
0.000000 0.000000 0.000000
-0.116455 -0.363655 -0.325400
0.000000 0.000000 0.000000
0.000000 0.000000 0.000000
0.000000 0.000000 0.000000
0.077366 -0.638402 0.117035
0.000000 0.000000 0.000000
0.000000 0.000000 0.000000
0.342889 -0.606286 0.045613
0.262891 -0.636642 -0.051635
0.000000 0.000000 0.000000
0.342671 0.100751 -0.106881
0.285547 -0.055142 -0.202283
-0.006550 -0.638402 0.038952
0.000000 0.000000 0.000000
0.000000 0.000000 0.000000
0.319268 -0.307280 -0.152293
0.000000 0.000000 0.000000
0.369906 0.005749 0.062314
0.000000 0.000000 0.000000
0.056557 -0.088331 -0.339368
0.000000 0.000000 0.000000
0.000000 0.000000 0.000000
0.000000 0.000000 0.000000
0.000000 0.000000 0.000000
0.264515 -0.120427 -0.229668
0.000000 0.000000 0.000000
0.000000 0.000000 0.000000
0.000000 0.000000 0.000000
0.028811 -0.508255 -0.354501
0.000000 0.000000 0.000000
0.000000 0.000000 0.000000
0.000000 0.000000 0.000000
0.000000 0.000000 0.000000
-0.013855 -0.650531 -0.247351
-0.093232 -0.434670 -0.356507
0.287230 -0.509872 -0.233939
0.000000 0.000000 0.000000
0.000000 0.000000 0.000000
0.000000 0.000000 0.000000
0.373837 -0.362957 -0.006117
-0.055792 -0.638402 -0.137284
0.000000 0.000000 0.000000
0.356858 -0.083333 -0.059854
0.000000 0.000000 0.000000
0.000000 0.000000 0.000000
0.000000 0.000000 0.000000
0.289841 -0.615712 0.139029
0.203865 -0.650919 0.009882
0.000000 0.000000 0.000000
0.000000 0.000000 0.000000
0.180475 -0.638402 0.101069
0.000000 0.000000 0.000000
0.340649 -0.362344 -0.149381
0.000000 0.000000 0.000000
0.000000 0.000000 0.000000
0.038592 -0.176163 -0.341725
0.000000 0.000000 0.000000
0.000000 0.000000 0.000000
0.000000 0.000000 0.000000
0.000000 0.000000 0.000000
0.315664 -0.616149 -0.104523
0.000000 0.000000 0.000000
0.000000 0.000000 0.000000
0.183910 -0.636177 -0.190258
0.263367 -0.350671 -0.231162
0.000000 0.000000 0.000000
0.000000 0.000000 0.000000
0.000000 0.000000 0.000000
0.000000 0.000000 0.000000
0.000000 0.000000 0.000000
0.000000 0.000000 0.000000
0.000000 0.000000 0.000000
0.368606 -0.235224 -0.069062
0.000000 0.000000 0.000000
0.000000 0.000000 0.000000
0.281769 -0.025102 -0.026696
0.000000 0.000000 0.000000
0.000000 0.000000 0.000000
0.000000 0.000000 0.000000
0.000000 0.000000 0.000000
0.330655 -0.268841 0.153615
0.000000 0.000000 0.000000
0.000000 0.000000 0.000000
0.313255 -0.630187 -0.053377
0.240539 -0.025664 -0.278442
0.076942 -0.638353 0.245394
0.000000 0.000000 0.000000
0.155025 -0.638402 0.057324
0.314210 -0.203938 -0.164489
0.000000 0.000000 0.000000
0.000000 0.000000 0.000000
0.000000 0.000000 0.000000
0.000000 0.000000 0.000000
0.026108 -0.650918 -0.207405
0.090315 0.093911 -0.356062
0.000000 0.000000 0.000000
0.000000 0.000000 0.000000
0.360413 0.019154 -0.017049
0.000000 0.000000 0.000000
0.000000 0.000000 0.000000
0.164885 -0.166376 -0.327942
0.000000 0.000000 0.000000
0.317118 -0.070520 -0.157478
0.111561 -0.608529 -0.298979
0.100353 -0.650919 0.159251
0.000000 0.000000 0.000000
0.094432 -0.346912 -0.355317
0.000000 0.000000 0.000000
0.000000 0.000000 0.000000
-0.121396 -0.544780 -0.321364
0.086082 -0.153677 -0.356827
-0.087451 -0.388453 -0.358583
0.000000 0.000000 0.000000
-0.140994 -0.638402 -0.088725
0.000000 0.000000 0.000000
0.351398 -0.483111 0.094555
0.000000 0.000000 0.000000
-0.136579 -0.468760 -0.317055
0.356704 -0.137602 0.060093
0.000000 0.000000 0.000000
0.201020 -0.461552 -0.310904
0.314635 -0.488444 0.214672
0.000000 0.000000 0.000000
-0.010037 -0.638402 -0.069413
0.000000 0.000000 0.000000
0.000000 0.000000 0.000000
0.000000 0.000000 0.000000
0.000000 0.000000 0.000000
0.338420 0.224322 -0.118718
-0.009051 -0.213706 -0.345765
0.360739 -0.512082 -0.013137
0.000000 0.000000 0.000000
0.000000 0.000000 0.000000
0.000000 0.000000 0.000000
0.000000 0.000000 0.000000
0.159021 -0.025102 -0.186225
0.354052 -0.480583 -0.047973
0.052451 -0.642521 0.298280
0.000000 0.000000 0.000000
0.000000 0.000000 0.000000
0.000000 0.000000 0.000000
0.000000 0.000000 0.000000
0.000000 0.000000 0.000000
0.000000 0.000000 0.000000
0.356361 -0.359452 0.128352
0.000000 0.000000 0.000000
0.000000 0.000000 0.000000
0.368875 -0.383360 -0.065823
0.000000 0.000000 0.000000
0.000000 0.000000 0.000000
0.000000 0.000000 0.000000
0.000000 0.000000 0.000000
0.000000 0.000000 0.000000
