0.000000 0.000000 0.000000
0.124626 0.809814 0.474592
0.000000 0.000000 0.000000
0.000000 0.000000 0.000000
0.078097 0.334811 0.312137
0.000000 0.000000 0.000000
0.000000 0.000000 0.000000
0.000000 0.000000 0.000000
-0.187742 0.321018 0.474592
0.000000 0.000000 0.000000
-0.238965 0.748723 0.312137
0.000000 0.000000 0.000000
0.246999 0.218990 0.474592
-0.062901 0.225384 0.148024
0.000000 0.000000 0.000000
0.000000 0.000000 0.000000
0.280300 0.225384 0.065569
0.173574 0.507045 0.474592
0.000000 0.000000 0.000000
0.000000 0.000000 0.000000
0.192572 0.717849 0.312137
0.000000 0.000000 0.000000
0.000000 0.000000 0.000000
0.000000 0.000000 0.000000
-0.157058 0.654687 0.474592
0.000000 0.000000 0.000000
0.000000 0.000000 0.000000
0.161623 0.057084 0.267055
0.000000 0.000000 0.000000
0.000000 0.000000 0.000000
-0.269364 0.454365 0.312137
-0.215682 0.441823 0.312137
0.154579 0.225384 0.033312
0.000000 0.000000 0.000000
0.000000 0.000000 0.000000
0.000000 0.000000 0.000000
-0.022118 0.175727 0.474592
0.145957 0.552626 0.474592
0.000000 0.000000 0.000000
0.000000 0.000000 0.000000
0.285029 0.525456 0.319502
-0.209526 0.837192 0.460970
0.000000 0.000000 0.000000
0.000000 0.000000 0.000000
0.285029 0.310764 0.468992
-0.018497 0.837192 0.385733
-0.009865 0.328756 0.312137
0.000000 0.000000 0.000000
0.000000 0.000000 0.000000
0.000000 0.000000 0.000000
0.228272 0.206090 0.282008
-0.022836 0.596704 0.312137
0.002255 0.408589 0.474592
0.000000 0.000000 0.000000
0.000000 0.000000 0.000000
0.000000 0.000000 0.000000
0.000000 0.000000 0.000000
0.000000 0.000000 0.000000
0.285029 0.706121 0.468895
0.000000 0.000000 0.000000
0.000000 0.000000 0.000000
0.000000 0.000000 0.000000
0.250068 0.039227 0.055073
0.000000 0.000000 0.000000
0.093890 0.627257 0.474592
0.000000 0.000000 0.000000
0.000000 0.000000 0.000000
0.000000 0.000000 0.000000
0.067611 0.170012 0.350990
0.000000 0.000000 0.000000
0.000000 0.000000 0.000000
0.247211 0.253363 0.312137
-0.224362 0.487042 0.474592
0.000000 0.000000 0.000000
0.251906 0.837192 0.315700
0.000000 0.000000 0.000000
0.000000 0.000000 0.000000
0.000000 0.000000 0.000000
-0.103132 0.837192 0.377780
0.000000 0.000000 0.000000
0.000000 0.000000 0.000000
-0.217033 0.177652 0.474592
0.000000 0.000000 0.000000
0.000000 0.000000 0.000000
0.000000 0.000000 0.000000
0.000000 0.000000 0.000000
0.000000 0.000000 0.000000
0.000000 0.000000 0.000000
0.050335 0.435798 0.312137
0.111065 0.285081 0.474592
-0.288167 0.601348 0.393243
0.000000 0.000000 0.000000
0.000000 0.000000 0.000000
-0.046071 0.787713 0.474592
0.000000 0.000000 0.000000
0.000000 0.000000 0.000000
0.000000 0.000000 0.000000
-0.288167 0.404758 0.419929
0.000000 0.000000 0.000000
0.000000 0.000000 0.000000
-0.288167 0.702825 0.424841
0.151228 0.171039 0.190074
0.046492 0.778403 0.312137
-0.102737 0.788788 0.312137
-0.170149 0.618485 0.312137
0.000000 0.000000 0.000000
0.000000 0.000000 0.000000
0.000000 0.000000 0.000000
0.000000 0.000000 0.000000
0.000000 0.000000 0.000000
0.334360 0.164044 0.045225
0.000000 0.000000 0.000000
0.285029 0.386384 0.339029
0.000000 0.000000 0.000000
0.107570 0.127016 0.390161
0.000000 0.000000 0.000000
0.000000 0.000000 0.000000
0.285029 0.811225 0.471061
0.000000 0.000000 0.000000
0.000000 0.000000 0.000000
-0.177085 0.307926 0.312137
0.000000 0.000000 0.000000
0.000000 0.000000 0.000000
0.000000 0.000000 0.000000
0.000000 0.000000 0.000000
0.000000 0.000000 0.000000
0.137645 0.837192 0.382081
0.000000 0.000000 0.000000
0.000000 0.000000 0.000000
0.000000 0.000000 0.000000
0.014606 0.225384 0.101233
0.112691 0.272976 0.312137
-0.065300 0.294182 0.474592
0.000000 0.000000 0.000000
0.000000 0.000000 0.000000
0.000000 0.000000 0.000000
0.000000 0.000000 0.000000
0.000000 0.000000 0.000000
0.000000 0.000000 0.000000
0.026397 0.225384 0.229841
0.000000 0.000000 0.000000
0.125555 0.570274 0.312137
0.000000 0.000000 0.000000
-0.047489 0.550070 0.474592
-0.070720 0.170012 0.324554
0.261398 0.113325 0.174175
0.000000 0.000000 0.000000
-0.257944 0.837192 0.342821
0.191769 0.170012 0.206660
-0.288167 0.654853 0.358646
0.182486 0.422239 0.312137
0.000000 0.000000 0.000000
0.285029 0.247995 0.357751
0.000000 0.000000 0.000000
0.285029 0.546281 0.444594
0.000000 0.000000 0.000000
0.046309 0.123901 0.228008
0.000000 0.000000 0.000000
0.000000 0.000000 0.000000
0.000000 0.000000 0.000000
0.285879 0.225384 -0.030643
0.285029 0.475848 0.455780
0.000000 0.000000 0.000000
0.000000 0.000000 0.000000
0.000000 0.000000 0.000000
0.000000 0.000000 0.000000
0.285604 0.158391 0.209438
0.285029 0.652548 0.349702
0.000000 0.000000 0.000000
0.279601 0.170012 0.031369
0.246926 0.170012 0.394739
0.000000 0.000000 0.000000
0.160128 0.677895 0.474592
0.000000 0.000000 0.000000
0.000000 0.000000 0.000000
-0.043265 0.364413 0.312137
-0.288167 0.271155 0.458037
-0.159080 0.768694 0.474592
0.068672 0.225384 -0.072758
-0.127075 0.449010 0.474592
0.000000 0.000000 0.000000
0.000000 0.000000 0.000000
0.200278 0.162899 0.075208
0.000000 0.000000 0.000000
0.064283 0.476124 0.474592
0.000000 0.000000 0.000000
0.000000 0.000000 0.000000
0.000000 0.000000 0.000000
0.000000 0.000000 0.000000
0.097760 0.188924 0.474592
-0.077793 0.492411 0.312137
0.000000 0.000000 0.000000
0.000000 0.000000 0.000000
0.000000 0.000000 0.000000
0.000000 0.000000 0.000000
0.061325 0.837192 0.473535
0.000000 0.000000 0.000000
0.000000 0.000000 0.000000
-0.038462 0.666220 0.474592
0.214292 0.129220 0.292016
0.000000 0.000000 0.000000
0.000000 0.000000 0.000000
0.000000 0.000000 0.000000
0.000000 0.000000 0.000000
0.000000 0.000000 0.000000
-0.247696 0.420879 0.474592
0.000000 0.000000 0.000000
0.197503 0.794911 0.474592
0.000000 0.000000 0.000000
0.000000 0.000000 0.000000
0.000000 0.000000 0.000000
-0.144566 0.500042 0.312137
0.000000 0.000000 0.000000
-0.288167 0.774092 0.403019
0.000000 0.000000 0.000000
0.000000 0.000000 0.000000
0.000000 0.000000 0.000000
0.000000 0.000000 0.000000
0.000000 0.000000 0.000000
0.000000 0.000000 0.000000
-0.269230 0.545692 0.474592
0.000000 0.000000 0.000000
0.000000 0.000000 0.000000
0.000000 0.000000 0.000000
0.000000 0.000000 0.000000
0.000000 0.000000 0.000000
0.079768 0.225384 0.256757
-0.094587 0.678118 0.312137
0.170939 0.106537 0.043102
0.000000 0.000000 0.000000
0.000000 0.000000 0.000000
0.220467 0.625183 0.312137
0.000000 0.000000 0.000000
-0.131690 0.170012 0.436336
0.103645 0.225384 0.158227
0.015962 0.225384 0.044672
0.000000 0.000000 0.000000
0.285029 0.756544 0.373532
0.000000 0.000000 0.000000
-0.272715 0.564921 0.312137
0.000000 0.000000 0.000000
0.000000 0.000000 0.000000
-0.288167 0.370565 0.317744
0.187343 0.428089 0.474592
0.000000 0.000000 0.000000
0.037233 0.674496 0.312137
0.291872 0.170012 -0.041930
0.000000 0.000000 0.000000
0.159537 0.170012 0.339890
-0.119749 0.576045 0.474592
0.000000 0.000000 0.000000
0.235484 0.225384 0.152805
0.000000 0.000000 0.000000
0.040553 0.737435 0.474592
0.000000 0.000000 0.000000
0.174883 0.755065 0.474592
0.119861 0.117989 0.162603
0.000000 0.000000 0.000000
0.000000 0.000000 0.000000
0.000000 0.000000 0.000000
0.198550 0.371621 0.312137
0.000000 0.000000 0.000000
0.000000 0.000000 0.000000
0.000000 0.000000 0.000000
0.000000 0.000000 0.000000
0.000000 0.000000 0.000000
0.000000 0.000000 0.000000
0.000000 0.000000 0.000000
0.000000 0.000000 0.000000
0.164183 0.785929 0.312137
0.000000 0.000000 0.000000
-0.060153 0.364993 0.474592
-0.175625 0.694918 0.312137
0.000000 0.000000 0.000000
0.000000 0.000000 0.000000
0.000000 0.000000 0.000000
0.014324 0.836905 0.312137
0.285029 0.460632 0.343616
0.000000 0.000000 0.000000
0.000000 0.000000 0.000000
0.000000 0.000000 0.000000
0.000000 0.000000 0.000000
0.204430 0.367566 0.474592
-0.056423 0.219242 0.474592
0.209171 0.225384 -0.046674
0.000000 0.000000 0.000000
0.000000 0.000000 0.000000
-0.000197 0.229021 0.312137
-0.205049 0.253577 0.474592
0.000000 0.000000 0.000000
0.000000 0.000000 0.000000
0.003308 0.604797 0.474592
0.285029 0.170861 0.344459
0.000000 0.000000 0.000000
0.000000 0.000000 0.000000
0.000000 0.000000 0.000000
-0.288167 0.505950 0.394751
0.000000 0.000000 0.000000
0.000000 0.000000 0.000000
0.000000 0.000000 0.000000
0.000000 0.000000 0.000000
0.051802 0.079948 0.366473
0.000000 0.000000 0.000000
0.000000 0.000000 0.000000
-0.246087 0.651286 0.474592
-0.111772 0.229929 0.312137
0.000000 0.000000 0.000000
-0.010144 0.170012 0.289862
0.000000 0.000000 0.000000
-0.237451 0.736936 0.474592
0.000000 0.000000 0.000000
0.018303 0.170012 0.402635
-0.108931 0.837192 0.444734
0.000000 0.000000 0.000000
0.000000 0.000000 0.000000
0.000000 0.000000 0.000000
0.000000 0.000000 0.000000
0.098344 0.719522 0.312137
0.000000 0.000000 0.000000
0.000000 0.000000 0.000000
0.000000 0.000000 0.000000
0.000000 0.000000 0.000000
0.000000 0.000000 0.000000
-0.021554 0.724746 0.312137
0.000000 0.000000 0.000000
0.000000 0.000000 0.000000
0.000000 0.000000 0.000000
0.000000 0.000000 0.000000
0.000000 0.000000 0.000000
0.000000 0.000000 0.000000
0.000000 0.000000 0.000000
0.000000 0.000000 0.000000
0.000000 0.000000 0.000000
0.050213 0.837192 0.402078
-0.129170 0.391420 0.312137
0.000000 0.000000 0.000000
0.000000 0.000000 0.000000
0.000000 0.000000 0.000000
0.000000 0.000000 0.000000
0.319612 0.172173 0.130664
0.285029 0.734964 0.316000
0.000000 0.000000 0.000000
0.000000 0.000000 0.000000
0.000000 0.000000 0.000000
0.000000 0.000000 0.000000
0.000000 0.000000 0.000000
0.000000 0.000000 0.000000
0.000000 0.000000 0.000000
0.000000 0.000000 0.000000
0.000000 0.000000 0.000000
0.000000 0.000000 0.000000
0.341285 0.225384 -0.016890
0.000000 0.000000 0.000000
0.000000 0.000000 0.000000
0.203225 0.503931 0.312137
0.000000 0.000000 0.000000
0.000000 0.000000 0.000000
0.000000 0.000000 0.000000
0.000000 0.000000 0.000000
0.000000 0.000000 0.000000
0.000000 0.000000 0.000000
-0.265689 0.359897 0.474592
0.000000 0.000000 0.000000
0.000000 0.000000 0.000000
0.000000 0.000000 0.000000
0.000000 0.000000 0.000000
-0.034301 0.107826 0.396878
0.203846 0.616870 0.474592
0.161680 0.170012 0.425340
0.000000 0.000000 0.000000
0.000000 0.000000 0.000000
0.262728 0.837192 0.397199
-0.272389 0.837192 0.474251
0.000000 0.000000 0.000000
0.000000 0.000000 0.000000
0.000000 0.000000 0.000000
0.000000 0.000000 0.000000
0.000000 0.000000 0.000000
0.285029 0.624840 0.436250
0.000000 0.000000 0.000000
0.211519 0.837192 0.406389
0.000000 0.000000 0.000000
-0.000531 0.500790 0.312137
-0.200420 0.593403 0.474592
0.235826 0.170012 0.116797
0.285029 0.378052 0.444346
0.166175 0.225384 0.126218
-0.168419 0.797253 0.312137
0.000000 0.000000 0.000000
0.000000 0.000000 0.000000
0.000000 0.000000 0.000000
0.223457 0.184434 -0.013899
-0.243635 0.648870 0.312137
0.000000 0.000000 0.000000
0.000000 0.000000 0.000000
0.309889 0.123948 -0.014084
0.000000 0.000000 0.000000
-0.196460 0.837192 0.401937
0.000000 0.000000 0.000000
0.117455 0.491923 0.312137
-0.254586 0.307676 0.312137
0.137220 0.106223 0.346524
0.000000 0.000000 0.000000
-0.089893 0.612058 0.312137
0.000000 0.000000 0.000000
0.000000 0.000000 0.000000
-0.079783 0.290830 0.312137
0.000000 0.000000 0.000000
0.000000 0.000000 0.000000
0.000000 0.000000 0.000000
0.186977 0.170012 0.289302
0.000000 0.000000 0.000000
0.000000 0.000000 0.000000
0.000000 0.000000 0.000000
0.146704 0.652443 0.312137
0.000000 0.000000 0.000000
0.000000 0.000000 0.000000
0.000000 0.000000 0.000000
0.000000 0.000000 0.000000
0.000000 0.000000 0.000000
0.000000 0.000000 0.000000
0.000000 0.000000 0.000000
0.214520 0.305124 0.474592
0.000000 0.000000 0.000000
0.000000 0.000000 0.000000
0.069588 0.620115 0.312137
0.000000 0.000000 0.000000
0.000000 0.000000 0.000000
0.000000 0.000000 0.000000
0.000000 0.000000 0.000000
0.010231 0.225384 0.177554
0.000000 0.000000 0.000000
0.000000 0.000000 0.000000
-0.217838 0.519036 0.312137
0.000000 0.000000 0.000000
-0.138930 0.273039 0.474592
0.006100 0.501352 0.474592
0.025155 0.336827 0.474592
0.000000 0.000000 0.000000
-0.288167 0.331438 0.400208
0.000000 0.000000 0.000000
0.000000 0.000000 0.000000
-0.053957 0.170012 0.425812
0.091074 0.837192 0.315681
0.250178 0.225384 0.230198
0.000000 0.000000 0.000000
0.005929 0.271405 0.474592
-0.059495 0.837192 0.322318
0.000000 0.000000 0.000000
0.188303 0.578131 0.312137
0.262386 0.082055 0.102904
0.285029 0.780498 0.398449
-0.034076 0.432558 0.312137
0.000000 0.000000 0.000000
-0.288167 0.469672 0.460648
0.000000 0.000000 0.000000
0.000000 0.000000 0.000000
0.285029 0.281234 0.417093
0.000000 0.000000 0.000000
0.094348 0.408977 0.474592
0.000000 0.000000 0.000000
-0.288167 0.723462 0.340727
0.303184 0.221375 0.193393
0.016995 0.170012 0.353289
0.000000 0.000000 0.000000
0.094000 0.404082 0.312137
0.088209 0.170012 0.410344
0.166943 0.225384 -0.060860
0.192897 0.293235 0.312137
0.132323 0.170012 0.249051
-0.103660 0.782464 0.474592
0.000000 0.000000 0.000000
0.000000 0.000000 0.000000
0.164572 0.246684 0.474592
-0.047106 0.225384 0.227930
0.000000 0.000000 0.000000
0.284841 0.170012 0.454682
0.000000 0.000000 0.000000
0.000000 0.000000 0.000000
-0.107609 0.561175 0.312137
0.000000 0.000000 0.000000
-0.199693 0.406786 0.474592
-0.124724 0.715076 0.474592
0.000000 0.000000 0.000000
0.000000 0.000000 0.000000
0.000000 0.000000 0.000000
0.285029 0.433305 0.392366
0.000000 0.000000 0.000000
0.045428 0.677534 0.474592
0.138489 0.225384 0.281136
0.000000 0.000000 0.000000
0.000000 0.000000 0.000000
0.000000 0.000000 0.000000
-0.288167 0.798665 0.329501
0.000000 0.000000 0.000000
0.000000 0.000000 0.000000
-0.018392 0.837192 0.457191
0.215672 0.075549 0.210803
0.000000 0.000000 0.000000
0.284787 0.091146 0.036012
0.000000 0.000000 0.000000
0.252467 0.139394 0.241859
0.000000 0.000000 0.000000
0.000000 0.000000 0.000000
0.000000 0.000000 0.000000
0.000000 0.000000 0.000000
-0.059253 0.435540 0.474592
0.285029 0.301423 0.322610
0.023535 0.121155 0.412717
0.015677 0.289552 0.312137
0.000000 0.000000 0.000000
0.000000 0.000000 0.000000
0.000000 0.000000 0.000000
0.199008 0.170012 0.345226
0.114970 0.354285 0.474592
0.063696 0.225384 0.001431
0.214648 0.545921 0.474592
0.000000 0.000000 0.000000
0.000000 0.000000 0.000000
0.000000 0.000000 0.000000
0.000000 0.000000 0.000000
0.061431 0.231808 0.312137
0.000000 0.000000 0.000000
0.000000 0.000000 0.000000
0.285029 0.326639 0.362002
0.000000 0.000000 0.000000
0.275856 0.225384 0.119724
0.000000 0.000000 0.000000
0.255795 0.661040 0.474592
0.000000 0.000000 0.000000
0.000000 0.000000 0.000000
0.000000 0.000000 0.000000
0.000000 0.000000 0.000000
0.000000 0.000000 0.000000
0.011431 0.402879 0.312137
0.000000 0.000000 0.000000
0.000000 0.000000 0.000000
-0.288167 0.451268 0.411425
0.000000 0.000000 0.000000
0.172159 0.156507 0.133412
0.285029 0.533009 0.371223
0.000000 0.000000 0.000000
0.000000 0.000000 0.000000
0.112617 0.732749 0.474592
0.198142 0.230913 0.312137
0.000000 0.000000 0.000000
0.000000 0.000000 0.000000
0.000000 0.000000 0.000000
0.000000 0.000000 0.000000
0.000000 0.000000 0.000000
0.256699 0.427885 0.474592
0.000000 0.000000 0.000000
0.000000 0.000000 0.000000
0.208041 0.170012 0.455429
0.264676 0.592733 0.474592
0.256397 0.418508 0.312137
0.000000 0.000000 0.000000
0.000000 0.000000 0.000000
-0.196192 0.709768 0.474592
-0.288167 0.775330 0.467858
0.297917 0.127745 0.086467
-0.288167 0.605385 0.457792
0.178523 0.225384 0.189060
0.000000 0.000000 0.000000
-0.183137 0.358531 0.312137
0.107332 0.496135 0.474592
0.000000 0.000000 0.000000
-0.144426 0.373818 0.474592
0.000000 0.000000 0.000000
0.000000 0.000000 0.000000
0.000000 0.000000 0.000000
0.000000 0.000000 0.000000
-0.022708 0.658372 0.312137
-0.107866 0.331799 0.312137
0.000000 0.000000 0.000000
0.058368 0.254604 0.474592
0.000000 0.000000 0.000000
0.077179 0.225384 0.060544
0.000000 0.000000 0.000000
-0.279363 0.837192 0.401084
0.000000 0.000000 0.000000
0.000000 0.000000 0.000000
0.000000 0.000000 0.000000
0.000000 0.000000 0.000000
0.214928 0.706810 0.474592
0.000000 0.000000 0.000000
0.000000 0.000000 0.000000
0.000000 0.000000 0.000000
-0.182207 0.837192 0.349063
0.000000 0.000000 0.000000
0.000000 0.000000 0.000000
0.000000 0.000000 0.000000
0.000000 0.000000 0.000000
0.000000 0.000000 0.000000
0.000000 0.000000 0.000000
0.000000 0.000000 0.000000
0.000000 0.000000 0.000000
0.000000 0.000000 0.000000
0.000000 0.000000 0.000000
0.000000 0.000000 0.000000
0.000000 0.000000 0.000000
0.000000 0.000000 0.000000
0.000000 0.000000 0.000000
0.000000 0.000000 0.000000
0.000000 0.000000 0.000000
0.312276 0.206090 0.023194
0.000000 0.000000 0.000000
0.000000 0.000000 0.000000
0.000000 0.000000 0.000000
0.033209 0.555560 0.474592
-0.159365 0.197583 0.474592
0.219962 0.772522 0.312137
0.000000 0.000000 0.000000
0.000000 0.000000 0.000000
-0.053523 0.225384 0.299461
0.000000 0.000000 0.000000
0.018143 0.200738 0.474592
-0.288167 0.602267 0.341654
-0.120180 0.833809 0.312137
0.285029 0.695746 0.392337
0.000000 0.000000 0.000000
0.000000 0.000000 0.000000
0.237622 0.322054 0.312137
0.000000 0.000000 0.000000
-0.078370 0.601637 0.474592
0.000000 0.000000 0.000000
0.285029 0.764182 0.462145
-0.276401 0.513229 0.312137
0.000000 0.000000 0.000000
0.000000 0.000000 0.000000
0.000000 0.000000 0.000000
0.000000 0.000000 0.000000
0.000000 0.000000 0.000000
0.000000 0.000000 0.000000
0.258453 0.582374 0.312137
-0.163002 0.225384 0.284484
0.079290 0.040702 0.322033
0.000000 0.000000 0.000000
0.000000 0.000000 0.000000
0.000000 0.000000 0.000000
0.000000 0.000000 0.000000
0.000000 0.000000 0.000000
0.285029 0.242557 0.443975
0.000000 0.000000 0.000000
0.000000 0.000000 0.000000
-0.040683 0.479984 0.474592
0.000000 0.000000 0.000000
0.000000 0.000000 0.000000
0.000000 0.000000 0.000000
0.000000 0.000000 0.000000
0.000000 0.000000 0.000000
0.000000 0.000000 0.000000
0.000000 0.000000 0.000000
0.000000 0.000000 0.000000
0.173135 0.837192 0.340844
-0.015211 0.133416 0.244751
0.000000 0.000000 0.000000
0.000000 0.000000 0.000000
0.000000 0.000000 0.000000
0.000000 0.000000 0.000000
0.000000 0.000000 0.000000
0.271558 0.689946 0.312137
0.000000 0.000000 0.000000
-0.125287 0.736171 0.312137
0.000000 0.000000 0.000000
0.000000 0.000000 0.000000
0.000000 0.000000 0.000000
0.000000 0.000000 0.000000
0.000000 0.000000 0.000000
0.000000 0.000000 0.000000
0.032438 0.784774 0.474592
0.205509 0.146660 0.012825
0.112378 0.225384 -0.091794
0.000000 0.000000 0.000000
-0.098237 0.225384 0.259053
0.189512 0.206090 0.248993
-0.288167 0.307620 0.359677
0.239478 0.170012 0.180985
-0.132690 0.444108 0.312137
0.043483 0.185592 0.275098
0.000000 0.000000 0.000000
0.000000 0.000000 0.000000
0.000000 0.000000 0.000000
0.000000 0.000000 0.000000
0.000000 0.000000 0.000000
-0.210592 0.829334 0.312137
0.124919 0.170012 0.380481
0.000000 0.000000 0.000000
-0.058750 0.713508 0.474592
0.232638 0.179435 0.312137
-0.288167 0.564424 0.422921
0.000000 0.000000 0.000000
0.149427 0.626087 0.474592
0.000000 0.000000 0.000000
0.000000 0.000000 0.000000
0.000000 0.000000 0.000000
0.114153 0.225384 0.212995
0.000000 0.000000 0.000000
0.000000 0.000000 0.000000
-0.111037 0.225384 0.175150
-0.155283 0.836110 0.474592
0.000000 0.000000 0.000000
0.131579 0.225384 -0.017526
0.000000 0.000000 0.000000
0.135940 0.448564 0.474592
0.210261 0.225384 0.033899
0.000000 0.000000 0.000000
0.000000 0.000000 0.000000
0.000000 0.000000 0.000000
0.343764 0.170012 -0.024961
0.000000 0.000000 0.000000
0.000000 0.000000 0.000000
0.000000 0.000000 0.000000
-0.167342 0.550473 0.312137
0.000000 0.000000 0.000000
0.000000 0.000000 0.000000
0.000000 0.000000 0.000000
