0.000000 0.000000 0.000000
0.366984 -0.526901 -0.562127
0.087287 0.141990 -0.985161
0.000000 0.000000 0.000000
-0.318201 -0.208076 -0.546404
0.000000 0.000000 0.000000
0.000000 0.000000 0.000000
0.319616 -0.033932 -0.550594
0.000000 0.000000 0.000000
-0.400384 0.132341 -0.712961
-0.075521 -0.557439 -0.565651
0.000000 0.000000 0.000000
0.000000 0.000000 0.000000
0.000000 0.000000 0.000000
0.000000 0.000000 0.000000
0.000000 0.000000 0.000000
-0.034525 0.153093 -0.662671
0.058124 -0.236726 -0.569886
0.000000 0.000000 0.000000
0.344009 0.153093 -0.794261
0.000000 0.000000 0.000000
-0.247321 0.149347 -0.909832
0.000000 0.000000 0.000000
0.000000 0.000000 0.000000
-0.171489 0.017168 -0.569886
-0.358373 -0.509284 -0.556225
0.000000 0.000000 0.000000
0.000000 0.000000 0.000000
0.289967 -0.267966 -0.546200
0.107651 -0.468864 -0.569886
0.000000 0.000000 0.000000
0.063459 -0.003757 -0.569886
0.180594 0.153093 -0.579195
-0.153397 -0.375561 -0.569886
0.000000 0.000000 0.000000
0.134375 0.153093 -0.772045
0.000000 0.000000 0.000000
0.015940 -0.164931 -0.446231
0.000000 0.000000 0.000000
-0.341317 0.129409 -0.506856
0.000000 0.000000 0.000000
0.000000 0.000000 0.000000
0.000000 0.000000 0.000000
-0.063023 0.129409 -0.846562
0.000000 0.000000 0.000000
0.001255 0.010931 -0.569886
0.000000 0.000000 0.000000
-0.116524 -0.160970 -0.569886
0.000000 0.000000 0.000000
0.000000 0.000000 0.000000
0.000000 0.000000 0.000000
-0.221208 0.153093 -0.621792
0.258188 0.134126 -0.901900
0.000000 0.000000 0.000000
0.000000 0.000000 0.000000
0.000000 0.000000 0.000000
0.000000 0.000000 0.000000
-0.318201 -0.086401 -0.552635
0.152996 0.022144 -0.569886
0.000000 0.000000 0.000000
0.000000 0.000000 0.000000
0.344617 0.153093 -0.595510
0.153951 -0.205009 -0.546200
0.000000 0.000000 0.000000
0.000000 0.000000 0.000000
0.000000 0.000000 0.000000
-0.134323 0.153093 -0.768748
0.000000 0.000000 0.000000
0.239180 -0.402692 -0.569886
0.000000 0.000000 0.000000
0.000000 0.000000 0.000000
0.204129 -0.557439 -0.565887
0.000000 0.000000 0.000000
-0.301908 -0.378683 -0.569886
0.000000 0.000000 0.000000
0.000000 0.000000 0.000000
0.004039 -0.376556 -0.569886
-0.128282 -0.063622 -0.569886
0.196292 0.129409 -0.731180
0.216540 -0.082219 -0.569886
0.000000 0.000000 0.000000
-0.283127 0.153093 -0.774672
0.000000 0.000000 0.000000
-0.214294 -0.493508 -0.546200
-0.081306 0.129409 -0.982334
0.000000 0.000000 0.000000
0.068531 0.153093 -0.558024
0.000000 0.000000 0.000000
0.000000 0.000000 0.000000
-0.221654 -0.282549 -0.546200
0.000000 0.000000 0.000000
0.015940 -0.091833 -0.484505
0.000000 0.000000 0.000000
0.000000 0.000000 0.000000
0.000000 0.000000 0.000000
0.000000 0.000000 0.000000
0.263665 -0.305243 -0.546200
0.000000 0.000000 0.000000
-0.296029 0.070733 -0.569886
0.000000 0.000000 0.000000
0.000000 0.000000 0.000000
0.000000 0.000000 0.000000
-0.064905 0.153093 -0.746962
0.310203 -0.129032 -0.546200
0.000000 0.000000 0.000000
0.000000 0.000000 0.000000
0.000000 0.000000 0.000000
0.260664 0.153093 -0.693325
0.000000 0.000000 0.000000
0.045482 -0.557439 -0.569634
0.115565 -0.337053 -0.569886
0.000000 0.000000 0.000000
0.000000 0.000000 0.000000
-0.065157 -0.301893 -0.569886
0.000000 0.000000 0.000000
-0.123831 0.153093 -0.565322
0.000000 0.000000 0.000000
0.092993 0.153093 -0.660512
-0.417903 0.129409 -0.594110
0.055330 0.129409 -0.851825
0.045344 -0.135682 -0.569886
0.000000 0.000000 0.000000
0.000000 0.000000 0.000000
0.000000 0.000000 0.000000
0.032740 0.129409 -0.767789
0.000000 0.000000 0.000000
0.012326 -0.498501 -0.569886
0.000000 0.000000 0.000000
0.405415 0.153093 -0.680094
0.288707 0.078970 -0.569886
-0.073477 0.071614 -0.569886
0.000000 0.000000 0.000000
-0.014527 -0.032912 -0.440974
0.135006 -0.074338 -0.569886
0.000000 0.000000 0.000000
0.000000 0.000000 0.000000
0.000000 0.000000 0.000000
0.000000 0.000000 0.000000
0.000000 0.000000 0.000000
0.000000 0.000000 0.000000
0.000000 0.000000 0.000000
0.000000 0.000000 0.000000
-0.020360 -0.189264 -0.569886
0.000000 0.000000 0.000000
-0.255159 -0.457044 -0.546200
0.000000 0.000000 0.000000
-0.227691 -0.147432 -0.546200
0.000000 0.000000 0.000000
0.000000 0.000000 0.000000
0.000000 0.000000 0.000000
0.319616 -0.436858 -0.555225
0.000000 0.000000 0.000000
0.000000 0.000000 0.000000
-0.106500 -0.462162 -0.569886
0.000000 0.000000 0.000000
0.000000 0.000000 0.000000
0.000000 0.000000 0.000000
-0.142576 0.153093 -0.869738
-0.026307 -0.082130 -0.569886
0.000000 0.000000 0.000000
0.000000 0.000000 0.000000
-0.292120 0.153093 -0.705659
0.254375 0.153093 -0.535090
0.000000 0.000000 0.000000
-0.002774 0.153093 -0.536211
0.000000 0.000000 0.000000
0.000000 0.000000 0.000000
0.213911 -0.483666 -0.546200
0.000000 0.000000 0.000000
0.000000 0.000000 0.000000
-0.133785 0.129409 -0.656096
0.000000 0.000000 0.000000
0.000000 0.000000 0.000000
0.000000 0.000000 0.000000
0.000000 0.000000 0.000000
0.049628 -0.400081 -0.546200
0.000000 0.000000 0.000000
0.000000 0.000000 0.000000
0.016276 0.153093 -0.940954
0.000000 0.000000 0.000000
0.000000 0.000000 0.000000
0.245771 -0.177117 -0.546201
0.123977 0.092205 -0.546200
0.000000 0.000000 0.000000
0.000000 0.000000 0.000000
0.210391 0.153093 -0.816296
0.000000 0.000000 0.000000
-0.256932 0.153093 -0.553526
0.000000 0.000000 0.000000
-0.317542 0.129409 -0.613911
0.000000 0.000000 0.000000
0.000000 0.000000 0.000000
-0.226516 -0.058764 -0.546200
0.000000 0.000000 0.000000
0.000000 0.000000 0.000000
0.000000 0.000000 0.000000
0.000000 0.000000 0.000000
0.000000 0.000000 0.000000
0.000000 0.000000 0.000000
0.377938 0.129409 -0.560918
0.000000 0.000000 0.000000
0.115652 -0.180037 -0.569886
0.233834 -0.012662 -0.546200
0.000000 0.000000 0.000000
0.000000 0.000000 0.000000
0.171927 -0.298740 -0.546200
0.268207 0.153093 -0.611574
0.000000 0.000000 0.000000
0.000000 0.000000 0.000000
0.000000 0.000000 0.000000
0.000000 0.000000 0.000000
-0.281117 0.153093 -0.836630
0.000000 0.000000 0.000000
-0.214840 0.080377 -0.569886
0.000000 0.000000 0.000000
-0.282717 -0.556657 -0.546200
-0.141683 -0.236643 -0.546200
0.149406 0.129409 -0.867133
-0.312894 -0.149896 -0.569886
0.100204 -0.257020 -0.569886
0.000000 0.000000 0.000000
0.000000 0.000000 0.000000
-0.043037 -0.470491 -0.569886
0.000000 0.000000 0.000000
0.000000 0.000000 0.000000
0.000000 0.000000 0.000000
0.000000 0.000000 0.000000
0.000000 0.000000 0.000000
0.183367 -0.428664 -0.546200
0.000000 0.000000 0.000000
0.000000 0.000000 0.000000
-0.140855 -0.095951 -0.546201
0.120921 0.153093 -0.901124
-0.425612 0.148402 -0.508591
0.139954 0.153093 -0.522382
0.000000 0.000000 0.000000
0.000000 0.000000 0.000000
-0.199013 0.153093 -0.713439
-0.176113 -0.557439 -0.546993
0.000000 0.000000 0.000000
0.000000 0.000000 0.000000
0.168138 0.129409 -0.913344
0.000000 0.000000 0.000000
0.053868 0.088588 -0.546200
0.000000 0.000000 0.000000
0.000000 0.000000 0.000000
0.000000 0.000000 0.000000
0.000000 0.000000 0.000000
0.000000 0.000000 0.000000
0.288591 -0.521515 -0.569886
0.000000 0.000000 0.000000
-0.348609 0.140096 -0.804538
-0.222387 -0.354223 -0.569886
0.000000 0.000000 0.000000
-0.160216 -0.315664 -0.569886
-0.071215 0.129409 -0.523031
0.000000 0.000000 0.000000
0.000000 0.000000 0.000000
0.000000 0.000000 0.000000
-0.203049 0.129409 -0.774923
0.000000 0.000000 0.000000
0.015940 -0.002455 -0.497607
0.000000 0.000000 0.000000
0.000000 0.000000 0.000000
0.000000 0.000000 0.000000
0.000000 0.000000 0.000000
-0.314408 -0.000473 -0.546200
0.000000 0.000000 0.000000
0.028109 0.153093 -0.635753
0.000000 0.000000 0.000000
-0.014527 0.076462 -0.536934
0.000000 0.000000 0.000000
-0.050752 0.153093 -0.595754
-0.061642 -0.120059 -0.569886
0.000000 0.000000 0.000000
0.000000 0.000000 0.000000
0.000000 0.000000 0.000000
0.100419 0.129409 -0.734654
0.231344 -0.121487 -0.546200
0.092069 -0.533906 -0.546200
0.104242 0.153093 -0.605225
-0.174946 0.129409 -0.937540
0.000000 0.000000 0.000000
0.416191 0.139678 -0.631338
-0.025635 -0.230475 -0.569886
0.000000 0.000000 0.000000
0.000000 0.000000 0.000000
0.000000 0.000000 0.000000
0.000000 0.000000 0.000000
0.000000 0.000000 0.000000
0.038139 -0.458230 -0.546200
0.267747 0.153093 -0.795828
-0.075243 -0.372304 -0.569886
0.000000 0.000000 0.000000
0.303941 0.151845 -0.863509
0.000000 0.000000 0.000000
0.000000 0.000000 0.000000
-0.298457 -0.280468 -0.569886
0.000000 0.000000 0.000000
0.192753 0.099197 -0.546200
0.000000 0.000000 0.000000
0.000000 0.000000 0.000000
0.005756 -0.287654 -0.546200
0.000000 0.000000 0.000000
0.000000 0.000000 0.000000
-0.065758 -0.015437 -0.546200
-0.318201 -0.456778 -0.552538
0.000000 0.000000 0.000000
0.000000 0.000000 0.000000
0.000000 0.000000 0.000000
0.176143 0.153093 -0.651690
0.000000 0.000000 0.000000
0.000000 0.000000 0.000000
-0.103113 0.129409 -0.810094
-0.391901 0.129409 -0.651694
0.000000 0.000000 0.000000
0.323987 0.153093 -0.723685
0.000000 0.000000 0.000000
0.000000 0.000000 0.000000
0.000000 0.000000 0.000000
0.000000 0.000000 0.000000
0.000000 0.000000 0.000000
0.085626 0.153093 -0.500458
0.000000 0.000000 0.000000
-0.174085 0.153093 -0.560427
0.021082 0.129409 -0.706148
-0.032648 0.129409 -0.901601
-0.040580 0.153093 -0.791222
0.000000 0.000000 0.000000
0.046133 -0.066626 -0.546201
-0.367076 0.129409 -0.548854
0.000000 0.000000 0.000000
-0.219047 -0.391173 -0.546200
0.000000 0.000000 0.000000
0.000000 0.000000 0.000000
-0.014527 -0.130599 -0.504485
0.015940 -0.151645 -0.402865
0.000000 0.000000 0.000000
0.000000 0.000000 0.000000
-0.156437 0.075958 -0.546201
0.000000 0.000000 0.000000
0.000000 0.000000 0.000000
0.000000 0.000000 0.000000
-0.209565 -0.220261 -0.546200
0.000000 0.000000 0.000000
0.000000 0.000000 0.000000
0.291545 0.129409 -0.527879
0.096331 -0.120140 -0.546200
0.066240 0.153093 -0.916766
0.315821 -0.193285 -0.569886
0.287303 -0.063331 -0.569886
-0.099327 0.153093 -0.916801
-0.340209 0.153093 -0.756911
-0.260243 -0.109872 -0.569886
0.015940 -0.033793 -0.528878
0.000000 0.000000 0.000000
0.317283 0.129409 -0.658658
0.000000 0.000000 0.000000
0.299549 -0.381715 -0.546200
0.000000 0.000000 0.000000
-0.089834 -0.208108 -0.569886
0.000000 0.000000 0.000000
0.000000 0.000000 0.000000
0.000000 0.000000 0.000000
0.000000 0.000000 0.000000
0.000000 0.000000 0.000000
0.000000 0.000000 0.000000
0.000000 0.000000 0.000000
-0.025408 0.129409 -0.985661
0.000000 0.000000 0.000000
-0.029205 -0.557439 -0.548217
0.420387 0.129409 -0.507407
0.012257 -0.189822 -0.546200
0.000000 0.000000 0.000000
0.000000 0.000000 0.000000
0.384664 0.130038 -0.744540
0.000000 0.000000 0.000000
0.000000 0.000000 0.000000
0.000000 0.000000 0.000000
0.000000 0.000000 0.000000
-0.264212 0.021164 -0.546200
-0.083351 0.129409 -0.658943
0.046376 0.052263 -0.569886
0.116168 -0.409724 -0.546200
-0.164479 -0.460238 -0.569886
0.000000 0.000000 0.000000
-0.274991 -0.321038 -0.569886
0.000000 0.000000 0.000000
0.000000 0.000000 0.000000
0.000000 0.000000 0.000000
0.000000 0.000000 0.000000
0.319616 -0.341159 -0.561042
0.061750 -0.190412 -0.569886
0.265655 0.129409 -0.741631
0.000000 0.000000 0.000000
0.000000 0.000000 0.000000
0.219944 -0.269370 -0.546200
0.000000 0.000000 0.000000
0.166789 -0.150691 -0.546200
0.117826 -0.008800 -0.546200
0.000000 0.000000 0.000000
0.212163 -0.352551 -0.546200
0.203005 -0.233279 -0.569886
0.005506 0.153093 -0.845941
-0.316375 0.127142 -0.546200
0.000000 0.000000 0.000000
-0.258017 -0.197458 -0.569886
0.000000 0.000000 0.000000
0.000000 0.000000 0.000000
-0.244083 0.153093 -0.515452
0.000000 0.000000 0.000000
-0.346493 0.153093 -0.668650
0.000000 0.000000 0.000000
0.000000 0.000000 0.000000
0.000000 0.000000 0.000000
0.058374 -0.346942 -0.546200
0.000000 0.000000 0.000000
0.000000 0.000000 0.000000
0.233792 0.071961 -0.546200
0.000000 0.000000 0.000000
0.000000 0.000000 0.000000
-0.011356 0.129409 -0.766010
0.000000 0.000000 0.000000
0.000000 0.000000 0.000000
0.000000 0.000000 0.000000
0.000000 0.000000 0.000000
0.015628 0.129409 -0.576887
-0.240861 0.129409 -0.673688
0.000000 0.000000 0.000000
-0.290036 -0.422770 -0.546200
-0.138133 0.129409 -0.509867
-0.181261 -0.034861 -0.546200
0.000000 0.000000 0.000000
0.200877 0.129409 -0.872420
0.000000 0.000000 0.000000
0.000000 0.000000 0.000000
0.000000 0.000000 0.000000
0.000000 0.000000 0.000000
0.000000 0.000000 0.000000
0.000000 0.000000 0.000000
0.181144 -0.094664 -0.546200
0.000000 0.000000 0.000000
0.088795 -0.063821 -0.569886
0.000000 0.000000 0.000000
0.000000 0.000000 0.000000
0.000000 0.000000 0.000000
0.000000 0.000000 0.000000
0.000000 0.000000 0.000000
0.268760 0.129409 -0.646456
0.000000 0.000000 0.000000
-0.130957 -0.411261 -0.569886
0.000000 0.000000 0.000000
0.000000 0.000000 0.000000
0.000000 0.000000 0.000000
0.000000 0.000000 0.000000
0.000000 0.000000 0.000000
0.000000 0.000000 0.000000
-0.096584 0.129409 -0.711868
0.000000 0.000000 0.000000
0.000000 0.000000 0.000000
0.000000 0.000000 0.000000
0.000000 0.000000 0.000000
0.000000 0.000000 0.000000
-0.120053 0.129409 -0.612780
-0.174293 -0.139332 -0.569886
0.000000 0.000000 0.000000
-0.075863 -0.414439 -0.546200
0.000000 0.000000 0.000000
-0.228224 0.129409 -0.862807
0.288833 0.014288 -0.569886
-0.183143 0.129409 -0.838765
0.000000 0.000000 0.000000
0.000000 0.000000 0.000000
0.000000 0.000000 0.000000
-0.003230 -0.433073 -0.546200
0.000000 0.000000 0.000000
-0.283102 0.153093 -0.604629
0.000000 0.000000 0.000000
0.000000 0.000000 0.000000
0.000000 0.000000 0.000000
0.115778 0.153093 -0.826105
0.000000 0.000000 0.000000
0.000000 0.000000 0.000000
0.000000 0.000000 0.000000
0.000000 0.000000 0.000000
0.000000 0.000000 0.000000
0.000000 0.000000 0.000000
0.244189 -0.460538 -0.569886
0.000000 0.000000 0.000000
0.000000 0.000000 0.000000
0.000000 0.000000 0.000000
-0.246099 -0.010539 -0.569886
0.000000 0.000000 0.000000
-0.250199 0.153093 -0.736949
0.000000 0.000000 0.000000
0.252891 -0.230508 -0.569886
0.000000 0.000000 0.000000
-0.197318 0.129409 -0.897482
0.000000 0.000000 0.000000
0.000000 0.000000 0.000000
0.000000 0.000000 0.000000
-0.178609 0.153093 -0.654167
0.058770 0.129409 -0.621937
0.000000 0.000000 0.000000
0.000000 0.000000 0.000000
-0.158009 -0.507719 -0.546200
0.166225 -0.379708 -0.569886
0.000000 0.000000 0.000000
0.016036 -0.538084 -0.546200
0.000000 0.000000 0.000000
0.120712 -0.557438 -0.547695
0.000000 0.000000 0.000000
-0.200518 -0.090086 -0.569886
0.000000 0.000000 0.000000
0.230664 0.129409 -0.576240
-0.275935 -0.507891 -0.569886
0.000000 0.000000 0.000000
-0.027592 -0.329672 -0.546200
-0.151954 0.129409 -0.697143
0.015940 -0.146520 -0.486807
0.312367 -0.510306 -0.546200
-0.264821 0.129409 -0.801767
0.000000 0.000000 0.000000
0.000000 0.000000 0.000000
0.205608 0.153093 -0.525732
0.064340 0.129409 -0.806090
0.000000 0.000000 0.000000
0.178537 -0.032543 -0.546201
0.000000 0.000000 0.000000
0.000000 0.000000 0.000000
-0.268745 -0.053791 -0.546200
0.000000 0.000000 0.000000
0.000000 0.000000 0.000000
0.154520 -0.335861 -0.546200
0.420607 0.153093 -0.573815
0.000000 0.000000 0.000000
-0.172309 0.129409 -0.604155
0.174440 -0.505026 -0.569886
-0.139827 -0.017450 -0.546200
-0.361909 0.153093 -0.600761
0.099687 -0.222775 -0.546200
0.000000 0.000000 0.000000
0.000000 0.000000 0.000000
0.000000 0.000000 0.000000
0.000000 0.000000 0.000000
0.000000 0.000000 0.000000
-0.118859 0.054152 -0.546200
0.000000 0.000000 0.000000
0.358999 0.153093 -0.644828
-0.224841 -0.550536 -0.569886
-0.096175 0.014860 -0.569886
0.000000 0.000000 0.000000
-0.011531 0.129409 -0.626675
0.000000 0.000000 0.000000
0.000000 0.000000 0.000000
0.213746 0.139758 -0.939134
-0.102444 -0.319444 -0.546200
0.000000 0.000000 0.000000
-0.014527 0.093020 -0.493629
0.000000 0.000000 0.000000
0.000000 0.000000 0.000000
0.000000 0.000000 0.000000
0.000000 0.000000 0.000000
0.156313 -0.258661 -0.569886
0.000000 0.000000 0.000000
0.000000 0.000000 0.000000
0.000000 0.000000 0.000000
0.000000 0.000000 0.000000
0.000000 0.000000 0.000000
0.000000 0.000000 0.000000
0.000000 0.000000 0.000000
0.000000 0.000000 0.000000
0.000000 0.000000 0.000000
0.151498 0.124846 -0.569886
0.000000 0.000000 0.000000
0.000000 0.000000 0.000000
0.000000 0.000000 0.000000
0.153439 0.129409 -0.632373
-0.076094 -0.078920 -0.546200
0.000000 0.000000 0.000000
0.137171 0.153093 -0.691283
0.000000 0.000000 0.000000
0.000000 0.000000 0.000000
-0.147850 -0.182714 -0.546201
0.000000 0.000000 0.000000
0.000000 0.000000 0.000000
0.000000 0.000000 0.000000
0.000000 0.000000 0.000000
-0.044273 0.106411 -0.569886
-0.014527 -0.050531 -0.495592
0.000000 0.000000 0.000000
-0.126888 -0.532916 -0.546200
0.000000 0.000000 0.000000
0.137418 0.153093 -0.953270
0.000000 0.000000 0.000000
-0.320835 0.129908 -0.848146
0.000000 0.000000 0.000000
0.098673 -0.300678 -0.546200
-0.365563 -0.557439 -0.558804
0.033900 0.138886 -0.989728
0.000000 0.000000 0.000000
0.042238 0.129409 -0.533335
0.016662 -0.108107 -0.546200
0.312514 0.041229 -0.546200
0.000000 0.000000 0.000000
0.244447 -0.533867 -0.546200
0.215114 0.153093 -0.770773
0.000000 0.000000 0.000000
0.000000 0.000000 0.000000
0.181138 0.129409 -0.497582
0.000000 0.000000 0.000000
0.000000 0.000000 0.000000
0.000000 0.000000 0.000000
0.000000 0.000000 0.000000
-0.053868 0.129409 -0.940197
-0.185944 -0.175484 -0.546200
-0.287609 0.146321 -0.876027
0.000000 0.000000 0.000000
0.000000 0.000000 0.000000
0.000000 0.000000 0.000000
-0.131821 0.139242 -0.968437
0.000000 0.000000 0.000000
0.000000 0.000000 0.000000
0.213349 0.040697 -0.569886
0.000000 0.000000 0.000000
0.000000 0.000000 0.000000
0.000000 0.000000 0.000000
-0.220902 0.025860 -0.546200
0.204470 -0.154644 -0.569886
0.000000 0.000000 0.000000
0.000000 0.000000 0.000000
-0.343643 0.129409 -0.705418
0.086153 -0.385408 -0.569886
-0.215807 0.109981 -0.546200
0.000000 0.000000 0.000000
0.000000 0.000000 0.000000
0.000000 0.000000 0.000000
0.173775 0.129409 -0.777185
0.026292 0.129409 -0.495080
0.195492 0.129409 -0.615670
0.000000 0.000000 0.000000
0.000000 0.000000 0.000000
0.089792 0.153093 -0.772032
0.000000 0.000000 0.000000
0.000000 0.000000 0.000000
-0.028054 0.057095 -0.569886
0.000000 0.000000 0.000000
0.312216 0.153093 -0.814080
0.000000 0.000000 0.000000
0.000000 0.000000 0.000000
0.000000 0.000000 0.000000
0.316772 -0.550272 -0.569886
0.000000 0.000000 0.000000
0.000000 0.000000 0.000000
0.253864 0.129409 -0.829188
0.290751 0.129409 -0.580030
0.000000 0.000000 0.000000
0.000000 0.000000 0.000000
0.000000 0.000000 0.000000
0.226033 0.129409 -0.664797
0.000000 0.000000 0.000000
-0.269746 0.110987 -0.569886
0.057316 0.129409 -0.664415
0.000000 0.000000 0.000000
0.000000 0.000000 0.000000
0.000000 0.000000 0.000000
0.000000 0.000000 0.000000
0.000000 0.000000 0.000000
0.000000 0.000000 0.000000
0.141713 -0.459039 -0.546200
0.000000 0.000000 0.000000
0.000000 0.000000 0.000000
0.000000 0.000000 0.000000
-0.085548 -0.150137 -0.546200
0.353622 0.153093 -0.690355
-0.056500 -0.175767 -0.569886
0.000000 0.000000 0.000000
-0.177950 -0.235833 -0.569886
0.000000 0.000000 0.000000
0.000000 0.000000 0.000000
0.000000 0.000000 0.000000
-0.126779 0.102999 -0.546200
0.000000 0.000000 0.000000
-0.014527 -0.093229 -0.437873
0.000000 0.000000 0.000000
0.000000 0.000000 0.000000
0.000000 0.000000 0.000000
0.274480 -0.435022 -0.546200
0.000000 0.000000 0.000000
0.000000 0.000000 0.000000
0.000000 0.000000 0.000000
0.260759 -0.495861 -0.546200
-0.055844 0.030466 -0.546200
0.284457 -0.160339 -0.569886
0.311729 0.129409 -0.774566
0.000000 0.000000 0.000000
0.000000 0.000000 0.000000
0.000000 0.000000 0.000000
0.000000 0.000000 0.000000
0.257001 -0.090495 -0.546200
0.000000 0.000000 0.000000
0.000000 0.000000 0.000000
-0.177474 0.153093 -0.519780
0.000000 0.000000 0.000000
-0.108474 -0.386708 -0.546200
-0.268353 0.129409 -0.636252
0.197204 -0.300232 -0.569886
-0.026238 -0.389737 -0.546201
0.000000 0.000000 0.000000
0.063805 -0.510376 -0.569886
0.000000 0.000000 0.000000
0.000000 0.000000 0.000000
0.000000 0.000000 0.000000
0.000000 0.000000 0.000000
0.000000 0.000000 0.000000
0.000000 0.000000 0.000000
0.000000 0.000000 0.000000
