-0.259543 0.129409 0.012483
0.000000 0.000000 0.000000
0.000000 0.000000 0.000000
0.427026 0.135613 0.089351
0.000000 0.000000 0.000000
-0.402919 0.146588 0.671981
-0.013928 -0.166645 0.150690
0.000000 0.000000 0.000000
-0.014527 0.003651 -0.356623
0.000000 0.000000 0.000000
0.000000 0.000000 0.000000
0.423840 0.153093 -0.444852
0.033897 0.153093 -0.052339
-0.420285 0.153093 -0.325076
-0.395128 0.153093 0.345084
-0.049555 0.129409 0.308180
0.000000 0.000000 0.000000
0.000000 0.000000 0.000000
-0.217432 0.129409 -0.297938
0.000000 0.000000 0.000000
0.135579 0.153093 -0.325864
0.000000 0.000000 0.000000
0.015940 -0.158487 -0.136434
0.183352 0.153093 0.259844
0.000000 0.000000 0.000000
0.000000 0.000000 0.000000
-0.173899 0.086743 0.519597
0.427026 0.136651 -0.201861
0.000000 0.000000 0.000000
0.000000 0.000000 0.000000
0.015940 0.052706 0.151994
0.000000 0.000000 0.000000
0.000000 0.000000 0.000000
0.000000 0.000000 0.000000
-0.425612 0.141739 0.144697
0.000000 0.000000 0.000000
0.262391 0.129409 -0.000031
0.000000 0.000000 0.000000
-0.425612 0.151418 0.542052
0.000000 0.000000 0.000000
-0.411607 0.129409 -0.120538
0.015940 -0.018753 -0.010273
-0.014527 0.121505 -0.203991
0.000000 0.000000 0.000000
-0.065138 0.129409 -0.451588
0.000000 0.000000 0.000000
-0.014754 0.153093 0.175648
0.000000 0.000000 0.000000
-0.241650 0.153093 0.332769
-0.293960 0.129409 -0.153994
0.007855 0.153093 0.341566
0.000000 0.000000 0.000000
0.000000 0.000000 0.000000
-0.318201 -0.022852 0.530769
0.255187 0.153093 -0.163546
0.150936 0.153093 0.124922
-0.189658 0.153093 0.164463
0.000000 0.000000 0.000000
0.000000 0.000000 0.000000
-0.024177 0.129409 0.463539
-0.014527 -0.158446 -0.297346
0.000000 0.000000 0.000000
0.000000 0.000000 0.000000
0.412243 0.153093 -0.267218
-0.134454 0.153093 -0.040886
0.272574 0.129409 -0.413084
0.000000 0.000000 0.000000
-0.014527 -0.033359 -0.211457
0.000000 0.000000 0.000000
0.015940 -0.063193 0.170154
0.294414 0.153093 0.166492
0.000000 0.000000 0.000000
0.121210 0.129409 -0.472870
0.000000 0.000000 0.000000
0.104400 0.129409 -0.189253
-0.302070 0.129409 0.461552
0.000000 0.000000 0.000000
0.000000 0.000000 0.000000
0.000000 0.000000 0.000000
0.000000 0.000000 0.000000
-0.014527 0.077848 0.061412
0.000000 0.000000 0.000000
-0.200500 0.129409 -0.492137
0.000000 0.000000 0.000000
0.000000 0.000000 0.000000
-0.077553 0.129409 -0.322118
0.000000 0.000000 0.000000
-0.152849 0.153093 -0.179774
-0.402670 0.129409 0.038595
0.000000 0.000000 0.000000
-0.014527 -0.134225 0.017452
0.000000 0.000000 0.000000
0.093763 0.129409 0.395961
-0.268569 0.129409 0.606744
-0.014527 0.047013 -0.110734
-0.304159 0.153093 0.153808
0.000000 0.000000 0.000000
-0.144846 0.129409 0.422409
0.000000 0.000000 0.000000
-0.421177 0.153093 -0.408828
0.015940 0.039263 0.278682
-0.108269 0.153093 0.097128
0.000000 0.000000 0.000000
0.000000 0.000000 0.000000
0.046079 0.153093 -0.380706
-0.333229 0.153093 -0.256280
0.367880 0.153093 -0.076630
0.000000 0.000000 0.000000
0.091165 0.153093 0.242930
0.000000 0.000000 0.000000
0.000000 0.000000 0.000000
-0.014527 -0.071830 0.292309
0.283907 0.153093 -0.287381
0.000000 0.000000 0.000000
0.153910 0.153093 -0.028999
0.000000 0.000000 0.000000
-0.324282 0.153093 -0.430226
0.000000 0.000000 0.000000
0.000000 0.000000 0.000000
0.000000 0.000000 0.000000
0.000000 0.000000 0.000000
-0.151769 0.153093 0.282837
0.330305 0.153093 -0.370968
0.054892 0.129409 0.116376
0.000000 0.000000 0.000000
-0.040563 0.153093 -0.091750
0.000000 0.000000 0.000000
-0.112693 0.153093 -0.363188
0.000000 0.000000 0.000000
0.000000 0.000000 0.000000
0.000000 0.000000 0.000000
-0.318033 0.153093 0.251690
0.000000 0.000000 0.000000
0.000000 0.000000 0.000000
0.015940 0.073690 -0.459629
-0.311568 0.153093 -0.118262
0.279459 0.129409 0.287892
0.317822 0.129409 0.076609
-0.318201 0.103583 0.541796
0.034252 0.129409 -0.296760
-0.391806 0.129409 0.431008
-0.014527 -0.012370 0.091887
0.000000 0.000000 0.000000
-0.014527 -0.102267 0.081617
0.000000 0.000000 0.000000
0.393920 0.129409 0.199249
0.000000 0.000000 0.000000
-0.014527 0.072496 0.421473
0.093094 0.153093 0.039209
-0.055334 0.129409 0.020996
0.000000 0.000000 0.000000
0.015940 -0.036243 -0.267269
0.265352 0.153093 -0.117645
0.000000 0.000000 0.000000
0.335474 0.153093 -0.489852
0.409951 0.153093 -0.022123
0.015940 -0.064666 -0.068681
0.000000 0.000000 0.000000
0.000000 0.000000 0.000000
-0.014527 -0.106468 -0.397072
0.209093 0.153093 -0.391271
0.000000 0.000000 0.000000
0.000000 0.000000 0.000000
0.015940 -0.163657 0.221502
0.000000 0.000000 0.000000
-0.227950 0.129409 -0.391543
0.142663 0.153093 -0.107026
0.000000 0.000000 0.000000
0.015940 -0.125226 -0.189297
-0.414649 0.129409 0.274570
0.000000 0.000000 0.000000
-0.207916 0.129409 0.485070
-0.266269 0.129409 0.072944
-0.241973 0.153093 -0.251871
0.015940 0.073863 -0.128160
0.000000 0.000000 0.000000
-0.425612 0.147689 -0.200113
-0.324480 0.153093 0.367247
0.000000 0.000000 0.000000
-0.247286 0.083919 0.519597
0.193803 0.129409 -0.244046
0.000000 0.000000 0.000000
0.000000 0.000000 0.000000
0.217413 0.153093 0.191946
-0.413594 0.136771 0.611442
0.000000 0.000000 0.000000
0.328312 0.153093 -0.416266
0.000000 0.000000 0.000000
0.318452 0.129409 -0.197732
0.000000 0.000000 0.000000
-0.175760 0.129409 0.395788
0.238383 0.153093 0.119613
0.000000 0.000000 0.000000
-0.014527 0.088200 -0.001700
-0.014527 0.066443 -0.285638
0.003054 0.153093 -0.178709
-0.418987 0.129409 -0.240094
-0.106703 0.125915 0.519597
-0.028108 0.153093 -0.406901
0.000000 0.000000 0.000000
-0.299003 0.129409 -0.334680
0.000000 0.000000 0.000000
0.000000 0.000000 0.000000
-0.197363 0.129409 -0.100466
-0.081609 0.129409 0.384233
0.000000 0.000000 0.000000
0.000000 0.000000 0.000000
-0.369512 0.129409 -0.043236
-0.293749 0.129409 -0.045388
-0.283286 0.153093 0.181549
0.108178 0.153093 0.323083
0.000000 0.000000 0.000000
0.389937 0.129409 -0.349575
0.000000 0.000000 0.000000
-0.014527 0.074847 0.230843
0.000000 0.000000 0.000000
0.000000 0.000000 0.000000
0.000000 0.000000 0.000000
0.000000 0.000000 0.000000
0.000000 0.000000 0.000000
0.116952 0.129409 0.199627
0.121585 0.129409 -0.397684
0.000000 0.000000 0.000000
-0.159441 0.129409 0.016351
-0.014527 0.002537 0.214951
0.205091 0.129409 0.046514
-0.087973 0.153093 0.140655
-0.357571 0.129409 0.096623
0.000000 0.000000 0.000000
-0.147988 0.153093 -0.263198
-0.279254 0.153093 0.358389
0.000000 0.000000 0.000000
0.000000 0.000000 0.000000
0.000000 0.000000 0.000000
0.000000 0.000000 0.000000
-0.031873 0.153093 0.242465
0.046378 0.153093 -0.111310
0.000000 0.000000 0.000000
0.000000 0.000000 0.000000
-0.014527 -0.059271 -0.017797
0.015940 -0.099995 0.125205
0.000000 0.000000 0.000000
-0.014527 -0.141925 -0.061472
0.000000 0.000000 0.000000
-0.094962 0.129409 0.233657
0.370098 0.153093 -0.244891
-0.225327 0.129409 0.249999
-0.014527 0.055951 -0.233738
0.338329 0.129409 0.009112
0.000000 0.000000 0.000000
0.015940 -0.081482 -0.343351
0.000000 0.000000 0.000000
0.000000 0.000000 0.000000
0.015940 0.075387 -0.051116
0.000000 0.000000 0.000000
0.000000 0.000000 0.000000
-0.067358 0.153093 -0.249077
0.014744 -0.166645 0.067419
-0.224030 0.153093 -0.158842
0.000000 0.000000 0.000000
0.132139 0.153093 -0.258533
0.000000 0.000000 0.000000
-0.174691 0.153093 0.090387
0.004235 0.153093 -0.474723
0.015940 -0.046652 -0.143904
-0.126393 0.129409 -0.455130
0.000000 0.000000 0.000000
-0.019886 0.153093 0.091200
0.000000 0.000000 0.000000
0.015940 -0.019065 0.320379
0.000000 0.000000 0.000000
-0.425612 0.146375 -0.046736
0.000000 0.000000 0.000000
0.000000 0.000000 0.000000
-0.340603 0.153093 0.609129
-0.327793 0.153093 0.026105
-0.073816 0.153093 -0.177301
0.000000 0.000000 0.000000
0.000000 0.000000 0.000000
0.000000 0.000000 0.000000
0.000000 0.000000 0.000000
0.000000 0.000000 0.000000
-0.356359 0.129409 0.189033
0.000000 0.000000 0.000000
0.000000 0.000000 0.000000
0.177047 0.153093 -0.143349
-0.014527 0.032866 0.347644
-0.201279 0.129409 0.035671
0.348588 0.129409 -0.155684
-0.015011 0.129409 -0.274317
0.000000 0.000000 0.000000
0.000000 0.000000 0.000000
0.000000 0.000000 0.000000
0.334456 0.129409 0.256703
0.000000 0.000000 0.000000
0.046022 0.129409 -0.242805
-0.361292 0.129409 -0.188232
0.000000 0.000000 0.000000
-0.014527 0.009107 -0.035576
0.000000 0.000000 0.000000
-0.167331 0.153093 0.565868
-0.374965 0.129409 0.503245
0.000000 0.000000 0.000000
-0.345524 0.153093 0.296002
0.052151 0.129409 0.371333
0.000000 0.000000 0.000000
0.000000 0.000000 0.000000
-0.262842 0.153093 -0.455834
0.216012 0.129409 -0.318351
0.203866 0.129409 -0.062506
0.000000 0.000000 0.000000
0.423386 0.153093 -0.123543
0.015940 0.122251 0.288736
0.000000 0.000000 0.000000
0.000000 0.000000 0.000000
-0.282766 0.153093 0.521464
0.000000 0.000000 0.000000
-0.014527 0.094116 -0.159123
0.021243 0.153093 -0.006967
0.270308 0.153093 -0.359271
-0.133907 0.153093 -0.120553
-0.354753 0.129409 -0.353055
0.000000 0.000000 0.000000
-0.014527 -0.099551 -0.266282
0.000000 0.000000 0.000000
0.000000 0.000000 0.000000
0.000000 0.000000 0.000000
0.000000 0.000000 0.000000
-0.224024 0.153093 -0.054388
0.000000 0.000000 0.000000
0.000000 0.000000 0.000000
0.277870 0.153093 -0.051040
0.000000 0.000000 0.000000
-0.167350 0.153093 -0.419820
0.266332 0.153093 0.225597
0.000000 0.000000 0.000000
0.000000 0.000000 0.000000
0.377192 0.153093 -0.493896
-0.141154 0.129409 0.176066
0.000000 0.000000 0.000000
0.137277 0.153093 0.075888
0.343934 0.153093 0.198342
-0.135652 0.153093 0.338610
0.000000 0.000000 0.000000
0.176196 0.129409 0.324291
0.015940 -0.053490 0.050496
0.000000 0.000000 0.000000
0.000000 0.000000 0.000000
0.000000 0.000000 0.000000
0.000000 0.000000 0.000000
0.000000 0.000000 0.000000
0.000000 0.000000 0.000000
0.000000 0.000000 0.000000
0.000000 0.000000 0.000000
0.000000 0.000000 0.000000
0.095526 0.129409 -0.025572
0.000000 0.000000 0.000000
0.015940 0.033069 0.102383
0.000000 0.000000 0.000000
-0.014527 0.010894 0.153710
0.000000 0.000000 0.000000
0.054767 0.153093 0.193597
0.015940 0.055100 -0.394524
0.412081 0.153093 0.232100
0.338702 0.153093 0.131121
-0.371619 0.153093 0.395237
-0.284524 0.153093 -0.218084
0.015940 -0.011369 -0.407723
0.000000 0.000000 0.000000
-0.220144 0.129409 0.113657
0.000000 0.000000 0.000000
0.000000 0.000000 0.000000
0.000000 0.000000 0.000000
-0.234232 0.153093 0.419078
-0.014527 -0.100837 -0.090980
0.000000 0.000000 0.000000
-0.152167 0.129409 -0.328012
0.015940 -0.118097 0.261288
-0.014527 0.118631 -0.345440
-0.411010 0.129409 0.212468
0.000000 0.000000 0.000000
0.000000 0.000000 0.000000
0.000000 0.000000 0.000000
0.000000 0.000000 0.000000
0.000000 0.000000 0.000000
0.015940 -0.018088 0.251749
0.000000 0.000000 0.000000
0.178535 0.153093 -0.455494
0.395338 0.153093 0.136071
-0.127615 0.153093 -0.223497
-0.346209 0.153093 0.677738
0.000000 0.000000 0.000000
0.000000 0.000000 0.000000
0.000000 0.000000 0.000000
0.015940 -0.086466 -0.222201
0.240343 0.129409 -0.485830
0.000000 0.000000 0.000000
-0.382897 0.129409 -0.451142
0.000000 0.000000 0.000000
0.000000 0.000000 0.000000
0.015940 0.050148 -0.333801
0.000000 0.000000 0.000000
0.000000 0.000000 0.000000
0.000000 0.000000 0.000000
0.000000 0.000000 0.000000
-0.218862 0.153093 0.199995
0.000000 0.000000 0.000000
-0.281931 0.153093 -0.391870
-0.072690 0.129409 0.483867
0.000000 0.000000 0.000000
-0.304727 0.041456 0.519597
0.000000 0.000000 0.000000
0.147608 0.129409 0.243407
-0.164277 0.153093 0.224529
-0.014527 -0.010932 -0.108431
0.000000 0.000000 0.000000
0.061040 0.129409 -0.433171
-0.037385 0.129409 0.419546
0.000000 0.000000 0.000000
0.219871 0.153093 0.234096
0.221412 0.153093 -0.137421
0.000000 0.000000 0.000000
0.086055 0.153093 -0.316808
-0.055372 0.153093 -0.047087
0.015940 0.070541 0.366306
0.363617 0.153093 -0.030519
0.000000 0.000000 0.000000
0.000000 0.000000 0.000000
0.153986 0.153093 0.020546
0.000000 0.000000 0.000000
0.000000 0.000000 0.000000
0.000000 0.000000 0.000000
0.023217 0.153093 0.426493
0.000000 0.000000 0.000000
-0.255511 0.129409 0.404310
-0.014527 -0.113487 0.177200
0.107852 0.153093 -0.069651
-0.180523 0.129409 0.324108
0.427026 0.141740 -0.064585
-0.374000 0.153093 -0.090690
0.000000 0.000000 0.000000
0.014310 -0.166645 -0.025950
0.000000 0.000000 0.000000
-0.387789 0.153093 -0.285269
0.363639 0.153093 0.050124
-0.350542 0.129409 -0.138498
0.009179 0.153093 -0.337323
0.015940 -0.060826 -0.393243
0.000000 0.000000 0.000000
-0.099337 0.153093 0.430350
0.000000 0.000000 0.000000
-0.137711 0.153093 0.478404
-0.322029 0.129409 -0.376120
-0.248585 0.129409 0.471753
-0.359845 0.153093 0.148708
0.092502 0.129409 0.137834
-0.100778 0.129409 0.341048
0.000000 0.000000 0.000000
-0.014527 0.029854 0.049383
-0.014527 0.002957 -0.162388
-0.195139 0.153093 -0.347882
0.259645 0.153093 -0.214457
-0.351660 0.153093 0.464966
0.000000 0.000000 0.000000
0.000000 0.000000 0.000000
0.345359 0.129409 -0.317960
0.000000 0.000000 0.000000
0.015940 0.088215 -0.190884
0.000000 0.000000 0.000000
0.000000 0.000000 0.000000
0.000000 0.000000 0.000000
-0.414274 0.129409 0.388317
0.145599 0.153093 0.397541
0.023049 0.129409 0.237246
0.000000 0.000000 0.000000
0.427026 0.144817 0.033399
0.000000 0.000000 0.000000
-0.004401 0.153093 0.031424
-0.269608 0.129409 -0.108954
0.102422 0.129409 -0.129040
0.000000 0.000000 0.000000
-0.014355 -0.166645 -0.189588
0.015940 0.008623 -0.209462
-0.176018 0.129409 -0.035325
0.235132 0.153093 0.297356
-0.307393 0.129409 0.646243
0.015940 -0.046256 0.101389
0.000000 0.000000 0.000000
0.182853 0.129409 0.168899
-0.060514 0.129409 0.199763
-0.265773 0.129409 0.545681
0.000000 0.000000 0.000000
-0.014527 0.115809 -0.447539
0.000000 0.000000 0.000000
-0.273682 0.153093 0.220443
0.000000 0.000000 0.000000
-0.256745 0.129409 0.281850
0.000000 0.000000 0.000000
-0.425612 0.150437 0.083252
0.015940 -0.071269 -0.295368
0.289528 0.129409 0.117239
0.000000 0.000000 0.000000
0.000000 0.000000 0.000000
0.015940 0.085984 -0.256937
-0.108689 0.129409 -0.014086
0.000000 0.000000 0.000000
0.000000 0.000000 0.000000
0.015940 0.122395 0.069301
0.000000 0.000000 0.000000
0.015940 0.000066 -0.315193
0.000000 0.000000 0.000000
0.042360 0.129409 0.032945
0.000000 0.000000 0.000000
-0.310590 0.153093 0.096986
0.000000 0.000000 0.000000
0.000000 0.000000 0.000000
0.015940 0.107459 0.172094
0.000000 0.000000 0.000000
0.000000 0.000000 0.000000
0.000000 0.000000 0.000000
0.000000 0.000000 0.000000
0.000000 0.000000 0.000000
-0.318484 0.129409 0.577812
0.164276 0.153093 -0.377469
0.000000 0.000000 0.000000
0.000000 0.000000 0.000000
0.308254 0.129409 -0.075427
0.000000 0.000000 0.000000
-0.199470 0.153093 -0.252022
0.279439 0.153093 0.055732
0.000000 0.000000 0.000000
0.015940 0.045244 -0.170244
-0.192376 0.153093 0.521089
0.000000 0.000000 0.000000
0.000000 0.000000 0.000000
0.070503 0.129409 0.278175
0.000000 0.000000 0.000000
0.000000 0.000000 0.000000
0.000000 0.000000 0.000000
0.000000 0.000000 0.000000
0.000000 0.000000 0.000000
-0.014527 0.116335 -0.079782
-0.014527 0.126329 0.271796
-0.078288 0.129409 -0.113070
-0.073227 0.129409 -0.399869
0.321789 0.129409 -0.267657
0.000000 0.000000 0.000000
0.329946 0.153093 0.300236
0.000000 0.000000 0.000000
0.000000 0.000000 0.000000
0.000000 0.000000 0.000000
0.199882 0.153093 0.011242
0.000000 0.000000 0.000000
0.212499 0.129409 -0.179597
-0.340223 0.129409 -0.297716
0.000000 0.000000 0.000000
0.000000 0.000000 0.000000
0.015940 -0.160038 -0.346070
0.000000 0.000000 0.000000
0.015940 0.108586 -0.385445
0.235122 0.129409 -0.265349
0.015940 0.008344 -0.263211
0.138121 0.153093 0.296979
0.000000 0.000000 0.000000
0.371819 0.129409 -0.447689
0.066510 0.153093 -0.203705
-0.014527 -0.015881 0.283114
0.223941 0.129409 -0.433804
-0.014527 0.074331 0.286900
-0.068321 0.153093 0.268914
-0.338749 0.153093 0.537087
-0.005211 -0.166645 -0.242639
0.392048 0.153093 -0.389156
0.000000 0.000000 0.000000
-0.222581 0.153093 -0.005051
0.302009 0.129409 -0.440464
0.095942 0.129409 0.094220
0.000000 0.000000 0.000000
0.000000 0.000000 0.000000
-0.281538 0.129409 -0.487145
0.000000 0.000000 0.000000
0.305713 0.153093 -0.236497
-0.168375 0.129409 0.129449
0.000000 0.000000 0.000000
-0.014527 0.063443 0.121271
-0.014527 0.020353 -0.419435
0.010287 0.153093 -0.134544
-0.103563 0.129409 0.288428
0.000000 0.000000 0.000000
0.000000 0.000000 0.000000
-0.086320 0.153093 0.042748
0.000000 0.000000 0.000000
-0.293548 0.153093 0.410155
0.000000 0.000000 0.000000
0.385194 0.153093 -0.181600
0.000000 0.000000 0.000000
0.015940 -0.112333 -0.026849
0.000000 0.000000 0.000000
0.000000 0.000000 0.000000
0.000000 0.000000 0.000000
-0.203436 0.153093 0.357513
0.000000 0.000000 0.000000
0.000000 0.000000 0.000000
0.000000 0.000000 0.000000
-0.274951 0.065915 0.543281
0.000000 0.000000 0.000000
0.000000 0.000000 0.000000
0.259085 0.129409 0.194637
-0.014527 -0.073319 -0.125717
0.000000 0.000000 0.000000
0.187467 0.129409 0.105137
-0.097361 0.153093 -0.497516
0.082883 0.129409 -0.356690
0.218244 0.129409 -0.100704
0.000000 0.000000 0.000000
0.000000 0.000000 0.000000
0.000000 0.000000 0.000000
-0.092507 0.129409 -0.280541
-0.180001 0.129409 -0.212479
-0.244217 0.153093 -0.354187
0.000000 0.000000 0.000000
0.339894 0.129409 -0.102466
-0.375321 0.153093 -0.224077
0.000000 0.000000 0.000000
0.013039 0.153093 -0.228051
0.137782 0.153093 -0.207342
-0.014527 -0.017841 0.041071
0.000000 0.000000 0.000000
0.000000 0.000000 0.000000
-0.262246 0.129409 -0.287827
-0.035614 0.153093 0.379403
0.000000 0.000000 0.000000
0.000000 0.000000 0.000000
0.000000 0.000000 0.000000
0.176701 0.129409 -0.412870
-0.014527 0.117858 0.219802
0.264159 0.153093 -0.455201
0.000000 0.000000 0.000000
0.000000 0.000000 0.000000
0.000000 0.000000 0.000000
-0.202797 0.153093 -0.458235
0.015940 0.035559 -0.015729
0.000000 0.000000 0.000000
0.035633 0.129409 -0.161665
0.129994 0.153093 -0.436576
0.000000 0.000000 0.000000
0.363581 0.129409 0.089246
0.000000 0.000000 0.000000
-0.277638 0.129409 0.131485
0.015940 -0.016132 -0.066609
-0.128286 0.129409 0.057112
0.000000 0.000000 0.000000
0.015940 0.109732 -0.029585
-0.425612 0.134228 -0.156688
0.000000 0.000000 0.000000
0.000000 0.000000 0.000000
-0.288441 0.153093 0.051491
-0.095927 0.129409 -0.213187
-0.014527 -0.052220 -0.329833
0.000000 0.000000 0.000000
0.296779 0.129409 -0.336778
0.000000 0.000000 0.000000
0.000000 0.000000 0.000000
-0.329364 0.129409 0.420867
0.302154 0.129409 -0.138156
0.015940 -0.103760 0.050415
-0.421879 0.129409 0.469993
-0.046629 0.153093 -0.135077
0.015940 -0.148150 0.112475
0.000000 0.000000 0.000000
0.084527 0.129409 -0.282208
-0.339970 0.129409 -0.084175
-0.029999 0.129409 0.134414
0.000000 0.000000 0.000000
0.000000 0.000000 0.000000
0.000000 0.000000 0.000000
-0.362470 0.153093 -0.474724
0.000000 0.000000 0.000000
0.252153 0.153093 0.159554
-0.200487 0.129409 0.435490
-0.014527 -0.062928 0.137160
0.000000 0.000000 0.000000
-0.223717 0.129409 0.154934
0.000000 0.000000 0.000000
-0.186799 0.129409 0.543954
0.015940 0.112483 0.403265
-0.373857 0.153093 0.261157
0.000000 0.000000 0.000000
0.015940 0.009668 0.359866
0.421890 0.129409 0.164100
-0.379669 0.129409 0.308196
0.000000 0.000000 0.000000
0.000000 0.000000 0.000000
0.000000 0.000000 0.000000
0.000000 0.000000 0.000000
0.236232 0.129409 0.078521
0.380855 0.153093 -0.134206
0.168979 0.129409 0.069842
-0.014527 -0.042691 0.240534
0.000000 0.000000 0.000000
-0.373188 0.129409 0.004496
-0.293741 0.153093 0.313693
0.000000 0.000000 0.000000
0.015940 -0.123165 -0.308179
0.000000 0.000000 0.000000
0.000000 0.000000 0.000000
0.000000 0.000000 0.000000
0.000000 0.000000 0.000000
0.389227 0.153093 -0.315814
0.000000 0.000000 0.000000
-0.046406 0.129409 -0.170606
0.192154 0.153093 -0.340852
-0.014527 0.067298 -0.424743
-0.155366 0.129409 0.513361
-0.014527 0.114827 0.357881
-0.223985 0.129409 0.553542
-0.385244 0.153093 0.118888
