0.240427 -0.263098 -0.045383
-0.222745 0.287630 -0.306097
0.000000 0.000000 0.000000
-0.163741 0.219724 -0.243295
0.153074 0.058620 -0.139073
0.000000 0.000000 0.000000
-0.165883 0.538576 -0.100101
0.000000 0.000000 0.000000
0.000000 0.000000 0.000000
0.304417 0.602345 0.264162
-0.229458 -0.647373 0.065374
0.000000 0.000000 0.000000
-0.159314 -0.162898 0.081712
0.000000 0.000000 0.000000
0.000000 0.000000 0.000000
0.000000 0.000000 0.000000
0.303677 0.602345 -0.120767
0.000000 0.000000 0.000000
0.000000 0.000000 0.000000
0.020047 0.380828 -0.119657
-0.014037 -0.424691 0.135765
-0.191590 0.219724 0.095954
0.000000 0.000000 0.000000
0.240427 0.294427 0.084585
0.000000 0.000000 0.000000
0.086121 -0.183035 0.245038
-0.175783 0.038482 -0.121141
0.000000 0.000000 0.000000
0.000000 0.000000 0.000000
-0.009099 -0.733473 0.223053
-0.306654 0.596040 -0.412340
-0.291756 0.602345 -0.007436
0.057594 0.602345 -0.228700
0.233715 -0.529663 0.132244
0.240427 0.288409 0.264227
0.121731 0.239862 -0.168218
0.233715 -0.049134 0.154647
-0.043283 0.219724 -0.037534
0.000000 0.000000 0.000000
0.000000 0.000000 0.000000
0.233715 -0.339448 0.257544
0.108363 0.602345 0.026420
-0.033952 -0.733473 0.107435
0.000000 0.000000 0.000000
0.028508 -0.183035 -0.011216
0.000000 0.000000 0.000000
0.000000 0.000000 0.000000
0.100462 0.380828 -0.261455
0.000000 0.000000 0.000000
0.000000 0.000000 0.000000
0.000000 0.000000 0.000000
0.000000 0.000000 0.000000
0.091817 -0.424691 -0.029391
0.000000 0.000000 0.000000
0.000000 0.000000 0.000000
-0.052264 0.058620 0.023969
-0.242884 -0.386391 0.057503
0.000000 0.000000 0.000000
-0.155276 0.058620 0.029438
0.000000 0.000000 0.000000
0.000000 0.000000 0.000000
-0.204000 0.400966 0.028749
0.000000 0.000000 0.000000
0.000000 0.000000 0.000000
0.000000 0.000000 0.000000
0.240427 0.316604 -0.146947
0.000000 0.000000 0.000000
-0.222745 -0.340623 0.041462
0.000000 0.000000 0.000000
-0.242884 0.519673 -0.237151
0.000000 0.000000 0.000000
0.000000 0.000000 0.000000
0.310911 0.596082 0.095120
0.175195 -0.713336 0.115196
0.103358 0.400966 0.111217
0.117617 0.038482 0.133115
-0.019025 0.476949 -0.013613
-0.180701 0.538576 0.108651
0.000000 0.000000 0.000000
0.000000 0.000000 0.000000
0.104555 0.239862 0.125022
0.008849 0.582207 -0.100207
-0.157762 0.380828 -0.234843
0.240427 0.453320 0.256874
0.194939 0.538576 -0.256752
-0.082051 -0.183035 0.184947
0.240427 0.489026 -0.015754
0.000000 0.000000 0.000000
0.000000 0.000000 0.000000
0.000000 0.000000 0.000000
-0.242884 0.265357 -0.128431
-0.212676 -0.475780 -0.106153
0.233715 -0.272777 0.150685
0.000000 0.000000 0.000000
0.240427 0.160326 -0.069922
0.000000 0.000000 0.000000
0.240427 0.299491 0.152274
0.162497 -0.404553 0.090621
0.206043 -0.713336 0.287426
0.000000 0.000000 0.000000
-0.181603 0.038482 -0.264962
0.233715 -0.043424 -0.027728
0.000000 0.000000 0.000000
0.159405 -0.162898 0.068639
-0.096463 0.602345 -0.252228
0.000000 0.000000 0.000000
0.000000 0.000000 0.000000
-0.235276 -0.162898 -0.080310
-0.229577 -0.713336 -0.079188
-0.242884 -0.330933 -0.115107
0.013181 0.538576 0.134729
0.000000 0.000000 0.000000
-0.222745 0.144281 0.093299
-0.098936 0.400966 0.094690
-0.063207 0.219724 -0.107934
-0.222745 -0.048522 0.063751
0.000000 0.000000 0.000000
0.000000 0.000000 0.000000
-0.094910 -0.404553 -0.028439
0.240427 0.119103 0.143189
0.000000 0.000000 0.000000
0.000000 0.000000 0.000000
-0.134871 0.219724 0.036599
0.000000 0.000000 0.000000
0.144733 -0.183035 -0.135711
0.000000 0.000000 0.000000
0.000000 0.000000 0.000000
0.000000 0.000000 0.000000
0.216664 -0.404553 0.215752
0.146540 0.380828 -0.040612
0.134806 0.558713 -0.070357
0.000000 0.000000 0.000000
-0.190353 0.459332 0.006526
-0.042006 -0.162898 -0.157145
-0.010599 0.038482 -0.116238
0.000000 0.000000 0.000000
-0.075594 -0.424691 -0.086108
-0.222745 0.152830 -0.258448
0.000000 0.000000 0.000000
0.000000 0.000000 0.000000
-0.295994 0.584973 -0.101479
0.000000 0.000000 0.000000
0.000000 0.000000 0.000000
0.000000 0.000000 0.000000
0.000000 0.000000 0.000000
0.021607 -0.733473 0.018500
0.166617 0.538576 0.174388
0.000000 0.000000 0.000000
0.000000 0.000000 0.000000
0.051140 0.602345 -0.350538
0.000000 0.000000 0.000000
0.000000 0.000000 0.000000
-0.242884 0.174899 -0.038064
0.190036 0.038482 0.021115
0.090221 0.219724 -0.056226
-0.077105 0.602345 0.009956
-0.170358 -0.404553 0.135741
0.240427 -0.649525 -0.009410
0.000000 0.000000 0.000000
-0.046752 0.058620 -0.202522
0.000000 0.000000 0.000000
0.000000 0.000000 0.000000
0.000000 0.000000 0.000000
0.000000 0.000000 0.000000
-0.164187 -0.733473 0.084228
0.233715 0.469005 0.094746
-0.087422 -0.162898 0.013269
0.000000 0.000000 0.000000
-0.242884 0.381719 -0.148266
0.000000 0.000000 0.000000
0.000000 0.000000 0.000000
0.000000 0.000000 0.000000
0.000000 0.000000 0.000000
0.000000 0.000000 0.000000
0.233715 -0.574043 0.278474
-0.242884 -0.110678 -0.143596
0.233715 0.003397 -0.166306
0.000000 0.000000 0.000000
0.000000 0.000000 0.000000
0.000000 0.000000 0.000000
0.000000 0.000000 0.000000
0.000000 0.000000 0.000000
0.110315 0.491304 -0.013613
0.000000 0.000000 0.000000
-0.242884 0.014103 -0.053785
0.129112 0.219724 -0.252724
0.182983 -0.162898 0.209652
0.247141 0.498261 -0.170359
-0.092715 0.492223 0.006526
-0.242884 0.006937 -0.209026
-0.212676 -0.605823 -0.068277
0.000000 0.000000 0.000000
-0.103470 0.400966 -0.065419
0.015112 -0.424691 0.027064
-0.073993 0.582207 -0.174099
-0.135426 -0.733473 0.021887
0.000000 0.000000 0.000000
0.000000 0.000000 0.000000
0.000000 0.000000 0.000000
0.000000 0.000000 0.000000
-0.229458 -0.500569 0.142997
-0.035070 0.058620 0.161789
0.166497 0.380828 -0.168878
0.000000 0.000000 0.000000
0.233715 0.190523 0.177097
0.233715 -0.629119 0.137177
-0.059574 0.602345 -0.330763
0.000000 0.000000 0.000000
0.196092 0.602345 0.097993
0.000000 0.000000 0.000000
0.000000 0.000000 0.000000
0.000000 0.000000 0.000000
0.233715 0.093714 -0.076965
0.000000 0.000000 0.000000
0.027892 0.038482 0.070933
0.000000 0.000000 0.000000
0.000000 0.000000 0.000000
-0.128535 0.038482 -0.079208
-0.174950 0.538576 -0.312083
-0.122412 -0.404553 0.088477
0.000000 0.000000 0.000000
0.186042 0.538576 -0.321310
0.233715 -0.384266 -0.031132
-0.018045 0.380828 -0.258488
-0.014443 0.219724 0.073492
0.000000 0.000000 0.000000
0.000000 0.000000 0.000000
-0.225280 0.400966 -0.344586
0.000000 0.000000 0.000000
0.000000 0.000000 0.000000
-0.231979 0.558713 0.023720
-0.234999 -0.490714 -0.003544
0.017789 -0.183035 0.087130
0.000000 0.000000 0.000000
0.200756 0.219724 0.037939
-0.222745 -0.243391 0.094324
-0.088622 -0.162898 -0.200691
0.000000 0.000000 0.000000
0.000000 0.000000 0.000000
0.000000 0.000000 0.000000
0.240427 0.189861 -0.191199
0.000000 0.000000 0.000000
0.000000 0.000000 0.000000
-0.139096 0.239862 0.147066
0.240427 -0.324726 0.057701
0.000000 0.000000 0.000000
-0.242884 0.283830 0.004495
0.000000 0.000000 0.000000
0.000000 0.000000 0.000000
0.162406 0.400966 0.235704
-0.187858 0.380828 0.108708
0.240427 -0.454537 0.053780
0.154175 0.602345 -0.179726
0.000000 0.000000 0.000000
0.000000 0.000000 0.000000
0.190404 0.400966 0.064101
-0.011951 0.219724 -0.205271
0.000000 0.000000 0.000000
0.240427 -0.145349 0.012728
0.000000 0.000000 0.000000
0.251611 0.602345 -0.006603
0.032782 0.558713 -0.029002
-0.024571 0.538576 -0.243905
-0.222745 0.306913 -0.226637
0.000000 0.000000 0.000000
-0.092971 0.602345 -0.076917
0.240427 0.000792 0.276886
0.000000 0.000000 0.000000
-0.222745 0.471585 -0.339468
0.218534 0.602345 -0.176765
0.240427 0.422577 -0.226123
-0.242884 -0.119999 0.128979
-0.016711 0.400966 0.135864
-0.250606 0.602345 -0.307137
-0.162962 -0.162898 -0.069962
0.000000 0.000000 0.000000
0.247141 -0.703053 0.050829
0.053817 0.058620 -0.023931
-0.080560 0.582207 0.102316
-0.136437 0.058620 0.116426
-0.242884 0.470127 -0.074023
0.000000 0.000000 0.000000
0.000000 0.000000 0.000000
0.069604 -0.424691 0.215579
-0.222745 0.526066 -0.154353
0.000000 0.000000 0.000000
0.125196 0.219724 0.025341
0.058435 0.538576 0.091882
0.000000 0.000000 0.000000
-0.242884 -0.238325 -0.143932
0.045105 0.380828 -0.013752
0.000000 0.000000 0.000000
0.000000 0.000000 0.000000
0.000000 0.000000 0.000000
-0.070673 0.380828 -0.166805
0.050570 -0.713336 0.172320
0.163999 -0.713336 0.029270
0.000000 0.000000 0.000000
0.247141 0.554769 -0.069244
0.240427 -0.146951 0.143966
0.000000 0.000000 0.000000
-0.228163 0.219724 -0.179200
0.000000 0.000000 0.000000
0.000000 0.000000 0.000000
0.000000 0.000000 0.000000
0.000000 0.000000 0.000000
0.240427 0.012705 0.118355
-0.222745 -0.132661 0.003956
-0.144573 0.538576 -0.212120
0.009820 0.239862 0.199294
0.000000 0.000000 0.000000
0.000000 0.000000 0.000000
-0.242884 -0.731056 0.120179
0.000000 0.000000 0.000000
-0.200881 0.239862 0.150468
0.242938 -0.733473 0.170016
0.240427 0.410736 -0.088574
0.000000 0.000000 0.000000
0.186594 0.239862 -0.115464
-0.269605 0.602345 -0.201689
0.185748 0.538576 0.015396
-0.078465 0.538576 -0.365592
0.000000 0.000000 0.000000
0.000000 0.000000 0.000000
0.000000 0.000000 0.000000
0.205431 0.058620 0.197864
0.233715 0.298331 -0.044840
0.000000 0.000000 0.000000
0.233715 0.178476 0.277687
0.000000 0.000000 0.000000
0.000000 0.000000 0.000000
-0.129319 -0.424691 -0.123897
0.240427 0.137038 0.034424
0.000000 0.000000 0.000000
0.089575 0.602345 0.158964
-0.145528 0.239862 -0.035227
0.000000 0.000000 0.000000
0.000000 0.000000 0.000000
-0.242884 0.030561 0.125022
-0.222745 0.107891 -0.125466
0.065933 -0.424691 0.119085
0.233715 0.391492 0.172366
0.000000 0.000000 0.000000
0.000000 0.000000 0.000000
-0.197029 0.602345 -0.245377
0.117503 -0.183035 -0.045772
-0.042997 0.380828 -0.018846
0.000000 0.000000 0.000000
0.233715 -0.204434 0.222062
0.000000 0.000000 0.000000
0.076229 0.058620 -0.154505
0.000000 0.000000 0.000000
0.240427 -0.556504 0.031820
0.000000 0.000000 0.000000
-0.242884 -0.328654 0.149504
-0.197201 0.380828 -0.069280
-0.159162 0.558713 0.021275
0.000000 0.000000 0.000000
0.000000 0.000000 0.000000
0.292829 0.582207 0.187954
-0.222745 -0.343721 -0.025424
0.052971 0.058620 0.210054
-0.149998 -0.183035 0.182129
0.000000 0.000000 0.000000
0.000000 0.000000 0.000000
0.000000 0.000000 0.000000
-0.210825 0.602345 -0.108224
-0.060635 -0.713336 -0.045536
0.000000 0.000000 0.000000
-0.242884 0.068897 -0.008172
-0.174778 -0.404553 0.007873
0.000000 0.000000 0.000000
0.000000 0.000000 0.000000
-0.113369 0.239862 -0.173868
0.000000 0.000000 0.000000
0.023033 0.602345 -0.164539
0.000000 0.000000 0.000000
0.092556 0.538576 -0.290758
0.156839 -0.713336 0.198839
0.000000 0.000000 0.000000
0.233715 -0.489814 0.197862
0.000000 0.000000 0.000000
0.000000 0.000000 0.000000
0.134762 0.038482 0.220435
0.000000 0.000000 0.000000
0.000000 0.000000 0.000000
0.000000 0.000000 0.000000
0.040509 0.400966 -0.186492
-0.049438 0.538576 -0.314714
0.000000 0.000000 0.000000
0.000000 0.000000 0.000000
0.154266 -0.404553 0.207663
-0.222745 -0.555828 -0.003244
0.000000 0.000000 0.000000
0.000000 0.000000 0.000000
-0.013038 0.602345 0.116909
0.240427 -0.247979 0.045703
0.000000 0.000000 0.000000
0.000000 0.000000 0.000000
-0.242884 0.400212 -0.261276
0.277665 0.602345 -0.220677
0.086865 0.400966 -0.067447
0.000000 0.000000 0.000000
0.000000 0.000000 0.000000
0.247141 0.516908 0.189973
0.240427 -0.113109 -0.086244
-0.222745 -0.039842 0.153736
0.000000 0.000000 0.000000
0.155908 0.602345 -0.339763
0.240427 0.379688 0.268075
0.233715 -0.355141 0.167319
0.000000 0.000000 0.000000
0.000000 0.000000 0.000000
0.233715 -0.030066 0.035780
0.000000 0.000000 0.000000
0.000000 0.000000 0.000000
0.227002 0.554313 0.093756
0.119098 0.219724 0.214064
0.000000 0.000000 0.000000
0.000000 0.000000 0.000000
0.043172 0.239862 -0.000759
0.000000 0.000000 0.000000
0.201719 0.219724 -0.022777
0.000000 0.000000 0.000000
-0.242884 0.095768 -0.197729
0.099547 0.538576 -0.223065
0.233715 0.128233 -0.151650
-0.061255 0.219724 0.128286
0.100233 0.400966 0.035238
0.000000 0.000000 0.000000
0.000000 0.000000 0.000000
0.000000 0.000000 0.000000
-0.222745 -0.262391 -0.019743
-0.131271 0.038482 -0.183861
-0.242884 0.195408 0.036794
-0.086822 -0.162898 -0.075477
-0.139925 0.602345 -0.371949
0.000000 0.000000 0.000000
0.000000 0.000000 0.000000
0.000000 0.000000 0.000000
-0.242884 0.323229 -0.044598
-0.184030 0.602345 -0.342117
-0.143620 -0.733473 0.188043
0.137672 0.558713 0.082107
0.000000 0.000000 0.000000
0.000000 0.000000 0.000000
0.113544 0.058620 -0.071168
0.000000 0.000000 0.000000
-0.229458 -0.564286 0.089440
0.000000 0.000000 0.000000
-0.253190 0.558713 -0.352491
-0.242884 -0.071118 -0.065991
0.092098 -0.713336 0.074387
-0.046316 -0.424691 0.048596
-0.183736 0.380828 -0.310047
0.000000 0.000000 0.000000
-0.163132 0.058620 -0.040851
0.000000 0.000000 0.000000
0.000000 0.000000 0.000000
0.013212 0.219724 -0.108910
-0.222745 0.511381 0.086607
0.099846 0.582207 -0.156112
-0.222745 -0.441775 0.090318
0.000000 0.000000 0.000000
0.000000 0.000000 0.000000
-0.066145 -0.162898 0.124582
-0.152282 0.602345 -0.155422
-0.140791 -0.183035 -0.150248
0.092687 -0.733473 -0.008438
0.000000 0.000000 0.000000
0.000000 0.000000 0.000000
-0.057044 0.219724 -0.262697
0.000000 0.000000 0.000000
0.087918 -0.183035 0.127260
0.000000 0.000000 0.000000
0.000000 0.000000 0.000000
0.111573 0.400966 -0.149883
-0.242884 0.430487 -0.228033
-0.242884 0.129741 0.033737
0.000000 0.000000 0.000000
-0.242884 -0.722560 0.032470
0.000000 0.000000 0.000000
-0.027552 0.038482 -0.051066
0.238496 -0.666346 0.255379
0.090843 -0.162898 0.055550
0.000000 0.000000 0.000000
0.000000 0.000000 0.000000
0.000000 0.000000 0.000000
0.124319 0.058620 0.057770
0.000000 0.000000 0.000000
0.000000 0.000000 0.000000
0.000000 0.000000 0.000000
0.041909 0.602345 0.057908
-0.222745 -0.040073 -0.002893
0.000000 0.000000 0.000000
0.000000 0.000000 0.000000
0.176993 0.219724 0.199555
0.000000 0.000000 0.000000
-0.131332 0.400966 -0.007055
0.009153 -0.183035 -0.100195
0.233715 -0.183213 -0.056459
0.000000 0.000000 0.000000
0.000000 0.000000 0.000000
-0.299846 0.588825 -0.250464
-0.229458 -0.639701 0.131220
-0.234244 -0.404553 -0.118043
0.000000 0.000000 0.000000
-0.220152 0.239862 -0.061114
0.000000 0.000000 0.000000
0.000000 0.000000 0.000000
0.000000 0.000000 0.000000
0.000000 0.000000 0.000000
0.000000 0.000000 0.000000
0.240427 -0.476400 0.262982
0.044797 0.400966 0.074108
0.000000 0.000000 0.000000
0.000000 0.000000 0.000000
0.000000 0.000000 0.000000
0.000000 0.000000 0.000000
0.000000 0.000000 0.000000
0.000000 0.000000 0.000000
-0.223918 0.558713 -0.045046
0.073380 0.538576 -0.107386
-0.080376 0.058620 -0.146820
0.000000 0.000000 0.000000
0.186917 0.602345 -0.087567
0.233715 -0.076553 0.083590
-0.234621 -0.162898 -0.184157
-0.242884 0.080490 -0.285815
0.000000 0.000000 0.000000
-0.178043 0.602345 0.057610
-0.181190 -0.183035 -0.005559
-0.222745 0.366880 0.065431
0.000000 0.000000 0.000000
0.000000 0.000000 0.000000
-0.240763 -0.404553 -0.047745
0.233715 0.138453 0.218952
0.000000 0.000000 0.000000
0.000000 0.000000 0.000000
-0.131239 0.538576 0.157239
-0.033916 0.038482 0.090170
0.240427 -0.105822 0.208271
0.000000 0.000000 0.000000
-0.092147 -0.713336 0.147946
-0.035869 0.538576 0.077822
0.221880 0.582207 -0.297831
-0.017000 0.602345 -0.255006
-0.092954 0.058620 -0.249596
0.000000 0.000000 0.000000
0.000000 0.000000 0.000000
-0.174042 0.400966 -0.167481
-0.238710 -0.183035 0.045251
0.000000 0.000000 0.000000
-0.283581 0.582207 0.059198
0.000000 0.000000 0.000000
0.000000 0.000000 0.000000
0.208311 0.380828 -0.004772
0.000000 0.000000 0.000000
0.240427 0.377055 0.118819
0.104171 0.380828 0.237751
0.157502 0.219724 -0.053987
0.214129 0.038482 -0.073749
0.233715 -0.078409 -0.146379
-0.222745 0.096720 -0.064426
-0.037646 0.400966 0.049788
-0.242884 0.241574 -0.265645
-0.222745 0.188710 -0.122926
0.000000 0.000000 0.000000
0.000000 0.000000 0.000000
-0.023597 0.400966 -0.327688
-0.160679 0.239862 -0.117402
0.233715 -0.622969 0.052704
0.000000 0.000000 0.000000
0.000000 0.000000 0.000000
0.021419 0.443528 -0.013613
0.000000 0.000000 0.000000
0.188285 0.058620 0.092681
0.000000 0.000000 0.000000
0.026428 0.558713 -0.317630
0.186155 0.400966 -0.255329
0.233715 0.225842 -0.090645
-0.219388 -0.648506 -0.007203
0.000000 0.000000 0.000000
0.240427 -0.441119 0.141048
0.240427 0.347807 -0.233798
0.145483 0.380828 0.160961
0.000000 0.000000 0.000000
0.233715 0.324942 0.022233
0.233715 -0.558795 0.197660
0.000000 0.000000 0.000000
-0.168713 -0.733473 -0.040078
0.240427 0.404493 -0.148810
-0.080286 0.558713 -0.102268
-0.242884 -0.271829 -0.196639
-0.099812 0.558713 -0.015393
0.000000 0.000000 0.000000
0.000000 0.000000 0.000000
0.031933 0.538576 -0.238982
-0.242884 0.010647 0.033088
0.000000 0.000000 0.000000
-0.222745 -0.045940 -0.176633
-0.218041 0.582207 0.129817
-0.025988 -0.404553 -0.012469
0.199272 0.602345 0.190626
0.000000 0.000000 0.000000
0.048835 0.239862 0.088126
0.247141 0.531539 -0.214066
0.093427 0.558713 -0.021620
-0.242884 0.338471 0.025508
-0.242884 0.430501 -0.012340
0.000000 0.000000 0.000000
0.119957 0.219724 -0.121352
0.000000 0.000000 0.000000
0.000000 0.000000 0.000000
-0.222745 0.362635 -0.218664
0.172745 0.602345 -0.029485
-0.090008 0.602345 0.169039
0.000000 0.000000 0.000000
0.233715 -0.013872 0.206294
0.097249 0.602345 -0.076501
0.233715 0.267603 -0.196975
0.000000 0.000000 0.000000
0.000000 0.000000 0.000000
0.000000 0.000000 0.000000
0.000000 0.000000 0.000000
0.000000 0.000000 0.000000
0.247141 0.495573 -0.103495
-0.242884 0.021490 -0.129191
0.296930 0.602345 0.026402
0.194941 0.602345 -0.223442
0.000000 0.000000 0.000000
0.000000 0.000000 0.000000
0.000000 0.000000 0.000000
0.000000 0.000000 0.000000
-0.039770 -0.713336 0.040379
-0.016894 -0.162898 0.196644
-0.222745 0.364373 0.137074
0.171277 0.219724 0.099082
0.000000 0.000000 0.000000
-0.038974 0.558713 0.026401
-0.242884 -0.203459 -0.024749
0.000000 0.000000 0.000000
0.208636 -0.404553 0.027057
-0.213244 0.582207 -0.190360
0.173191 0.380828 -0.102252
0.000000 0.000000 0.000000
0.000000 0.000000 0.000000
0.088200 -0.162898 -0.107256
0.000000 0.000000 0.000000
0.000000 0.000000 0.000000
-0.242884 0.267549 0.095111
0.000000 0.000000 0.000000
0.000000 0.000000 0.000000
0.000000 0.000000 0.000000
0.000000 0.000000 0.000000
0.170262 0.463128 0.006526
0.240427 0.079083 -0.000120
0.000000 0.000000 0.000000
0.000000 0.000000 0.000000
-0.131497 0.602345 -0.041085
0.000000 0.000000 0.000000
0.148170 0.602345 0.215332
-0.095985 0.400966 -0.228630
0.000000 0.000000 0.000000
-0.132299 0.380828 -0.130490
0.000000 0.000000 0.000000
0.193927 0.582207 0.035706
0.000000 0.000000 0.000000
0.000000 0.000000 0.000000
0.000000 0.000000 0.000000
0.000000 0.000000 0.000000
-0.050966 0.602345 -0.119081
0.240427 -0.053154 0.254432
0.000000 0.000000 0.000000
0.233715 -0.630851 0.202338
-0.222745 -0.216775 -0.089441
-0.033717 0.380828 -0.083476
-0.212676 -0.525645 -0.061522
-0.289977 0.582207 -0.348450
0.000000 0.000000 0.000000
0.000000 0.000000 0.000000
0.000000 0.000000 0.000000
0.119034 -0.424691 0.159603
0.109435 -0.713336 0.151449
0.000000 0.000000 0.000000
0.000000 0.000000 0.000000
-0.076255 0.400966 0.163574
0.247883 0.582207 0.230715
-0.077252 0.038482 -0.089541
0.000000 0.000000 0.000000
-0.120005 -0.424691 0.163565
0.068873 0.400966 0.168299
-0.039853 0.582207 -0.053002
0.000000 0.000000 0.000000
0.000000 0.000000 0.000000
0.240427 -0.321125 -0.013608
0.000000 0.000000 0.000000
0.000000 0.000000 0.000000
0.000000 0.000000 0.000000
0.000000 0.000000 0.000000
-0.222745 0.073566 0.091302
-0.037377 0.538576 -0.183534
0.013082 0.602345 0.175327
0.035106 -0.404553 -0.049632
0.000000 0.000000 0.000000
0.233715 -0.214693 0.101144
0.000000 0.000000 0.000000
0.077589 0.239862 -0.211339
0.000000 0.000000 0.000000
0.236130 0.582207 -0.117765
0.098288 -0.733473 0.214226
-0.014448 -0.162898 0.032653
0.000000 0.000000 0.000000
0.000000 0.000000 0.000000
0.000000 0.000000 0.000000
0.000000 0.000000 0.000000
0.000000 0.000000 0.000000
