0.291340 -0.810031 0.441601
0.000000 0.000000 0.000000
0.000000 0.000000 0.000000
0.000000 0.000000 0.000000
0.000000 0.000000 0.000000
0.000000 0.000000 0.000000
0.000000 0.000000 0.000000
0.102956 -0.738359 -0.138360
0.000000 0.000000 0.000000
0.000000 0.000000 0.000000
-0.205439 -0.566275 0.281523
0.000000 0.000000 0.000000
0.000000 0.000000 0.000000
0.000000 0.000000 0.000000
0.000000 0.000000 0.000000
-0.101322 -0.525272 0.034680
0.000000 0.000000 0.000000
0.000000 0.000000 0.000000
-0.530717 -0.754247 0.132652
0.000000 0.000000 0.000000
0.000000 0.000000 0.000000
0.000000 0.000000 0.000000
0.031785 -0.368973 0.549281
0.128485 -0.810031 -0.411276
0.000000 0.000000 0.000000
0.000000 0.000000 0.000000
-0.020371 -0.514979 0.439313
0.000000 0.000000 0.000000
0.000000 0.000000 0.000000
0.232930 -0.379752 0.281523
0.000000 0.000000 0.000000
0.000000 0.000000 0.000000
0.000000 0.000000 0.000000
0.000000 0.000000 0.000000
0.028259 -0.810031 0.187236
-0.266280 -0.666754 -0.073323
0.000000 0.000000 0.000000
0.000000 0.000000 0.000000
-0.100408 -0.695234 0.540920
0.000000 0.000000 0.000000
0.000000 0.000000 0.000000
-0.184737 -0.400726 0.439313
0.000000 0.000000 0.000000
0.000000 0.000000 0.000000
0.000000 0.000000 0.000000
0.000000 0.000000 0.000000
0.000000 0.000000 0.000000
0.000000 0.000000 0.000000
0.235780 -0.565886 0.082169
0.129834 -0.035458 0.535454
0.000000 0.000000 0.000000
0.000000 0.000000 0.000000
0.128550 -0.700390 0.281523
-0.489917 -0.810031 -0.182809
0.000000 0.000000 0.000000
0.000000 0.000000 0.000000
0.000000 0.000000 0.000000
0.000000 0.000000 0.000000
0.000000 0.000000 0.000000
0.000000 0.000000 0.000000
-0.052316 -0.525272 -0.064360
-0.123083 -0.767467 -0.531672
0.000000 0.000000 0.000000
-0.438964 -0.522072 0.331094
0.196836 -0.592176 0.515595
-0.097252 -0.343102 0.281523
0.000000 0.000000 0.000000
0.000000 0.000000 0.000000
0.000000 0.000000 0.000000
-0.314022 -0.810031 0.384593
-0.164641 -0.810031 -0.472904
0.000000 0.000000 0.000000
0.000000 0.000000 0.000000
0.000000 0.000000 0.000000
0.000000 0.000000 0.000000
0.000000 0.000000 0.000000
0.360709 -0.005583 0.419476
0.000000 0.000000 0.000000
0.000000 0.000000 0.000000
0.000000 0.000000 0.000000
0.000000 0.000000 0.000000
0.000000 0.000000 0.000000
0.000000 0.000000 0.000000
0.000000 0.000000 0.000000
-0.258341 -0.795348 0.098804
0.000000 0.000000 0.000000
0.000000 0.000000 0.000000
0.000000 0.000000 0.000000
0.000000 0.000000 0.000000
-0.060691 -0.251052 0.550447
0.160487 -0.390110 -0.013944
-0.122392 -0.729778 0.439313
0.000000 0.000000 0.000000
0.000000 0.000000 0.000000
0.000000 0.000000 0.000000
-0.361480 -0.655117 -0.168918
0.000000 0.000000 0.000000
0.000000 0.000000 0.000000
-0.416097 -0.607776 0.360693
0.278044 -0.307412 0.475177
0.000000 0.000000 0.000000
0.000000 0.000000 0.000000
0.000000 0.000000 0.000000
0.000000 0.000000 0.000000
0.000000 0.000000 0.000000
-0.120083 -0.553480 -0.073323
0.000000 0.000000 0.000000
0.000000 0.000000 0.000000
0.095709 -0.597658 -0.390413
0.000000 0.000000 0.000000
-0.145883 -0.779672 -0.138360
0.000000 0.000000 0.000000
0.000000 0.000000 0.000000
0.000000 0.000000 0.000000
0.000000 0.000000 0.000000
-0.290509 -0.530966 0.098804
0.121750 -0.655470 0.537850
0.107116 -0.669037 0.098804
-0.089400 -0.363171 0.439313
0.000000 0.000000 0.000000
0.000000 0.000000 0.000000
0.000000 0.000000 0.000000
0.021326 -0.526542 0.281523
0.000000 0.000000 0.000000
0.208929 -0.468887 0.439313
-0.447730 -0.565603 0.167088
0.000000 0.000000 0.000000
0.000000 0.000000 0.000000
0.000000 0.000000 0.000000
0.000000 0.000000 0.000000
0.000000 0.000000 0.000000
0.000000 0.000000 0.000000
0.000000 0.000000 0.000000
0.000000 0.000000 0.000000
0.000000 0.000000 0.000000
0.342302 -0.098907 0.435783
0.000000 0.000000 0.000000
0.072882 -0.561650 -0.145304
0.000000 0.000000 0.000000
0.000000 0.000000 0.000000
0.000000 0.000000 0.000000
0.000000 0.000000 0.000000
0.000000 0.000000 0.000000
0.000000 0.000000 0.000000
0.000000 0.000000 0.000000
0.000000 0.000000 0.000000
0.000000 0.000000 0.000000
0.053712 -0.810031 0.486152
0.000000 0.000000 0.000000
0.000000 0.000000 0.000000
0.000000 0.000000 0.000000
0.000000 0.000000 0.000000
0.000000 0.000000 0.000000
0.000000 0.000000 0.000000
-0.199782 -0.777724 0.281523
0.067680 -0.263490 0.281523
0.000000 0.000000 0.000000
0.000000 0.000000 0.000000
0.217312 -0.810031 0.262455
0.000000 0.000000 0.000000
-0.414664 -0.804762 0.246222
0.000000 0.000000 0.000000
-0.023174 -0.685344 0.281523
-0.200083 -0.382217 0.281523
0.160378 -0.465423 0.004465
0.000000 0.000000 0.000000
0.000000 0.000000 0.000000
0.000000 0.000000 0.000000
-0.291794 -0.542950 0.387749
-0.169087 -0.238473 0.524445
0.000000 0.000000 0.000000
-0.000650 -0.637290 0.439313
0.000000 0.000000 0.000000
-0.097500 -0.683333 0.098804
0.000000 0.000000 0.000000
-0.400800 -0.810031 -0.236733
0.000000 0.000000 0.000000
0.000000 0.000000 0.000000
-0.006337 -0.810031 -0.465945
0.000000 0.000000 0.000000
0.000000 0.000000 0.000000
0.000000 0.000000 0.000000
0.000000 0.000000 0.000000
0.000000 0.000000 0.000000
0.000000 0.000000 0.000000
0.000000 0.000000 0.000000
0.000000 0.000000 0.000000
-0.291794 -0.599366 0.357400
0.000000 0.000000 0.000000
0.000000 0.000000 0.000000
-0.352255 -0.365935 0.421255
0.000000 0.000000 0.000000
0.000000 0.000000 0.000000
0.000000 0.000000 0.000000
0.000000 0.000000 0.000000
0.000000 0.000000 0.000000
0.000000 0.000000 0.000000
0.000000 0.000000 0.000000
0.000000 0.000000 0.000000
0.000000 0.000000 0.000000
0.000000 0.000000 0.000000
0.000000 0.000000 0.000000
0.000000 0.000000 0.000000
0.000000 0.000000 0.000000
0.000000 0.000000 0.000000
0.000000 0.000000 0.000000
0.000000 0.000000 0.000000
0.064274 -0.525272 0.085936
0.000000 0.000000 0.000000
0.000000 0.000000 0.000000
0.000000 0.000000 0.000000
0.102208 -0.196819 0.543642
-0.359472 -0.810031 -0.061912
-0.166901 -0.550132 0.524969
0.000000 0.000000 0.000000
0.000000 0.000000 0.000000
0.000000 0.000000 0.000000
0.000000 0.000000 0.000000
0.000000 0.000000 0.000000
-0.093326 -0.390848 0.004465
-0.515969 -0.810031 -0.029640
0.000000 0.000000 0.000000
0.000000 0.000000 0.000000
-0.105759 -0.686367 -0.138360
-0.006613 -0.755854 -0.073323
0.021904 -0.693942 -0.545841
0.000000 0.000000 0.000000
0.000000 0.000000 0.000000
0.000000 0.000000 0.000000
-0.169854 -0.810031 0.521558
0.000000 0.000000 0.000000
0.000000 0.000000 0.000000
0.000000 0.000000 0.000000
-0.024249 -0.693701 -0.390413
0.000000 0.000000 0.000000
0.000000 0.000000 0.000000
0.223332 -0.270016 0.507742
0.000000 0.000000 0.000000
0.000000 0.000000 0.000000
0.000000 0.000000 0.000000
0.000000 0.000000 0.000000
0.000000 0.000000 0.000000
0.000000 0.000000 0.000000
0.148583 -0.810031 0.501065
0.000000 0.000000 0.000000
0.000000 0.000000 0.000000
0.000000 0.000000 0.000000
0.000000 0.000000 0.000000
0.000000 0.000000 0.000000
0.000000 0.000000 0.000000
0.000000 0.000000 0.000000
0.000000 0.000000 0.000000
0.000000 0.000000 0.000000
0.000000 0.000000 0.000000
-0.299780 -0.667644 0.025300
0.000000 0.000000 0.000000
0.000000 0.000000 0.000000
-0.484947 -0.674572 0.256088
0.000000 0.000000 0.000000
0.000000 0.000000 0.000000
0.000000 0.000000 0.000000
0.098536 -0.505224 0.544731
0.054571 -0.525272 -0.060047
0.000000 0.000000 0.000000
0.000000 0.000000 0.000000
0.000000 0.000000 0.000000
0.000000 0.000000 0.000000
0.100349 -0.715543 0.439313
0.214593 -0.250657 0.297843
0.000000 0.000000 0.000000
-0.112477 -0.403833 0.538024
-0.541735 -0.700747 -0.079255
-0.514334 -0.526034 0.187920
0.255133 -0.652189 0.439313
0.000000 0.000000 0.000000
0.000000 0.000000 0.000000
0.000000 0.000000 0.000000
0.000000 0.000000 0.000000
0.000000 0.000000 0.000000
0.000000 0.000000 0.000000
0.166298 -0.576677 0.281523
0.000000 0.000000 0.000000
0.000000 0.000000 0.000000
0.000000 0.000000 0.000000
-0.415970 -0.810031 0.092310
0.003596 -0.316328 0.351049
0.220678 -0.172645 0.508528
-0.240884 -0.621388 0.493657
0.000000 0.000000 0.000000
0.235780 -0.757013 -0.014628
0.000000 0.000000 0.000000
0.000000 0.000000 0.000000
0.000000 0.000000 0.000000
0.200814 -0.354353 0.381856
-0.228959 -0.624542 0.098804
0.000000 0.000000 0.000000
0.000000 0.000000 0.000000
0.000000 0.000000 0.000000
0.000000 0.000000 0.000000
0.000000 0.000000 0.000000
-0.113800 -0.782800 0.098804
0.000000 0.000000 0.000000
0.000000 0.000000 0.000000
0.000000 0.000000 0.000000
0.159367 -0.655224 -0.138360
0.000000 0.000000 0.000000
0.000000 0.000000 0.000000
0.000000 0.000000 0.000000
-0.238222 -0.297829 0.439313
0.000000 0.000000 0.000000
-0.330415 -0.711417 0.441972
0.000000 0.000000 0.000000
0.159107 -0.810031 0.117850
0.000000 0.000000 0.000000
0.303527 -0.546850 0.439313
0.000000 0.000000 0.000000
-0.075781 -0.561650 -0.216444
-0.073610 -0.218365 0.429394
0.099093 -0.785030 0.281523
0.000000 0.000000 0.000000
0.000000 0.000000 0.000000
0.086283 -0.417381 0.432918
0.261428 -0.016795 0.485363
-0.279086 -0.810031 0.244793
0.000000 0.000000 0.000000
0.000000 0.000000 0.000000
0.000000 0.000000 0.000000
0.000000 0.000000 0.000000
0.000000 0.000000 0.000000
0.000000 0.000000 0.000000
0.228046 -0.702649 0.505828
0.000000 0.000000 0.000000
0.000000 0.000000 0.000000
0.000000 0.000000 0.000000
-0.013610 -0.575381 0.550479
0.000000 0.000000 0.000000
0.000000 0.000000 0.000000
-0.096851 -0.485935 0.281523
0.000000 0.000000 0.000000
0.000000 0.000000 0.000000
0.000000 0.000000 0.000000
0.000000 0.000000 0.000000
-0.101922 -0.810031 0.251469
-0.357862 -0.810031 -0.394294
0.000000 0.000000 0.000000
0.000000 0.000000 0.000000
0.207124 -0.436026 0.512545
0.000000 0.000000 0.000000
0.000000 0.000000 0.000000
0.272778 -0.676570 0.281523
-0.226887 -0.536081 -0.073323
0.000000 0.000000 0.000000
0.000000 0.000000 0.000000
0.000000 0.000000 0.000000
0.000000 0.000000 0.000000
0.000000 0.000000 0.000000
0.000000 0.000000 0.000000
0.000000 0.000000 0.000000
0.000000 0.000000 0.000000
0.103854 -0.437467 0.281523
0.000000 0.000000 0.000000
0.000000 0.000000 0.000000
0.000000 0.000000 0.000000
-0.029219 -0.810031 0.489134
0.000000 0.000000 0.000000
0.000000 0.000000 0.000000
0.039197 -0.373161 0.004465
-0.291794 -0.725610 0.327806
0.000000 0.000000 0.000000
0.000000 0.000000 0.000000
0.000000 0.000000 0.000000
0.028417 -0.726442 0.549371
0.000000 0.000000 0.000000
0.000000 0.000000 0.000000
0.000000 0.000000 0.000000
-0.210405 -0.737240 -0.505789
0.000000 0.000000 0.000000
0.000000 0.000000 0.000000
0.000000 0.000000 0.000000
-0.240533 -0.699992 -0.390413
0.000000 0.000000 0.000000
0.353185 -0.230090 0.427407
0.000000 0.000000 0.000000
0.000000 0.000000 0.000000
0.000000 0.000000 0.000000
0.000000 0.000000 0.000000
-0.022154 -0.403808 0.281523
-0.291794 -0.476182 0.283512
0.212793 -0.525272 -0.053989
0.000000 0.000000 0.000000
0.185796 -0.561650 -0.202111
0.000000 0.000000 0.000000
0.000000 0.000000 0.000000
-0.184109 -0.561650 -0.204524
0.000000 0.000000 0.000000
0.000000 0.000000 0.000000
0.000000 0.000000 0.000000
-0.226752 -0.786796 -0.073323
0.000000 0.000000 0.000000
0.000000 0.000000 0.000000
0.000000 0.000000 0.000000
0.000000 0.000000 0.000000
0.000000 0.000000 0.000000
0.000000 0.000000 0.000000
0.000000 0.000000 0.000000
0.045618 -0.640043 -0.073323
0.000000 0.000000 0.000000
0.000000 0.000000 0.000000
0.037725 -0.509449 -0.250194
0.000000 0.000000 0.000000
0.000000 0.000000 0.000000
0.000000 0.000000 0.000000
-0.139945 -0.742589 -0.390413
-0.303442 -0.762784 -0.138360
0.000000 0.000000 0.000000
0.000000 0.000000 0.000000
0.000000 0.000000 0.000000
-0.167534 -0.640700 -0.138360
0.201444 -0.698813 0.098804
0.000000 0.000000 0.000000
-0.424744 -0.782844 0.352491
0.000000 0.000000 0.000000
0.000000 0.000000 0.000000
-0.361480 -0.743203 -0.254551
-0.142395 -0.513748 0.439313
0.000000 0.000000 0.000000
0.000000 0.000000 0.000000
0.009692 -0.766655 -0.138360
-0.449797 -0.681931 0.191542
0.000000 0.000000 0.000000
-0.257408 -0.610775 -0.138360
-0.182897 -0.810031 0.168494
0.000000 0.000000 0.000000
-0.191325 -0.525272 0.040852
0.000000 0.000000 0.000000
0.000000 0.000000 0.000000
-0.545001 -0.667159 0.039379
0.089963 -0.559496 0.439313
0.000000 0.000000 0.000000
0.000000 0.000000 0.000000
0.306410 -0.414729 0.457787
-0.457677 -0.733522 -0.298956
0.000000 0.000000 0.000000
0.000000 0.000000 0.000000
-0.060765 -0.509071 0.550429
0.000000 0.000000 0.000000
0.000000 0.000000 0.000000
-0.060689 -0.660566 -0.073323
0.000000 0.000000 0.000000
0.000000 0.000000 0.000000
0.000000 0.000000 0.000000
0.000000 0.000000 0.000000
-0.303628 -0.810031 0.034807
-0.339607 -0.513770 0.433252
0.000000 0.000000 0.000000
-0.030807 -0.591108 0.098804
0.000000 0.000000 0.000000
-0.206431 -0.440043 0.512355
0.239947 -0.530136 0.281523
0.000000 0.000000 0.000000
0.000000 0.000000 0.000000
0.185650 -0.494850 -0.250194
0.000000 0.000000 0.000000
0.000000 0.000000 0.000000
0.000000 0.000000 0.000000
0.110252 -0.699947 -0.390413
0.000000 0.000000 0.000000
0.000000 0.000000 0.000000
0.000000 0.000000 0.000000
0.000000 0.000000 0.000000
0.000000 0.000000 0.000000
0.000000 0.000000 0.000000
0.000000 0.000000 0.000000
0.000000 0.000000 0.000000
0.000000 0.000000 0.000000
0.000000 0.000000 0.000000
0.000000 0.000000 0.000000
0.000000 0.000000 0.000000
-0.291794 -0.431722 0.390172
-0.234782 -0.737611 0.439313
0.000000 0.000000 0.000000
0.000000 0.000000 0.000000
0.000000 0.000000 0.000000
0.000000 0.000000 0.000000
0.000000 0.000000 0.000000
0.000000 0.000000 0.000000
0.000000 0.000000 0.000000
-0.034292 -0.810031 0.102572
0.351270 -0.718159 0.429426
0.000000 0.000000 0.000000
0.000000 0.000000 0.000000
0.000000 0.000000 0.000000
0.000000 0.000000 0.000000
0.000000 0.000000 0.000000
0.000000 0.000000 0.000000
0.000000 0.000000 0.000000
-0.528689 -0.627271 0.139496
0.000000 0.000000 0.000000
0.000000 0.000000 0.000000
-0.261807 -0.810031 0.464001
0.000000 0.000000 0.000000
-0.159458 -0.456221 -0.016950
0.000000 0.000000 0.000000
0.000000 0.000000 0.000000
0.000000 0.000000 0.000000
0.000000 0.000000 0.000000
0.000000 0.000000 0.000000
0.000000 0.000000 0.000000
0.000000 0.000000 0.000000
0.000000 0.000000 0.000000
0.000000 0.000000 0.000000
0.000000 0.000000 0.000000
0.000000 0.000000 0.000000
0.000000 0.000000 0.000000
0.124502 -0.671117 -0.073323
0.000000 0.000000 0.000000
0.000000 0.000000 0.000000
-0.224394 -0.341866 0.502606
0.000000 0.000000 0.000000
0.000000 0.000000 0.000000
0.000000 0.000000 0.000000
0.000000 0.000000 0.000000
-0.299780 -0.538127 -0.009030
0.000000 0.000000 0.000000
0.000000 0.000000 0.000000
0.000000 0.000000 0.000000
-0.074206 -0.608132 0.439313
0.000000 0.000000 0.000000
0.000000 0.000000 0.000000
-0.044848 -0.240774 0.281523
-0.188631 -0.733032 0.519756
0.000000 0.000000 0.000000
0.000000 0.000000 0.000000
0.000000 0.000000 0.000000
-0.267956 -0.717757 0.098804
0.000000 0.000000 0.000000
0.000000 0.000000 0.000000
0.000000 0.000000 0.000000
0.000000 0.000000 0.000000
0.000000 0.000000 0.000000
0.000000 0.000000 0.000000
0.000000 0.000000 0.000000
-0.005544 -0.800058 0.281523
0.000000 0.000000 0.000000
-0.155167 -0.704212 -0.073323
0.000000 0.000000 0.000000
0.059848 -0.328709 0.281523
0.000000 0.000000 0.000000
0.186494 -0.744605 0.439313
0.000000 0.000000 0.000000
0.000000 0.000000 0.000000
0.162834 -0.525272 0.076084
0.000000 0.000000 0.000000
0.000000 0.000000 0.000000
-0.465114 -0.590602 0.263635
-0.031723 -0.722796 0.439313
0.000000 0.000000 0.000000
0.000000 0.000000 0.000000
-0.117996 -0.621199 0.281523
0.000000 0.000000 0.000000
0.000000 0.000000 0.000000
0.000000 0.000000 0.000000
0.000000 0.000000 0.000000
0.000000 0.000000 0.000000
-0.145720 -0.549344 0.098804
0.000000 0.000000 0.000000
0.000000 0.000000 0.000000
0.084447 -0.608804 0.281523
-0.260912 -0.810031 -0.423997
0.000000 0.000000 0.000000
0.000000 0.000000 0.000000
-0.510288 -0.810031 0.055786
-0.441889 -0.802059 -0.325514
-0.020162 -0.591973 -0.390413
0.000000 0.000000 0.000000
0.336543 -0.373649 0.377444
-0.498098 -0.777623 0.234616
0.000000 0.000000 0.000000
0.000000 0.000000 0.000000
-0.012807 -0.594490 -0.138360
-0.532997 -0.775811 -0.115677
0.000000 0.000000 0.000000
0.000000 0.000000 0.000000
0.000000 0.000000 0.000000
0.000000 0.000000 0.000000
0.137250 -0.631560 0.439313
-0.124086 -0.129867 0.535240
0.000000 0.000000 0.000000
0.000000 0.000000 0.000000
0.000000 0.000000 0.000000
0.000000 0.000000 0.000000
0.000000 0.000000 0.000000
0.000000 0.000000 0.000000
-0.413634 -0.810031 -0.164384
0.000000 0.000000 0.000000
0.000000 0.000000 0.000000
0.000000 0.000000 0.000000
0.000000 0.000000 0.000000
0.000000 0.000000 0.000000
-0.012938 -0.720113 0.098804
0.000000 0.000000 0.000000
-0.416638 -0.364200 0.360179
0.000000 0.000000 0.000000
0.000000 0.000000 0.000000
-0.187204 -0.662485 0.281523
-0.096881 -0.798274 -0.073323
0.000000 0.000000 0.000000
0.000000 0.000000 0.000000
-0.191356 -0.750324 0.098804
0.000000 0.000000 0.000000
0.000000 0.000000 0.000000
0.251444 -0.558909 0.439313
0.000000 0.000000 0.000000
0.000000 0.000000 0.000000
0.000000 0.000000 0.000000
0.000000 0.000000 0.000000
0.000000 0.000000 0.000000
0.207791 -0.810031 0.158222
-0.535461 -0.543636 0.116650
0.000000 0.000000 0.000000
0.000000 0.000000 0.000000
0.000000 0.000000 0.000000
0.000000 0.000000 0.000000
0.000000 0.000000 0.000000
0.000000 0.000000 0.000000
0.000000 0.000000 0.000000
0.235780 -0.658458 0.035344
0.000000 0.000000 0.000000
-0.341009 -0.810031 0.150854
0.000000 0.000000 0.000000
0.000000 0.000000 0.000000
0.000000 0.000000 0.000000
0.000000 0.000000 0.000000
0.000000 0.000000 0.000000
0.000000 0.000000 0.000000
0.014660 -0.383403 0.405391
0.000000 0.000000 0.000000
0.000000 0.000000 0.000000
0.000000 0.000000 0.000000
0.000000 0.000000 0.000000
0.000000 0.000000 0.000000
-0.248115 -0.713136 -0.138360
0.000000 0.000000 0.000000
-0.043020 -0.768749 0.551254
0.000000 0.000000 0.000000
0.000000 0.000000 0.000000
0.236783 -0.809283 0.500472
0.000000 0.000000 0.000000
0.143568 -0.294937 0.531383
0.000000 0.000000 0.000000
0.000000 0.000000 0.000000
0.000000 0.000000 0.000000
0.055555 -0.090534 0.548654
0.000000 0.000000 0.000000
0.000000 0.000000 0.000000
0.000000 0.000000 0.000000
-0.299780 -0.748284 -0.030796
0.000000 0.000000 0.000000
0.000000 0.000000 0.000000
0.000000 0.000000 0.000000
0.000000 0.000000 0.000000
0.000000 0.000000 0.000000
0.000000 0.000000 0.000000
0.028144 -0.486023 0.004465
0.182769 -0.480302 0.281523
0.000000 0.000000 0.000000
-0.348384 -0.594154 0.424926
0.000000 0.000000 0.000000
0.000000 0.000000 0.000000
-0.219383 -0.553690 0.439313
0.284112 -0.303959 0.281523
0.000000 0.000000 0.000000
0.000000 0.000000 0.000000
0.000000 0.000000 0.000000
-0.121059 -0.810031 0.455216
0.000000 0.000000 0.000000
0.024886 -0.221397 0.549463
0.000000 0.000000 0.000000
0.000000 0.000000 0.000000
-0.463732 -0.810031 -0.097050
-0.054276 -0.791832 -0.390413
0.000000 0.000000 0.000000
0.000000 0.000000 0.000000
0.000000 0.000000 0.000000
0.000000 0.000000 0.000000
0.000000 0.000000 0.000000
0.097917 -0.307343 0.343769
0.000000 0.000000 0.000000
0.000000 0.000000 0.000000
0.021667 -0.778827 -0.545834
0.000000 0.000000 0.000000
-0.073610 -0.303361 0.384104
0.000000 0.000000 0.000000
-0.250175 -0.223482 0.488614
-0.480817 -0.465951 0.262825
-0.407883 -0.725021 0.220843
0.000000 0.000000 0.000000
-0.409716 -0.613795 0.233909
0.000000 0.000000 0.000000
0.000000 0.000000 0.000000
0.000000 0.000000 0.000000
0.000000 0.000000 0.000000
0.000000 0.000000 0.000000
0.000000 0.000000 0.000000
0.000000 0.000000 0.000000
0.000000 0.000000 0.000000
-0.071657 -0.698630 -0.543373
0.000000 0.000000 0.000000
0.000000 0.000000 0.000000
0.000000 0.000000 0.000000
0.000000 0.000000 0.000000
0.000000 0.000000 0.000000
0.000000 0.000000 0.000000
-0.277557 -0.398658 0.473753
0.000000 0.000000 0.000000
0.000000 0.000000 0.000000
0.000000 0.000000 0.000000
