0.122675 0.078884 -0.435914
-0.322515 0.244228 0.563195
0.023567 -0.181213 -0.141535
0.081978 0.160116 0.325754
0.000000 0.000000 0.000000
0.299314 -0.018993 -0.331282
0.000000 0.000000 0.000000
0.499870 -0.181213 -0.602526
-0.174351 -0.181213 0.408734
0.000000 0.000000 0.000000
-0.046231 0.101683 -0.095359
0.000000 0.000000 0.000000
0.000000 0.000000 0.000000
0.000000 0.000000 0.000000
-0.311500 -0.018993 0.322481
0.437174 0.074245 -0.653901
0.000000 0.000000 0.000000
-0.110119 0.193882 0.454980
0.000000 0.000000 0.000000
0.084065 -0.018993 0.024519
0.000000 0.000000 0.000000
-0.009570 -0.181213 -0.532495
0.000000 0.000000 0.000000
0.136903 -0.018755 -0.644031
0.000000 0.000000 0.000000
0.000000 0.000000 0.000000
0.000000 0.000000 0.000000
0.000000 0.000000 0.000000
0.000000 0.000000 0.000000
0.000000 0.000000 0.000000
0.000000 0.000000 0.000000
0.000000 0.000000 0.000000
0.196110 -0.181213 -0.578231
-0.304409 -0.181213 0.328020
0.000000 0.000000 0.000000
-0.260524 -0.018993 0.024342
0.000000 0.000000 0.000000
0.241261 0.093519 -0.180041
0.005831 0.210815 0.458701
-0.191602 0.153161 0.302106
-0.569751 -0.182666 0.661303
0.000000 0.000000 0.000000
0.000000 0.000000 0.000000
0.556576 -0.018361 -0.642847
0.000000 0.000000 0.000000
-0.328221 0.058517 0.644193
0.297956 -0.120226 -0.693424
0.412573 0.098913 -0.368991
-0.257951 -0.181213 -0.151718
-0.229932 0.130397 0.528321
0.150594 0.127911 0.072205
0.077969 -0.018993 -0.209125
0.152210 -0.181213 -0.376159
-0.020556 -0.181213 -0.364505
0.000000 0.000000 0.000000
0.590991 -0.043254 -0.776756
-0.069372 0.239055 0.528321
0.454923 -0.018955 -0.604172
0.028543 -0.018993 0.275827
0.000000 0.000000 0.000000
0.000000 0.000000 0.000000
0.000000 0.000000 0.000000
0.000000 0.000000 0.000000
0.000000 0.000000 0.000000
0.000000 0.000000 0.000000
-0.376545 -0.103012 0.528321
0.201678 0.075478 -0.654182
-0.148412 -0.181213 0.116321
0.000000 0.000000 0.000000
-0.071770 0.084942 0.131680
0.000000 0.000000 0.000000
0.000000 0.000000 0.000000
0.336310 -0.018993 -0.510278
0.080528 -0.118311 -0.752361
0.000000 0.000000 0.000000
-0.416838 -0.182666 0.666522
0.000000 0.000000 0.000000
0.132676 -0.018993 -0.416999
-0.318682 0.201730 0.370899
0.000000 0.000000 0.000000
0.000000 0.000000 0.000000
0.033720 0.082643 -0.321068
-0.446580 0.071707 0.644193
0.000000 0.000000 0.000000
0.000000 0.000000 0.000000
-0.093149 -0.018993 -0.106651
0.441285 -0.079038 -0.752361
0.000000 0.000000 0.000000
0.000000 0.000000 0.000000
0.000000 0.000000 0.000000
0.000000 0.000000 0.000000
0.235746 0.008820 -0.744730
-0.209251 -0.181213 -0.245507
-0.141429 -0.018993 0.206928
0.315449 0.114964 -0.543590
-0.203076 -0.075200 0.528321
0.000000 0.000000 0.000000
0.000000 0.000000 0.000000
-0.428511 0.068732 0.523903
0.000000 0.000000 0.000000
0.570626 0.075314 -0.519562
0.000000 0.000000 0.000000
-0.040096 -0.181213 0.084469
0.250236 -0.018993 -0.111753
0.000000 0.000000 0.000000
0.390361 0.087534 -0.187655
0.000000 0.000000 0.000000
0.000000 0.000000 0.000000
-0.109748 -0.018993 0.139471
-0.124851 -0.018993 0.374802
-0.061255 0.084579 0.430007
0.262626 0.099802 -0.336694
-0.121235 0.085193 -0.233251
-0.295701 -0.181213 0.166782
0.338073 -0.181213 -0.513781
0.016622 0.125332 0.259480
0.000000 0.000000 0.000000
0.000000 0.000000 0.000000
0.000000 0.000000 0.000000
-0.168584 0.214438 0.644193
0.000000 0.000000 0.000000
0.000000 0.000000 0.000000
-0.183920 0.090664 0.007139
0.000000 0.000000 0.000000
0.053433 0.044826 -0.747870
0.000000 0.000000 0.000000
0.000000 0.000000 0.000000
0.000000 0.000000 0.000000
0.000000 0.000000 0.000000
0.193678 -0.181213 -0.168380
0.283832 0.085874 -0.023922
0.116775 0.079133 -0.065913
0.000000 0.000000 0.000000
0.000000 0.000000 0.000000
0.000000 0.000000 0.000000
-0.240486 0.085193 0.155454
0.039075 -0.181213 -0.610433
0.000000 0.000000 0.000000
0.000000 0.000000 0.000000
0.000000 0.000000 0.000000
0.000000 0.000000 0.000000
0.000000 0.000000 0.000000
-0.245680 -0.167685 0.528321
0.000000 0.000000 0.000000
0.000000 0.000000 0.000000
0.199166 -0.018993 -0.417516
0.000000 0.000000 0.000000
0.081519 -0.018993 -0.057276
0.000000 0.000000 0.000000
0.000000 0.000000 0.000000
-0.269425 -0.181213 -0.009589
0.000000 0.000000 0.000000
-0.316949 -0.033631 0.528321
-0.104560 -0.181213 0.254609
0.000000 0.000000 0.000000
0.093460 0.104243 -0.192530
-0.131295 0.088946 0.528321
0.383784 -0.141445 -0.691377
0.000000 0.000000 0.000000
0.512218 -0.018768 -0.459878
-0.036736 -0.018993 -0.307122
0.153300 0.135737 0.173745
0.000000 0.000000 0.000000
0.000000 0.000000 0.000000
0.000000 0.000000 0.000000
0.000000 0.000000 0.000000
0.250830 -0.181213 -0.311103
0.000000 0.000000 0.000000
-0.235015 0.144790 0.424236
0.000000 0.000000 0.000000
0.000000 0.000000 0.000000
0.027388 0.125501 0.064584
0.000000 0.000000 0.000000
0.000000 0.000000 0.000000
0.038623 -0.181213 -0.268670
-0.113642 -0.181213 -0.048953
0.000000 0.000000 0.000000
0.221515 -0.052238 -0.752361
0.000000 0.000000 0.000000
0.175319 -0.124639 -0.691377
-0.244923 0.031087 0.241142
0.000000 0.000000 0.000000
0.316316 -0.018704 -0.654283
0.456640 0.074529 -0.484068
-0.161613 0.222304 0.528321
0.071202 0.080584 -0.625638
0.454114 -0.181213 -0.436376
0.105318 -0.181213 -0.451238
-0.493815 -0.059372 0.644193
-0.472402 -0.162714 0.528321
0.000000 0.000000 0.000000
0.000000 0.000000 0.000000
0.000000 0.000000 0.000000
0.534269 0.072678 -0.720193
-0.165364 -0.181213 -0.395678
0.187314 0.076151 -0.265722
0.313071 0.072810 -0.722363
0.197458 -0.018993 -0.263361
-0.008909 -0.018993 -0.406431
-0.143413 0.122792 0.075399
-0.393824 0.169252 0.644193
0.000000 0.000000 0.000000
0.000000 0.000000 0.000000
-0.091423 0.085193 0.288018
0.000000 0.000000 0.000000
-0.320277 -0.088095 0.644193
-0.000216 0.106277 -0.466953
0.310443 -0.181213 -0.396934
-0.374901 0.150938 0.528321
0.000000 0.000000 0.000000
0.000000 0.000000 0.000000
0.242387 0.100260 -0.464112
0.000000 0.000000 0.000000
0.200510 0.075783 -0.506065
-0.172124 0.128026 0.404586
0.000000 0.000000 0.000000
0.000000 0.000000 0.000000
-0.268678 -0.018993 0.148315
0.000000 0.000000 0.000000
-0.417786 -0.181213 0.406555
0.563349 -0.120226 -0.695934
0.000000 0.000000 0.000000
0.234534 -0.181213 -0.086315
0.057091 -0.018993 -0.519396
0.000000 0.000000 0.000000
-0.153207 -0.018993 0.028689
0.000000 0.000000 0.000000
0.000000 0.000000 0.000000
0.000000 0.000000 0.000000
0.000000 0.000000 0.000000
-0.290496 0.085193 0.343234
0.020367 -0.018993 0.168742
0.000000 0.000000 0.000000
0.000000 0.000000 0.000000
-0.241969 0.099703 0.644193
0.246820 0.089559 -0.060314
0.211117 -0.018993 -0.535653
0.000000 0.000000 0.000000
0.000000 0.000000 0.000000
0.292560 0.114397 -0.604652
0.335740 -0.018993 -0.398227
0.537463 0.078018 -0.658152
0.000000 0.000000 0.000000
0.000000 0.000000 0.000000
0.000000 0.000000 0.000000
0.000000 0.000000 0.000000
0.000000 0.000000 0.000000
0.000000 0.000000 0.000000
-0.005154 -0.018788 -0.637467
-0.089627 -0.181213 -0.263904
0.000000 0.000000 0.000000
0.431514 -0.018993 -0.276053
0.000000 0.000000 0.000000
0.000850 0.107895 -0.197630
0.000000 0.000000 0.000000
0.000000 0.000000 0.000000
0.000000 0.000000 0.000000
0.000000 0.000000 0.000000
0.000000 0.000000 0.000000
0.000000 0.000000 0.000000
0.628882 0.020037 -0.601350
-0.027574 -0.018993 -0.008075
-0.415312 -0.018652 0.445035
0.408362 0.009430 -0.740828
-0.192995 -0.018993 -0.084120
0.000000 0.000000 0.000000
0.234993 0.075679 0.079109
0.348885 0.074544 -0.436158
0.000000 0.000000 0.000000
0.000000 0.000000 0.000000
-0.100587 -0.181213 -0.168106
-0.150824 0.126526 0.193863
0.528177 -0.022210 -0.752361
0.000000 0.000000 0.000000
0.052765 0.081839 0.290603
0.000000 0.000000 0.000000
-0.071777 -0.181213 -0.457678
-0.023041 -0.181213 0.296252
-0.089239 -0.018993 0.260981
0.000000 0.000000 0.000000
-0.192308 -0.086512 0.644193
0.026181 0.133074 0.172218
0.444159 0.084708 -0.286975
0.000000 0.000000 0.000000
0.299684 0.074547 -0.235694
-0.268229 -0.018691 0.437385
0.000000 0.000000 0.000000
0.458007 -0.123251 -0.691377
-0.217351 0.030679 0.528321
0.162436 0.034375 -0.733229
-0.406939 0.007991 0.644193
-0.323526 0.183400 0.644193
-0.277593 -0.181213 0.437299
0.312156 -0.018993 -0.197571
-0.176169 -0.018993 -0.196426
-0.041492 0.084515 -0.016428
-0.037120 -0.018993 -0.204688
0.000000 0.000000 0.000000
0.000000 0.000000 0.000000
0.000000 0.000000 0.000000
0.000000 0.000000 0.000000
-0.225535 0.204518 0.378349
0.000000 0.000000 0.000000
-0.096817 0.106883 -0.333262
0.108282 -0.181213 -0.579640
0.046409 0.082065 -0.384477
0.000000 0.000000 0.000000
-0.206421 -0.018993 0.298291
0.168860 0.076931 -0.134490
0.000000 0.000000 0.000000
0.000000 0.000000 0.000000
0.000000 0.000000 0.000000
0.279086 -0.181213 -0.201336
0.329770 0.074545 -0.139137
-0.410916 -0.181213 0.296949
-0.291174 -0.182666 0.652500
0.000000 0.000000 0.000000
0.000000 0.000000 0.000000
-0.187057 -0.181213 0.231110
-0.231236 0.117034 0.041781
0.000000 0.000000 0.000000
0.000000 0.000000 0.000000
0.000000 0.000000 0.000000
0.138836 0.078200 -0.342407
0.000000 0.000000 0.000000
0.079847 0.080660 -0.525744
0.000000 0.000000 0.000000
0.413766 0.110039 -0.568700
0.049829 -0.181213 -0.039448
0.000000 0.000000 0.000000
0.283622 -0.181213 -0.607591
0.000000 0.000000 0.000000
0.164992 -0.018993 -0.043211
-0.169719 -0.181213 0.012602
0.000000 0.000000 0.000000
0.000000 0.000000 0.000000
0.000000 0.000000 0.000000
0.000000 0.000000 0.000000
-0.327389 0.084897 0.436017
0.000000 0.000000 0.000000
0.072138 -0.181213 0.066355
-0.352197 -0.018993 0.237206
0.136797 0.080821 -0.705227
0.046855 0.082088 -0.109974
0.094726 0.027483 0.235589
0.607028 0.032633 -0.732873
0.000000 0.000000 0.000000
-0.225687 0.091198 0.255024
0.000000 0.000000 0.000000
-0.179880 -0.018618 0.451887
-0.095376 -0.181213 0.350453
0.000000 0.000000 0.000000
0.050693 -0.018993 -0.341625
0.000000 0.000000 0.000000
0.000000 0.000000 0.000000
-0.165003 0.055520 0.644193
0.000000 0.000000 0.000000
0.069058 -0.017207 -0.723637
-0.298952 0.213536 0.450919
0.000000 0.000000 0.000000
0.144028 0.077981 -0.582252
0.000000 0.000000 0.000000
-0.003961 -0.018993 0.097228
-0.020562 -0.175692 -0.691377
0.000000 0.000000 0.000000
-0.046583 -0.181213 0.186057
-0.141451 0.085193 0.346359
-0.228351 -0.018993 0.364117
0.488092 0.100892 -0.528855
0.000000 0.000000 0.000000
-0.377154 -0.181213 0.502592
0.087444 0.080373 0.100514
-0.388411 0.244228 0.646631
0.000000 0.000000 0.000000
-0.342894 0.041258 0.528321
0.000000 0.000000 0.000000
0.000000 0.000000 0.000000
0.000000 0.000000 0.000000
0.000000 0.000000 0.000000
0.338330 0.074545 -0.316095
0.295277 0.074547 -0.406585
0.107260 -0.181213 -0.679599
0.530874 -0.018648 -0.547015
0.353527 0.074335 -0.638256
0.000000 0.000000 0.000000
0.000000 0.000000 0.000000
-0.463208 -0.060992 0.528321
0.000000 0.000000 0.000000
0.000000 0.000000 0.000000
-0.371679 0.136131 0.403651
-0.151657 0.109151 -0.111224
-0.144012 0.085193 0.132466
0.000000 0.000000 0.000000
0.103352 0.079700 0.199061
0.170975 -0.018993 0.065725
0.635803 -0.028179 -0.680211
0.000000 0.000000 0.000000
0.000000 0.000000 0.000000
0.000000 0.000000 0.000000
-0.013607 0.084123 0.343586
-0.205620 -0.181213 -0.081109
0.151019 -0.181213 -0.253580
0.027693 0.082281 -0.608098
0.154076 -0.018993 -0.171225
0.000000 0.000000 0.000000
0.635803 -0.118141 -0.762756
-0.270914 0.234872 0.644193
0.158945 0.077350 -0.002035
-0.175323 -0.018993 0.134307
0.055263 0.098692 -0.021614
-0.043413 -0.018993 0.340664
0.000000 0.000000 0.000000
0.000000 0.000000 0.000000
-0.041240 0.056950 0.244474
0.000000 0.000000 0.000000
-0.111518 -0.018993 -0.268664
0.000000 0.000000 0.000000
-0.061026 0.073411 0.521390
0.250380 -0.181213 -0.484631
0.451184 -0.018993 -0.418070
0.442428 -0.181213 -0.525284
-0.009143 -0.018993 -0.092855
0.120240 -0.018993 0.165336
-0.122762 0.129485 0.256311
0.529746 0.073332 -0.426010
0.000000 0.000000 0.000000
-0.478240 -0.120226 0.605180
0.501089 -0.107299 -0.776756
-0.064854 0.084844 -0.165725
0.000000 0.000000 0.000000
0.150236 -0.181213 -0.054602
-0.035117 -0.181213 -0.008215
0.000000 0.000000 0.000000
0.000000 0.000000 0.000000
0.487502 0.085717 -0.339949
-0.120413 0.085193 -0.036972
0.000000 0.000000 0.000000
0.485629 -0.018342 -0.695424
-0.179379 -0.181213 0.303595
0.179480 0.076482 0.185847
0.381201 0.109789 -0.474027
0.000000 0.000000 0.000000
0.000000 0.000000 0.000000
0.000000 0.000000 0.000000
0.236792 0.073574 -0.721394
0.000000 0.000000 0.000000
-0.045746 0.084575 0.047703
0.000000 0.000000 0.000000
0.000000 0.000000 0.000000
-0.252044 0.120953 0.198721
-0.349259 -0.181213 0.097353
-0.007634 0.084038 0.095226
0.000000 0.000000 0.000000
0.000000 0.000000 0.000000
0.267905 -0.018993 -0.270573
-0.052633 0.124983 0.195290
0.000000 0.000000 0.000000
0.156102 -0.018993 -0.334762
0.000000 0.000000 0.000000
0.000000 0.000000 0.000000
0.000000 0.000000 0.000000
0.197933 0.075819 -0.416860
0.361150 -0.181213 -0.643381
0.000000 0.000000 0.000000
0.000000 0.000000 0.000000
0.218932 -0.018964 -0.602428
0.000000 0.000000 0.000000
-0.110387 -0.018993 -0.025875
-0.114383 0.152341 0.337437
-0.231666 0.120820 0.088939
0.000000 0.000000 0.000000
0.000000 0.000000 0.000000
0.000000 0.000000 0.000000
0.000000 0.000000 0.000000
0.000000 0.000000 0.000000
-0.099018 0.158851 0.644193
0.556694 -0.120226 -0.559633
0.000000 0.000000 0.000000
0.000000 0.000000 0.000000
0.000000 0.000000 0.000000
0.392000 -0.018532 -0.688543
0.327452 -0.117817 -0.752361
-0.486513 -0.169187 0.644193
0.000000 0.000000 0.000000
0.000000 0.000000 0.000000
-0.119498 0.244228 0.580549
0.196756 0.098076 -0.365225
0.000000 0.000000 0.000000
0.298358 -0.017439 -0.717666
0.000000 0.000000 0.000000
0.000000 0.000000 0.000000
0.000000 0.000000 0.000000
-0.339997 -0.018863 0.403026
0.000000 0.000000 0.000000
0.327900 -0.181213 -0.263583
-0.087216 -0.018993 0.076831
0.000000 0.000000 0.000000
-0.236945 0.168317 0.644193
-0.294122 0.074526 0.520259
-0.201802 0.244228 0.605333
0.000000 0.000000 0.000000
0.000000 0.000000 0.000000
0.017183 -0.181213 -0.457958
0.000000 0.000000 0.000000
0.376554 -0.037772 -0.776756
0.000000 0.000000 0.000000
0.000000 0.000000 0.000000
0.257203 0.074984 -0.531747
0.000000 0.000000 0.000000
0.000000 0.000000 0.000000
0.000000 0.000000 0.000000
0.000000 0.000000 0.000000
0.000000 0.000000 0.000000
0.000000 0.000000 0.000000
0.635803 -0.119374 -0.691710
0.000000 0.000000 0.000000
0.286302 -0.050740 -0.776756
0.000000 0.000000 0.000000
-0.396221 -0.008789 0.528321
0.465562 0.074462 -0.601567
0.000000 0.000000 0.000000
0.000000 0.000000 0.000000
0.090628 -0.181213 -0.184385
-0.031239 0.084316 -0.393817
-0.115808 0.174674 0.528321
-0.067395 0.084880 -0.254456
0.000000 0.000000 0.000000
-0.175830 -0.181213 -0.146998
-0.154875 -0.012871 0.515249
0.548849 -0.181213 -0.664666
0.065746 -0.018729 -0.649229
-0.235546 0.084863 0.442825
0.387493 0.074541 -0.524670
-0.095793 -0.181213 0.437999
0.000000 0.000000 0.000000
0.000000 0.000000 0.000000
0.000000 0.000000 0.000000
0.000000 0.000000 0.000000
-0.043358 0.128149 0.095563
0.292248 -0.018993 -0.576216
0.212584 0.124464 0.125745
-0.304638 -0.120226 0.534310
0.427093 -0.018993 -0.355029
0.052475 -0.018993 0.083963
0.082838 -0.181213 -0.340428
0.000000 0.000000 0.000000
-0.194616 -0.027265 0.644193
-0.177689 0.223754 0.436495
0.106127 0.099044 -0.283631
0.250209 0.104580 -0.639986
0.000000 0.000000 0.000000
0.091831 0.080187 -0.143493
0.146443 -0.069060 -0.752361
0.000000 0.000000 0.000000
0.000000 0.000000 0.000000
-0.085397 0.231342 0.644193
0.000000 0.000000 0.000000
0.461010 -0.018993 -0.516972
-0.418548 -0.107553 0.644193
0.000000 0.000000 0.000000
0.204323 0.091026 0.011124
0.063210 -0.018993 -0.126773
0.000000 0.000000 0.000000
0.108279 0.001379 -0.776756
0.000000 0.000000 0.000000
0.000000 0.000000 0.000000
0.000000 0.000000 0.000000
0.000000 0.000000 0.000000
0.413904 0.072598 -0.725840
-0.338116 -0.019220 0.644193
-0.212487 -0.018993 0.220085
0.033495 -0.129001 -0.691377
0.000000 0.000000 0.000000
0.398452 -0.018993 -0.466619
0.000000 0.000000 0.000000
0.210192 0.075646 -0.563700
-0.079447 0.005419 0.205269
-0.174903 -0.134627 0.528321
0.000000 0.000000 0.000000
-0.120343 -0.018993 -0.340886
-0.015350 0.103151 -0.281742
0.000000 0.000000 0.000000
0.000000 0.000000 0.000000
-0.116796 0.085193 0.193007
-0.193784 0.084237 0.482805
0.000000 0.000000 0.000000
0.565297 0.077591 -0.603842
0.000000 0.000000 0.000000
0.000000 0.000000 0.000000
-0.276026 -0.181213 0.091496
-0.120379 0.084820 0.451380
0.158635 0.076791 0.108090
0.061412 0.087806 -0.682213
-0.233738 0.212204 0.528321
0.000000 0.000000 0.000000
0.000000 0.000000 0.000000
0.000000 0.000000 0.000000
0.088247 -0.018993 -0.577408
0.022920 0.018615 0.228479
0.014553 -0.181213 0.146551
0.000000 0.000000 0.000000
0.000000 0.000000 0.000000
0.000000 0.000000 0.000000
0.000000 0.000000 0.000000
-0.001629 0.083954 0.195714
-0.149359 0.033526 0.243071
0.053477 0.081728 -0.444078
0.000000 0.000000 0.000000
0.244290 0.097662 -0.278513
0.421641 0.074535 -0.420372
0.080740 0.133514 0.134190
0.000000 0.000000 0.000000
-0.294286 0.085193 0.236899
0.570647 -0.017560 -0.713468
0.000000 0.000000 0.000000
-0.375510 0.083710 0.496364
0.000000 0.000000 0.000000
0.000000 0.000000 0.000000
0.123880 -0.018993 -0.514525
0.035947 0.159775 0.429388
0.000000 0.000000 0.000000
-0.099695 0.130841 0.143295
0.000000 0.000000 0.000000
0.302148 0.088311 -0.092537
0.000000 0.000000 0.000000
0.219006 -0.181213 -0.397334
0.000000 0.000000 0.000000
0.000000 0.000000 0.000000
0.000000 0.000000 0.000000
0.000000 0.000000 0.000000
0.000000 0.000000 0.000000
0.057282 -0.018993 -0.428397
0.000000 0.000000 0.000000
0.060005 -0.181213 -0.512643
-0.270658 0.080687 0.090917
0.000000 0.000000 0.000000
0.360127 0.074543 -0.247105
0.608679 0.038280 -0.669344
0.000000 0.000000 0.000000
0.345830 0.074544 -0.573051
0.000000 0.000000 0.000000
-0.011189 -0.018993 -0.527136
0.075888 -0.018993 0.215260
-0.037284 -0.181213 -0.595022
0.168150 -0.003354 -0.776756
-0.384956 0.105064 0.644193
0.021045 -0.018993 -0.246069
0.252957 -0.120226 -0.744196
0.000000 0.000000 0.000000
-0.457692 0.146571 0.644193
0.000000 0.000000 0.000000
-0.293883 -0.018993 0.265713
-0.194165 0.079220 0.089581
0.000234 0.107295 -0.556824
0.188658 -0.018993 -0.114564
0.000000 0.000000 0.000000
0.000000 0.000000 0.000000
0.000000 0.000000 0.000000
-0.083318 -0.181213 -0.388476
-0.117899 0.087160 0.045988
0.000000 0.000000 0.000000
-0.304356 0.017266 0.207091
-0.118327 0.108430 -0.161554
0.000000 0.000000 0.000000
0.095268 0.080035 -0.383201
0.242420 0.075192 -0.401699
-0.329101 -0.018993 0.152069
-0.166108 0.094208 0.250383
0.269646 0.074161 -0.694351
0.000000 0.000000 0.000000
0.473151 0.052944 -0.726077
-0.276927 0.025291 0.644193
0.000000 0.000000 0.000000
0.000000 0.000000 0.000000
0.229406 0.117175 0.069228
0.000000 0.000000 0.000000
0.000000 0.000000 0.000000
0.000000 0.000000 0.000000
-0.290503 0.133405 0.252552
-0.172353 -0.181213 -0.330692
0.000000 0.000000 0.000000
0.054118 0.103787 -0.240412
0.000000 0.000000 0.000000
0.000000 0.000000 0.000000
-0.340688 -0.120226 0.606286
0.000000 0.000000 0.000000
0.262225 -0.181213 -0.669084
-0.391925 -0.181213 0.235043
0.008521 0.083709 0.030350
0.386241 -0.106348 -0.776756
0.467301 0.097792 -0.402985
0.318288 0.101032 -0.357612
-0.216055 -0.018993 0.068728
0.150428 -0.018993 -0.585688
0.000000 0.000000 0.000000
0.478636 0.004162 -0.752361
-0.247923 -0.061464 0.644193
0.000000 0.000000 0.000000
0.000000 0.000000 0.000000
0.000000 0.000000 0.000000
0.522323 -0.181213 -0.542650
-0.147095 0.141453 0.644193
0.020746 -0.181213 0.247034
-0.027396 -0.018993 0.210805
-0.154006 -0.181213 -0.213856
-0.076491 -0.018993 -0.438708
0.000000 0.000000 0.000000
0.149304 0.101425 -0.203837
0.000000 0.000000 0.000000
0.203205 -0.018655 -0.663929
-0.209041 -0.181213 0.097590
-0.027966 -0.181213 -0.249005
0.391687 -0.018974 -0.600461
0.000000 0.000000 0.000000
0.000000 0.000000 0.000000
0.119672 0.079011 0.259353
0.178539 -0.120226 -0.754320
