0.000000 0.000000 0.000000
-0.598181 -0.481610 -0.088320
-0.596764 -0.650227 -0.063288
0.000000 0.000000 0.000000
-0.598182 0.165408 -0.498858
0.000000 0.000000 0.000000
-0.154511 -0.397938 -0.418728
0.000000 0.000000 0.000000
0.000000 0.000000 0.000000
0.000000 0.000000 0.000000
0.000000 0.000000 0.000000
-0.598181 0.072059 0.042017
0.000000 0.000000 0.000000
0.000000 0.000000 0.000000
0.000000 0.000000 0.000000
-0.583569 -0.230218 -0.501538
0.193210 -0.638012 -0.501537
0.000000 0.000000 0.000000
0.000000 0.000000 0.000000
-0.229658 -0.002313 -0.460133
0.000000 0.000000 0.000000
-0.517150 -0.650227 -0.458406
-0.207421 -0.577768 -0.162231
0.000000 0.000000 0.000000
0.000000 0.000000 0.000000
0.000000 0.000000 0.000000
-0.278054 0.346383 -0.460133
-0.390679 -0.577768 0.153788
0.000000 0.000000 0.000000
-0.556777 -0.338347 0.218990
0.000000 0.000000 0.000000
-0.025131 -0.650227 -0.274958
0.000000 0.000000 0.000000
0.000000 0.000000 0.000000
0.000000 0.000000 0.000000
-0.598182 0.386295 -0.248140
0.000000 0.000000 0.000000
0.000000 0.000000 0.000000
0.000000 0.000000 0.000000
0.000000 0.000000 0.000000
0.000000 0.000000 0.000000
0.000000 0.000000 0.000000
-0.598182 -0.110939 -0.194752
0.000000 0.000000 0.000000
0.000000 0.000000 0.000000
0.000000 0.000000 0.000000
0.000000 0.000000 0.000000
0.000000 0.000000 0.000000
-0.556777 0.131690 -0.280265
-0.008729 -0.091321 -0.460133
0.000000 0.000000 0.000000
-0.133955 0.458861 -0.460133
0.000000 0.000000 0.000000
0.000000 0.000000 0.000000
0.000000 0.000000 0.000000
-0.003736 -0.620935 -0.501538
-0.416580 -0.646839 -0.253107
-0.598181 -0.137497 -0.481161
0.000000 0.000000 0.000000
0.000000 0.000000 0.000000
-0.234976 -0.191824 -0.418728
0.000000 0.000000 0.000000
0.000000 0.000000 0.000000
-0.489701 0.414516 -0.460133
0.000000 0.000000 0.000000
0.000000 0.000000 0.000000
0.000000 0.000000 0.000000
-0.277663 -0.650227 -0.415318
-0.135430 0.162665 -0.418728
-0.413866 -0.435558 -0.460133
-0.556777 -0.494778 -0.312334
0.000000 0.000000 0.000000
0.090624 -0.350966 -0.460133
-0.598182 -0.288782 -0.061947
0.000000 0.000000 0.000000
0.000000 0.000000 0.000000
0.000000 0.000000 0.000000
0.000000 0.000000 0.000000
-0.598181 -0.538101 0.298973
0.000000 0.000000 0.000000
0.000000 0.000000 0.000000
-0.453860 0.013362 -0.418728
0.000000 0.000000 0.000000
0.000000 0.000000 0.000000
0.000000 0.000000 0.000000
-0.556777 -0.153659 0.075536
0.000000 0.000000 0.000000
-0.598181 0.267555 -0.060374
0.000000 0.000000 0.000000
0.000000 0.000000 0.000000
0.000000 0.000000 0.000000
-0.584346 -0.650227 0.163417
0.000000 0.000000 0.000000
0.000000 0.000000 0.000000
0.000000 0.000000 0.000000
0.000000 0.000000 0.000000
0.000000 0.000000 0.000000
-0.556777 -0.247728 -0.314295
0.000000 0.000000 0.000000
0.000000 0.000000 0.000000
0.000000 0.000000 0.000000
0.000000 0.000000 0.000000
-0.364678 -0.608822 -0.038460
0.000000 0.000000 0.000000
0.000000 0.000000 0.000000
-0.393771 -0.195567 -0.418728
0.000000 0.000000 0.000000
0.000000 0.000000 0.000000
0.000000 0.000000 0.000000
-0.590407 -0.456752 -0.501537
0.000000 0.000000 0.000000
0.000000 0.000000 0.000000
-0.409439 0.166490 -0.418728
-0.587303 -0.650227 -0.212258
0.000000 0.000000 0.000000
-0.306029 0.529814 -0.476909
0.000000 0.000000 0.000000
0.000000 0.000000 0.000000
-0.542211 0.529814 -0.341561
-0.598182 0.010295 -0.093622
0.000000 0.000000 0.000000
-0.556777 -0.003003 -0.372657
0.000000 0.000000 0.000000
0.000000 0.000000 0.000000
-0.489994 -0.608822 0.120646
0.000000 0.000000 0.000000
0.000000 0.000000 0.000000
0.000000 0.000000 0.000000
0.000000 0.000000 0.000000
0.000000 0.000000 0.000000
0.000000 0.000000 0.000000
0.000000 0.000000 0.000000
-0.107967 -0.577768 -0.384734
0.000000 0.000000 0.000000
-0.059013 -0.245188 -0.460133
0.000000 0.000000 0.000000
-0.341193 -0.282718 -0.460133
0.000000 0.000000 0.000000
0.000000 0.000000 0.000000
0.000000 0.000000 0.000000
0.000000 0.000000 0.000000
-0.325380 -0.650227 -0.264415
0.000000 0.000000 0.000000
-0.556777 0.085603 -0.137920
0.058526 -0.081806 -0.418728
0.000000 0.000000 0.000000
0.000000 0.000000 0.000000
0.000000 0.000000 0.000000
0.000000 0.000000 0.000000
0.000000 0.000000 0.000000
0.000000 0.000000 0.000000
0.000000 0.000000 0.000000
-0.598181 -0.499107 0.150018
0.000000 0.000000 0.000000
0.000000 0.000000 0.000000
0.089960 -0.244957 -0.418728
0.000000 0.000000 0.000000
-0.598182 0.272790 -0.371803
0.000000 0.000000 0.000000
0.000000 0.000000 0.000000
-0.076689 -0.577768 -0.125837
-0.081321 0.302625 -0.418728
0.000000 0.000000 0.000000
-0.598181 -0.191118 0.212221
0.000000 0.000000 0.000000
0.000000 0.000000 0.000000
-0.556777 -0.348785 0.067560
0.092873 -0.608822 -0.349195
0.000000 0.000000 0.000000
0.000000 0.000000 0.000000
0.000000 0.000000 0.000000
0.000000 0.000000 0.000000
0.000000 0.000000 0.000000
-0.549298 -0.505522 -0.460133
0.000000 0.000000 0.000000
-0.556777 -0.350566 -0.202691
0.000000 0.000000 0.000000
0.000000 0.000000 0.000000
0.000000 0.000000 0.000000
-0.269983 0.133449 -0.418728
0.000000 0.000000 0.000000
0.000000 0.000000 0.000000
0.000000 0.000000 0.000000
-0.221449 -0.577768 -0.113198
0.000000 0.000000 0.000000
-0.398675 -0.577768 -0.386546
0.000000 0.000000 0.000000
0.000000 0.000000 0.000000
0.000000 0.000000 0.000000
0.000000 0.000000 0.000000
-0.272099 -0.496412 -0.460133
-0.270653 -0.080568 -0.418728
-0.598182 0.319592 -0.488903
-0.454703 0.529814 -0.477564
0.000000 0.000000 0.000000
0.000000 0.000000 0.000000
0.000000 0.000000 0.000000
0.000000 0.000000 0.000000
0.000000 0.000000 0.000000
0.000000 0.000000 0.000000
0.000000 0.000000 0.000000
0.000000 0.000000 0.000000
-0.556777 -0.007999 0.143177
-0.127225 -0.000288 -0.418728
0.000000 0.000000 0.000000
0.000000 0.000000 0.000000
-0.421558 0.301088 -0.460133
-0.426363 -0.559824 -0.418728
0.000000 0.000000 0.000000
-0.181828 -0.618426 -0.501538
-0.598181 0.297659 -0.196524
0.047658 0.058991 -0.460133
0.000000 0.000000 0.000000
-0.034421 -0.440713 -0.418728
-0.569391 0.468858 -0.501538
-0.166877 -0.650227 -0.254783
-0.033216 -0.577768 -0.339872
-0.463682 -0.577768 -0.021864
-0.308523 -0.377881 -0.460133
0.000000 0.000000 0.000000
0.000000 0.000000 0.000000
0.000000 0.000000 0.000000
-0.214124 0.417018 -0.460133
-0.598182 -0.195240 -0.064500
-0.598181 -0.614954 -0.359444
0.000000 0.000000 0.000000
0.000000 0.000000 0.000000
-0.598182 -0.073111 -0.113026
-0.503499 -0.650227 -0.303407
-0.556777 -0.338667 -0.417961
-0.556777 0.156932 -0.066136
0.163502 -0.517187 -0.418728
-0.478308 -0.577768 -0.169334
0.000000 0.000000 0.000000
0.000000 0.000000 0.000000
0.000000 0.000000 0.000000
0.000000 0.000000 0.000000
0.000000 0.000000 0.000000
0.000000 0.000000 0.000000
0.000000 0.000000 0.000000
0.000000 0.000000 0.000000
0.000000 0.000000 0.000000
0.014746 -0.525247 -0.418728
0.000000 0.000000 0.000000
0.000000 0.000000 0.000000
0.000000 0.000000 0.000000
0.000000 0.000000 0.000000
-0.453799 -0.340501 -0.460133
-0.409882 0.543205 -0.377322
-0.487893 -0.101693 -0.460133
-0.572059 0.044445 -0.501537
0.000000 0.000000 0.000000
0.000000 0.000000 0.000000
-0.217137 -0.577768 -0.318489
-0.556777 -0.503786 0.040636
0.000000 0.000000 0.000000
-0.598182 -0.050949 -0.042600
-0.598181 -0.368443 -0.323840
0.000000 0.000000 0.000000
0.000000 0.000000 0.000000
0.000000 0.000000 0.000000
-0.289145 -0.577768 -0.146224
0.000000 0.000000 0.000000
-0.598181 0.452872 -0.387942
0.000000 0.000000 0.000000
0.000000 0.000000 0.000000
-0.039737 0.099475 -0.418728
-0.598181 -0.094296 -0.296931
0.000000 0.000000 0.000000
-0.598181 -0.160637 -0.307370
-0.598181 0.008116 -0.233731
0.000000 0.000000 0.000000
0.000000 0.000000 0.000000
0.000000 0.000000 0.000000
-0.549798 -0.650227 0.275820
-0.394616 -0.650227 -0.383482
0.000000 0.000000 0.000000
0.000000 0.000000 0.000000
0.000000 0.000000 0.000000
0.000000 0.000000 0.000000
0.000000 0.000000 0.000000
0.000000 0.000000 0.000000
-0.556777 -0.484831 -0.186443
0.181210 -0.608822 -0.396225
-0.598181 -0.603043 0.399888
-0.133354 -0.234898 -0.460133
0.000000 0.000000 0.000000
0.000000 0.000000 0.000000
0.000000 0.000000 0.000000
-0.147715 -0.114834 -0.460133
0.000000 0.000000 0.000000
-0.352300 -0.630205 -0.501537
-0.362036 -0.577768 -0.160617
0.000000 0.000000 0.000000
-0.548548 0.175477 -0.418728
-0.025603 -0.324180 -0.460133
0.000000 0.000000 0.000000
-0.556777 -0.230616 -0.173632
-0.618592 0.529814 -0.498905
-0.356393 0.427549 -0.460133
0.000000 0.000000 0.000000
0.000000 0.000000 0.000000
0.000000 0.000000 0.000000
0.000000 0.000000 0.000000
-0.598181 -0.642141 0.036826
0.000000 0.000000 0.000000
-0.353366 0.050364 -0.460133
0.000000 0.000000 0.000000
0.000000 0.000000 0.000000
0.000000 0.000000 0.000000
0.000000 0.000000 0.000000
0.000000 0.000000 0.000000
-0.193570 -0.314781 -0.418728
0.000000 0.000000 0.000000
0.000000 0.000000 0.000000
0.000000 0.000000 0.000000
0.000000 0.000000 0.000000
0.000000 0.000000 0.000000
-0.598181 -0.583422 -0.498713
0.000000 0.000000 0.000000
-0.598181 0.353019 -0.406360
0.000000 0.000000 0.000000
0.000000 0.000000 0.000000
0.000000 0.000000 0.000000
0.000000 0.000000 0.000000
0.000000 0.000000 0.000000
0.000000 0.000000 0.000000
-0.131902 -0.486720 -0.460133
0.000000 0.000000 0.000000
0.000000 0.000000 0.000000
-0.598181 -0.398793 -0.013587
0.000000 0.000000 0.000000
0.000000 0.000000 0.000000
0.000000 0.000000 0.000000
-0.066050 -0.650227 -0.435237
-0.071869 0.411154 -0.460133
-0.598182 0.213253 -0.186999
-0.474740 0.080895 -0.460133
0.000000 0.000000 0.000000
0.064216 -0.454972 -0.418728
-0.245276 0.554229 -0.377322
0.000000 0.000000 0.000000
0.000000 0.000000 0.000000
-0.266361 -0.650227 -0.307651
0.000000 0.000000 0.000000
0.000000 0.000000 0.000000
-0.598181 0.087375 -0.071402
0.000000 0.000000 0.000000
0.000000 0.000000 0.000000
0.000000 0.000000 0.000000
-0.321383 0.239149 -0.418728
0.029011 -0.650227 -0.407969
0.000000 0.000000 0.000000
0.000000 0.000000 0.000000
0.000000 0.000000 0.000000
0.000000 0.000000 0.000000
-0.194656 0.280706 -0.418728
0.000000 0.000000 0.000000
-0.027863 0.017555 -0.418728
-0.598182 -0.301358 0.149714
-0.403266 -0.577768 0.039988
-0.358034 -0.577768 -0.262433
0.000000 0.000000 0.000000
-0.598181 -0.584326 -0.118890
-0.598182 -0.422143 0.336237
-0.480118 0.591923 -0.430931
0.000000 0.000000 0.000000
0.000000 0.000000 0.000000
-0.598181 -0.074457 0.071080
0.000000 0.000000 0.000000
0.000000 0.000000 0.000000
0.000000 0.000000 0.000000
0.000000 0.000000 0.000000
0.000000 0.000000 0.000000
-0.383225 -0.088841 -0.460133
0.039038 -0.160451 -0.460133
0.000000 0.000000 0.000000
0.000000 0.000000 0.000000
-0.389686 0.591914 -0.479858
0.000000 0.000000 0.000000
-0.598181 -0.197882 -0.389668
0.000000 0.000000 0.000000
0.000000 0.000000 0.000000
0.000000 0.000000 0.000000
-0.598181 -0.433663 -0.392963
0.000000 0.000000 0.000000
-0.556777 0.393532 -0.139878
0.000000 0.000000 0.000000
0.000000 0.000000 0.000000
0.000000 0.000000 0.000000
0.000000 0.000000 0.000000
0.000000 0.000000 0.000000
0.000000 0.000000 0.000000
0.000000 0.000000 0.000000
0.000000 0.000000 0.000000
-0.074906 0.224038 -0.460133
-0.556777 -0.557124 -0.236027
-0.500383 -0.577768 0.241326
-0.239059 0.602871 -0.486010
0.000000 0.000000 0.000000
-0.556777 0.220898 -0.296099
0.000000 0.000000 0.000000
0.000000 0.000000 0.000000
-0.598181 0.173773 0.010187
0.000000 0.000000 0.000000
-0.340786 -0.577768 0.081812
0.000000 0.000000 0.000000
0.000000 0.000000 0.000000
-0.503501 0.294021 -0.418728
-0.504610 0.231432 -0.460133
-0.598182 -0.569881 -0.032571
0.000000 0.000000 0.000000
-0.598182 0.466644 -0.266606
0.000000 0.000000 0.000000
-0.076068 0.591923 -0.497016
0.000000 0.000000 0.000000
0.000000 0.000000 0.000000
0.000000 0.000000 0.000000
-0.100814 -0.650227 -0.355363
-0.499654 -0.220460 -0.418728
-0.556777 -0.237593 0.083736
0.000000 0.000000 0.000000
0.000000 0.000000 0.000000
0.000000 0.000000 0.000000
0.000000 0.000000 0.000000
0.000000 0.000000 0.000000
0.000000 0.000000 0.000000
-0.077863 -0.550185 -0.460133
0.000000 0.000000 0.000000
-0.598181 -0.059679 0.184409
0.000000 0.000000 0.000000
0.000000 0.000000 0.000000
0.000000 0.000000 0.000000
0.000000 0.000000 0.000000
0.000000 0.000000 0.000000
-0.598182 0.100365 -0.352085
-0.258950 -0.608822 -0.030618
0.000000 0.000000 0.000000
0.000000 0.000000 0.000000
-0.518071 -0.588967 -0.418728
-0.326002 -0.046813 -0.460133
0.000000 0.000000 0.000000
0.000000 0.000000 0.000000
0.000000 0.000000 0.000000
0.000000 0.000000 0.000000
0.000000 0.000000 0.000000
0.000000 0.000000 0.000000
-0.027465 -0.577768 -0.218086
0.000000 0.000000 0.000000
0.000000 0.000000 0.000000
0.000000 0.000000 0.000000
0.000000 0.000000 0.000000
0.000000 0.000000 0.000000
0.022014 -0.577768 -0.278088
-0.359479 -0.448494 -0.418728
-0.411049 -0.500774 -0.418728
0.000000 0.000000 0.000000
-0.215503 0.080134 -0.460133
-0.556777 -0.448806 0.279183
0.000000 0.000000 0.000000
-0.556777 0.024825 -0.021260
0.000000 0.000000 0.000000
0.000000 0.000000 0.000000
0.000000 0.000000 0.000000
-0.598181 -0.397714 0.098112
0.000000 0.000000 0.000000
-0.222825 0.203372 -0.460133
-0.583150 0.529814 -0.403302
-0.100366 -0.577768 -0.254899
0.000000 0.000000 0.000000
0.000000 0.000000 0.000000
0.000000 0.000000 0.000000
-0.556777 -0.248930 0.001293
0.000000 0.000000 0.000000
0.000000 0.000000 0.000000
0.000000 0.000000 0.000000
-0.556777 -0.400587 -0.133574
0.000000 0.000000 0.000000
0.000000 0.000000 0.000000
0.000000 0.000000 0.000000
0.000000 0.000000 0.000000
0.000000 0.000000 0.000000
0.000000 0.000000 0.000000
0.000000 0.000000 0.000000
0.000000 0.000000 0.000000
0.000000 0.000000 0.000000
0.000000 0.000000 0.000000
0.000000 0.000000 0.000000
0.000000 0.000000 0.000000
0.000000 0.000000 0.000000
0.279855 -0.608822 -0.472845
-0.598182 -0.425698 -0.243818
0.000000 0.000000 0.000000
0.000000 0.000000 0.000000
0.000000 0.000000 0.000000
0.000000 0.000000 0.000000
0.000000 0.000000 0.000000
-0.556777 0.327636 -0.319537
0.000000 0.000000 0.000000
0.000000 0.000000 0.000000
0.000000 0.000000 0.000000
0.000000 0.000000 0.000000
0.000000 0.000000 0.000000
0.000000 0.000000 0.000000
0.000000 0.000000 0.000000
-0.598181 -0.011671 -0.440948
0.000000 0.000000 0.000000
0.000000 0.000000 0.000000
0.105304 -0.650227 -0.277959
-0.598181 -0.576335 0.112246
-0.314647 0.480672 -0.418728
0.000000 0.000000 0.000000
0.000000 0.000000 0.000000
-0.598181 -0.592112 0.251542
0.000000 0.000000 0.000000
-0.549630 -0.577768 0.161239
0.000000 0.000000 0.000000
0.000000 0.000000 0.000000
0.000000 0.000000 0.000000
-0.556777 -0.224324 -0.244080
-0.355488 -0.567850 -0.460133
0.000000 0.000000 0.000000
0.000000 0.000000 0.000000
-0.484192 -0.410536 -0.418728
0.000000 0.000000 0.000000
0.000000 0.000000 0.000000
0.000000 0.000000 0.000000
0.000000 0.000000 0.000000
0.000000 0.000000 0.000000
0.000000 0.000000 0.000000
0.000000 0.000000 0.000000
-0.500873 -0.577768 -0.107095
-0.395484 0.359375 -0.418728
0.000000 0.000000 0.000000
0.000000 0.000000 0.000000
0.000000 0.000000 0.000000
0.000000 0.000000 0.000000
0.000000 0.000000 0.000000
0.000000 0.000000 0.000000
0.000000 0.000000 0.000000
0.000000 0.000000 0.000000
0.000000 0.000000 0.000000
0.000000 0.000000 0.000000
0.000000 0.000000 0.000000
-0.351730 -0.608822 -0.343893
-0.598181 0.016421 -0.311692
-0.175877 -0.577768 -0.065221
-0.556777 0.102244 -0.434913
0.000000 0.000000 0.000000
-0.556777 -0.457798 0.116393
0.000000 0.000000 0.000000
0.148347 -0.445654 -0.460133
-0.556777 -0.255760 0.205652
0.000000 0.000000 0.000000
0.000000 0.000000 0.000000
0.000000 0.000000 0.000000
0.000000 0.000000 0.000000
0.007922 0.174402 -0.418728
-0.139845 0.362136 -0.460133
-0.531591 -0.166700 -0.418728
0.041322 -0.650227 -0.307346
-0.455445 -0.608822 -0.352306
0.000000 0.000000 0.000000
0.000000 0.000000 0.000000
0.000000 0.000000 0.000000
0.000000 0.000000 0.000000
-0.152517 -0.608822 -0.184258
-0.598181 -0.130893 0.145074
0.000000 0.000000 0.000000
-0.556777 -0.018599 0.070721
0.000000 0.000000 0.000000
0.000000 0.000000 0.000000
0.000000 0.000000 0.000000
0.000000 0.000000 0.000000
-0.099516 -0.300843 -0.418728
-0.372141 0.500766 -0.460133
0.000000 0.000000 0.000000
0.000000 0.000000 0.000000
-0.262382 -0.577768 -0.212374
0.000000 0.000000 0.000000
-0.440458 -0.608822 -0.498459
0.000000 0.000000 0.000000
0.000000 0.000000 0.000000
0.000000 0.000000 0.000000
0.096162 -0.650227 -0.468302
0.000000 0.000000 0.000000
0.000000 0.000000 0.000000
0.000000 0.000000 0.000000
0.000000 0.000000 0.000000
-0.556777 -0.484759 0.205388
0.000000 0.000000 0.000000
0.000000 0.000000 0.000000
-0.328525 0.160771 -0.460133
0.000000 0.000000 0.000000
0.000000 0.000000 0.000000
0.000000 0.000000 0.000000
0.000000 0.000000 0.000000
-0.556777 -0.019073 -0.164644
-0.603357 0.595162 -0.443537
0.000000 0.000000 0.000000
0.000000 0.000000 0.000000
-0.153764 -0.650227 -0.425507
0.000000 0.000000 0.000000
0.000000 0.000000 0.000000
-0.203745 -0.538238 -0.460133
-0.277056 0.013021 -0.418728
-0.294367 -0.230282 -0.418728
-0.538156 -0.387556 -0.460133
-0.556777 -0.060131 -0.242468
0.000000 0.000000 0.000000
0.000000 0.000000 0.000000
0.000000 0.000000 0.000000
0.000000 0.000000 0.000000
-0.419128 -0.608822 -0.116716
0.000000 0.000000 0.000000
0.000000 0.000000 0.000000
-0.232690 0.529814 -0.474625
-0.556777 -0.102698 -0.007382
-0.518265 -0.577768 0.055281
0.000000 0.000000 0.000000
0.000000 0.000000 0.000000
0.000000 0.000000 0.000000
-0.482021 0.173871 -0.460133
0.000000 0.000000 0.000000
-0.490483 -0.608822 -0.240068
0.000000 0.000000 0.000000
0.240116 -0.650227 -0.416942
0.000000 0.000000 0.000000
0.000000 0.000000 0.000000
0.000000 0.000000 0.000000
-0.431119 -0.062109 -0.418728
-0.292418 -0.150019 -0.460133
-0.140896 0.084585 -0.418728
0.027487 -0.377924 -0.418728
0.000000 0.000000 0.000000
-0.250668 -0.577768 0.037592
0.000000 0.000000 0.000000
0.000000 0.000000 0.000000
0.000000 0.000000 0.000000
0.000000 0.000000 0.000000
-0.523244 0.346697 -0.460133
0.000000 0.000000 0.000000
0.000000 0.000000 0.000000
-0.248871 -0.436272 -0.418728
0.000000 0.000000 0.000000
0.000000 0.000000 0.000000
0.000000 0.000000 0.000000
0.000000 0.000000 0.000000
-0.406941 0.238449 -0.418728
-0.556777 -0.364677 -0.063298
0.000000 0.000000 0.000000
-0.457483 -0.608822 0.218179
0.000000 0.000000 0.000000
0.000000 0.000000 0.000000
0.000000 0.000000 0.000000
0.000000 0.000000 0.000000
0.077801 -0.582938 -0.418728
0.000000 0.000000 0.000000
0.000000 0.000000 0.000000
0.000000 0.000000 0.000000
0.000000 0.000000 0.000000
0.000000 0.000000 0.000000
0.000000 0.000000 0.000000
0.000000 0.000000 0.000000
-0.598181 0.237947 0.046807
0.000000 0.000000 0.000000
-0.535963 -0.282565 -0.460133
0.000000 0.000000 0.000000
0.000000 0.000000 0.000000
0.000000 0.000000 0.000000
0.000000 0.000000 0.000000
0.000000 0.000000 0.000000
0.000000 0.000000 0.000000
-0.598181 -0.306999 -0.363991
0.000000 0.000000 0.000000
-0.327189 -0.608822 -0.213494
-0.598181 0.029563 0.190922
-0.314599 -0.577768 -0.072988
-0.556777 -0.440168 -0.033342
0.000000 0.000000 0.000000
0.092548 -0.016009 -0.460133
-0.218944 -0.577768 -0.235946
0.000000 0.000000 0.000000
0.101670 -0.577768 -0.307027
-0.470761 -0.463466 -0.460133
-0.598181 -0.303480 -0.456132
0.000000 0.000000 0.000000
-0.142046 -0.608822 -0.298159
0.000000 0.000000 0.000000
0.000000 0.000000 0.000000
-0.478445 0.529814 -0.397626
-0.598181 -0.541029 -0.293800
0.206589 -0.453344 -0.418728
0.000000 0.000000 0.000000
0.000000 0.000000 0.000000
0.000000 0.000000 0.000000
-0.531639 -0.608822 -0.050866
0.000000 0.000000 0.000000
-0.556777 -0.614401 -0.278092
0.000000 0.000000 0.000000
-0.417919 -0.608822 -0.185286
-0.541212 -0.608822 -0.149097
0.000000 0.000000 0.000000
-0.340049 -0.608822 -0.397092
0.000000 0.000000 0.000000
0.000000 0.000000 0.000000
0.000000 0.000000 0.000000
0.000000 0.000000 0.000000
-0.464290 -0.173461 -0.460133
-0.258572 -0.320828 -0.460133
-0.080823 -0.577768 -0.192979
-0.556777 -0.628774 0.087413
0.000000 0.000000 0.000000
0.000000 0.000000 0.000000
0.000000 0.000000 0.000000
-0.556777 0.052897 -0.205683
-0.556777 -0.396647 0.171497
