0.000000 0.000000 0.000000
0.000000 0.000000 0.000000
0.000000 0.000000 0.000000
0.000000 0.000000 0.000000
0.000000 0.000000 0.000000
0.000000 0.000000 0.000000
0.000000 0.000000 0.000000
-0.026201 0.059260 -0.620970
0.000000 0.000000 0.000000
0.000000 0.000000 0.000000
-0.327901 -0.195506 -0.349289
0.000000 0.000000 0.000000
0.000000 0.000000 0.000000
0.000000 0.000000 0.000000
0.000000 0.000000 0.000000
0.000000 0.000000 0.000000
0.000000 0.000000 0.000000
0.000000 0.000000 0.000000
0.000000 0.000000 0.000000
-0.379341 -0.046160 0.084207
0.000000 0.000000 0.000000
-0.329631 -0.117756 -0.482275
0.000000 0.000000 0.000000
-0.401104 0.049729 -0.138406
0.018104 0.058730 -0.905643
0.000000 0.000000 0.000000
0.000000 0.000000 0.000000
0.000000 0.000000 0.000000
0.000000 0.000000 0.000000
0.000000 0.000000 0.000000
0.000000 0.000000 0.000000
0.000000 0.000000 0.000000
-0.242151 -0.021817 -0.786745
0.000000 0.000000 0.000000
0.000000 0.000000 0.000000
0.000000 0.000000 0.000000
-0.204094 0.059260 -0.456139
0.000000 0.000000 0.000000
0.000000 0.000000 0.000000
0.000000 0.000000 0.000000
0.000000 0.000000 0.000000
0.000000 0.000000 0.000000
0.000000 0.000000 0.000000
0.000000 0.000000 0.000000
0.000000 0.000000 0.000000
0.000000 0.000000 0.000000
0.000000 0.000000 0.000000
0.000000 0.000000 0.000000
0.000000 0.000000 0.000000
-0.163821 -0.013760 -0.197106
0.000000 0.000000 0.000000
0.000000 0.000000 0.000000
0.000000 0.000000 0.000000
-0.188312 -0.120387 -0.017369
0.000000 0.000000 0.000000
0.000000 0.000000 0.000000
-0.317414 -0.013760 -0.348020
0.000000 0.000000 0.000000
0.000000 0.000000 0.000000
0.000000 0.000000 0.000000
0.000000 0.000000 0.000000
0.000000 0.000000 0.000000
0.000000 0.000000 0.000000
0.000000 0.000000 0.000000
0.000000 0.000000 0.000000
0.000000 0.000000 0.000000
-0.308685 0.059260 -0.584420
0.000000 0.000000 0.000000
0.000000 0.000000 0.000000
0.000000 0.000000 0.000000
0.000000 0.000000 0.000000
0.000000 0.000000 0.000000
0.000000 0.000000 0.000000
0.000000 0.000000 0.000000
0.000000 0.000000 0.000000
0.000000 0.000000 0.000000
-0.236880 0.059260 -0.008034
0.000000 0.000000 0.000000
0.000000 0.000000 0.000000
0.000000 0.000000 0.000000
0.000000 0.000000 0.000000
0.000000 0.000000 0.000000
-0.044160 -0.013760 -0.461432
-0.153795 0.059260 -0.547835
-0.364428 -0.117415 -0.189621
0.000000 0.000000 0.000000
0.000000 0.000000 0.000000
-0.313601 -0.117645 0.236824
0.000000 0.000000 0.000000
-0.116275 -0.183165 -0.067150
-0.301412 0.059260 -0.114702
0.000000 0.000000 0.000000
0.000000 0.000000 0.000000
0.000000 0.000000 0.000000
0.000000 0.000000 0.000000
0.000000 0.000000 0.000000
0.000000 0.000000 0.000000
-0.115513 0.055370 -0.887438
0.000000 0.000000 0.000000
0.000000 0.000000 0.000000
-0.137533 0.059260 -0.338096
0.000000 0.000000 0.000000
-0.386842 0.108814 0.162700
0.000000 0.000000 0.000000
0.000000 0.000000 0.000000
-0.151746 0.059260 -0.686505
0.000000 0.000000 0.000000
-0.400312 0.052095 -0.244718
0.000000 0.000000 0.000000
0.000000 0.000000 0.000000
0.000000 0.000000 0.000000
0.000000 0.000000 0.000000
0.000000 0.000000 0.000000
0.000000 0.000000 0.000000
0.000000 0.000000 0.000000
0.000000 0.000000 0.000000
0.000000 0.000000 0.000000
0.000000 0.000000 0.000000
-0.346109 -0.117645 -0.039924
0.000000 0.000000 0.000000
0.000000 0.000000 0.000000
-0.366945 0.050140 0.057508
0.000000 0.000000 0.000000
0.000000 0.000000 0.000000
0.000000 0.000000 0.000000
0.000000 0.000000 0.000000
0.000000 0.000000 0.000000
0.000000 0.000000 0.000000
0.000000 0.000000 0.000000
-0.390742 0.029822 -0.411861
0.000000 0.000000 0.000000
0.000000 0.000000 0.000000
0.000000 0.000000 0.000000
0.000000 0.000000 0.000000
0.000000 0.000000 0.000000
0.000000 0.000000 0.000000
-0.256793 -0.117645 0.084734
-0.104479 -0.013760 -0.795491
-0.079074 0.059260 -0.298436
0.000000 0.000000 0.000000
0.000000 0.000000 0.000000
0.000000 0.000000 0.000000
0.000000 0.000000 0.000000
0.000000 0.000000 0.000000
0.105958 0.026069 -0.679745
0.000000 0.000000 0.000000
0.000000 0.000000 0.000000
0.000000 0.000000 0.000000
0.000000 0.000000 0.000000
0.000000 0.000000 0.000000
0.000000 0.000000 0.000000
-0.294737 0.058517 -0.688963
0.000000 0.000000 0.000000
0.000000 0.000000 0.000000
0.000000 0.000000 0.000000
0.000000 0.000000 0.000000
-0.290923 0.059260 -0.216766
0.000000 0.000000 0.000000
0.000000 0.000000 0.000000
0.000000 0.000000 0.000000
0.000000 0.000000 0.000000
0.172132 0.059260 -0.794028
0.000000 0.000000 0.000000
0.000000 0.000000 0.000000
0.000000 0.000000 0.000000
0.000000 0.000000 0.000000
0.000000 0.000000 0.000000
0.000000 0.000000 0.000000
0.000000 0.000000 0.000000
0.000000 0.000000 0.000000
-0.228187 -0.013760 -0.305290
0.000000 0.000000 0.000000
0.000000 0.000000 0.000000
0.000000 0.000000 0.000000
-0.371341 -0.058372 -0.321786
0.000000 0.000000 0.000000
0.000000 0.000000 0.000000
-0.396175 0.049887 -0.053455
0.000000 0.000000 0.000000
0.000000 0.000000 0.000000
0.000000 0.000000 0.000000
0.000000 0.000000 0.000000
0.000000 0.000000 0.000000
0.000000 0.000000 0.000000
0.000000 0.000000 0.000000
0.000000 0.000000 0.000000
0.000000 0.000000 0.000000
0.000000 0.000000 0.000000
0.000000 0.000000 0.000000
0.000000 0.000000 0.000000
0.000000 0.000000 0.000000
0.000000 0.000000 0.000000
-0.295947 -0.007010 -0.491323
-0.201872 0.059260 -0.605997
0.000000 0.000000 0.000000
0.000000 0.000000 0.000000
0.000000 0.000000 0.000000
0.000000 0.000000 0.000000
0.000000 0.000000 0.000000
0.000000 0.000000 0.000000
0.000000 0.000000 0.000000
-0.229773 -0.176944 -0.133818
0.000000 0.000000 0.000000
0.000000 0.000000 0.000000
0.000000 0.000000 0.000000
-0.055220 0.059260 -0.539177
0.000000 0.000000 0.000000
0.000000 0.000000 0.000000
0.000000 0.000000 0.000000
0.000000 0.000000 0.000000
0.000000 0.000000 0.000000
0.000000 0.000000 0.000000
0.000000 0.000000 0.000000
0.000000 0.000000 0.000000
0.000000 0.000000 0.000000
0.000000 0.000000 0.000000
-0.334515 0.164739 0.120574
0.000000 0.000000 0.000000
0.000000 0.000000 0.000000
0.000000 0.000000 0.000000
-0.117373 0.019430 -0.532671
0.000000 0.000000 0.000000
-0.303321 -0.104034 -0.610303
0.000000 0.000000 0.000000
0.000000 0.000000 0.000000
-0.289030 0.059260 -0.429237
0.000000 0.000000 0.000000
0.000000 0.000000 0.000000
0.000000 0.000000 0.000000
0.000000 0.000000 0.000000
0.018120 0.059260 -0.785729
0.057738 -0.007010 -0.592174
0.000000 0.000000 0.000000
0.000000 0.000000 0.000000
0.000000 0.000000 0.000000
0.000000 0.000000 0.000000
0.000000 0.000000 0.000000
0.000000 0.000000 0.000000
0.000000 0.000000 0.000000
0.000000 0.000000 0.000000
0.000000 0.000000 0.000000
0.000000 0.000000 0.000000
0.000000 0.000000 0.000000
0.000000 0.000000 0.000000
0.000000 0.000000 0.000000
0.000000 0.000000 0.000000
0.000000 0.000000 0.000000
0.000000 0.000000 0.000000
-0.052415 -0.013760 -0.630468
0.000000 0.000000 0.000000
0.000000 0.000000 0.000000
0.000000 0.000000 0.000000
0.000000 0.000000 0.000000
0.000000 0.000000 0.000000
0.000000 0.000000 0.000000
-0.163118 -0.013760 -0.404676
0.000000 0.000000 0.000000
0.000000 0.000000 0.000000
0.000000 0.000000 0.000000
0.000000 0.000000 0.000000
0.000000 0.000000 0.000000
-0.238876 -0.007010 -0.102583
-0.249437 -0.013760 -0.218322
0.000000 0.000000 0.000000
0.000000 0.000000 0.000000
0.000000 0.000000 0.000000
-0.264472 -0.013760 0.050190
-0.330693 -0.215790 -0.229236
0.025647 0.059260 -0.704083
0.000000 0.000000 0.000000
0.000000 0.000000 0.000000
0.000000 0.000000 0.000000
-0.384201 -0.046039 -0.203876
0.000000 0.000000 0.000000
0.000000 0.000000 0.000000
0.008593 0.059260 -0.547292
0.000000 0.000000 0.000000
0.000000 0.000000 0.000000
0.000000 0.000000 0.000000
0.000000 0.000000 0.000000
-0.079193 0.019430 -0.713445
-0.373247 -0.028611 0.209780
-0.202238 0.059260 -0.779108
0.000000 0.000000 0.000000
-0.203458 -0.013760 -0.658199
0.000000 0.000000 0.000000
-0.031750 -0.013760 -0.321553
-0.168751 0.059260 -0.266027
0.000000 0.000000 0.000000
0.000000 0.000000 0.000000
0.000000 0.000000 0.000000
0.000000 0.000000 0.000000
0.000000 0.000000 0.000000
0.000000 0.000000 0.000000
0.000000 0.000000 0.000000
0.000000 0.000000 0.000000
0.000000 0.000000 0.000000
0.000000 0.000000 0.000000
0.000000 0.000000 0.000000
0.000000 0.000000 0.000000
-0.098245 -0.013760 -0.218084
-0.217368 -0.013760 -0.523895
0.000000 0.000000 0.000000
0.000000 0.000000 0.000000
0.000000 0.000000 0.000000
0.000000 0.000000 0.000000
0.000000 0.000000 0.000000
0.000000 0.000000 0.000000
0.000000 0.000000 0.000000
0.000000 0.000000 0.000000
0.000000 0.000000 0.000000
0.000000 0.000000 0.000000
0.000000 0.000000 0.000000
0.000000 0.000000 0.000000
0.000000 0.000000 0.000000
0.000000 0.000000 0.000000
0.000000 0.000000 0.000000
0.000000 0.000000 0.000000
0.000000 0.000000 0.000000
-0.275802 -0.013760 -0.594257
0.000000 0.000000 0.000000
0.000000 0.000000 0.000000
0.000000 0.000000 0.000000
0.000000 0.000000 0.000000
0.000000 0.000000 0.000000
0.000000 0.000000 0.000000
0.000000 0.000000 0.000000
0.000000 0.000000 0.000000
-0.289107 0.059260 0.029712
0.000000 0.000000 0.000000
-0.257163 -0.013760 -0.430684
-0.277847 -0.042904 -0.715683
0.000000 0.000000 0.000000
0.000000 0.000000 0.000000
0.000000 0.000000 0.000000
0.000000 0.000000 0.000000
0.000000 0.000000 0.000000
0.000000 0.000000 0.000000
-0.275630 0.059260 -0.345176
0.000000 0.000000 0.000000
0.000000 0.000000 0.000000
0.000000 0.000000 0.000000
-0.143329 0.059260 -0.416668
0.000000 0.000000 0.000000
0.000000 0.000000 0.000000
0.000000 0.000000 0.000000
0.000000 0.000000 0.000000
0.000000 0.000000 0.000000
-0.356219 0.059260 -0.497746
-0.231354 0.059260 -0.149605
0.000000 0.000000 0.000000
0.000000 0.000000 0.000000
0.000000 0.000000 0.000000
0.000000 0.000000 0.000000
0.000000 0.000000 0.000000
0.000000 0.000000 0.000000
-0.386089 -0.046413 -0.141744
0.000000 0.000000 0.000000
0.000000 0.000000 0.000000
0.000000 0.000000 0.000000
0.000000 0.000000 0.000000
-0.159508 -0.239695 -0.135945
0.000000 0.000000 0.000000
0.000000 0.000000 0.000000
0.000000 0.000000 0.000000
0.000000 0.000000 0.000000
-0.136556 0.059260 -0.172951
0.000000 0.000000 0.000000
0.000000 0.000000 0.000000
0.000000 0.000000 0.000000
0.000000 0.000000 0.000000
-0.385575 -0.035465 -0.011888
0.000000 0.000000 0.000000
0.009785 0.059260 -0.488717
0.000000 0.000000 0.000000
0.000000 0.000000 0.000000
-0.311477 0.059260 -0.050940
0.000000 0.000000 0.000000
-0.338971 0.059260 -0.301692
0.000000 0.000000 0.000000
0.000000 0.000000 0.000000
-0.337254 -0.117645 0.122791
0.000000 0.000000 0.000000
-0.035779 0.041611 -0.922725
0.000000 0.000000 0.000000
0.000000 0.000000 0.000000
0.000000 0.000000 0.000000
0.000000 0.000000 0.000000
-0.257587 0.059260 -0.274871
0.000000 0.000000 0.000000
0.035884 -0.013760 -0.685033
0.000000 0.000000 0.000000
0.000000 0.000000 0.000000
0.000000 0.000000 0.000000
0.000000 0.000000 0.000000
0.000000 0.000000 0.000000
0.000000 0.000000 0.000000
0.000000 0.000000 0.000000
-0.158439 -0.013760 -0.737779
-0.338276 -0.007010 0.095802
-0.123362 -0.013760 -0.598490
0.000000 0.000000 0.000000
0.000000 0.000000 0.000000
0.000000 0.000000 0.000000
0.000000 0.000000 0.000000
-0.363520 -0.045018 -0.408229
-0.339183 0.038476 -0.635219
0.000000 0.000000 0.000000
0.000000 0.000000 0.000000
-0.379414 0.033611 0.127745
-0.250867 -0.126531 -0.079586
0.000000 0.000000 0.000000
0.000000 0.000000 0.000000
0.000000 0.000000 0.000000
-0.312960 -0.007010 -0.161136
0.000000 0.000000 0.000000
0.000000 0.000000 0.000000
0.000000 0.000000 0.000000
-0.122356 -0.013760 -0.292503
0.000000 0.000000 0.000000
0.000000 0.000000 0.000000
0.000000 0.000000 0.000000
0.000000 0.000000 0.000000
0.000000 0.000000 0.000000
0.000000 0.000000 0.000000
0.000000 0.000000 0.000000
0.000000 0.000000 0.000000
0.000000 0.000000 0.000000
0.000000 0.000000 0.000000
0.000000 0.000000 0.000000
0.000000 0.000000 0.000000
0.000000 0.000000 0.000000
0.000000 0.000000 0.000000
-0.343925 -0.037476 -0.530887
0.140617 0.059260 -0.725921
0.000000 0.000000 0.000000
0.000000 0.000000 0.000000
0.000000 0.000000 0.000000
0.000000 0.000000 0.000000
-0.058951 0.026069 -0.466141
0.000000 0.000000 0.000000
0.000000 0.000000 0.000000
0.000000 0.000000 0.000000
0.000000 0.000000 0.000000
-0.188837 0.030831 -0.848088
-0.233602 0.059260 -0.374562
0.000000 0.000000 0.000000
0.000000 0.000000 0.000000
0.000000 0.000000 0.000000
0.000000 0.000000 0.000000
0.000000 0.000000 0.000000
-0.386497 0.026069 -0.330165
0.000000 0.000000 0.000000
0.000000 0.000000 0.000000
0.000000 0.000000 0.000000
0.000000 0.000000 0.000000
0.036263 -0.013760 -0.511611
0.000000 0.000000 0.000000
0.000000 0.000000 0.000000
0.000000 0.000000 0.000000
0.000000 0.000000 0.000000
-0.261162 0.026069 -0.584672
0.000000 0.000000 0.000000
0.002607 0.026069 -0.838916
0.000000 0.000000 0.000000
0.000000 0.000000 0.000000
0.000000 0.000000 0.000000
0.000000 0.000000 0.000000
-0.060661 0.019430 -0.401766
0.000000 0.000000 0.000000
0.000000 0.000000 0.000000
0.000000 0.000000 0.000000
0.000000 0.000000 0.000000
0.000000 0.000000 0.000000
0.000000 0.000000 0.000000
0.000000 0.000000 0.000000
0.000000 0.000000 0.000000
0.000000 0.000000 0.000000
0.000000 0.000000 0.000000
0.000000 0.000000 0.000000
-0.173235 -0.013760 -0.478211
0.000000 0.000000 0.000000
-0.070326 0.059260 -0.811509
-0.179564 0.019430 -0.336788
-0.230000 0.026069 -0.719398
0.000000 0.000000 0.000000
0.000000 0.000000 0.000000
0.000000 0.000000 0.000000
0.000000 0.000000 0.000000
0.000000 0.000000 0.000000
-0.115491 -0.007010 -0.669751
0.000000 0.000000 0.000000
0.000000 0.000000 0.000000
0.000000 0.000000 0.000000
0.000000 0.000000 0.000000
0.000000 0.000000 0.000000
0.000000 0.000000 0.000000
0.000000 0.000000 0.000000
0.000000 0.000000 0.000000
-0.348695 -0.007010 -0.263953
0.000000 0.000000 0.000000
0.000000 0.000000 0.000000
0.000000 0.000000 0.000000
0.000000 0.000000 0.000000
0.000000 0.000000 0.000000
0.000000 0.000000 0.000000
0.000000 0.000000 0.000000
0.000000 0.000000 0.000000
0.000000 0.000000 0.000000
-0.327500 -0.123406 -0.118167
0.000000 0.000000 0.000000
-0.326637 -0.158938 -0.281096
0.000000 0.000000 0.000000
0.000000 0.000000 0.000000
0.000000 0.000000 0.000000
0.000000 0.000000 0.000000
0.000000 0.000000 0.000000
0.000000 0.000000 0.000000
0.000000 0.000000 0.000000
0.000000 0.000000 0.000000
0.000000 0.000000 0.000000
0.000000 0.000000 0.000000
0.000000 0.000000 0.000000
-0.062578 0.026069 -0.595537
0.000000 0.000000 0.000000
0.000000 0.000000 0.000000
-0.318494 0.059260 -0.376424
0.000000 0.000000 0.000000
0.000000 0.000000 0.000000
0.101135 0.059260 -0.850145
0.000000 0.000000 0.000000
-0.340132 0.026069 -0.206325
0.091225 0.059260 -0.768762
0.000000 0.000000 0.000000
0.000000 0.000000 0.000000
0.022671 0.019430 -0.443444
0.000000 0.000000 0.000000
0.000000 0.000000 0.000000
-0.261424 -0.013760 -0.030605
0.000000 0.000000 0.000000
-0.311516 -0.013760 -0.660284
0.000000 0.000000 0.000000
0.000000 0.000000 0.000000
0.000000 0.000000 0.000000
0.000000 0.000000 0.000000
0.000000 0.000000 0.000000
0.000000 0.000000 0.000000
0.000000 0.000000 0.000000
0.000000 0.000000 0.000000
0.000000 0.000000 0.000000
0.000000 0.000000 0.000000
0.000000 0.000000 0.000000
0.000000 0.000000 0.000000
-0.357779 0.019430 -0.114022
0.000000 0.000000 0.000000
-0.383662 0.212135 0.171369
0.000000 0.000000 0.000000
0.000000 0.000000 0.000000
0.000000 0.000000 0.000000
0.000000 0.000000 0.000000
0.000000 0.000000 0.000000
0.000000 0.000000 0.000000
0.000000 0.000000 0.000000
0.000000 0.000000 0.000000
-0.199382 -0.007010 -0.596139
0.000000 0.000000 0.000000
-0.039438 0.059260 -0.762389
0.000000 0.000000 0.000000
0.000000 0.000000 0.000000
0.000000 0.000000 0.000000
0.000000 0.000000 0.000000
0.000000 0.000000 0.000000
0.000000 0.000000 0.000000
0.000000 0.000000 0.000000
0.000000 0.000000 0.000000
0.000000 0.000000 0.000000
0.000000 0.000000 0.000000
0.000000 0.000000 0.000000
0.000000 0.000000 0.000000
0.000000 0.000000 0.000000
0.000000 0.000000 0.000000
-0.283955 -0.204950 -0.190804
0.000000 0.000000 0.000000
0.000000 0.000000 0.000000
-0.333181 0.026069 0.013364
-0.177340 -0.007010 -0.124727
0.000000 0.000000 0.000000
0.000000 0.000000 0.000000
0.000000 0.000000 0.000000
0.000000 0.000000 0.000000
0.000000 0.000000 0.000000
-0.335019 -0.013208 -0.582146
0.000000 0.000000 0.000000
0.000000 0.000000 0.000000
0.000000 0.000000 0.000000
-0.253503 0.059260 -0.493328
0.000000 0.000000 0.000000
0.000000 0.000000 0.000000
0.056903 0.059260 -0.617854
0.000000 0.000000 0.000000
0.000000 0.000000 0.000000
0.000000 0.000000 0.000000
0.000000 0.000000 0.000000
0.000000 0.000000 0.000000
0.000000 0.000000 0.000000
0.000000 0.000000 0.000000
0.000000 0.000000 0.000000
-0.095641 -0.007010 -0.373497
0.000000 0.000000 0.000000
0.000000 0.000000 0.000000
-0.033137 0.026069 -0.337786
0.000000 0.000000 0.000000
0.000000 0.000000 0.000000
0.000000 0.000000 0.000000
-0.354663 -0.007010 -0.059558
-0.393456 0.043278 0.006200
-0.244691 0.019430 -0.663873
0.000000 0.000000 0.000000
-0.076795 -0.013760 -0.499643
0.000000 0.000000 0.000000
0.000000 0.000000 0.000000
0.000000 0.000000 0.000000
0.000000 0.000000 0.000000
0.000000 0.000000 0.000000
0.000000 0.000000 0.000000
0.000000 0.000000 0.000000
-0.018921 0.026069 -0.692158
-0.215734 0.059260 -0.710017
0.000000 0.000000 0.000000
0.000000 0.000000 0.000000
0.000000 0.000000 0.000000
0.000000 0.000000 0.000000
-0.279226 0.053747 -0.735100
0.000000 0.000000 0.000000
-0.196471 -0.007010 -0.260296
0.000000 0.000000 0.000000
0.000000 0.000000 0.000000
0.000000 0.000000 0.000000
-0.304595 -0.007010 -0.402792
-0.194116 0.019430 -0.420720
-0.173958 -0.153466 -0.075430
0.000000 0.000000 0.000000
0.000000 0.000000 0.000000
0.000000 0.000000 0.000000
0.000000 0.000000 0.000000
0.000000 0.000000 0.000000
0.000000 0.000000 0.000000
-0.353685 -0.049835 -0.464561
0.000000 0.000000 0.000000
0.000000 0.000000 0.000000
0.000000 0.000000 0.000000
0.000000 0.000000 0.000000
-0.160522 0.026069 -0.760467
0.000000 0.000000 0.000000
0.000000 0.000000 0.000000
0.000000 0.000000 0.000000
0.000000 0.000000 0.000000
-0.095606 0.059260 -0.743879
0.000000 0.000000 0.000000
-0.001849 0.026069 -0.748767
0.000000 0.000000 0.000000
0.000000 0.000000 0.000000
0.000000 0.000000 0.000000
0.000000 0.000000 0.000000
-0.118291 -0.007010 -0.448479
0.000000 0.000000 0.000000
0.000000 0.000000 0.000000
-0.380406 0.045620 0.196002
0.000000 0.000000 0.000000
0.000000 0.000000 0.000000
0.000000 0.000000 0.000000
0.000000 0.000000 0.000000
0.000000 0.000000 0.000000
0.000000 0.000000 0.000000
0.000000 0.000000 0.000000
0.000000 0.000000 0.000000
0.000000 0.000000 0.000000
-0.052488 0.059260 -0.673335
0.000000 0.000000 0.000000
0.000000 0.000000 0.000000
0.000000 0.000000 0.000000
-0.321667 -0.013760 -0.107935
0.000000 0.000000 0.000000
0.000000 0.000000 0.000000
0.068716 0.026069 -0.540426
0.000000 0.000000 0.000000
0.000000 0.000000 0.000000
0.000000 0.000000 0.000000
0.000000 0.000000 0.000000
0.000000 0.000000 0.000000
0.000000 0.000000 0.000000
0.000000 0.000000 0.000000
0.000000 0.000000 0.000000
0.096069 -0.007010 -0.629326
-0.279404 -0.007010 -0.294891
0.176433 0.026069 -0.695822
-0.388247 -0.010002 -0.098759
0.000000 0.000000 0.000000
-0.284806 -0.134229 -0.554937
-0.342857 -0.007010 0.038370
-0.113528 0.019430 -0.625947
0.000000 0.000000 0.000000
0.000000 0.000000 0.000000
0.000000 0.000000 0.000000
0.000000 0.000000 0.000000
0.000000 0.000000 0.000000
0.000000 0.000000 0.000000
0.000000 0.000000 0.000000
-0.374410 -0.089935 -0.097060
0.000000 0.000000 0.000000
-0.009898 -0.007010 -0.373834
0.000000 0.000000 0.000000
-0.146369 0.059260 -0.477879
0.000000 0.000000 0.000000
0.000000 0.000000 0.000000
0.000000 0.000000 0.000000
-0.322576 -0.228002 -0.293697
