0.359719 -0.393066 0.022648
0.402191 -0.526210 0.268148
-0.436115 0.160316 0.117868
0.489801 0.450734 0.318546
0.000000 0.000000 0.000000
0.000000 0.000000 0.000000
0.000000 0.000000 0.000000
0.000000 0.000000 0.000000
-0.030827 -0.475594 0.387197
-0.082842 0.476599 0.437057
0.363539 -0.075168 0.338057
0.000000 0.000000 0.000000
-0.374711 -0.205382 0.436281
0.027553 0.476599 -0.030809
-0.410071 0.476599 0.465257
0.272399 0.143585 0.429269
0.417970 0.163323 -0.066848
0.152235 0.476599 0.483649
0.418619 -0.793086 0.436281
-0.243790 0.149973 0.387197
0.000000 0.000000 0.000000
0.000000 0.000000 0.000000
-0.270438 0.434526 0.243107
0.393435 0.136829 0.243796
0.000000 0.000000 0.000000
-0.232367 0.434526 0.008343
0.266327 -0.350994 0.393199
0.000000 0.000000 0.000000
0.000000 0.000000 0.000000
-0.436115 0.022308 0.422568
-0.229481 -0.350994 0.230818
0.219442 0.476599 0.249412
-0.472840 0.476599 0.033813
-0.430122 0.203962 0.397686
-0.490536 0.434526 0.197155
0.489801 0.469645 0.098716
-0.412556 0.158345 -0.121155
0.000000 0.000000 0.000000
0.000000 0.000000 0.000000
0.000000 0.000000 0.000000
0.156048 -0.393066 0.180465
-0.029883 0.164857 0.391052
-0.001014 0.476599 0.215637
-0.132717 0.434526 0.057332
0.000000 0.000000 0.000000
0.000000 0.000000 0.000000
0.412767 -0.261942 0.338057
0.014431 -0.350994 0.222546
0.335539 -0.536430 0.368823
-0.265868 -0.421114 0.418446
-0.266162 0.434526 0.471271
0.324631 0.476599 0.365720
0.426695 0.345359 0.240845
0.000000 0.000000 0.000000
0.000000 0.000000 0.000000
0.422497 -0.350994 -0.134090
0.426023 -0.350994 0.176219
-0.436115 0.362420 0.299366
0.000000 0.000000 0.000000
0.000000 0.000000 0.000000
-0.492211 0.468545 -0.070029
-0.435692 0.319769 0.436281
-0.312105 0.434526 0.013316
0.246339 0.308479 0.387197
0.000000 0.000000 0.000000
0.316831 0.476599 0.152910
0.381030 -0.645592 0.436281
0.377274 0.347970 -0.037700
0.362536 0.476599 0.489588
-0.436115 -0.329653 0.338277
0.046832 0.333350 0.429269
0.433706 0.045267 0.338880
-0.337948 -0.125588 0.339515
-0.436115 0.291812 0.118464
0.433706 0.278856 0.433339
0.000000 0.000000 0.000000
0.000000 0.000000 0.000000
0.158225 0.476599 0.131789
-0.193317 0.300918 0.387197
0.433706 -0.130487 0.433153
0.444308 0.476599 -0.029386
-0.386693 0.314659 0.056934
-0.120269 -0.350994 0.378478
0.160676 -0.495719 0.387197
0.000000 0.000000 0.000000
-0.388187 0.476599 0.351629
0.384622 0.208601 0.106394
0.079574 0.476599 0.334023
-0.372517 -0.510159 0.436281
0.000000 0.000000 0.000000
0.226401 -0.393066 0.257102
0.414259 -0.494767 0.084551
-0.436115 0.132952 0.436109
0.433706 0.106871 0.341668
-0.097834 0.476599 0.308385
0.475171 0.468196 0.492376
0.068472 -0.350994 0.389637
-0.436115 0.309236 -0.114380
0.000000 0.000000 0.000000
-0.077686 -0.350994 0.117636
-0.432101 0.235768 0.260794
0.419949 -0.393066 0.337983
-0.363037 0.073717 0.338057
-0.343270 0.338794 0.338057
0.000000 0.000000 0.000000
0.000000 0.000000 0.000000
0.000000 0.000000 0.000000
0.000000 0.000000 0.000000
-0.019815 0.476599 0.401758
0.188085 0.434526 0.364635
0.377274 0.375738 0.072373
0.293439 0.386433 0.389579
0.071693 -0.350994 0.078403
-0.120671 0.434526 -0.054370
0.426695 0.329747 -0.084056
0.372717 -0.265431 0.436281
0.000000 0.000000 0.000000
0.269188 -0.393066 0.126759
-0.214874 -0.509682 0.429269
0.110196 0.201177 0.429269
-0.304585 -0.350994 0.405399
0.370444 0.247240 0.338057
-0.057214 -0.350994 0.168134
0.000000 0.000000 0.000000
0.000000 0.000000 0.000000
0.352190 0.057863 0.436281
-0.050826 0.476599 0.162419
0.000000 0.000000 0.000000
-0.302342 0.245359 0.429269
0.141253 0.434526 0.023429
-0.492211 0.436976 0.291087
0.000000 0.000000 0.000000
0.057098 0.440935 0.492376
0.000000 0.000000 0.000000
-0.071011 0.298752 0.429269
-0.229291 0.434526 0.142246
-0.249549 -0.350994 0.382770
-0.409551 0.131101 0.266438
0.415033 0.365658 0.436281
-0.114956 -0.393066 0.245317
0.000000 0.000000 0.000000
-0.369455 0.434526 0.121122
0.327988 -0.350994 0.311811
0.276906 -0.451655 0.429269
0.483647 0.476599 0.182888
0.411304 -0.350994 0.120792
-0.340602 -0.303223 0.436281
0.000000 0.000000 0.000000
0.000000 0.000000 0.000000
0.352086 0.434526 0.291364
0.377274 0.262205 0.208394
0.000000 0.000000 0.000000
0.024328 -0.393066 0.295958
0.000000 0.000000 0.000000
0.000000 0.000000 0.000000
-0.386968 -0.427024 0.323002
0.000000 0.000000 0.000000
0.000000 0.000000 0.000000
0.335539 0.204492 0.353251
0.000000 0.000000 0.000000
-0.220116 0.476599 0.358606
-0.436115 0.371852 -0.047071
0.000000 0.000000 0.000000
-0.337720 0.476599 0.403484
-0.404640 0.235768 -0.014394
0.000000 0.000000 0.000000
0.000000 0.000000 0.000000
0.426695 -0.434639 0.242543
0.000000 0.000000 0.000000
-0.337948 -0.437781 0.339427
-0.389235 -0.117476 0.436281
0.000000 0.000000 0.000000
0.027135 0.434526 0.318112
0.485851 0.434526 -0.051172
0.000000 0.000000 0.000000
-0.396678 0.381885 0.170836
0.000000 0.000000 0.000000
0.377274 0.320630 0.117249
0.349122 -0.746256 0.369537
-0.184423 0.434526 0.461239
-0.349151 0.040565 0.436281
0.226400 -0.393066 0.038264
0.418018 -0.121696 0.338057
0.123728 0.367745 0.429269
0.000000 0.000000 0.000000
0.000000 0.000000 0.000000
0.000000 0.000000 0.000000
0.176233 0.476599 0.196846
0.000000 0.000000 0.000000
-0.059931 -0.350994 0.347766
-0.436115 -0.432701 0.415559
-0.424812 -0.305567 0.436281
0.433706 -0.453098 0.410192
0.000000 0.000000 0.000000
-0.386693 0.350804 0.228800
0.000000 0.000000 0.000000
-0.018768 0.434526 0.027255
0.358264 0.434526 -0.019595
-0.134156 0.316985 0.429269
0.083334 0.434526 0.184481
0.115544 -0.393066 0.314444
0.077827 -0.447263 0.429269
0.418777 -0.018897 0.436281
0.338271 -0.632159 0.351498
0.000000 0.000000 0.000000
0.426695 0.272480 0.013097
0.433706 -0.545177 0.385730
0.426695 0.314861 0.118757
0.335539 -0.143720 0.427724
0.000000 0.000000 0.000000
-0.392710 0.434347 -0.062917
0.160885 0.265617 0.429269
-0.360284 0.476599 0.068294
-0.144968 -0.393066 0.337566
0.311832 0.476599 0.029938
0.000000 0.000000 0.000000
-0.425621 -0.241185 0.436281
0.000000 0.000000 0.000000
0.426695 0.394734 0.137536
0.419137 -0.738358 0.436281
-0.163175 0.189979 0.387197
0.170090 -0.377671 0.429269
-0.326445 0.168620 0.387197
0.000000 0.000000 0.000000
0.105997 -0.350994 0.246658
-0.361366 -0.251056 0.338057
0.000000 0.000000 0.000000
0.126117 -0.393066 0.101235
0.000000 0.000000 0.000000
-0.404221 0.476599 0.217635
0.037742 0.217076 0.429269
-0.436115 -0.067905 0.348346
-0.058761 0.434526 -0.032653
0.000000 0.000000 0.000000
0.335539 0.348314 0.340834
0.384622 -0.484906 0.171546
0.000000 0.000000 0.000000
0.405182 -0.353471 0.436281
-0.201303 0.476599 0.214290
-0.183345 0.434526 0.310244
-0.162326 0.476599 0.398519
0.335922 -0.514973 0.436281
0.396461 -0.350994 0.025125
0.245179 0.434526 0.462426
0.329851 -0.393066 0.223131
0.433706 0.200728 0.381858
0.000000 0.000000 0.000000
0.418757 0.153921 -0.153100
0.000000 0.000000 0.000000
0.000000 0.000000 0.000000
-0.386693 0.238077 0.165530
0.251538 0.235768 0.428339
0.244295 0.437230 0.085682
-0.410912 0.275842 0.338113
0.000000 0.000000 0.000000
-0.316294 0.434526 0.302933
-0.044667 0.360501 0.387197
-0.084576 -0.393066 0.424893
-0.337263 -0.350994 0.251769
0.054029 0.476599 0.103148
0.387676 -0.350994 0.279847
-0.337948 -0.068664 0.429514
0.000000 0.000000 0.000000
-0.271959 -0.350994 0.331971
0.000000 0.000000 0.000000
0.422208 0.476599 0.366356
0.076456 0.434526 0.033153
0.257438 0.434526 0.223591
-0.436115 0.074309 0.349992
0.426695 0.202433 0.297074
0.000000 0.000000 0.000000
-0.279009 0.389021 0.390490
0.180422 -0.350994 0.333269
0.426695 0.405055 0.032716
-0.371599 0.387180 0.436281
-0.436115 -0.169042 0.385219
0.293287 0.434526 0.305757
0.109960 0.434526 0.272137
0.426695 0.184234 0.047539
0.014886 -0.366068 0.429269
0.296066 -0.350994 0.017627
-0.404219 0.235768 0.095325
0.335539 -0.031257 0.404517
0.000000 0.000000 0.000000
0.218112 -0.350994 0.179117
0.368880 -0.389000 0.376651
-0.110070 0.206586 0.429269
0.335539 -0.152628 0.341483
0.345960 0.049919 0.338057
0.433706 0.342905 0.342988
-0.224835 0.361610 0.429269
0.000000 0.000000 0.000000
-0.436115 0.173263 0.018555
0.000000 0.000000 0.000000
0.426695 0.157662 0.161179
0.263501 -0.393066 0.336566
-0.463809 0.434526 0.389388
0.000000 0.000000 0.000000
0.384028 0.476599 0.059731
0.000000 0.000000 0.000000
0.000000 0.000000 0.000000
0.384622 -0.471934 0.333311
0.000000 0.000000 0.000000
0.388349 0.154510 0.436281
0.077060 0.476599 0.410401
-0.436115 0.367679 0.077464
0.000000 0.000000 0.000000
0.377274 0.412717 0.189562
0.148665 0.309094 0.391192
0.000000 0.000000 0.000000
-0.274834 0.434526 0.105785
0.000000 0.000000 0.000000
0.000000 0.000000 0.000000
-0.409949 0.476599 -0.066302
-0.381397 -0.032788 0.376651
-0.208135 -0.360617 0.429269
0.057703 -0.350994 0.175752
0.181698 0.184427 0.387197
-0.386693 0.340171 -0.101364
0.223324 0.434526 -0.018869
-0.148621 0.476599 0.137805
0.000000 0.000000 0.000000
0.335539 0.319268 0.431906
0.376161 -0.207661 0.397686
0.000000 0.000000 0.000000
0.020683 0.386095 0.429269
-0.206172 -0.393066 0.292554
0.000000 0.000000 0.000000
-0.005227 0.279161 0.387197
-0.410891 0.164333 0.338113
-0.361881 -0.407303 0.376651
0.000000 0.000000 0.000000
-0.298084 -0.488659 0.401496
0.000000 0.000000 0.000000
-0.309627 0.287280 0.387197
0.000000 0.000000 0.000000
-0.428801 -0.353909 0.264912
0.000000 0.000000 0.000000
-0.164983 0.476599 -0.007214
0.000000 0.000000 0.000000
0.000000 0.000000 0.000000
0.000000 0.000000 0.000000
0.000000 0.000000 0.000000
-0.095947 -0.467595 0.429269
-0.327312 0.476599 0.192314
0.426748 -0.691237 0.360838
-0.272311 0.187792 0.429269
0.426695 -0.379692 -0.048654
0.405448 0.476599 0.254249
0.000000 0.000000 0.000000
0.000000 0.000000 0.000000
-0.492211 0.444601 0.472367
0.079256 -0.393066 0.069518
0.000000 0.000000 0.000000
-0.082281 -0.350994 0.291463
0.354229 -0.354276 0.436281
0.000000 0.000000 0.000000
0.000000 0.000000 0.000000
-0.050150 0.434526 0.491469
0.000000 0.000000 0.000000
0.375230 0.228862 0.436281
0.000000 0.000000 0.000000
-0.368037 -0.355811 0.338112
-0.407117 0.434347 0.276510
0.000000 0.000000 0.000000
-0.269382 -0.350994 0.180468
-0.436115 0.283151 0.186692
0.320598 -0.350994 0.162976
0.384622 0.143323 0.321320
-0.121133 0.375825 0.387197
0.000000 0.000000 0.000000
0.000000 0.000000 0.000000
0.000000 0.000000 0.000000
0.000000 0.000000 0.000000
0.335539 0.422433 0.436230
0.000000 0.000000 0.000000
0.227052 -0.350994 0.092044
0.229180 0.476599 0.397174
0.000000 0.000000 0.000000
0.382749 0.235768 -0.035172
0.377274 0.257542 -0.104209
0.395803 -0.574393 0.342364
0.384622 -0.417709 0.125358
-0.337948 -0.132983 0.425865
0.348268 -0.350994 -0.051369
-0.296124 0.476599 -0.060587
0.000000 0.000000 0.000000
0.270414 -0.350994 0.256045
0.000000 0.000000 0.000000
0.377274 0.321894 0.197411
0.222487 0.374514 0.403689
-0.245413 0.274587 0.429269
0.010464 -0.393066 0.159763
0.000000 0.000000 0.000000
-0.399721 0.285704 0.376651
-0.394045 0.230697 -0.083264
0.000000 0.000000 0.000000
-0.082715 0.434526 0.255606
0.000000 0.000000 0.000000
0.426695 0.389357 -0.050917
0.000000 0.000000 0.000000
0.095024 0.434526 0.117387
0.000000 0.000000 0.000000
0.372212 0.279387 0.397686
-0.427139 0.163186 -0.068505
-0.391219 0.284264 -0.142022
0.335539 -0.675797 0.422782
0.000000 0.000000 0.000000
0.108799 0.254173 0.429269
0.000000 0.000000 0.000000
-0.230559 0.473455 0.085682
0.000000 0.000000 0.000000
-0.040824 0.476321 0.085682
0.000000 0.000000 0.000000
0.343073 -0.393066 0.305345
0.433706 0.283432 0.353871
-0.354722 -0.399815 0.436281
0.433706 -0.267449 0.415575
0.222191 -0.413930 0.387197
0.000000 0.000000 0.000000
0.372243 -0.200419 0.338057
0.366043 -0.302698 0.338057
0.480897 0.434526 0.027060
0.000000 0.000000 0.000000
0.000000 0.000000 0.000000
0.054650 0.434347 0.388611
0.331366 0.434526 0.100880
0.000000 0.000000 0.000000
-0.436115 -0.056937 0.426934
0.000000 0.000000 0.000000
-0.436115 -0.379577 0.399674
0.280519 -0.393066 -0.021710
0.000000 0.000000 0.000000
-0.386693 0.429549 0.019180
0.405942 0.082708 0.397686
-0.379337 0.237946 0.436281
-0.386693 0.308644 -0.010148
0.384908 0.302431 0.284138
0.407917 -0.510729 0.436281
0.334893 -0.393066 0.086602
0.448761 0.434526 0.216527
-0.386693 0.270633 0.257051
-0.310148 -0.421114 0.394115
-0.122034 0.282942 0.387197
0.185621 0.434526 0.295267
0.000000 0.000000 0.000000
0.391543 0.235768 0.042167
0.405860 0.398381 0.376651
0.000000 0.000000 0.000000
-0.303214 0.476599 0.351549
0.000000 0.000000 0.000000
0.422859 -0.586566 0.436281
-0.213844 0.429604 0.387197
0.000000 0.000000 0.000000
-0.121848 -0.350994 0.184952
-0.363724 -0.054182 0.338057
0.204557 0.476599 0.050601
0.426695 0.236264 0.181994
-0.079185 0.386212 0.429269
-0.436115 0.287185 0.027061
-0.401441 -0.201634 0.338057
0.029558 0.434526 0.254122
0.345472 -0.746691 0.436281
-0.344393 -0.187951 0.376651
0.000000 0.000000 0.000000
-0.165872 0.476599 0.279674
0.371531 -0.452033 0.397686
0.000000 0.000000 0.000000
0.121680 -0.407709 0.387197
0.091462 -0.393066 0.190981
-0.153205 -0.350994 0.291833
0.334940 0.434526 0.212569
0.000000 0.000000 0.000000
-0.168987 -0.393066 0.420732
-0.436115 0.330850 0.246391
-0.429491 0.434347 0.121619
-0.299455 -0.393066 0.236099
0.380772 -0.127735 0.397686
-0.237173 0.434526 -0.052648
-0.398661 0.016106 0.338057
0.000000 0.000000 0.000000
0.000000 0.000000 0.000000
0.343622 -0.813602 0.397354
-0.436115 0.398950 0.028026
0.000000 0.000000 0.000000
0.433706 -0.310238 0.357926
-0.432004 0.476599 0.393284
0.000000 0.000000 0.000000
-0.043958 0.434526 0.347127
0.489801 0.435247 0.393660
0.412445 -0.774562 0.374012
0.000000 0.000000 0.000000
-0.387412 0.323883 0.124610
0.393277 0.017961 0.397686
0.335539 -0.593121 0.409910
-0.042872 -0.393066 0.236162
0.000000 0.000000 0.000000
0.000000 0.000000 0.000000
0.408514 -0.387379 0.397686
0.377274 0.387796 0.269743
0.000000 0.000000 0.000000
0.079202 0.259279 0.387197
0.000000 0.000000 0.000000
0.000000 0.000000 0.000000
0.426695 -0.410745 0.041279
-0.291396 0.327527 0.429269
0.175130 -0.350994 0.100343
-0.416837 0.380130 0.376651
0.000000 0.000000 0.000000
0.187628 -0.350994 0.038849
0.128539 0.430475 0.387197
-0.366035 -0.393066 0.272465
0.000000 0.000000 0.000000
0.000000 0.000000 0.000000
-0.044115 -0.393066 0.308511
0.266361 -0.495797 0.396288
0.000000 0.000000 0.000000
-0.383620 0.091095 0.397686
0.161175 -0.393066 0.262718
0.198245 0.250367 0.387197
-0.198617 0.187736 0.429269
-0.352766 0.476599 -0.060026
0.386947 -0.194683 0.436281
-0.317776 0.405554 0.429269
-0.337948 0.002400 0.354606
0.000000 0.000000 0.000000
-0.436115 0.199536 -0.164544
0.402615 0.104363 0.436281
0.000000 0.000000 0.000000
0.335539 0.140929 0.366105
-0.374645 0.336681 0.397686
0.426695 0.352873 0.038119
0.297280 -0.393066 0.428378
0.000000 0.000000 0.000000
-0.261378 -0.464951 0.387197
-0.204484 -0.393066 0.366499
0.000000 0.000000 0.000000
0.424712 0.235768 -0.083790
0.237808 -0.350994 -0.052065
-0.371974 0.434526 0.419985
-0.221647 0.476599 0.437823
0.245434 0.476599 0.163565
-0.130338 -0.437500 0.398448
-0.386693 0.412930 0.334364
0.426695 0.302872 0.187377
0.000000 0.000000 0.000000
0.089954 -0.350994 0.317591
0.384622 0.195635 0.232041
0.142714 0.476599 0.391947
0.465420 0.476599 0.245406
0.000000 0.000000 0.000000
-0.399300 0.476599 0.150893
0.000000 0.000000 0.000000
0.160462 0.476599 0.256261
-0.155166 0.382610 0.429269
0.386852 -0.058449 0.397686
0.000000 0.000000 0.000000
0.000000 0.000000 0.000000
0.000000 0.000000 0.000000
-0.386693 0.364954 -0.023430
0.335539 -0.241264 0.402600
0.000000 0.000000 0.000000
0.040038 0.164511 0.390326
-0.101075 0.432853 0.387197
0.000000 0.000000 0.000000
0.000000 0.000000 0.000000
0.430944 -0.174263 0.397686
0.376872 -0.683992 0.376651
0.000000 0.000000 0.000000
-0.337948 0.127204 0.425655
0.000000 0.000000 0.000000
0.000000 0.000000 0.000000
0.000000 0.000000 0.000000
0.193405 -0.393066 0.127427
-0.200362 -0.434781 0.429269
0.000000 0.000000 0.000000
0.391711 -0.350994 -0.091315
0.425519 -0.637054 0.376651
0.283180 -0.393066 0.189376
0.000000 0.000000 0.000000
-0.436115 -0.513818 0.424730
0.383514 -0.084549 0.436281
0.134861 -0.350994 0.393377
0.384908 -0.421114 0.196143
0.425208 0.434347 0.097925
0.000000 0.000000 0.000000
-0.362714 0.476599 0.295191
0.000000 0.000000 0.000000
0.029937 -0.421114 0.397578
0.000000 0.000000 0.000000
0.187370 0.408401 0.429269
0.295847 0.237462 0.387197
0.377064 -0.308425 0.397686
-0.337948 0.215610 0.355777
0.384622 -0.419445 0.300594
0.420803 0.434526 0.470703
0.000000 0.000000 0.000000
-0.409652 0.434347 0.182625
-0.436115 -0.425713 0.348195
-0.453502 0.476599 0.253049
-0.386693 0.369167 0.049312
0.000000 0.000000 0.000000
0.433706 -0.059656 0.347024
0.377274 0.371146 0.134711
0.000000 0.000000 0.000000
0.000000 0.000000 0.000000
0.030415 -0.393066 0.357294
-0.007415 0.434526 -0.053849
-0.436115 -0.111302 0.399552
0.000000 0.000000 0.000000
0.121051 0.158229 0.388519
0.367275 -0.350994 0.217064
0.000000 0.000000 0.000000
-0.491203 0.476599 0.363301
0.000000 0.000000 0.000000
0.197847 0.320313 0.429269
-0.358657 -0.280652 0.376651
0.068761 0.366746 0.387197
0.000000 0.000000 0.000000
0.000000 0.000000 0.000000
0.000000 0.000000 0.000000
0.000000 0.000000 0.000000
0.000000 0.000000 0.000000
-0.386693 0.370738 0.106699
-0.065291 0.264465 0.387197
0.433706 0.146957 0.410044
-0.385955 0.232618 0.338057
0.335539 -0.306355 0.400258
0.000000 0.000000 0.000000
-0.003948 -0.350994 0.375130
0.000000 0.000000 0.000000
0.223225 -0.352615 0.429269
0.379924 0.476599 0.416304
-0.017042 0.338462 0.429269
0.335539 0.185528 0.415603
0.426695 -0.441608 0.089093
-0.436115 0.309489 -0.033885
-0.414520 0.235768 0.039185
-0.322257 0.476599 0.114474
-0.057588 0.209737 0.429269
-0.337948 0.394878 0.369309
0.331988 -0.421114 0.419381
-0.379561 -0.350284 0.397686
0.290717 -0.350994 0.088900
0.000000 0.000000 0.000000
0.000000 0.000000 0.000000
0.387759 0.420697 0.338057
0.440125 0.476599 0.057913
0.000000 0.000000 0.000000
-0.149889 0.452020 0.210706
-0.082081 0.434526 0.016321
0.012484 0.476599 0.152294
-0.334677 0.434526 0.241591
0.000000 0.000000 0.000000
0.426695 -0.377284 0.229126
-0.394894 -0.449017 0.397686
0.394070 -0.605493 0.376651
0.294993 0.452174 0.492376
-0.124495 0.429703 0.429269
0.000000 0.000000 0.000000
0.392048 0.368750 0.010629
0.000000 0.000000 0.000000
-0.436115 0.349731 0.189797
0.000000 0.000000 0.000000
-0.149832 -0.350994 0.237540
0.000000 0.000000 0.000000
-0.403384 0.323792 0.338057
0.000000 0.000000 0.000000
0.000000 0.000000 0.000000
0.290455 0.476599 0.095334
0.000000 0.000000 0.000000
0.000000 0.000000 0.000000
0.000000 0.000000 0.000000
-0.126775 -0.350994 0.121983
-0.036650 -0.412760 0.387197
0.000000 0.000000 0.000000
-0.242304 0.324350 0.387197
0.335539 -0.022698 0.359308
0.384622 0.201193 -0.129508
-0.386693 0.391261 0.276370
0.396584 0.235768 0.275145
0.426695 -0.517997 0.332885
0.204593 -0.430225 0.429269
0.000000 0.000000 0.000000
-0.424862 -0.179767 0.436281
-0.290351 -0.350994 0.281482
0.433706 -0.203304 0.338617
0.252903 0.476599 0.341133
0.000000 0.000000 0.000000
-0.095607 0.434526 0.152161
-0.350540 0.330158 0.436281
0.000000 0.000000 0.000000
0.000000 0.000000 0.000000
-0.337948 0.052312 0.386429
0.094871 -0.496027 0.395332
0.304849 -0.393066 0.033035
0.335539 0.130503 0.432159
-0.386693 0.401190 -0.099116
0.143892 0.434526 0.173378
0.377274 0.314300 0.077652
0.384622 -0.395684 0.256272
0.174154 -0.350994 0.217113
0.012695 -0.350994 0.086749
0.000000 0.000000 0.000000
0.000000 0.000000 0.000000
0.000000 0.000000 0.000000
0.000000 0.000000 0.000000
0.426636 0.434526 0.178710
0.286886 0.434347 0.388565
0.426328 0.165610 -0.006405
0.000000 0.000000 0.000000
0.000000 0.000000 0.000000
0.066236 -0.393066 0.128209
0.000000 0.000000 0.000000
0.377274 0.266521 0.144864
-0.043951 -0.393066 0.118670
0.457468 0.476599 0.434924
