-0.282903 -0.172833 0.588105
0.120639 -0.172833 -0.497672
0.000000 0.000000 0.000000
-0.566820 -0.038948 -0.768544
0.000000 0.000000 0.000000
0.100265 0.075370 -0.627611
0.000000 0.000000 0.000000
-0.286811 -0.172833 -0.006368
0.578175 -0.062215 -0.698666
-0.424279 -0.172833 -0.479842
0.286048 -0.172833 0.037665
0.000000 0.000000 0.000000
-0.339696 0.075370 -0.647672
0.120376 0.119770 -0.224398
-0.182925 -0.088998 -0.793407
0.000000 0.000000 0.000000
0.421489 -0.172833 -0.327220
0.165622 -0.133330 -0.746424
0.402181 0.115837 -0.496090
-0.566702 -0.088998 -0.151850
-0.161370 0.119479 -0.423080
-0.568917 0.015805 -0.457799
-0.204857 -0.084534 0.445716
0.000000 0.000000 0.000000
-0.413566 -0.172833 -0.542739
0.049316 -0.172833 -0.224209
-0.259760 -0.172833 0.315554
0.000000 0.000000 0.000000
-0.064044 -0.172833 0.261086
0.356673 -0.172833 -0.585843
0.586772 -0.027568 -0.445777
0.046702 0.075370 0.024021
-0.250863 -0.172833 -0.313552
0.328044 0.117180 -0.294926
-0.011118 -0.172833 0.027368
0.000000 0.000000 0.000000
-0.311128 -0.088998 -0.808562
0.317485 -0.025845 -0.721981
0.000000 0.000000 0.000000
0.362612 0.065660 -0.704315
-0.191905 0.063546 -0.706825
0.000000 0.000000 0.000000
-0.507843 -0.144872 0.097942
0.035380 -0.162425 -0.746424
0.169672 -0.172833 0.268411
-0.103582 0.119057 -0.133649
-0.161009 -0.172833 -0.557573
-0.477950 -0.172833 -0.201464
0.505049 -0.170814 -0.070422
-0.473966 0.063497 -0.649713
0.000000 0.000000 0.000000
-0.164374 0.057303 -0.306618
0.000000 0.000000 0.000000
0.141555 0.057303 -0.418805
0.180241 0.119410 -0.455483
0.000000 0.000000 0.000000
0.254894 0.075370 -0.106437
-0.160361 0.119485 -0.263792
0.419524 -0.105760 -0.746424
-0.008313 0.054470 -0.714524
0.000000 0.000000 0.000000
0.490328 0.016242 -0.304837
-0.093964 -0.172833 0.475630
0.288533 -0.172833 -0.162131
-0.375540 -0.172833 -0.663063
0.000000 0.000000 0.000000
0.486970 0.109627 -0.349997
0.213385 -0.172833 -0.472536
0.505049 -0.099944 -0.526413
0.000000 0.000000 0.000000
-0.514533 -0.088998 -0.594473
0.000000 0.000000 0.000000
0.000000 0.000000 0.000000
-0.077286 0.093910 -0.555902
0.000000 0.000000 0.000000
-0.473558 -0.018461 -0.361769
-0.165732 -0.172833 0.161151
0.083536 0.075370 0.240333
0.285093 0.117957 -0.327624
0.136787 -0.172833 0.152625
0.550532 -0.088998 -0.222474
-0.045103 -0.172833 -0.384308
-0.138681 -0.172833 -0.129737
-0.443381 -0.172833 0.300928
-0.402475 -0.172833 0.176802
0.450741 -0.172833 0.033457
0.000000 0.000000 0.000000
0.484726 -0.015215 -0.584211
-0.166662 -0.172833 -0.183823
0.000000 0.000000 0.000000
-0.507843 -0.106149 -0.329199
0.000000 0.000000 0.000000
0.000000 0.000000 0.000000
0.021008 0.120369 -0.338467
0.340760 0.075370 -0.039287
0.458602 -0.172833 -0.472754
-0.354095 -0.172833 0.521917
-0.231669 0.075370 -0.527722
0.077587 -0.038948 -0.795890
0.000000 0.000000 0.000000
0.117919 -0.172833 -0.083300
0.000000 0.000000 0.000000
-0.115238 0.075370 -0.019452
0.001536 -0.172833 -0.631005
0.280472 0.066394 -0.555902
0.442672 -0.172833 -0.240122
0.000000 0.000000 0.000000
-0.241135 0.118619 -0.306165
-0.511885 -0.038948 -0.615491
-0.359001 -0.172833 0.454465
0.072428 0.101911 -0.133649
0.402582 0.115830 -0.154080
0.187343 -0.172833 -0.314108
-0.428618 -0.038948 -0.736430
-0.446958 -0.172833 -0.327187
-0.384351 -0.172833 0.110711
-0.286207 -0.172833 -0.470046
0.000000 0.000000 0.000000
-0.436849 -0.172833 -0.064045
0.505049 -0.142579 -0.607310
-0.227288 -0.172833 -0.695977
0.153561 -0.172833 -0.625741
0.000000 0.000000 0.000000
0.000000 0.000000 0.000000
-0.029451 0.057303 -0.398720
0.000000 0.000000 0.000000
0.111470 0.075370 0.162219
-0.370026 0.057303 -0.269783
0.518341 0.093909 -0.498321
0.149151 0.013697 -0.721981
0.000000 0.000000 0.000000
0.505049 -0.092254 -0.359354
-0.021424 0.057303 -0.231975
-0.051610 0.075370 0.149299
0.466479 -0.038948 -0.794816
-0.060957 -0.088998 -0.778377
0.029405 0.120318 -0.519426
-0.507843 -0.147483 -0.728937
0.633715 -0.012509 -0.302157
0.140537 0.110552 -0.133649
0.000000 0.000000 0.000000
-0.507843 -0.141879 -0.471917
0.049673 -0.172833 0.361703
0.000000 0.000000 0.000000
0.290395 0.075370 -0.439286
0.000000 0.000000 0.000000
0.193627 0.057303 -0.254705
0.000000 0.000000 0.000000
0.388460 0.111738 -0.555902
0.269182 -0.172833 -0.671565
0.602876 0.009944 -0.555902
-0.312927 -0.172833 -0.143253
0.241665 -0.038948 -0.778001
0.000000 0.000000 0.000000
0.575583 -0.073919 -0.814396
0.301157 -0.172833 -0.401900
0.000000 0.000000 0.000000
0.074410 -0.172833 -0.302940
-0.230903 -0.172833 0.441479
0.563956 0.060256 -0.260913
0.487446 0.035921 -0.446576
-0.225554 0.075370 -0.225695
0.257046 0.075370 -0.611631
0.484726 -0.034904 -0.179650
-0.253031 0.118404 -0.440141
-0.125616 -0.172833 0.572109
0.199728 0.075370 0.033033
0.290016 -0.093852 -0.746424
-0.115617 -0.036891 -0.721981
0.000000 0.000000 0.000000
0.417362 0.115562 -0.251876
0.462671 0.113722 -0.216876
-0.387099 0.040832 -0.720570
-0.148108 -0.172833 -0.306266
0.000000 0.000000 0.000000
0.000000 0.000000 0.000000
-0.264349 0.057303 -0.407095
-0.482879 -0.030995 -0.499913
0.000000 0.000000 0.000000
-0.479554 -0.004335 -0.252253
0.321333 -0.172833 -0.038568
0.484726 0.025173 -0.698183
-0.024242 -0.172833 0.135958
-0.280394 -0.088998 -0.757115
0.369940 0.116421 -0.377507
-0.136557 0.107039 -0.555902
-0.319536 0.075370 -0.480649
0.000714 -0.172833 -0.095662
-0.308805 0.117394 -0.526269
-0.145309 -0.172833 0.031576
0.000000 0.000000 0.000000
-0.055974 -0.172833 -0.537786
0.000000 0.000000 0.000000
0.256397 0.118477 -0.209243
-0.129942 -0.172833 0.308025
-0.507843 -0.132755 0.005788
-0.249764 -0.172833 0.212180
0.178188 -0.172833 -0.211829
0.110329 -0.172833 0.055038
0.158815 0.057303 -0.519570
0.000000 0.000000 0.000000
0.321015 -0.172833 -0.452397
0.000000 0.000000 0.000000
-0.023440 0.075370 -0.637044
-0.178037 -0.172833 -0.419283
-0.108341 -0.172833 -0.683353
-0.305091 -0.172833 -0.606488
-0.507843 -0.131021 -0.234702
0.000000 0.000000 0.000000
0.367683 -0.030955 -0.721981
-0.042671 0.120194 -0.237518
0.000000 0.000000 0.000000
-0.564142 -0.088998 -0.500315
-0.593808 -0.004865 -0.544984
0.493856 -0.172833 -0.719028
0.386035 -0.172833 -0.147341
0.353183 -0.051235 -0.814396
0.564380 -0.038948 -0.634801
-0.476112 -0.172833 -0.621413
-0.364860 -0.172833 -0.267180
0.000000 0.000000 0.000000
-0.052579 -0.172833 -0.299049
0.046311 -0.172833 0.226236
0.120740 -0.172833 -0.408002
-0.100632 0.075370 -0.158284
0.000000 0.000000 0.000000
-0.088853 -0.172833 -0.044125
-0.507843 -0.129638 -0.084136
0.135808 0.075370 -0.063080
-0.261345 -0.011080 -0.721981
-0.098104 0.075370 -0.461427
-0.051710 0.120139 -0.446329
0.484726 -0.037340 -0.406504
0.396851 0.057303 -0.308782
0.249122 0.062268 -0.708270
0.000000 0.000000 0.000000
0.466973 0.065733 -0.568572
0.000000 0.000000 0.000000
0.322374 0.057303 -0.212497
0.000000 0.000000 0.000000
-0.079346 -0.172833 -0.159024
0.000000 0.000000 0.000000
0.000000 0.000000 0.000000
0.000000 0.000000 0.000000
0.000000 0.000000 0.000000
-0.288801 0.075370 -0.348577
-0.572725 -0.048345 -0.384816
-0.245339 -0.172833 0.089117
0.288438 -0.172833 -0.270215
0.000000 0.000000 0.000000
0.057523 0.057303 -0.510174
0.000000 0.000000 0.000000
0.102126 0.057303 -0.290379
-0.520246 -0.038948 -0.721967
0.578175 -0.088362 -0.599654
-0.208263 -0.172833 0.232054
0.000000 0.000000 0.000000
-0.074052 0.120005 -0.328890
-0.112838 -0.154582 -0.746424
0.391372 -0.172833 -0.691041
0.573225 0.045528 -0.421296
0.000000 0.000000 0.000000
0.000000 0.000000 0.000000
0.228887 -0.172833 0.123814
-0.024694 0.075370 -0.106917
-0.494067 0.065329 -0.555902
0.251543 -0.172833 -0.053222
0.365629 -0.172833 0.109948
-0.319135 -0.038948 -0.723532
-0.370904 -0.136191 -0.746424
0.000000 0.000000 0.000000
0.000000 0.000000 0.000000
0.000000 0.000000 0.000000
0.221118 0.057303 -0.395198
0.000000 0.000000 0.000000
0.000000 0.000000 0.000000
0.000000 0.000000 0.000000
0.000000 0.000000 0.000000
0.000000 0.000000 0.000000
0.555193 -0.088998 -0.302096
0.000000 0.000000 0.000000
0.000000 0.000000 0.000000
0.141764 0.119641 -0.326919
-0.391765 0.057303 -0.346855
-0.494987 -0.172833 -0.393061
-0.044294 0.075370 0.047015
0.484261 0.035685 -0.183453
-0.345826 -0.172833 -0.347191
-0.080510 -0.172833 0.382726
0.260130 -0.172833 -0.554682
0.243725 0.118707 -0.419663
0.066667 0.120094 -0.418830
0.101351 0.075370 0.062007
0.037365 -0.172833 0.118028
0.429815 -0.172833 -0.567949
0.448201 0.114639 -0.429858
0.000000 0.000000 0.000000
-0.219494 -0.172833 -0.112435
0.000000 0.000000 0.000000
0.367081 0.116473 -0.201083
0.416464 0.057303 -0.391156
-0.012781 -0.038948 -0.783328
0.000000 0.000000 0.000000
0.000000 0.000000 0.000000
-0.329253 -0.172833 0.253377
0.000000 0.000000 0.000000
0.176152 -0.172833 -0.023385
-0.472431 -0.054002 -0.814396
0.505049 -0.090382 -0.140293
0.505049 -0.150471 -0.282697
0.008712 -0.172833 -0.509497
0.026096 0.057303 -0.377220
-0.250647 0.075370 -0.629823
-0.113404 0.057303 -0.383364
0.388974 0.075370 -0.615175
-0.184268 0.075370 -0.477881
0.159169 0.119537 -0.520840
0.512061 -0.088998 -0.768561
0.000000 0.000000 0.000000
0.033279 -0.172833 -0.447566
-0.240433 0.118202 -0.555902
0.107697 -0.172833 -0.677682
0.414345 -0.172833 -0.395511
0.000000 0.000000 0.000000
0.520461 -0.030875 -0.509513
0.320642 0.117314 -0.495320
0.000000 0.000000 0.000000
0.021295 0.075370 -0.058117
0.095259 0.057303 -0.192217
0.062556 -0.012253 -0.721981
-0.474747 -0.172833 -0.556565
-0.355829 0.057303 -0.549308
0.000000 0.000000 0.000000
-0.010705 0.075370 -0.317001
0.034091 0.075370 0.117896
-0.402157 -0.172833 0.023038
0.273748 0.057303 -0.271412
0.000000 0.000000 0.000000
-0.005396 0.057303 -0.549696
-0.557076 -0.088998 -0.415527
0.578174 -0.083111 -0.135970
-0.302839 0.057303 -0.197858
0.161167 -0.072079 -0.814396
-0.114961 -0.041569 -0.814396
-0.098648 0.061290 -0.709147
-0.361411 -0.172833 0.343293
-0.116104 -0.172833 0.118656
-0.571195 -0.088998 -0.665265
0.000000 0.000000 0.000000
0.000000 0.000000 0.000000
-0.507843 -0.161084 0.191481
0.557253 -0.088998 -0.426244
0.435581 0.075371 -0.651559
-0.206663 -0.172833 0.539223
0.000000 0.000000 0.000000
-0.409706 0.075370 -0.590468
0.000000 0.000000 0.000000
-0.531422 -0.088998 -0.768137
-0.088946 -0.172833 -0.455191
0.087229 -0.172833 0.243105
0.208635 -0.172833 -0.118210
-0.354785 -0.172833 -0.450880
0.500262 -0.172833 -0.513728
-0.127625 0.075370 -0.108618
0.200946 -0.172833 0.061610
-0.294780 0.066527 -0.703286
0.200567 0.075370 -0.182252
0.000000 0.000000 0.000000
0.578468 -0.029352 -0.357391
0.000000 0.000000 0.000000
0.051392 0.075370 -0.264338
-0.572725 -0.056687 -0.338078
0.000000 0.000000 0.000000
0.000000 0.000000 0.000000
0.528724 -0.030995 -0.288754
-0.443733 -0.172833 -0.735074
0.411275 -0.172833 -0.072524
0.346535 -0.172833 -0.227855
-0.052439 -0.172833 0.319836
0.000000 0.000000 0.000000
-0.117281 -0.078778 0.455740
0.179070 0.075370 -0.653744
0.523182 -0.038948 -0.100972
0.045577 0.057303 -0.451092
0.066216 -0.172833 -0.574318
-0.230969 -0.038948 -0.770138
-0.350843 -0.172833 -0.063110
-0.283382 -0.172833 -0.741009
-0.067985 -0.172833 0.195921
0.481702 0.110566 -0.141156
0.317243 0.075370 -0.170687
0.000000 0.000000 0.000000
0.320311 0.057303 -0.368325
-0.138646 0.075370 -0.643569
0.025212 0.120344 -0.199380
0.566544 0.060489 -0.345660
-0.379011 -0.088998 -0.804487
0.286334 0.104348 -0.133649
0.604680 0.014005 -0.366904
0.485687 -0.172833 -0.353044
0.000000 0.000000 0.000000
-0.300000 -0.172833 0.143315
0.199857 0.119291 -0.198649
0.360033 0.057303 -0.453323
-0.050786 -0.172833 -0.225269
-0.208595 -0.172833 0.366420
0.578175 -0.065668 -0.513217
0.070867 -0.172833 -0.144334
0.489719 0.043405 -0.378074
-0.057419 0.120105 -0.505769
0.000000 0.000000 0.000000
0.022273 -0.088998 -0.790670
0.000000 0.000000 0.000000
-0.393584 -0.172833 -0.168917
0.225734 0.075370 -0.460529
-0.464416 0.046330 -0.718821
0.000000 0.000000 0.000000
-0.466700 -0.172833 -0.131078
0.000000 0.000000 0.000000
-0.144110 0.119583 -0.486231
-0.218510 0.119029 -0.365968
0.391639 -0.172833 -0.509572
0.376824 0.057303 -0.518547
0.000000 0.000000 0.000000
0.505049 -0.148662 -0.414310
-0.033130 -0.172833 -0.693987
-0.546369 -0.088998 -0.048571
-0.241283 -0.172833 -0.211953
0.376915 -0.172833 -0.442259
0.532732 -0.038948 -0.769293
-0.379354 0.057303 -0.448984
0.392842 0.057303 -0.196017
0.000000 0.000000 0.000000
-0.109252 0.075370 -0.595304
0.000000 0.000000 0.000000
0.246711 -0.159683 -0.746424
0.508419 -0.038948 -0.693345
0.000000 0.000000 0.000000
0.000000 0.000000 0.000000
0.555578 -0.038948 -0.165509
0.022742 -0.172833 -0.370199
-0.191171 0.075370 -0.104903
0.244383 0.118695 -0.506101
-0.100853 0.057303 -0.221204
-0.130343 -0.172833 -0.606272
-0.509340 -0.030995 -0.426572
0.568632 0.055090 -0.552466
0.610675 -0.022210 -0.215266
0.104596 -0.172833 0.319169
-0.230508 -0.172833 -0.557749
-0.010164 0.075370 -0.498679
0.219112 0.075364 -0.555902
0.000000 0.000000 0.000000
0.514528 0.097636 -0.424242
0.000000 0.000000 0.000000
0.486112 -0.172833 -0.182512
0.456184 -0.172833 -0.650330
0.000000 0.000000 0.000000
0.000000 0.000000 0.000000
-0.294008 -0.172833 0.405865
0.128465 -0.172833 -0.351359
0.336153 -0.114760 -0.746424
-0.221275 -0.172833 -0.487690
-0.458687 -0.172833 0.135630
0.213983 0.075370 -0.072423
-0.056979 -0.038948 -0.725565
0.000000 0.000000 0.000000
0.000000 0.000000 0.000000
-0.282642 0.075370 -0.278775
0.207442 -0.088998 -0.765571
0.457382 0.071438 -0.492997
0.180111 0.057303 -0.319568
-0.193624 -0.167266 0.601187
0.225780 -0.172833 -0.384363
-0.253093 0.057303 -0.456826
0.000000 0.000000 0.000000
0.456346 0.071898 -0.289138
0.000000 0.000000 0.000000
-0.412293 -0.172833 -0.385965
-0.572725 -0.076549 -0.559226
-0.213594 -0.172833 -0.021654
-0.509516 -0.038948 -0.304478
0.083068 0.119995 -0.485109
0.011678 0.075370 0.192821
0.430445 0.035123 -0.721611
-0.572725 -0.079838 -0.259343
0.351912 -0.172833 -0.285653
0.000000 0.000000 0.000000
-0.192325 0.119292 -0.213029
0.382690 -0.172833 0.002375
-0.249548 0.057303 -0.156277
-0.240686 -0.172833 -0.637300
-0.408044 0.110528 -0.555902
0.109486 0.098737 -0.555902
0.216166 -0.024050 -0.721981
0.505049 -0.104872 -0.671496
0.000000 0.000000 0.000000
0.160534 0.075370 -0.586513
0.000000 0.000000 0.000000
0.439471 -0.038948 -0.725759
-0.195533 0.075370 -0.407301
-0.014918 -0.172833 -0.167992
-0.135337 -0.172833 -0.483666
-0.084663 0.075370 -0.290896
-0.110247 0.119787 -0.202104
-0.041801 0.120199 -0.170689
0.000000 0.000000 0.000000
-0.474935 0.020437 -0.344685
0.289904 -0.172833 0.139166
0.000000 0.000000 0.000000
0.405919 0.075370 -0.071903
-0.162985 0.057303 -0.184216
0.117976 -0.172833 -0.226511
-0.129972 -0.172833 0.248407
-0.146396 -0.172833 0.502676
0.000000 0.000000 0.000000
0.000000 0.000000 0.000000
0.207452 0.119246 -0.309252
0.120719 0.057303 -0.360424
-0.507843 -0.096585 -0.677705
0.257876 0.075370 -0.005411
-0.267154 -0.172833 -0.370856
-0.166446 -0.038948 -0.748275
0.000000 0.000000 0.000000
0.000000 0.000000 0.000000
0.465098 0.112918 -0.529682
-0.524707 -0.038948 -0.548240
-0.311797 -0.172833 -0.198519
0.201951 -0.172833 0.171847
0.280252 0.057303 -0.397176
-0.461199 -0.088998 -0.763477
-0.282188 -0.172833 -0.080808
0.327204 0.075370 -0.622996
0.448883 -0.088998 -0.791576
0.000000 0.000000 0.000000
0.284223 -0.172833 -0.327165
-0.521039 0.011479 -0.555902
0.332212 0.057303 -0.296951
0.046748 0.075370 -0.582122
0.000000 0.000000 0.000000
0.127240 0.075370 -0.453759
-0.333121 -0.172833 -0.542177
0.134625 -0.172833 -0.567930
-0.282969 -0.172833 0.518044
-0.402611 -0.172833 0.400091
-0.119787 -0.172833 -0.244987
-0.507843 -0.166683 0.275408
0.000000 0.000000 0.000000
0.432947 -0.171089 -0.746424
0.000000 0.000000 0.000000
0.205744 0.103908 -0.133649
0.089744 0.044592 -0.719374
-0.456309 -0.172833 0.037135
0.000000 0.000000 0.000000
0.183523 0.063232 -0.707198
0.000000 0.000000 0.000000
0.000000 0.000000 0.000000
0.000000 0.000000 0.000000
0.482698 0.042777 -0.634126
-0.194530 -0.167231 -0.746424
-0.224374 0.057303 -0.346521
0.000000 0.000000 0.000000
-0.454107 -0.172833 0.217356
-0.114911 -0.172833 -0.362041
0.000000 0.000000 0.000000
-0.507843 -0.123692 -0.537612
-0.156347 -0.172833 0.451490
0.484726 -0.005484 -0.458129
-0.071936 -0.172833 0.058157
0.000000 0.000000 0.000000
0.000000 0.000000 0.000000
-0.284591 0.075370 -0.576218
0.129966 0.119713 -0.413055
0.000000 0.000000 0.000000
0.132522 -0.172833 -0.161505
0.487271 -0.003951 -0.245902
0.000000 0.000000 0.000000
0.020716 0.120371 -0.272137
0.055146 -0.172833 0.012646
0.577570 0.034123 -0.498242
0.258165 0.057303 -0.208785
0.000000 0.000000 0.000000
0.026141 0.075370 -0.149549
-0.391987 0.075370 -0.394619
0.513476 0.100033 -0.273552
-0.180868 -0.172833 -0.357459
0.000000 0.000000 0.000000
0.505049 -0.106236 -0.465170
0.201875 -0.172833 -0.671942
0.120667 0.075370 0.004196
0.233393 0.057303 -0.324291
0.128730 -0.038948 -0.753429
-0.021377 0.120322 -0.397657
0.515378 -0.088998 -0.586772
0.176008 -0.172833 -0.409721
0.000000 0.000000 0.000000
0.505049 -0.123210 -0.200561
0.000000 0.000000 0.000000
0.000000 0.000000 0.000000
-0.299533 0.117562 -0.389554
0.000000 0.000000 0.000000
0.000000 0.000000 0.000000
0.000000 0.000000 0.000000
-0.132299 0.057303 -0.511876
0.617250 0.001290 -0.481302
-0.489047 0.028049 -0.486906
0.000000 0.000000 0.000000
0.370240 0.075370 -0.121073
0.186211 0.119374 -0.391127
0.038488 0.057303 -0.202027
-0.481395 0.024290 -0.435549
-0.151053 -0.107121 -0.746424
0.000000 0.000000 0.000000
0.454377 0.114446 -0.305219
0.335055 0.079055 -0.555902
-0.190545 0.075370 -0.605024
0.484726 0.003984 -0.526327
0.505049 -0.153528 -0.130654
0.018609 -0.172833 0.305421
-0.327826 0.057303 -0.390029
0.000000 0.000000 0.000000
-0.375492 -0.038948 -0.770935
-0.516963 -0.088998 -0.189926
-0.430429 0.057303 -0.535720
0.204464 -0.172833 -0.528006
-0.317991 -0.038948 -0.781820
0.454994 0.072499 -0.176262
0.000000 0.000000 0.000000
-0.507843 -0.171202 -0.034354
-0.548330 -0.038948 -0.486605
-0.233025 0.118766 -0.497298
-0.335039 -0.172833 0.194403
-0.046332 0.075370 -0.015975
-0.077637 -0.172833 -0.629842
-0.036956 -0.148392 -0.746424
-0.142234 -0.172833 0.372246
-0.026279 -0.172833 -0.041034
-0.347800 -0.172833 -0.721898
-0.107188 0.075370 0.036532
0.472616 0.057303 -0.250940
0.041541 -0.172833 -0.678256
0.022221 0.075370 0.248398
0.000000 0.000000 0.000000
0.000000 0.000000 0.000000
0.399705 -0.038948 -0.778519
0.145486 0.057303 -0.165858
0.000000 0.000000 0.000000
0.000000 0.000000 0.000000
0.000000 0.000000 0.000000
0.532216 -0.030849 -0.221446
0.000000 0.000000 0.000000
0.200304 0.075370 0.093376
0.299096 -0.172833 -0.090847
-0.312634 0.117324 -0.452760
0.000000 0.000000 0.000000
-0.235200 -0.172833 0.146259
0.578175 -0.056101 -0.262278
0.000000 0.000000 0.000000
0.327353 -0.172833 -0.671682
-0.343360 0.075370 -0.319877
0.000000 0.000000 0.000000
0.354007 -0.172833 -0.371338
-0.020001 0.075370 -0.167739
-0.523943 -0.088998 -0.270212
0.094969 -0.088998 -0.765689
0.038354 0.075370 -0.642492
0.000000 0.000000 0.000000
0.385666 -0.172833 0.062351
0.000000 0.000000 0.000000
0.366107 0.057303 -0.347427
0.300512 0.028261 -0.721961
-0.001008 -0.109481 -0.746424
0.000000 0.000000 0.000000
0.505389 0.001723 -0.133649
-0.482911 -0.026537 -0.549408
0.000000 0.000000 0.000000
0.157816 -0.172833 0.097372
-0.507843 -0.117620 -0.397546
0.410496 0.057344 -0.555902
-0.572725 -0.052201 -0.705951
0.000000 0.000000 0.000000
0.000000 0.000000 0.000000
0.071238 0.075370 -0.073333
0.505049 -0.107861 -0.086909
0.000000 0.000000 0.000000
-0.000620 -0.004362 -0.721981
0.489532 -0.038948 -0.615552
0.155862 0.057303 -0.234173
-0.011205 -0.172833 0.237392
0.000000 0.000000 0.000000
0.396896 -0.088998 -0.811109
0.000000 0.000000 0.000000
0.294690 0.075383 -0.675937
0.000000 0.000000 0.000000
-0.413301 -0.172833 0.352804
-0.399219 -0.172833 -0.108315
0.000000 0.000000 0.000000
-0.027276 0.116646 -0.555902
0.234344 -0.172833 -0.193861
-0.040135 -0.172833 0.425219
0.000000 0.000000 0.000000
-0.171165 -0.172833 -0.054864
0.063725 0.120112 -0.239316
-0.188516 -0.172833 -0.611875
-0.556440 -0.071940 -0.814396
0.000000 0.000000 0.000000
0.411955 0.057303 -0.443776
-0.298825 -0.172833 0.067858
-0.083942 0.057303 -0.505872
0.000000 0.000000 0.000000
-0.352566 -0.172833 0.021597
0.546571 -0.021945 -0.555902
-0.441772 -0.172833 -0.244930
0.045359 0.057303 -0.316404
-0.507843 -0.171851 0.034513
-0.199258 0.075370 -0.273113
0.380292 0.075370 -0.255093
