0.000000 0.000000 0.000000
0.000000 0.000000 0.000000
-0.192866 -0.415381 0.299651
0.792206 -0.480871 0.299325
-0.789469 -0.535675 0.299651
0.464420 -0.487031 -0.239978
0.249221 0.022755 0.298064
0.066728 -0.415040 -0.138400
0.000000 0.000000 0.000000
0.000000 0.000000 0.000000
0.000000 0.000000 0.000000
0.581522 -0.410035 -0.136813
0.000000 0.000000 0.000000
0.771573 -0.101246 0.043583
0.405106 -0.418211 0.299651
0.000000 0.000000 0.000000
0.000000 0.000000 0.000000
0.000000 0.000000 0.000000
0.000000 0.000000 0.000000
0.622779 -0.044777 0.299651
0.055280 -0.439752 -0.239978
-0.547180 -0.410898 0.299651
0.792206 -0.524011 -0.064885
0.062080 -0.209361 0.298064
0.592683 -0.256683 -0.297114
0.000000 0.000000 0.000000
0.000000 0.000000 0.000000
0.284930 -0.255747 -0.205005
0.000000 0.000000 0.000000
0.000000 0.000000 0.000000
0.000000 0.000000 0.000000
0.000000 0.000000 0.000000
0.000000 0.000000 0.000000
0.000000 0.000000 0.000000
0.000000 0.000000 0.000000
0.088791 -0.383652 0.298064
0.000000 0.000000 0.000000
0.000000 0.000000 0.000000
0.000000 0.000000 0.000000
0.000000 0.000000 0.000000
0.373546 -0.145512 0.298064
0.682256 -0.136993 -0.176492
0.000000 0.000000 0.000000
0.645440 -0.309682 0.298064
0.706500 -0.493427 -0.205024
0.773160 0.133109 0.294923
0.000000 0.000000 0.000000
0.000000 0.000000 0.000000
0.000000 0.000000 0.000000
0.792206 -0.343799 0.091522
0.000000 0.000000 0.000000
-0.211319 -0.419223 -0.138008
0.000000 0.000000 0.000000
0.000000 0.000000 0.000000
-0.133497 -0.174966 0.299651
0.375630 -0.255772 -0.226640
0.000000 0.000000 0.000000
0.373304 -0.418751 -0.136813
0.000000 0.000000 0.000000
0.790947 -0.166489 0.299651
0.000000 0.000000 0.000000
0.773160 -0.242212 -0.092989
0.258193 -0.398587 -0.243865
0.706500 -0.377637 -0.184195
0.000000 0.000000 0.000000
0.000000 0.000000 0.000000
-0.190080 -0.468344 -0.250876
0.000000 0.000000 0.000000
0.000000 0.000000 0.000000
0.000000 0.000000 0.000000
0.487412 -0.226456 -0.136813
0.000000 0.000000 0.000000
0.000000 0.000000 0.000000
0.000000 0.000000 0.000000
0.000000 0.000000 0.000000
0.000000 0.000000 0.000000
0.252396 -0.176999 0.298064
0.491804 -0.200095 0.298064
-0.720993 -0.419222 0.298796
0.297017 -0.146613 -0.167771
0.000000 0.000000 0.000000
0.000000 0.000000 0.000000
0.000000 0.000000 0.000000
0.481689 0.021734 0.299651
0.000000 0.000000 0.000000
0.000000 0.000000 0.000000
0.000000 0.000000 0.000000
0.000000 0.000000 0.000000
-0.096906 -0.372883 0.299651
0.000000 0.000000 0.000000
0.000000 0.000000 0.000000
-0.065436 -0.332782 -0.136813
0.000000 0.000000 0.000000
0.790480 -0.541432 0.129912
0.000000 0.000000 0.000000
0.452928 -0.302795 -0.138400
0.792206 0.071090 0.158112
0.494993 -0.346597 -0.239978
0.000000 0.000000 0.000000
0.171160 -0.104794 0.299651
0.203294 -0.414659 -0.138400
0.000000 0.000000 0.000000
0.752632 -0.255747 -0.209396
0.000000 0.000000 0.000000
0.000000 0.000000 0.000000
0.000000 0.000000 0.000000
0.000000 0.000000 0.000000
0.000000 0.000000 0.000000
0.792206 -0.014480 0.282116
0.000000 0.000000 0.000000
0.773160 0.038373 -0.006015
0.221243 -0.324046 0.299651
0.792206 -0.042251 -0.121001
0.792206 -0.317776 0.253737
0.792206 -0.202918 0.140457
0.000000 0.000000 0.000000
0.000000 0.000000 0.000000
0.000000 0.000000 0.000000
0.000000 0.000000 0.000000
0.773160 -0.519986 0.028187
0.613552 -0.400940 -0.259023
0.000000 0.000000 0.000000
-0.436326 -0.333357 0.299651
0.668898 -0.383385 -0.138400
0.578392 -0.034376 -0.176492
0.000000 0.000000 0.000000
-0.255529 -0.276869 0.298064
0.695998 0.083131 0.298064
-0.091978 -0.352975 -0.246549
0.000000 0.000000 0.000000
0.162305 -0.255747 -0.284568
0.000000 0.000000 0.000000
0.792206 -0.382603 -0.068222
0.000000 0.000000 0.000000
0.000000 0.000000 0.000000
0.000000 0.000000 0.000000
0.000000 0.000000 0.000000
0.000000 0.000000 0.000000
0.623439 -0.190726 0.299651
0.606433 -0.218343 -0.138400
0.000000 0.000000 0.000000
0.000000 0.000000 0.000000
0.000000 0.000000 0.000000
0.000000 0.000000 0.000000
0.107721 -0.309682 -0.138400
0.000000 0.000000 0.000000
0.000000 0.000000 0.000000
0.000000 0.000000 0.000000
0.000000 0.000000 0.000000
0.000000 0.000000 0.000000
0.539973 -0.417759 0.298064
0.000000 0.000000 0.000000
0.000000 0.000000 0.000000
0.000000 0.000000 0.000000
0.000000 0.000000 0.000000
0.000000 0.000000 0.000000
0.000000 0.000000 0.000000
0.594878 -0.505081 -0.239978
0.141728 -0.336692 -0.239978
0.000000 0.000000 0.000000
0.000000 0.000000 0.000000
0.327688 -0.086954 0.299651
0.000000 0.000000 0.000000
0.773160 -0.389534 -0.016100
0.391218 -0.275769 0.298064
0.000000 0.000000 0.000000
0.000000 0.000000 0.000000
0.718903 -0.255747 -0.291950
0.773160 -0.233134 0.024778
0.773160 0.219035 0.144252
0.000000 0.000000 0.000000
0.000000 0.000000 0.000000
0.536336 -0.101771 -0.176492
0.773160 -0.100296 0.178602
0.386405 0.071047 0.298064
0.000000 0.000000 0.000000
0.330728 -0.473107 -0.259023
0.607381 0.102556 0.299651
0.000000 0.000000 0.000000
0.000000 0.000000 0.000000
0.000000 0.000000 0.000000
0.488919 -0.255772 -0.231241
0.679147 -0.012122 -0.138400
0.759212 -0.450783 -0.157446
0.000000 0.000000 0.000000
0.380290 -0.348747 -0.239978
0.000000 0.000000 0.000000
0.731581 -0.218395 -0.138400
0.282322 -0.271643 -0.285633
-0.049508 -0.158770 0.298064
0.000000 0.000000 0.000000
0.179940 -0.255747 -0.210068
0.167016 -0.467419 -0.239978
0.000000 0.000000 0.000000
0.000000 0.000000 0.000000
0.000000 0.000000 0.000000
0.000000 0.000000 0.000000
0.399949 -0.180800 -0.136813
0.501576 -0.043616 0.298064
0.000000 0.000000 0.000000
0.000000 0.000000 0.000000
0.000000 0.000000 0.000000
0.000000 0.000000 0.000000
0.000000 0.000000 0.000000
0.000000 0.000000 0.000000
0.773160 -0.013407 0.102675
0.000000 0.000000 0.000000
0.000000 0.000000 0.000000
0.000000 0.000000 0.000000
0.696265 -0.028772 0.299651
0.000000 0.000000 0.000000
0.790015 0.247014 0.299651
0.000000 0.000000 0.000000
0.000000 0.000000 0.000000
0.596674 -0.308778 -0.138400
0.697594 -0.406526 0.299651
0.465750 -0.412756 -0.138400
0.000000 0.000000 0.000000
0.000000 0.000000 0.000000
0.773160 -0.444504 0.216888
0.286605 -0.380909 0.299651
-0.033587 -0.275237 0.298064
0.000000 0.000000 0.000000
0.000000 0.000000 0.000000
0.000000 0.000000 0.000000
0.000000 0.000000 0.000000
0.000000 0.000000 0.000000
0.000000 0.000000 0.000000
0.000000 0.000000 0.000000
0.300867 -0.336656 -0.136813
0.025336 -0.338614 -0.259023
0.000000 0.000000 0.000000
0.000000 0.000000 0.000000
0.242320 -0.222108 -0.157446
0.000000 0.000000 0.000000
0.000000 0.000000 0.000000
0.773160 -0.426221 0.076876
0.792206 -0.284223 0.167458
0.773160 -0.148045 -0.061020
0.000000 0.000000 0.000000
0.134768 -0.000230 0.299651
0.539420 -0.314638 0.298064
0.000000 0.000000 0.000000
0.790352 -0.161529 -0.155592
0.000000 0.000000 0.000000
0.616161 -0.255747 -0.211293
0.014863 -0.337594 0.299651
0.000000 0.000000 0.000000
0.000000 0.000000 0.000000
0.000000 0.000000 0.000000
0.000000 0.000000 0.000000
0.792206 -0.053794 0.008525
0.000000 0.000000 0.000000
0.662282 -0.329346 -0.259023
0.000000 0.000000 0.000000
0.792206 -0.407236 0.163276
0.000000 0.000000 0.000000
-0.060621 -0.446422 -0.259023
0.000000 0.000000 0.000000
-0.153699 -0.286244 0.299651
0.000000 0.000000 0.000000
0.000000 0.000000 0.000000
0.000000 0.000000 0.000000
0.000000 0.000000 0.000000
0.000000 0.000000 0.000000
0.771573 0.162955 0.213296
0.792206 0.027559 -0.084942
0.108030 -0.284630 0.298064
0.000000 0.000000 0.000000
0.773160 -0.100747 0.248509
0.757516 -0.276090 0.299651
0.000000 0.000000 0.000000
0.000000 0.000000 0.000000
0.000000 0.000000 0.000000
0.714078 -0.530232 -0.138400
0.000000 0.000000 0.000000
0.000000 0.000000 0.000000
-0.633577 -0.367264 0.299651
0.000000 0.000000 0.000000
0.000000 0.000000 0.000000
0.000000 0.000000 0.000000
0.000000 0.000000 0.000000
0.000000 0.000000 0.000000
0.000000 0.000000 0.000000
0.000000 0.000000 0.000000
0.000000 0.000000 0.000000
0.000000 0.000000 0.000000
0.000000 0.000000 0.000000
0.771573 -0.301745 -0.043099
0.771573 0.092357 0.210091
0.000000 0.000000 0.000000
0.000000 0.000000 0.000000
0.000000 0.000000 0.000000
0.000000 0.000000 0.000000
0.000000 0.000000 0.000000
0.000000 0.000000 0.000000
0.685784 -0.255747 -0.226206
0.000000 0.000000 0.000000
0.401223 -0.064571 0.298064
0.000000 0.000000 0.000000
0.000000 0.000000 0.000000
0.709966 -0.229603 0.299651
0.000000 0.000000 0.000000
0.748842 -0.334727 -0.138400
0.029055 -0.120737 0.298064
0.666342 0.173096 0.299651
0.721974 -0.141986 0.299651
0.547245 -0.186711 -0.176492
0.165399 -0.201482 0.299651
0.773160 0.061605 0.074493
0.518075 0.119492 0.298064
0.557467 0.028837 0.299651
0.792206 0.242058 0.237024
0.560712 -0.255772 -0.186913
0.180595 -0.399550 0.298064
0.000000 0.000000 0.000000
0.792206 0.118240 -0.110630
-0.803778 -0.429797 0.299651
0.000000 0.000000 0.000000
0.000000 0.000000 0.000000
0.639262 -0.079366 -0.138400
0.000000 0.000000 0.000000
0.000000 0.000000 0.000000
0.000000 0.000000 0.000000
-0.333733 -0.318218 0.298064
0.000000 0.000000 0.000000
0.000000 0.000000 0.000000
-0.130784 -0.394654 -0.138400
0.000000 0.000000 0.000000
0.000000 0.000000 0.000000
0.000000 0.000000 0.000000
0.792206 -0.367447 0.297937
0.000000 0.000000 0.000000
-0.259668 -0.435167 -0.239978
0.386769 -0.454340 -0.259023
0.223664 -0.317237 -0.259023
0.000000 0.000000 0.000000
0.292769 -0.268309 0.299651
0.000000 0.000000 0.000000
0.575709 -0.330182 -0.259023
0.000000 0.000000 0.000000
0.000000 0.000000 0.000000
0.000000 0.000000 0.000000
0.000000 0.000000 0.000000
0.000000 0.000000 0.000000
0.000000 0.000000 0.000000
0.000000 0.000000 0.000000
0.000000 0.000000 0.000000
0.380463 -0.266496 -0.136813
0.000000 0.000000 0.000000
0.000000 0.000000 0.000000
0.000000 0.000000 0.000000
0.771573 -0.026441 0.197649
0.000000 0.000000 0.000000
0.754115 -0.104607 -0.161980
0.000000 0.000000 0.000000
0.320913 -0.216313 -0.157446
0.000000 0.000000 0.000000
0.000000 0.000000 0.000000
-0.187135 -0.327880 0.298064
0.530077 -0.123593 0.299651
0.000000 0.000000 0.000000
0.773160 -0.173431 0.228910
0.535044 -0.445724 -0.254135
0.773160 -0.232256 0.212276
0.000000 0.000000 0.000000
0.000000 0.000000 0.000000
0.000000 0.000000 0.000000
0.692157 -0.380570 -0.259023
0.000000 0.000000 0.000000
0.000000 0.000000 0.000000
0.000000 0.000000 0.000000
0.732162 -0.295651 -0.138400
0.000000 0.000000 0.000000
0.000000 0.000000 0.000000
0.000000 0.000000 0.000000
0.000000 0.000000 0.000000
0.792206 0.134179 -0.013001
0.792206 -0.273540 0.094721
0.000000 0.000000 0.000000
0.000000 0.000000 0.000000
0.000000 0.000000 0.000000
-0.262273 -0.367474 0.298064
0.000000 0.000000 0.000000
0.000000 0.000000 0.000000
0.000000 0.000000 0.000000
0.000000 0.000000 0.000000
0.088857 -0.087978 0.298064
0.560963 -0.246362 0.299651
0.000000 0.000000 0.000000
0.792206 -0.445319 -0.088708
0.031878 -0.331654 -0.138400
0.000000 0.000000 0.000000
0.000000 0.000000 0.000000
0.000000 0.000000 0.000000
0.000000 0.000000 0.000000
0.473940 -0.353101 0.298064
-0.502870 -0.342464 0.299651
0.792206 -0.529227 0.232919
0.456615 -0.154170 -0.162051
0.596868 -0.147121 -0.138400
0.792206 -0.382660 0.210475
0.000000 0.000000 0.000000
0.000000 0.000000 0.000000
0.429529 -0.328607 -0.239978
0.610314 0.022431 -0.136813
0.000000 0.000000 0.000000
0.080783 -0.292474 -0.259023
0.012541 -0.408003 0.298064
0.000000 0.000000 0.000000
0.000000 0.000000 0.000000
0.418586 -0.219745 0.298064
0.179109 -0.328425 -0.136813
0.000000 0.000000 0.000000
0.771573 0.143483 0.134245
0.329375 0.016111 0.298064
0.679964 -0.505697 -0.259023
0.000000 0.000000 0.000000
0.000000 0.000000 0.000000
0.494079 -0.144386 -0.138400
0.000000 0.000000 0.000000
0.757404 0.016478 0.298064
0.792206 -0.149563 0.090363
0.000000 0.000000 0.000000
0.635008 0.026780 0.299651
0.000000 0.000000 0.000000
0.000000 0.000000 0.000000
0.561047 -0.062615 -0.136813
-0.322177 -0.218554 0.299651
0.175563 -0.247553 -0.136813
0.000000 0.000000 0.000000
0.260213 -0.102153 0.299651
0.000000 0.000000 0.000000
0.792206 0.099545 -0.063994
0.326424 -0.329814 -0.259023
0.000000 0.000000 0.000000
0.771573 0.017386 0.221814
0.000000 0.000000 0.000000
0.000000 0.000000 0.000000
0.000000 0.000000 0.000000
0.780370 0.009553 -0.157446
0.000000 0.000000 0.000000
0.000000 0.000000 0.000000
0.000000 0.000000 0.000000
0.700721 0.256512 0.298064
0.000000 0.000000 0.000000
0.000000 0.000000 0.000000
0.526130 -0.290818 -0.136813
0.000000 0.000000 0.000000
0.000000 0.000000 0.000000
0.000000 0.000000 0.000000
0.000000 0.000000 0.000000
0.000000 0.000000 0.000000
0.771573 -0.335892 0.160870
0.000000 0.000000 0.000000
0.000000 0.000000 0.000000
0.000000 0.000000 0.000000
0.000000 0.000000 0.000000
0.000000 0.000000 0.000000
0.416255 -0.273619 -0.283110
0.000000 0.000000 0.000000
0.342411 -0.332797 0.298064
0.716156 -0.334910 0.298064
0.312318 -0.408455 -0.138400
0.000000 0.000000 0.000000
0.000000 0.000000 0.000000
0.000000 0.000000 0.000000
0.000000 0.000000 0.000000
0.000000 0.000000 0.000000
0.000000 0.000000 0.000000
0.000000 0.000000 0.000000
0.000000 0.000000 0.000000
0.080177 -0.387490 -0.242569
0.209631 -0.026346 0.298064
-0.201638 -0.200589 0.298064
0.000000 0.000000 0.000000
0.000000 0.000000 0.000000
0.665125 -0.284790 -0.136813
0.608466 -0.115460 0.299651
0.671294 -0.218873 -0.136813
0.000000 0.000000 0.000000
0.000000 0.000000 0.000000
0.000000 0.000000 0.000000
0.442168 -0.225881 -0.136813
0.000000 0.000000 0.000000
0.000000 0.000000 0.000000
0.764334 -0.062030 -0.157446
-0.026587 -0.364450 -0.259023
0.465636 -0.255747 -0.296933
0.771573 -0.166230 0.000242
0.000000 0.000000 0.000000
0.000000 0.000000 0.000000
-0.121364 -0.442894 -0.239978
0.792206 -0.384057 -0.154279
0.000000 0.000000 0.000000
0.000000 0.000000 0.000000
0.000000 0.000000 0.000000
0.109930 -0.255772 -0.217015
-0.469168 -0.402105 0.299651
0.465430 -0.272025 0.298064
0.000000 0.000000 0.000000
0.351917 -0.146758 -0.138400
0.449692 -0.423152 -0.254292
0.792206 -0.109382 -0.104663
0.792206 0.130486 0.059599
0.198591 -0.376261 -0.257449
0.000000 0.000000 0.000000
0.000000 0.000000 0.000000
0.705074 -0.084362 -0.138400
0.676443 -0.088546 0.299651
0.000000 0.000000 0.000000
0.000000 0.000000 0.000000
0.000000 0.000000 0.000000
0.000000 0.000000 0.000000
0.773160 -0.044652 -0.061021
0.000000 0.000000 0.000000
0.000000 0.000000 0.000000
-0.053940 -0.400375 -0.138400
-0.376672 -0.280410 0.299651
0.000000 0.000000 0.000000
0.000000 0.000000 0.000000
0.773160 -0.059403 0.124189
0.000000 0.000000 0.000000
0.707355 -0.434274 -0.138400
0.000000 0.000000 0.000000
0.323969 -0.413429 -0.239978
0.000000 0.000000 0.000000
0.000000 0.000000 0.000000
0.131893 -0.408865 -0.248475
0.421064 -0.115156 -0.138400
0.792206 -0.476333 0.148140
0.465757 -0.144354 0.298064
0.000000 0.000000 0.000000
0.000000 0.000000 0.000000
0.000000 0.000000 0.000000
0.000000 0.000000 0.000000
0.000000 0.000000 0.000000
0.773160 -0.453877 -0.029888
0.000000 0.000000 0.000000
0.000000 0.000000 0.000000
0.776925 -0.541432 -0.133567
0.000000 0.000000 0.000000
0.000000 0.000000 0.000000
0.792206 -0.269667 -0.143614
0.773160 -0.354730 0.030162
0.243208 -0.343800 -0.136813
0.000000 0.000000 0.000000
0.000000 0.000000 0.000000
0.000000 0.000000 0.000000
0.000000 0.000000 0.000000
0.203204 -0.188618 -0.157446
0.000000 0.000000 0.000000
-0.176582 -0.408486 -0.249398
0.000000 0.000000 0.000000
0.443923 0.076837 0.298064
0.000000 0.000000 0.000000
0.000000 0.000000 0.000000
0.597397 -0.386184 0.298064
0.000000 0.000000 0.000000
0.000000 0.000000 0.000000
0.000000 0.000000 0.000000
0.277819 -0.039462 0.299651
0.771573 -0.221907 0.269585
0.000000 0.000000 0.000000
0.000000 0.000000 0.000000
0.000000 0.000000 0.000000
0.000000 0.000000 0.000000
0.234744 -0.255772 -0.173274
0.000000 0.000000 0.000000
0.000000 0.000000 0.000000
0.000000 0.000000 0.000000
0.123584 -0.230734 -0.138400
0.000000 0.000000 0.000000
0.773160 -0.190392 -0.095804
0.000000 0.000000 0.000000
0.706500 -0.329478 -0.232710
0.000000 0.000000 0.000000
0.771573 -0.040120 0.059704
-0.655585 -0.416892 0.299651
0.713225 -0.169322 -0.157446
0.773160 0.119043 0.105432
0.000000 0.000000 0.000000
0.000000 0.000000 0.000000
0.000000 0.000000 0.000000
0.411967 -0.355480 0.298064
0.000000 0.000000 0.000000
0.000000 0.000000 0.000000
0.000000 0.000000 0.000000
0.000000 0.000000 0.000000
0.342979 -0.408323 0.299651
0.792206 -0.221759 0.077661
0.000000 0.000000 0.000000
0.000000 0.000000 0.000000
0.000000 0.000000 0.000000
0.000000 0.000000 0.000000
0.755474 0.300269 0.298064
0.792206 -0.257415 -0.013137
0.706500 -0.321950 -0.184214
0.000000 0.000000 0.000000
0.592719 0.175693 0.298064
0.000000 0.000000 0.000000
0.734476 -0.089586 0.298064
-0.005723 -0.451497 -0.259023
0.000000 0.000000 0.000000
0.000000 0.000000 0.000000
0.274543 -0.476757 -0.248841
0.000000 0.000000 0.000000
-0.071242 -0.227006 0.298064
0.000000 0.000000 0.000000
-0.192811 -0.356472 -0.138400
0.473577 -0.101357 -0.157446
0.792206 -0.050963 0.237502
0.783680 -0.217425 -0.148920
0.000000 0.000000 0.000000
0.000000 0.000000 0.000000
-0.561888 -0.356408 0.298064
0.000000 0.000000 0.000000
0.392250 -0.138362 -0.170101
0.000000 0.000000 0.000000
0.000000 0.000000 0.000000
0.000000 0.000000 0.000000
0.000000 0.000000 0.000000
0.000000 0.000000 0.000000
0.221350 -0.450681 -0.259023
0.000000 0.000000 0.000000
0.000000 0.000000 0.000000
0.000000 0.000000 0.000000
0.771573 -0.290526 0.041394
0.000000 0.000000 0.000000
0.556063 -0.257996 -0.239978
0.000000 0.000000 0.000000
0.000000 0.000000 0.000000
0.000000 0.000000 0.000000
0.000000 0.000000 0.000000
0.000000 0.000000 0.000000
0.000000 0.000000 0.000000
0.000000 0.000000 0.000000
0.000000 0.000000 0.000000
0.000000 0.000000 0.000000
0.166174 -0.303085 0.298064
0.000000 0.000000 0.000000
0.082731 -0.022088 0.298064
0.000000 0.000000 0.000000
-0.024464 -0.277026 -0.136813
0.000000 0.000000 0.000000
-0.377322 -0.355894 0.298064
0.224505 -0.255747 -0.248288
0.000000 0.000000 0.000000
0.000000 0.000000 0.000000
0.000000 0.000000 0.000000
0.000000 0.000000 0.000000
0.650325 -0.129555 -0.136813
0.000000 0.000000 0.000000
0.000000 0.000000 0.000000
0.000000 0.000000 0.000000
0.396432 -0.316877 -0.138400
0.000000 0.000000 0.000000
0.000000 0.000000 0.000000
0.000000 0.000000 0.000000
0.520059 -0.023782 -0.136813
0.000000 0.000000 0.000000
0.000000 0.000000 0.000000
0.352257 -0.255747 -0.271268
0.524942 -0.405574 -0.138400
0.361130 -0.213218 0.298064
0.790311 -0.109478 0.299651
0.000000 0.000000 0.000000
0.000000 0.000000 0.000000
0.000000 0.000000 0.000000
0.000000 0.000000 0.000000
0.000000 0.000000 0.000000
0.773160 -0.211814 -0.042526
0.000000 0.000000 0.000000
0.000000 0.000000 0.000000
0.679665 -0.179085 0.299651
0.000000 0.000000 0.000000
0.792206 -0.467442 0.041017
0.008466 -0.067442 0.298064
0.223890 -0.289975 -0.136813
0.000000 0.000000 0.000000
0.000000 0.000000 0.000000
0.000000 0.000000 0.000000
0.561582 -0.171319 0.299651
0.000000 0.000000 0.000000
0.000000 0.000000 0.000000
0.000000 0.000000 0.000000
0.000000 0.000000 0.000000
0.000000 0.000000 0.000000
0.145940 -0.374434 -0.136813
0.284199 -0.188916 -0.136813
0.000000 0.000000 0.000000
0.000000 0.000000 0.000000
0.000000 0.000000 0.000000
0.000000 0.000000 0.000000
0.000000 0.000000 0.000000
0.292226 -0.255747 -0.149651
0.000000 0.000000 0.000000
0.000000 0.000000 0.000000
0.000000 0.000000 0.000000
0.000000 0.000000 0.000000
0.000000 0.000000 0.000000
0.000000 0.000000 0.000000
0.460443 -0.358315 -0.138400
0.000000 0.000000 0.000000
0.000000 0.000000 0.000000
0.792206 -0.427303 0.266404
0.000000 0.000000 0.000000
0.000000 0.000000 0.000000
-0.074082 -0.095192 0.299651
0.677933 -0.074479 -0.176347
0.732317 -0.135813 -0.176492
0.000000 0.000000 0.000000
0.000000 0.000000 0.000000
0.655380 -0.428312 -0.239978
0.000000 0.000000 0.000000
0.638630 -0.195502 -0.157446
0.000000 0.000000 0.000000
