0.369159 -0.173162 0.000000
0.000000 0.000000 0.000000
0.050112 0.998744 0.000000
0.140621 0.376205 0.000000
0.000000 0.000000 0.000000
0.000000 0.000000 0.000000
0.431188 0.161481 -0.000000
0.000000 0.000000 0.000000
0.155362 0.703067 0.000000
-0.184336 0.736738 0.000000
0.000000 0.000000 0.000000
0.000000 0.000000 0.000000
0.219729 0.014179 0.000000
0.000000 0.000000 0.000000
-0.047723 0.496062 0.000000
0.318836 0.487658 -0.000000
0.000000 0.000000 0.000000
0.174813 0.808027 0.000000
0.000000 0.000000 0.000000
0.202306 0.223801 0.000000
0.010605 0.798946 0.000000
0.000000 0.000000 0.000000
0.409652 -0.020412 0.000000
0.159556 0.825956 0.000000
0.000000 0.000000 0.000000
0.348347 0.315192 0.000000
0.137349 0.541649 0.000000
0.000000 0.000000 0.000000
-0.027526 0.638786 -0.000000
0.000000 0.000000 0.000000
0.000000 0.000000 0.000000
0.000000 0.000000 0.000000
0.000000 0.000000 0.000000
-0.077506 0.912534 0.000000
0.000000 0.000000 0.000000
0.000000 0.000000 0.000000
0.000000 0.000000 0.000000
0.344747 -0.076009 0.000000
0.320688 0.061015 0.000000
0.000000 0.000000 0.000000
0.000000 0.000000 0.000000
0.000000 0.000000 0.000000
0.000000 0.000000 0.000000
0.012112 0.390513 0.000000
0.261559 0.595446 0.000000
0.311314 0.200933 0.000000
0.000000 0.000000 0.000000
0.078154 0.503496 0.000000
-0.136250 0.830106 0.000000
0.353694 0.359435 0.000000
-0.048488 0.613290 0.000000
-0.070211 0.732316 0.000000
0.000000 0.000000 0.000000
0.000000 0.000000 0.000000
0.080398 0.629974 0.000000
0.072399 0.276300 0.000000
0.247424 0.444964 0.000000
0.000000 0.000000 0.000000
0.000000 0.000000 0.000000
0.044322 0.914343 0.000000
0.000000 0.000000 0.000000
0.000000 0.000000 0.000000
0.000000 0.000000 0.000000
0.000000 0.000000 0.000000
0.409656 -0.135191 0.000000
0.234340 0.328705 0.000000
0.000000 0.000000 0.000000
0.119197 0.721898 0.000000
-0.147446 0.664028 0.000000
0.000000 0.000000 0.000000
0.000000 0.000000 0.000000
0.227767 0.125037 0.000000
0.000000 0.000000 0.000000
0.094653 0.831497 0.000000
0.111685 0.190216 0.000000
0.000000 0.000000 0.000000
0.220107 0.439996 0.000000
0.423781 0.064777 -0.000000
0.000000 0.000000 0.000000
0.000000 0.000000 0.000000
0.000000 0.000000 0.000000
0.000000 0.000000 0.000000
0.297426 0.157061 0.000000
0.000000 0.000000 0.000000
0.000000 0.000000 0.000000
0.081445 0.657088 0.000000
0.000000 0.000000 0.000000
0.169682 0.615652 0.000000
0.023461 0.555747 0.000000
0.203520 0.527409 -0.000000
-0.045083 0.856377 0.000000
0.383745 -0.266692 -0.000000
0.286640 0.255187 -0.000000
0.000000 0.000000 0.000000
-0.045863 0.961140 -0.000000
0.000000 0.000000 0.000000
0.000000 0.000000 0.000000
-0.021854 0.720695 0.000000
-0.007297 0.442392 0.000000
0.000000 0.000000 0.000000
0.388769 0.245259 0.000000
0.000000 0.000000 0.000000
0.000000 0.000000 0.000000
0.000000 0.000000 0.000000
0.000000 0.000000 0.000000
0.248064 -0.068235 0.000000
0.077098 0.435984 0.000000
0.132306 0.174550 0.000000
0.000000 0.000000 0.000000
0.000000 0.000000 0.000000
0.000000 0.000000 0.000000
0.000000 0.000000 0.000000
0.000000 0.000000 0.000000
0.000000 0.000000 0.000000
0.000000 0.000000 0.000000
0.000000 0.000000 0.000000
0.000000 0.000000 0.000000
0.000000 0.000000 0.000000
0.079161 0.334957 0.000000
-0.187615 0.806893 0.000000
0.000000 0.000000 0.000000
0.000000 0.000000 0.000000
0.000000 0.000000 0.000000
0.302545 -0.004848 0.000000
0.147049 0.274878 -0.000000
0.000000 0.000000 0.000000
0.049594 0.867480 0.000000
-0.119109 0.583972 0.000000
0.053254 0.743390 -0.000000
0.153953 0.472131 0.000000
0.000000 0.000000 0.000000
0.000000 0.000000 0.000000
0.000000 0.000000 0.000000
0.000000 0.000000 0.000000
0.180711 0.279146 0.000000
0.000000 0.000000 0.000000
0.000000 0.000000 0.000000
0.314957 0.423325 0.000000
0.000000 0.000000 0.000000
0.361415 0.111109 0.000000
0.000000 0.000000 0.000000
0.232379 0.652619 -0.000000
0.293093 0.557666 0.000000
0.000000 0.000000 0.000000
0.000000 0.000000 0.000000
0.000000 0.000000 0.000000
0.000000 0.000000 0.000000
0.000000 0.000000 0.000000
0.243691 0.225499 -0.000000
0.000000 0.000000 0.000000
-0.121605 0.767027 0.000000
0.000000 0.000000 0.000000
0.292617 -0.116305 0.000000
0.269088 0.393636 0.000000
0.000000 0.000000 0.000000
0.369396 0.178177 0.000000
0.000000 0.000000 0.000000
0.000000 0.000000 0.000000
0.000000 0.000000 0.000000
0.000000 0.000000 0.000000
0.000000 0.000000 0.000000
0.004918 0.356841 0.000000
0.000000 0.000000 0.000000
-0.026276 0.554445 0.000000
0.000000 0.000000 0.000000
0.000000 0.000000 0.000000
0.000000 0.000000 0.000000
0.000000 0.000000 0.000000
0.000000 0.000000 0.000000
0.000000 0.000000 0.000000
0.000000 0.000000 0.000000
0.000000 0.000000 0.000000
0.000000 0.000000 0.000000
0.000000 0.000000 0.000000
0.000000 0.000000 0.000000
0.000000 0.000000 0.000000
0.000000 0.000000 0.000000
0.356422 -0.029541 0.000000
0.000000 0.000000 0.000000
-0.090542 0.882499 0.000000
0.000000 0.000000 0.000000
-0.058940 0.800349 0.000000
0.000000 0.000000 0.000000
0.399902 -0.073928 0.000000
0.000000 0.000000 0.000000
0.171447 0.758960 0.000000
-0.079055 0.625251 0.000000
0.201717 0.381557 0.000000
0.101832 0.579183 -0.000000
-0.006862 0.879759 0.000000
0.000000 0.000000 0.000000
0.219622 0.073188 0.000000
0.322556 -0.127518 0.000000
0.000000 0.000000 0.000000
0.000000 0.000000 0.000000
0.000000 0.000000 0.000000
-0.060713 0.677903 0.000000
0.000000 0.000000 0.000000
0.000000 0.000000 0.000000
0.000000 0.000000 0.000000
0.294053 0.338076 0.000000
0.172304 0.126448 0.000000
0.071373 0.402169 0.000000
0.235538 0.276759 -0.000000
0.149775 0.320295 0.000000
0.147980 0.416259 0.000000
0.271651 0.086386 0.000000
0.000000 0.000000 0.000000
0.000000 0.000000 0.000000
0.024527 0.499821 -0.000000
0.000000 0.000000 0.000000
0.092861 0.775567 0.000000
0.000000 0.000000 0.000000
0.000000 0.000000 0.000000
0.000000 0.000000 0.000000
0.000000 0.000000 0.000000
0.000000 0.000000 0.000000
0.000000 0.000000 0.000000
0.352476 -0.146868 0.000000
0.028166 0.627173 -0.000000
0.000000 0.000000 0.000000
0.000000 0.000000 0.000000
0.000000 0.000000 0.000000
0.167271 0.073610 -0.000000
0.000000 0.000000 0.000000
0.035686 0.688508 0.000000
0.000000 0.000000 0.000000
0.000000 0.000000 0.000000
0.000000 0.000000 0.000000
0.000000 0.000000 0.000000
0.165012 0.216976 0.000000
0.265887 0.489324 0.000000
0.000000 0.000000 0.000000
-0.000066 0.960654 0.000000
0.000000 0.000000 0.000000
0.000000 0.000000 0.000000
0.000000 0.000000 0.000000
0.000000 0.000000 0.000000
-0.110471 0.713840 0.000000
0.000000 0.000000 0.000000
0.000000 0.000000 0.000000
0.000000 0.000000 0.000000
-0.081536 0.823492 0.000000
0.000000 0.000000 0.000000
0.378456 0.021920 -0.000000
0.420579 0.018018 -0.000000
0.236372 0.547015 -0.000000
0.000000 0.000000 0.000000
0.378705 0.311923 0.000000
0.000000 0.000000 0.000000
0.000000 0.000000 0.000000
-0.020648 0.755961 0.000000
0.333312 0.243655 0.000000
0.132748 0.851485 0.000000
0.247730 0.153291 0.000000
0.000000 0.000000 0.000000
0.000000 0.000000 0.000000
0.000000 0.000000 0.000000
0.168802 0.652564 0.000000
0.000000 0.000000 0.000000
0.198228 0.179179 0.000000
0.000000 0.000000 0.000000
0.051114 0.817080 0.000000
0.000000 0.000000 0.000000
0.000000 0.000000 0.000000
0.000000 0.000000 0.000000
0.000000 0.000000 0.000000
0.000000 0.000000 0.000000
0.000000 0.000000 0.000000
0.355263 0.030494 0.000000
0.204014 0.594979 0.000000
0.205330 0.479010 0.000000
0.090769 0.880610 0.000000
0.321859 -0.183309 0.000000
0.000000 0.000000 0.000000
0.108487 0.686725 0.000000
0.035792 0.311832 0.000000
0.000000 0.000000 0.000000
0.156932 0.516869 0.000000
0.000000 0.000000 0.000000
0.000000 0.000000 0.000000
0.412889 0.208238 -0.000000
0.000000 0.000000 0.000000
0.000000 0.000000 0.000000
0.000000 0.000000 0.000000
0.126531 0.640384 -0.000000
0.000000 0.000000 0.000000
0.000000 0.000000 0.000000
0.000000 0.000000 0.000000
-0.000779 0.996083 0.000000
0.060806 0.587959 0.000000
0.000000 0.000000 0.000000
0.000000 0.000000 0.000000
0.000000 0.000000 0.000000
0.000000 0.000000 0.000000
0.000000 0.000000 0.000000
-0.126452 0.797578 0.000000
0.000000 0.000000 0.000000
0.000000 0.000000 0.000000
0.000000 0.000000 0.000000
0.000000 0.000000 0.000000
0.000000 0.000000 0.000000
0.314209 0.387740 0.000000
0.408642 0.120387 -0.000000
0.355111 -0.212963 0.000000
0.000000 0.000000 0.000000
0.116878 0.487382 -0.000000
0.263877 0.028026 0.000000
0.365293 -0.105383 0.000000
0.000000 0.000000 0.000000
0.095728 0.374113 -0.000000
0.000000 0.000000 0.000000
0.259734 -0.028084 0.000000
0.000000 0.000000 0.000000
0.000000 0.000000 0.000000
0.290372 -0.051872 0.000000
0.306708 0.301719 0.000000
0.000000 0.000000 0.000000
0.141513 0.123212 0.000000
0.094908 0.311231 0.000000
0.000000 0.000000 0.000000
0.115678 0.261925 0.000000
0.000000 0.000000 0.000000
0.000000 0.000000 0.000000
0.000000 0.000000 0.000000
0.313081 0.116164 0.000000
0.000000 0.000000 0.000000
0.000000 0.000000 0.000000
0.137905 0.585924 0.000000
0.000000 0.000000 0.000000
0.093365 0.544554 0.000000
0.000000 0.000000 0.000000
0.053798 0.358614 0.000000
0.000000 0.000000 0.000000
0.000000 0.000000 0.000000
0.000000 0.000000 0.000000
0.358230 0.403641 0.000000
0.000000 0.000000 0.000000
0.422348 -0.062742 0.000000
0.279676 0.515785 0.000000
0.000000 0.000000 0.000000
0.000000 0.000000 0.000000
0.000000 0.000000 0.000000
-0.015263 0.484969 -0.000000
0.081390 0.716260 0.000000
-0.108471 0.666244 0.000000
0.341918 0.167826 0.000000
-0.209806 0.772554 0.000000
0.263494 0.300628 0.000000
0.000000 0.000000 0.000000
0.000000 0.000000 0.000000
0.000000 0.000000 0.000000
0.000000 0.000000 0.000000
0.135759 0.780427 0.000000
0.000000 0.000000 0.000000
-0.015005 0.924506 0.000000
-0.021960 0.673057 0.000000
0.000000 0.000000 0.000000
0.000000 0.000000 0.000000
0.385763 0.075937 0.000000
-0.020921 0.823933 0.000000
-0.048791 0.885331 0.000000
0.000000 0.000000 0.000000
0.000000 0.000000 0.000000
0.169609 0.564637 0.000000
0.000000 0.000000 0.000000
0.045574 0.957773 0.000000
0.000000 0.000000 0.000000
0.000000 0.000000 0.000000
0.326607 0.447400 0.000000
0.023905 0.757403 0.000000
0.000000 0.000000 0.000000
0.000000 0.000000 0.000000
0.000000 0.000000 0.000000
-0.083153 0.562812 0.000000
0.015589 0.843398 0.000000
0.033402 0.435600 0.000000
0.000000 0.000000 0.000000
0.000000 0.000000 0.000000
0.000000 0.000000 0.000000
0.000000 0.000000 0.000000
0.000000 0.000000 0.000000
0.000000 0.000000 0.000000
0.000000 0.000000 0.000000
0.000000 0.000000 0.000000
0.362599 0.273064 0.000000
0.000000 0.000000 0.000000
0.009687 0.683802 -0.000000
0.000000 0.000000 0.000000
0.000000 0.000000 0.000000
0.000000 0.000000 0.000000
0.000000 0.000000 0.000000
0.270307 0.197741 0.000000
0.000000 0.000000 0.000000
0.000000 0.000000 0.000000
0.000000 0.000000 0.000000
0.000000 0.000000 0.000000
0.000000 0.000000 0.000000
0.000000 0.000000 0.000000
0.129905 0.210718 0.000000
0.000000 0.000000 0.000000
0.000000 0.000000 0.000000
-0.121643 0.622783 0.000000
0.109572 0.411351 0.000000
0.000000 0.000000 0.000000
0.000000 0.000000 0.000000
0.000000 0.000000 0.000000
0.000000 0.000000 0.000000
0.000000 0.000000 0.000000
0.000000 0.000000 0.000000
0.333151 0.006203 0.000000
0.225045 0.196709 0.000000
0.000000 0.000000 0.000000
-0.145003 0.737821 0.000000
0.000000 0.000000 0.000000
0.000000 0.000000 0.000000
0.000000 0.000000 0.000000
0.042309 0.658789 0.000000
0.053302 0.549774 0.000000
0.000000 0.000000 0.000000
0.041987 0.784252 0.000000
0.000000 0.000000 0.000000
0.000000 0.000000 0.000000
-0.061820 0.579396 0.000000
0.000000 0.000000 0.000000
0.104852 0.461304 0.000000
0.000000 0.000000 0.000000
0.000000 0.000000 0.000000
0.000000 0.000000 0.000000
0.000000 0.000000 0.000000
0.010478 0.594244 0.000000
0.000000 0.000000 0.000000
-0.106386 0.744159 0.000000
0.233310 0.507059 0.000000
0.000000 0.000000 0.000000
0.000000 0.000000 0.000000
0.295174 -0.152539 0.000000
0.000000 0.000000 0.000000
0.337859 0.217212 0.000000
0.000000 0.000000 0.000000
0.000000 0.000000 0.000000
-0.059215 0.541464 0.000000
0.184247 0.435606 0.000000
0.000000 0.000000 0.000000
0.000000 0.000000 0.000000
0.000000 0.000000 0.000000
0.273239 0.130622 0.000000
0.324435 -0.041212 0.000000
0.000000 0.000000 0.000000
-0.039596 0.462313 0.000000
0.000000 0.000000 0.000000
0.037021 0.463673 -0.000000
0.000000 0.000000 0.000000
0.000000 0.000000 0.000000
-0.088759 0.796529 0.000000
0.000000 0.000000 0.000000
0.249264 0.051077 0.000000
0.364604 -0.060708 0.000000
0.262025 0.421443 0.000000
0.000000 0.000000 0.000000
0.315775 -0.087932 0.000000
-0.078935 0.765266 0.000000
0.000000 0.000000 0.000000
0.000000 0.000000 0.000000
0.000000 0.000000 0.000000
0.000000 0.000000 0.000000
-0.100787 0.848378 -0.000000
0.000000 0.000000 0.000000
0.000000 0.000000 0.000000
0.000000 0.000000 0.000000
0.000000 0.000000 0.000000
0.000000 0.000000 0.000000
0.116500 0.807007 -0.000000
0.000000 0.000000 0.000000
0.320660 0.037198 0.000000
0.109610 0.519775 0.000000
0.209551 0.303892 0.000000
0.000000 0.000000 0.000000
0.213598 0.162126 0.000000
0.000000 0.000000 0.000000
0.182929 0.247133 -0.000000
0.172614 0.362106 0.000000
0.000000 0.000000 0.000000
0.263535 0.351579 -0.000000
0.000000 0.000000 0.000000
0.000000 0.000000 0.000000
0.000000 0.000000 0.000000
0.181942 0.402740 0.000000
0.000000 0.000000 0.000000
0.014995 0.930397 0.000000
0.000000 0.000000 0.000000
0.000000 0.000000 0.000000
0.000000 0.000000 0.000000
-0.024540 0.794188 0.000000
0.000000 0.000000 0.000000
0.000000 0.000000 0.000000
0.000000 0.000000 0.000000
0.000000 0.000000 0.000000
0.000000 0.000000 0.000000
0.000000 0.000000 0.000000
0.000000 0.000000 0.000000
0.415193 -0.096291 0.000000
0.000000 0.000000 0.000000
0.000000 0.000000 0.000000
-0.145350 0.627666 0.000000
0.000000 0.000000 0.000000
0.000000 0.000000 0.000000
0.190506 0.091521 0.000000
-0.020692 0.599457 -0.000000
0.225483 0.623216 0.000000
-0.071528 0.655403 0.000000
0.000000 0.000000 0.000000
0.267607 -0.094418 -0.000000
0.000000 0.000000 0.000000
0.000000 0.000000 0.000000
-0.157064 0.804557 0.000000
0.000000 0.000000 0.000000
0.295842 0.368590 0.000000
0.130231 0.343257 0.000000
0.000000 0.000000 0.000000
0.000000 0.000000 0.000000
0.000000 0.000000 0.000000
0.000000 0.000000 0.000000
0.000000 0.000000 0.000000
0.000000 0.000000 0.000000
0.000000 0.000000 0.000000
0.233824 -0.030386 0.000000
0.000000 0.000000 0.000000
0.000000 0.000000 0.000000
0.078529 0.756825 0.000000
0.258057 0.571313 0.000000
0.000000 0.000000 0.000000
0.000000 0.000000 0.000000
0.397126 0.172953 0.000000
0.124274 0.436940 0.000000
0.000000 0.000000 0.000000
0.000000 0.000000 0.000000
0.401269 -0.176512 0.000000
0.000000 0.000000 0.000000
0.000000 0.000000 0.000000
0.000000 0.000000 0.000000
0.000000 0.000000 0.000000
0.000000 0.000000 0.000000
0.000000 0.000000 0.000000
0.000000 0.000000 0.000000
0.000000 0.000000 0.000000
0.197944 0.122742 0.000000
0.175662 0.484849 0.000000
0.000000 0.000000 0.000000
0.000000 0.000000 0.000000
0.000000 0.000000 0.000000
0.000000 0.000000 0.000000
0.215271 0.352672 0.000000
0.000000 0.000000 0.000000
0.009439 0.716617 -0.000000
0.000000 0.000000 0.000000
0.377653 -0.239535 0.000000
0.231752 0.098038 -0.000000
0.329236 0.279997 0.000000
0.334144 0.092648 0.000000
0.000000 0.000000 0.000000
0.347288 0.136383 0.000000
0.000000 0.000000 0.000000
0.262732 0.265372 0.000000
0.000000 0.000000 0.000000
0.381537 0.211133 -0.000000
0.000000 0.000000 0.000000
0.000000 0.000000 0.000000
0.000000 0.000000 0.000000
0.000000 0.000000 0.000000
0.000000 0.000000 0.000000
0.173346 0.303975 -0.000000
0.000000 0.000000 0.000000
0.000000 0.000000 0.000000
0.000000 0.000000 0.000000
0.239399 0.384240 0.000000
0.381609 -0.008236 0.000000
0.153144 0.250516 -0.000000
0.000000 0.000000 0.000000
0.000000 0.000000 0.000000
0.222605 0.409580 0.000000
0.000000 0.000000 0.000000
0.000000 0.000000 0.000000
0.141278 0.755478 0.000000
0.066600 0.468802 0.000000
-0.042387 0.930491 0.000000
0.000000 0.000000 0.000000
0.000000 0.000000 0.000000
0.049498 0.492407 0.000000
0.000000 0.000000 0.000000
0.011572 0.471295 0.000000
0.235462 0.476181 -0.000000
0.000000 0.000000 0.000000
0.000000 0.000000 0.000000
0.000000 0.000000 0.000000
0.185223 0.049170 -0.000000
0.000000 0.000000 0.000000
0.000000 0.000000 0.000000
0.000000 0.000000 0.000000
0.000000 0.000000 0.000000
0.000000 0.000000 0.000000
-0.090401 0.593750 0.000000
0.007403 0.524659 0.000000
0.000000 0.000000 0.000000
0.101913 0.608226 0.000000
0.383716 -0.206044 -0.000000
0.389498 0.283782 -0.000000
0.000000 0.000000 0.000000
0.000000 0.000000 0.000000
0.190625 0.779441 0.000000
0.072856 0.911093 0.000000
0.000000 0.000000 0.000000
0.228706 0.578388 0.000000
-0.049237 0.828325 0.000000
0.210587 0.554792 0.000000
0.418982 0.237104 0.000000
-0.000345 0.643741 0.000000
0.037207 0.406957 0.000000
0.000000 0.000000 0.000000
0.000000 0.000000 0.000000
-0.019112 0.846286 -0.000000
0.000000 0.000000 0.000000
0.000000 0.000000 0.000000
0.000000 0.000000 0.000000
-0.020059 0.513797 0.000000
-0.103785 0.545260 0.000000
0.000000 0.000000 0.000000
0.000000 0.000000 0.000000
0.000000 0.000000 0.000000
0.000000 0.000000 0.000000
0.000000 0.000000 0.000000
0.216355 0.243897 -0.000000
0.000000 0.000000 0.000000
0.000000 0.000000 0.000000
0.370833 0.148917 -0.000000
0.160511 0.442100 0.000000
0.000000 0.000000 0.000000
0.000000 0.000000 0.000000
0.000000 0.000000 0.000000
0.000000 0.000000 0.000000
0.000000 0.000000 0.000000
0.137666 0.614216 0.000000
0.087787 0.251209 0.000000
0.000000 0.000000 0.000000
-0.073828 0.851216 0.000000
0.315839 0.323866 0.000000
0.000000 0.000000 0.000000
0.000000 0.000000 0.000000
0.019430 0.890686 0.000000
0.000000 0.000000 0.000000
0.061485 0.677375 0.000000
0.289279 0.422156 0.000000
0.000000 0.000000 0.000000
0.027894 0.820373 0.000000
0.000000 0.000000 0.000000
0.138176 0.680628 0.000000
0.000000 0.000000 0.000000
0.000000 0.000000 0.000000
0.366730 0.055834 0.000000
0.131272 0.303485 0.000000
0.251487 0.003281 0.000000
0.434403 -0.006481 -0.000000
0.000000 0.000000 0.000000
0.343100 0.385370 -0.000000
0.000000 0.000000 0.000000
0.293580 0.483659 0.000000
0.190494 0.670201 0.000000
0.000000 0.000000 0.000000
-0.075478 0.519255 0.000000
0.263776 0.327620 0.000000
0.000000 0.000000 0.000000
-0.097327 0.640475 0.000000
0.000000 0.000000 0.000000
0.000000 0.000000 0.000000
0.000000 0.000000 0.000000
0.000000 0.000000 0.000000
0.342159 -0.168112 -0.000000
0.000000 0.000000 0.000000
0.000000 0.000000 0.000000
0.360660 0.233049 0.000000
0.324229 0.363231 0.000000
0.382869 -0.142235 -0.000000
0.000000 0.000000 0.000000
0.084685 0.801966 0.000000
0.000000 0.000000 0.000000
0.060669 0.841970 0.000000
0.000000 0.000000 0.000000
0.000000 0.000000 0.000000
0.000000 0.000000 0.000000
0.164553 0.190606 0.000000
-0.053468 0.704178 0.000000
0.000000 0.000000 0.000000
0.000000 0.000000 0.000000
0.034880 0.348139 0.000000
0.298250 0.080431 0.000000
0.000000 0.000000 0.000000
0.000000 0.000000 0.000000
0.000000 0.000000 0.000000
0.281651 -0.014012 0.000000
0.000000 0.000000 0.000000
0.098354 0.737492 0.000000
0.000000 0.000000 0.000000
0.253305 0.527632 0.000000
0.000000 0.000000 0.000000
0.000000 0.000000 0.000000
0.399030 0.039339 -0.000000
0.000000 0.000000 0.000000
0.000000 0.000000 0.000000
0.000000 0.000000 0.000000
-0.126677 0.646425 0.000000
0.000000 0.000000 0.000000
0.419358 0.089452 -0.000000
0.000000 0.000000 0.000000
0.153932 0.093869 0.000000
0.255504 0.110307 0.000000
0.000000 0.000000 0.000000
0.000000 0.000000 0.000000
