-0.259261 -0.058803 -0.097494
0.000000 0.000000 0.000000
-0.221135 -0.357029 0.124619
-0.031416 0.110027 -0.244252
-0.229569 -0.178188 -0.529720
0.000000 0.000000 0.000000
-0.357807 -0.556292 -0.585057
0.000000 0.000000 0.000000
0.264167 0.481395 0.248475
0.251211 -0.043846 -0.621296
0.000000 0.000000 0.000000
0.000000 0.000000 0.000000
0.000000 0.000000 0.000000
0.000000 0.000000 0.000000
-0.419422 -0.475496 -0.113681
0.000000 0.000000 0.000000
0.169012 0.108839 -0.358830
0.000000 0.000000 0.000000
0.000000 0.000000 0.000000
0.292447 0.271425 0.260695
0.000000 0.000000 0.000000
-0.092970 0.105028 -0.625318
0.116789 0.067823 -0.008185
0.000000 0.000000 0.000000
0.000000 0.000000 0.000000
-0.278003 -0.394415 -0.205516
0.154209 0.063950 -0.381970
-0.106516 0.112615 0.005484
0.000000 0.000000 0.000000
0.000000 0.000000 0.000000
-0.145570 0.064275 -0.350301
0.000000 0.000000 0.000000
-0.259985 -0.400281 -0.416627
0.005299 -0.186334 -0.680788
0.000000 0.000000 0.000000
0.000000 0.000000 0.000000
-0.271162 -0.206534 -0.337166
-0.252520 0.002214 -0.485685
0.000000 0.000000 0.000000
0.000000 0.000000 0.000000
0.000000 0.000000 0.000000
0.000000 0.000000 0.000000
0.137156 0.355708 0.216266
0.000000 0.000000 0.000000
0.084975 0.584681 0.210566
0.155315 0.061728 -0.596179
0.026325 0.110071 -0.240001
-0.403530 -0.636636 -0.287636
-0.228610 0.110141 -0.199822
-0.216462 -0.112657 0.107474
0.000000 0.000000 0.000000
0.000000 0.000000 0.000000
0.000000 0.000000 0.000000
0.000000 0.000000 0.000000
-0.114952 0.063640 -0.411534
0.000000 0.000000 0.000000
0.182757 0.694934 0.224673
-0.137723 -0.479772 -0.587800
-0.246447 -0.342922 0.010142
0.000000 0.000000 0.000000
0.023350 0.151963 -0.477309
0.000000 0.000000 0.000000
0.046612 0.067524 -0.037018
-0.272704 -0.059952 -0.257190
-0.391848 -0.278035 -0.091091
0.000000 0.000000 0.000000
-0.007394 0.158163 0.120732
0.000000 0.000000 0.000000
0.026377 0.069375 0.141522
-0.406894 -0.404819 -0.304029
-0.419422 -0.566741 0.005164
0.000000 0.000000 0.000000
0.232209 0.144977 0.015327
-0.334512 -0.556292 -0.430004
0.216028 0.110868 -0.163144
0.010042 -0.026642 -0.690759
0.000000 0.000000 0.000000
0.000000 0.000000 0.000000
0.000000 0.000000 0.000000
0.000000 0.000000 0.000000
0.278775 0.111207 -0.473694
0.092905 0.069629 0.165991
-0.148864 0.066654 -0.120804
0.000000 0.000000 0.000000
0.000000 0.000000 0.000000
0.000000 0.000000 0.000000
-0.128213 -0.281389 -0.625470
-0.202817 0.094754 0.116960
-0.265749 -0.282892 -0.397040
-0.151618 -0.018262 -0.628768
-0.191524 0.126347 -0.462405
0.075388 0.005457 -0.691885
0.000000 0.000000 0.000000
0.000000 0.000000 0.000000
-0.283620 -0.543478 -0.304029
0.029339 0.063380 -0.436873
0.000000 0.000000 0.000000
-0.234974 -0.472522 -0.476656
0.000000 0.000000 0.000000
-0.267899 -0.228221 -0.154039
0.000000 0.000000 0.000000
0.000000 0.000000 0.000000
-0.089033 0.065293 -0.252150
0.019551 0.433518 0.210127
0.000000 0.000000 0.000000
0.319098 0.675781 0.277240
0.000000 0.000000 0.000000
0.000000 0.000000 0.000000
0.006280 0.155740 -0.112948
0.078709 0.066674 -0.119010
-0.219957 0.099737 0.034423
0.000000 0.000000 0.000000
0.092964 0.188539 0.211315
-0.031516 0.111183 -0.132742
0.151998 0.154734 -0.210056
0.223245 0.065351 -0.246593
0.319504 0.429463 0.277527
0.102457 0.157820 0.087690
0.000000 0.000000 0.000000
0.004190 0.063975 -0.379446
0.047635 0.106829 -0.552851
0.000000 0.000000 0.000000
-0.358259 -0.636636 -0.239716
-0.271799 0.018267 -0.338354
0.000000 0.000000 0.000000
-0.117527 0.153403 -0.338506
0.000000 0.000000 0.000000
0.000000 0.000000 0.000000
0.155870 0.113555 0.096311
-0.119192 -0.170625 -0.641953
0.000000 0.000000 0.000000
-0.278003 -0.518717 -0.127531
0.134039 -0.124778 -0.676450
-0.251180 0.090889 -0.094813
-0.208089 -0.230708 0.150123
0.066504 0.153294 -0.348967
0.000000 0.000000 0.000000
0.270955 0.098258 -0.577628
0.268099 0.064041 -0.372948
0.000000 0.000000 0.000000
-0.065959 0.069020 0.107287
0.151822 0.151801 -0.493132
0.000000 0.000000 0.000000
-0.256649 -0.207869 -0.067921
-0.419422 -0.377961 0.023388
-0.227016 -0.342210 -0.514381
0.000000 0.000000 0.000000
0.151169 0.107635 -0.475000
-0.391455 -0.541701 -0.304029
-0.272802 -0.323554 -0.269370
-0.410115 -0.554166 0.151849
-0.419422 -0.628099 -0.124996
0.127332 0.109181 -0.325924
0.000000 0.000000 0.000000
0.000000 0.000000 0.000000
0.107375 0.156471 -0.042445
0.148140 0.552740 0.217996
0.000000 0.000000 0.000000
0.000000 0.000000 0.000000
0.000000 0.000000 0.000000
-0.257208 -0.072071 -0.468236
0.195477 0.239762 0.227501
-0.017840 -0.314901 -0.663274
0.174605 0.111393 -0.112329
0.000000 0.000000 0.000000
-0.230931 -0.092473 0.049604
0.325251 0.580499 0.281585
-0.096458 0.151047 -0.541240
0.000000 0.000000 0.000000
0.000000 0.000000 0.000000
0.000000 0.000000 0.000000
-0.023278 0.156932 0.001974
-0.419422 -0.376797 -0.187539
-0.204720 0.077807 -0.572823
-0.278003 -0.396720 -0.068571
0.388891 0.390420 0.373797
0.271147 0.151612 -0.305789
-0.270660 0.023008 -0.208568
0.212419 0.737843 0.231918
-0.026891 0.066131 -0.171510
-0.221844 0.067858 -0.415812
-0.061891 0.107516 -0.486524
0.000000 0.000000 0.000000
0.000000 0.000000 0.000000
0.000000 0.000000 0.000000
-0.219493 0.109550 -0.290270
-0.121415 0.154917 -0.192431
0.000000 0.000000 0.000000
-0.278003 -0.292054 0.044131
0.000000 0.000000 0.000000
-0.272164 -0.145890 -0.232734
0.208413 0.457034 0.230761
-0.349657 -0.331716 -0.213425
-0.337230 -0.467956 -0.304029
0.000000 0.000000 0.000000
0.000000 0.000000 0.000000
0.000000 0.000000 0.000000
-0.105789 0.156017 -0.086244
0.000000 0.000000 0.000000
-0.013422 0.061536 -0.614864
0.000000 0.000000 0.000000
0.199790 0.010487 -0.656858
-0.225800 -0.079057 -0.542700
0.000000 0.000000 0.000000
0.002066 0.153196 -0.358380
-0.240418 -0.248269 0.024439
0.000000 0.000000 0.000000
-0.419422 -0.532568 -0.196753
-0.261184 0.092166 0.088666
0.000000 0.000000 0.000000
-0.111963 -0.376866 -0.621372
0.040344 0.113119 0.054257
-0.112314 0.155308 0.082357
-0.108266 0.069719 0.174753
0.000000 0.000000 0.000000
0.039623 0.326545 0.209498
0.000000 0.000000 0.000000
0.000000 0.000000 0.000000
0.276843 0.651947 0.253011
0.000000 0.000000 0.000000
0.077589 0.105225 -0.649186
0.000000 0.000000 0.000000
0.000000 0.000000 0.000000
-0.050659 0.062209 -0.549731
-0.012197 0.107049 -0.531727
0.000000 0.000000 0.000000
0.000000 0.000000 0.000000
0.105527 0.070461 0.245524
0.000000 0.000000 0.000000
0.000000 0.000000 0.000000
0.000000 0.000000 0.000000
-0.330819 -0.556292 -0.521257
0.000000 0.000000 0.000000
-0.265918 -0.483534 -0.361140
-0.072471 0.108841 -0.358644
-0.331439 -0.567243 -0.336431
0.173467 0.109882 -0.258190
0.244215 0.333378 0.241335
-0.258335 -0.303751 -0.064685
-0.181677 0.112076 -0.046587
0.000000 0.000000 0.000000
0.115414 0.151050 -0.565371
0.000000 0.000000 0.000000
0.000000 0.000000 0.000000
-0.250159 -0.165023 -0.034806
-0.278003 -0.328411 -0.163833
0.000000 0.000000 0.000000
-0.407147 -0.276536 0.002665
-0.260698 -0.186313 -0.441656
0.000000 0.000000 0.000000
0.000000 0.000000 0.000000
-0.278003 -0.425540 0.079814
-0.419422 -0.372600 -0.077206
0.192106 0.114608 0.197874
-0.246502 0.001807 -0.026668
-0.144236 0.062520 -0.519721
-0.176862 -0.079142 -0.604424
0.000000 0.000000 0.000000
0.000000 0.000000 0.000000
-0.163245 0.109575 -0.288059
-0.268293 -0.375070 -0.356256
-0.419422 -0.469308 0.052596
-0.001399 0.178082 0.211216
0.148474 0.154190 -0.262543
0.000000 0.000000 0.000000
0.000000 0.000000 0.000000
-0.271192 -0.067316 -0.347525
-0.272905 -0.494296 -0.217984
0.309168 0.749511 0.270230
0.001001 0.150921 -0.577825
-0.054793 -0.388789 -0.643760
0.000000 0.000000 0.000000
0.116878 0.062779 -0.494863
0.000000 0.000000 0.000000
0.213712 0.108443 -0.397140
0.000000 0.000000 0.000000
0.000000 0.000000 0.000000
0.000000 0.000000 0.000000
-0.012588 0.111792 -0.073926
0.000000 0.000000 0.000000
0.000000 0.000000 0.000000
0.242433 0.155917 -0.092883
-0.419422 -0.550787 -0.062005
0.036070 -0.110382 -0.687606
0.307612 0.003083 -0.559662
-0.351610 -0.591647 -0.449228
0.000000 0.000000 0.000000
0.124373 0.115449 0.278931
0.000000 0.000000 0.000000
0.041109 0.152172 0.169810
-0.090238 0.111777 -0.075307
0.288154 0.137514 -0.177800
-0.052496 0.067644 -0.025415
-0.197554 -0.266112 -0.566315
-0.060649 0.035376 -0.677980
0.212069 0.154482 -0.234400
0.000000 0.000000 0.000000
0.061243 0.064738 -0.305859
-0.133885 0.110487 -0.199901
0.104872 0.111926 -0.061009
0.000000 0.000000 0.000000
0.214277 0.062814 -0.491310
0.000000 0.000000 0.000000
0.330053 0.107175 -0.345646
0.000000 0.000000 0.000000
0.000000 0.000000 0.000000
-0.260902 -0.571467 -0.375823
0.000000 0.000000 0.000000
0.350886 0.511913 0.306500
0.088676 0.108312 -0.409770
-0.051891 0.154951 -0.189149
0.000000 0.000000 0.000000
0.000000 0.000000 0.000000
-0.123141 0.077415 -0.646022
0.223616 0.583661 0.235152
0.000000 0.000000 0.000000
0.000000 0.000000 0.000000
0.000000 0.000000 0.000000
0.251603 0.189559 0.243978
0.000000 0.000000 0.000000
-0.335577 -0.368299 -0.296792
-0.203231 -0.440142 -0.533167
0.000000 0.000000 0.000000
0.088541 0.155479 -0.138132
0.000000 0.000000 0.000000
-0.221840 -0.015985 0.081349
0.000000 0.000000 0.000000
-0.272071 -0.414914 -0.285996
0.000000 0.000000 0.000000
0.346949 0.351359 0.301774
-0.262326 0.014485 -0.121903
-0.071574 -0.046074 -0.672073
0.267507 0.150209 -0.396418
0.000000 0.000000 0.000000
-0.278003 -0.415325 -0.110059
0.000000 0.000000 0.000000
0.197131 0.106838 -0.552022
0.132481 -0.065206 -0.680218
0.200570 0.064680 -0.311502
-0.037178 -0.234916 -0.668911
0.000000 0.000000 0.000000
0.374993 0.625168 0.341869
-0.092877 0.152280 -0.447058
0.000000 0.000000 0.000000
-0.194692 0.144405 -0.254694
-0.252142 -0.438032 -0.001182
0.164384 0.066307 -0.154512
0.143836 0.157256 0.033443
-0.167621 0.065782 -0.205091
-0.200497 0.134061 -0.370511
-0.170024 0.118369 0.008104
-0.366977 -0.591647 -0.510284
0.000000 0.000000 0.000000
-0.417564 -0.307915 -0.159183
-0.168828 0.067646 -0.025230
0.060962 0.154611 -0.221890
0.049181 0.065927 -0.191165
0.000000 0.000000 0.000000
0.146043 0.065786 -0.204721
-0.278003 -0.360693 0.086720
0.065851 -0.234342 -0.677121
-0.269163 -0.054507 -0.183927
0.000000 0.000000 0.000000
-0.228160 0.074400 -0.324972
0.025882 0.060854 -0.680508
0.207506 -0.104377 -0.647860
0.049033 0.154055 -0.275482
-0.419422 -0.430850 -0.030178
0.104976 0.272532 0.212444
0.000000 0.000000 0.000000
0.000000 0.000000 0.000000
0.000000 0.000000 0.000000
-0.419422 -0.447329 -0.223286
0.000000 0.000000 0.000000
0.232930 0.151662 -0.487330
-0.258155 0.090635 -0.403627
0.000000 0.000000 0.000000
0.000000 0.000000 0.000000
0.130381 0.060938 -0.672485
-0.245741 -0.051093 -0.020507
0.000000 0.000000 0.000000
0.212187 0.061913 -0.578209
-0.041976 0.114358 0.173749
-0.419422 -0.621333 -0.212364
-0.215924 0.101783 -0.108070
0.109747 0.107099 -0.526891
-0.267895 -0.142469 -0.389825
0.000000 0.000000 0.000000
0.149875 0.117924 0.160679
0.142581 0.112585 0.002683
-0.272788 -0.246875 -0.249410
0.000000 0.000000 0.000000
0.192605 0.112580 0.002065
0.119069 0.152560 -0.419809
0.000000 0.000000 0.000000
-0.176028 0.151027 -0.128414
0.000000 0.000000 0.000000
-0.052433 0.064574 -0.321669
-0.233564 0.062931 -0.495509
0.168839 0.158121 0.221580
0.000000 0.000000 0.000000
-0.049552 0.063252 -0.449185
0.111433 0.110863 -0.163590
0.000000 0.000000 0.000000
0.000000 0.000000 0.000000
0.037827 0.156415 -0.047762
0.169937 0.067137 -0.074359
0.000000 0.000000 0.000000
-0.130592 0.068515 0.058577
0.000000 0.000000 0.000000
-0.092158 0.113427 0.083959
0.040324 -0.328030 -0.666154
-0.078453 0.153893 -0.291297
0.134072 0.123767 -0.601353
0.035100 0.062573 -0.514666
0.164667 0.156120 -0.076372
0.000000 0.000000 0.000000
-0.419422 -0.494620 -0.032635
0.000000 0.000000 0.000000
-0.219009 -0.004273 -0.556433
-0.069849 0.066658 -0.120499
-0.271688 -0.462885 -0.171854
0.267322 0.063261 -0.448190
-0.269483 0.081190 -0.260146
0.102359 0.113823 0.122141
0.202517 0.153682 -0.311515
0.053588 0.157311 0.038637
-0.179767 -0.363683 -0.572581
0.000000 0.000000 0.000000
0.000000 0.000000 0.000000
-0.025140 0.152498 -0.425783
0.000000 0.000000 0.000000
0.033295 0.261296 0.209696
0.070881 0.657358 0.210125
0.061526 0.108911 -0.351876
0.038858 0.114866 0.222619
-0.271988 -0.257141 -0.313858
-0.325061 -0.292722 -0.124561
0.067943 -0.153213 -0.684210
0.000000 0.000000 0.000000
-0.107295 0.067521 -0.037280
0.000000 0.000000 0.000000
0.000000 0.000000 0.000000
0.209394 0.152279 0.085318
0.092585 0.413914 0.211280
-0.179304 -0.154265 -0.597256
0.000000 0.000000 0.000000
-0.258487 -0.112091 -0.088555
0.101618 0.064279 -0.350145
-0.229529 -0.167089 0.062129
0.123698 0.066965 -0.090937
-0.265828 -0.011591 -0.418393
0.000000 0.000000 0.000000
0.085259 0.510183 0.210592
-0.059008 0.157979 0.103124
0.000000 0.000000 0.000000
0.000000 0.000000 0.000000
-0.374754 -0.276536 0.058292
0.001630 0.068764 0.082583
-0.278003 -0.553813 -0.185087
-0.103977 0.106908 -0.545233
-0.416297 -0.350069 -0.255248
-0.232927 -0.305672 0.067285
0.000000 0.000000 0.000000
0.000000 0.000000 0.000000
0.267324 0.109386 -0.306219
0.000000 0.000000 0.000000
-0.419422 -0.494462 -0.257352
0.317613 0.100152 -0.499294
-0.138479 0.152971 -0.380030
0.022394 0.119173 -0.618839
-0.221414 0.043595 0.081466
-0.253314 -0.254906 -0.464726
0.096004 0.114800 0.216182
0.034194 0.111304 -0.120960
0.000000 0.000000 0.000000
0.017989 0.109302 -0.314188
-0.419422 -0.545636 0.082959
0.130318 0.069050 0.110157
0.000000 0.000000 0.000000
0.033150 0.070461 0.232494
0.000000 0.000000 0.000000
0.000000 0.000000 0.000000
0.000000 0.000000 0.000000
-0.057773 0.133075 -0.604692
-0.037526 0.069777 0.180397
0.000000 0.000000 0.000000
-0.181490 0.037041 -0.603763
0.000000 0.000000 0.000000
0.134915 0.624701 0.215913
0.056961 0.061694 -0.599464
0.000000 0.000000 0.000000
-0.234077 -0.388189 -0.494074
-0.082645 0.156718 -0.018701
0.000000 0.000000 0.000000
0.000000 0.000000 0.000000
0.000000 0.000000 0.000000
-0.311436 -0.276536 -0.057523
-0.296568 -0.276536 0.105311
-0.419422 -0.469483 -0.299115
0.204159 0.063581 -0.654607
0.063580 0.110640 -0.184999
-0.166127 0.069630 0.124978
-0.170531 0.063275 -0.447007
0.081732 0.151959 -0.477737
0.011308 0.108396 -0.401692
-0.158906 0.106910 -0.545063
-0.092082 0.110954 -0.154719
0.000000 0.000000 0.000000
-0.264891 -0.161707 -0.131015
0.000000 0.000000 0.000000
-0.247404 0.066451 -0.159780
0.000000 0.000000 0.000000
-0.235959 -0.261509 -0.508040
-0.272833 -0.011078 -0.295322
-0.006755 0.094121 -0.675416
0.000000 0.000000 0.000000
-0.419422 -0.617828 -0.055556
-0.278003 -0.420699 0.132300
-0.331439 -0.587086 -0.375013
-0.246420 -0.392356 0.019892
0.147976 0.484684 0.217970
0.150595 0.155300 -0.155424
0.019064 0.066880 -0.099268
0.000000 0.000000 0.000000
0.000000 0.000000 0.000000
0.000000 0.000000 0.000000
0.254292 0.413658 0.244941
-0.032330 0.151530 -0.519108
0.083532 0.062239 -0.546937
0.000000 0.000000 0.000000
-0.384471 -0.561745 -0.410367
0.000000 0.000000 0.000000
0.046815 0.107535 -0.484630
0.000000 0.000000 0.000000
-0.406639 -0.636636 0.006065
0.195184 -0.042715 -0.657795
-0.136465 0.063922 -0.585786
0.000000 0.000000 0.000000
0.224686 0.107827 -0.456537
-0.419422 -0.446023 0.114821
0.000000 0.000000 0.000000
0.000000 0.000000 0.000000
-0.264563 0.051892 -0.431303
0.192736 0.152832 -0.393742
0.000000 0.000000 0.000000
-0.132856 0.153306 0.017450
0.379675 0.560014 0.350099
0.274967 0.550541 0.252340
-0.264266 -0.255766 -0.114188
0.000000 0.000000 0.000000
-0.049022 0.155874 -0.100067
-0.419422 -0.369954 0.080061
0.000000 0.000000 0.000000
-0.419422 -0.546432 -0.120206
-0.235699 0.102575 -0.458254
-0.210666 0.073390 -0.077199
-0.074626 -0.321617 -0.646752
-0.068694 0.068270 0.034963
0.272007 0.034077 -0.603717
0.287518 0.142329 -0.255589
-0.111017 0.125109 0.126948
0.002771 0.112331 -0.021909
0.002147 0.154568 -0.225960
0.193898 0.146337 -0.540948
0.121308 0.110286 -0.219253
-0.419422 -0.419562 -0.144602
0.000000 0.000000 0.000000
0.160188 0.063279 -0.446626
0.000000 0.000000 0.000000
-0.088895 0.062879 -0.485121
0.238402 0.066389 -0.146536
0.000000 0.000000 0.000000
0.151821 0.020796 -0.677646
-0.278003 -0.285259 -0.006018
0.245184 0.110290 -0.219043
-0.073534 0.109653 -0.280250
-0.152091 -0.417984 -0.588340
0.040817 0.068107 0.019222
-0.167496 -0.208737 -0.603623
-0.020871 -0.150193 -0.679805
0.000000 0.000000 0.000000
-0.272901 -0.108366 -0.283315
0.009395 0.157653 0.071575
0.109237 -0.186925 -0.677183
0.165340 0.298457 0.220802
0.000000 0.000000 0.000000
-0.090197 -0.226151 -0.651712
0.000000 0.000000 0.000000
-0.269378 -0.311739 -0.352685
-0.234319 -0.020446 0.031385
-0.194768 0.065025 -0.278131
0.000000 0.000000 0.000000
0.000000 0.000000 0.000000
-0.258049 -0.352943 -0.054506
0.000000 0.000000 0.000000
0.067828 0.151500 -0.522042
-0.419422 -0.569252 -0.274412
0.208522 0.156560 -0.033822
0.000000 0.000000 0.000000
-0.251636 -0.132612 -0.481726
-0.034172 0.105227 -0.645291
0.000000 0.000000 0.000000
-0.278003 -0.461859 -0.036688
0.000000 0.000000 0.000000
0.000000 0.000000 0.000000
-0.272226 -0.288091 -0.218456
0.000000 0.000000 0.000000
0.000000 0.000000 0.000000
0.177041 0.067746 -0.015665
0.000000 0.000000 0.000000
-0.329566 -0.276536 0.072290
0.295163 0.351276 0.262069
-0.414114 -0.276536 -0.048583
0.000000 0.000000 0.000000
-0.218928 0.097159 -0.524888
-0.419422 -0.337732 -0.023314
0.000000 0.000000 0.000000
0.000000 0.000000 0.000000
-0.278003 -0.486476 -0.285122
0.229118 0.111497 -0.102454
0.111944 0.112984 0.041165
-0.208682 0.005837 0.127793
0.242984 0.118022 -0.542460
-0.138505 0.156527 -0.037153
-0.177155 0.090504 0.076277
0.000000 0.000000 0.000000
0.371221 0.752180 0.335241
0.000000 0.000000 0.000000
0.000000 0.000000 0.000000
0.072797 0.109676 -0.278125
-0.135938 0.154199 -0.261640
0.000000 0.000000 0.000000
0.379994 0.440648 0.350917
-0.042689 0.113743 0.114388
0.000000 0.000000 0.000000
-0.170477 -0.515669 -0.554154
-0.146351 0.152323 -0.442669
0.000000 0.000000 0.000000
0.000000 0.000000 0.000000
0.000000 0.000000 0.000000
-0.256378 -0.466270 -0.421429
0.321952 0.107311 -0.401266
-0.225104 -0.212621 0.085801
0.000000 0.000000 0.000000
0.000000 0.000000 0.000000
0.000000 0.000000 0.000000
0.000000 0.000000 0.000000
-0.326832 -0.349922 -0.254912
0.000000 0.000000 0.000000
-0.232110 0.067929 -0.008179
-0.135626 -0.114144 -0.636109
0.218458 0.515500 0.233662
-0.329115 -0.529340 -0.304029
0.179683 0.395552 0.223990
-0.278003 -0.375869 -0.267927
0.039221 0.113953 0.134725
-0.367632 -0.599303 -0.304029
-0.201954 0.066305 -0.154619
0.000000 0.000000 0.000000
0.000000 0.000000 0.000000
0.000000 0.000000 0.000000
0.000000 0.000000 0.000000
-0.145967 0.065285 -0.252888
-0.245254 -0.106394 -0.014370
0.000000 0.000000 0.000000
-0.220312 0.065538 -0.228400
-0.153865 0.132773 -0.499413
0.000000 0.000000 0.000000
0.100599 0.137534 0.177005
-0.419422 -0.412363 0.052855
0.140015 0.153047 -0.372832
0.000000 0.000000 0.000000
0.101511 0.153769 -0.303108
-0.167873 0.108990 -0.344490
0.000000 0.000000 0.000000
-0.314538 -0.591647 -0.558893
0.000000 0.000000 0.000000
-0.188089 0.129510 -0.179766
0.000000 0.000000 0.000000
-0.268248 -0.109973 -0.169594
-0.121147 0.107924 -0.447157
0.283758 0.135305 -0.124896
0.000000 0.000000 0.000000
-0.098397 0.065863 -0.197195
0.352312 0.705718 0.308325
0.000000 0.000000 0.000000
0.249566 0.700849 0.243249
-0.085278 0.155519 -0.134381
0.000000 0.000000 0.000000
0.021041 -0.269064 -0.673078
0.000000 0.000000 0.000000
0.000000 0.000000 0.000000
0.000000 0.000000 0.000000
-0.084803 0.152821 -0.394814
0.061401 0.150886 -0.581259
0.000000 0.000000 0.000000
0.000000 0.000000 0.000000
-0.314576 -0.591647 -0.491263
-0.373587 -0.556292 -0.465703
-0.205611 0.108334 -0.407782
0.000000 0.000000 0.000000
0.000000 0.000000 0.000000
-0.419422 -0.602217 0.046189
-0.278003 -0.469340 -0.111752
0.254142 0.133116 -0.032374
-0.280352 -0.335433 -0.221894
0.018928 0.155124 -0.172415
-0.027124 0.062734 -0.499241
-0.278003 -0.391802 -0.015058
0.000000 0.000000 0.000000
0.000000 0.000000 0.000000
0.311627 0.513628 0.271966
0.000000 0.000000 0.000000
0.198587 0.129945 0.127325
0.000000 0.000000 0.000000
-0.005873 0.107617 -0.476835
