0.000000 0.000000 0.000000
0.341245 -0.528930 0.699156
0.355984 -0.530967 -0.714070
-0.404570 -0.530967 0.716615
0.383481 -0.306697 0.007276
0.000000 0.000000 0.000000
0.000000 0.000000 0.000000
0.000000 0.000000 0.000000
0.000000 0.000000 0.000000
-0.203841 -0.327258 -0.411593
0.000000 0.000000 0.000000
0.254015 -0.327258 0.481319
0.000000 0.000000 0.000000
0.000000 0.000000 0.000000
0.000000 0.000000 0.000000
0.000000 0.000000 0.000000
0.251030 -0.296815 -0.325759
0.000000 0.000000 0.000000
0.000000 0.000000 0.000000
0.000000 0.000000 0.000000
-0.110322 -0.327258 0.512446
0.000000 0.000000 0.000000
0.000000 0.000000 0.000000
0.000000 0.000000 0.000000
0.000000 0.000000 0.000000
0.000000 0.000000 0.000000
0.000000 0.000000 0.000000
0.000000 0.000000 0.000000
0.000000 0.000000 0.000000
0.000000 0.000000 0.000000
0.000000 0.000000 0.000000
0.350822 -0.327258 -0.493248
0.000000 0.000000 0.000000
0.000000 0.000000 0.000000
0.000000 0.000000 0.000000
-0.115853 -0.327258 0.642591
0.054953 -0.327258 -0.529008
0.000000 0.000000 0.000000
0.000000 0.000000 0.000000
0.000000 0.000000 0.000000
-0.361077 -0.327258 0.374220
0.000000 0.000000 0.000000
0.000000 0.000000 0.000000
0.000000 0.000000 0.000000
0.000000 0.000000 0.000000
-0.163472 -0.211390 -0.325759
0.000000 0.000000 0.000000
0.377115 -0.095070 -0.414627
0.038504 -0.318093 0.323566
0.000000 0.000000 0.000000
0.000000 0.000000 0.000000
0.000000 0.000000 0.000000
0.000000 0.000000 0.000000
-0.338087 -0.327258 0.638410
0.000000 0.000000 0.000000
0.338919 -0.205003 -0.204676
-0.440978 -0.320521 -0.325759
0.000000 0.000000 0.000000
0.000000 0.000000 0.000000
0.000000 0.000000 0.000000
0.000000 0.000000 0.000000
0.000000 0.000000 0.000000
0.000000 0.000000 0.000000
0.000000 0.000000 0.000000
0.379013 -0.327258 -0.694723
0.000000 0.000000 0.000000
0.000000 0.000000 0.000000
0.000000 0.000000 0.000000
0.016335 -0.295048 -0.325759
0.000000 0.000000 0.000000
0.000000 0.000000 0.000000
0.000000 0.000000 0.000000
0.000000 0.000000 0.000000
0.000000 0.000000 0.000000
0.338919 -0.157941 -0.073321
0.000000 0.000000 0.000000
0.000000 0.000000 0.000000
0.000000 0.000000 0.000000
0.232351 -0.262061 0.323566
0.000000 0.000000 0.000000
0.000000 0.000000 0.000000
0.000000 0.000000 0.000000
0.000000 0.000000 0.000000
0.311109 -0.327258 0.667732
0.377115 -0.116188 -0.562648
-0.162649 -0.315768 0.323566
0.098722 -0.327258 0.545424
0.000000 0.000000 0.000000
-0.430741 -0.370720 0.743718
0.000000 0.000000 0.000000
0.000000 0.000000 0.000000
0.209997 -0.113845 -0.325759
0.235498 -0.327258 -0.660372
0.000000 0.000000 0.000000
0.000000 0.000000 0.000000
0.000000 0.000000 0.000000
0.000000 0.000000 0.000000
0.377115 -0.275882 0.390855
0.000000 0.000000 0.000000
0.000000 0.000000 0.000000
0.000000 0.000000 0.000000
0.000000 0.000000 0.000000
0.383481 -0.309376 -0.291456
0.000000 0.000000 0.000000
0.000000 0.000000 0.000000
0.000000 0.000000 0.000000
0.000000 0.000000 0.000000
0.000000 0.000000 0.000000
0.000000 0.000000 0.000000
0.000000 0.000000 0.000000
-0.293712 -0.327258 0.700255
0.000000 0.000000 0.000000
0.000000 0.000000 0.000000
0.000000 0.000000 0.000000
0.000000 0.000000 0.000000
0.000000 0.000000 0.000000
0.377115 -0.223158 -0.390491
0.000000 0.000000 0.000000
0.000000 0.000000 0.000000
0.000000 0.000000 0.000000
0.000000 0.000000 0.000000
0.000000 0.000000 0.000000
0.000000 0.000000 0.000000
0.000000 0.000000 0.000000
-0.053114 -0.327258 -0.491991
0.000000 0.000000 0.000000
0.373472 -0.440816 0.743718
0.000000 0.000000 0.000000
0.186900 -0.327258 -0.473630
-0.408839 -0.327258 0.522407
0.000000 0.000000 0.000000
0.000000 0.000000 0.000000
0.000000 0.000000 0.000000
0.000000 0.000000 0.000000
0.000000 0.000000 0.000000
0.000000 0.000000 0.000000
0.338919 -0.104190 -0.294964
-0.262879 -0.288019 -0.325759
0.000000 0.000000 0.000000
0.000000 0.000000 0.000000
0.000000 0.000000 0.000000
0.122731 -0.208417 -0.325759
0.002139 -0.327258 0.620572
-0.252102 -0.327258 0.489964
0.000000 0.000000 0.000000
0.377115 -0.076700 -0.477455
0.000000 0.000000 0.000000
0.000000 0.000000 0.000000
0.000000 0.000000 0.000000
-0.444090 -0.234456 0.400836
0.345413 -0.327258 0.141833
0.000000 0.000000 0.000000
0.000000 0.000000 0.000000
0.383481 -0.300862 -0.139054
0.000000 0.000000 0.000000
0.000000 0.000000 0.000000
-0.292870 -0.241671 0.323566
0.000000 0.000000 0.000000
0.000000 0.000000 0.000000
0.000000 0.000000 0.000000
0.175461 -0.327258 0.400082
0.000000 0.000000 0.000000
-0.079421 -0.098720 -0.325759
0.000000 0.000000 0.000000
0.000000 0.000000 0.000000
0.170035 -0.327258 0.681607
0.000000 0.000000 0.000000
0.000000 0.000000 0.000000
0.000000 0.000000 0.000000
-0.444090 -0.281715 0.648571
0.000000 0.000000 0.000000
0.349874 -0.327258 0.300265
0.000000 0.000000 0.000000
-0.050257 -0.327258 -0.399070
-0.209743 -0.327258 0.586340
0.377115 -0.240389 -0.623201
0.338919 -0.419526 -0.742524
0.000000 0.000000 0.000000
0.000000 0.000000 0.000000
0.000000 0.000000 0.000000
0.000000 0.000000 0.000000
0.000000 0.000000 0.000000
-0.120158 -0.295664 -0.325759
0.000000 0.000000 0.000000
0.000000 0.000000 0.000000
0.000000 0.000000 0.000000
0.000000 0.000000 0.000000
0.099935 -0.327258 -0.392801
-0.018477 -0.327258 0.387302
0.000000 0.000000 0.000000
0.000000 0.000000 0.000000
0.000000 0.000000 0.000000
0.000000 0.000000 0.000000
0.000000 0.000000 0.000000
-0.420574 -0.273946 0.323566
0.000000 0.000000 0.000000
0.000000 0.000000 0.000000
0.000000 0.000000 0.000000
0.327083 -0.170407 -0.325759
0.000000 0.000000 0.000000
0.000000 0.000000 0.000000
0.000000 0.000000 0.000000
0.262876 -0.327258 -0.566749
0.000000 0.000000 0.000000
0.000000 0.000000 0.000000
0.000000 0.000000 0.000000
0.000000 0.000000 0.000000
0.000000 0.000000 0.000000
-0.062513 -0.247145 0.323566
0.000000 0.000000 0.000000
0.000000 0.000000 0.000000
0.000000 0.000000 0.000000
0.000000 0.000000 0.000000
0.000000 0.000000 0.000000
0.000000 0.000000 0.000000
0.000000 0.000000 0.000000
0.000000 0.000000 0.000000
0.000000 0.000000 0.000000
0.000000 0.000000 0.000000
0.000000 0.000000 0.000000
0.000000 0.000000 0.000000
-0.026314 -0.187331 -0.325759
0.000000 0.000000 0.000000
0.338919 -0.244744 -0.060680
0.000000 0.000000 0.000000
0.000000 0.000000 0.000000
0.000000 0.000000 0.000000
0.000000 0.000000 0.000000
0.000000 0.000000 0.000000
0.000000 0.000000 0.000000
0.000000 0.000000 0.000000
0.000000 0.000000 0.000000
0.000000 0.000000 0.000000
0.000000 0.000000 0.000000
0.000000 0.000000 0.000000
0.000000 0.000000 0.000000
0.000000 0.000000 0.000000
-0.367954 -0.224623 0.323566
0.000000 0.000000 0.000000
0.000000 0.000000 0.000000
0.000000 0.000000 0.000000
-0.184398 -0.327258 0.411813
0.000000 0.000000 0.000000
0.000000 0.000000 0.000000
0.000000 0.000000 0.000000
0.202676 -0.327258 0.571167
0.000000 0.000000 0.000000
0.000000 0.000000 0.000000
0.000000 0.000000 0.000000
0.000000 0.000000 0.000000
0.095085 -0.327258 0.664900
0.377115 -0.216408 -0.511612
0.000000 0.000000 0.000000
0.088609 -0.134709 -0.325759
0.000000 0.000000 0.000000
0.000000 0.000000 0.000000
0.144946 -0.327258 -0.557922
0.000000 0.000000 0.000000
0.280597 -0.327258 0.387207
0.334834 -0.327258 -0.383246
-0.405985 -0.452043 0.699156
0.000000 0.000000 0.000000
0.000000 0.000000 0.000000
0.000000 0.000000 0.000000
0.000000 0.000000 0.000000
0.000000 0.000000 0.000000
0.000000 0.000000 0.000000
0.000000 0.000000 0.000000
-0.189063 -0.120404 -0.325759
0.000000 0.000000 0.000000
-0.102995 -0.327258 0.738978
0.000000 0.000000 0.000000
0.000000 0.000000 0.000000
-0.159903 -0.210415 0.323566
0.000000 0.000000 0.000000
0.000000 0.000000 0.000000
0.000000 0.000000 0.000000
0.000000 0.000000 0.000000
0.000000 0.000000 0.000000
0.080349 -0.327258 0.445851
0.000000 0.000000 0.000000
0.000000 0.000000 0.000000
0.000000 0.000000 0.000000
0.000000 0.000000 0.000000
0.000000 0.000000 0.000000
0.000000 0.000000 0.000000
-0.445108 -0.244501 0.503399
0.000000 0.000000 0.000000
0.000000 0.000000 0.000000
0.338919 -0.308614 -0.222799
0.000000 0.000000 0.000000
0.000000 0.000000 0.000000
0.000000 0.000000 0.000000
0.008006 -0.327258 0.521660
0.124850 -0.298879 0.323566
0.338919 -0.279476 -0.144901
0.000000 0.000000 0.000000
0.000000 0.000000 0.000000
0.000000 0.000000 0.000000
0.000000 0.000000 0.000000
0.000000 0.000000 0.000000
0.000000 0.000000 0.000000
0.000000 0.000000 0.000000
0.000000 0.000000 0.000000
0.000000 0.000000 0.000000
0.000000 0.000000 0.000000
0.338919 -0.234332 0.128573
0.000000 0.000000 0.000000
0.000000 0.000000 0.000000
0.332286 -0.327258 0.561479
0.000000 0.000000 0.000000
0.000000 0.000000 0.000000
0.377115 -0.246412 -0.268099
-0.348956 -0.327258 0.463587
0.000000 0.000000 0.000000
0.000000 0.000000 0.000000
0.000000 0.000000 0.000000
0.000000 0.000000 0.000000
0.000000 0.000000 0.000000
0.000000 0.000000 0.000000
0.000000 0.000000 0.000000
0.000000 0.000000 0.000000
0.000000 0.000000 0.000000
0.359550 -0.369952 0.699156
0.000000 0.000000 0.000000
0.000000 0.000000 0.000000
0.000000 0.000000 0.000000
0.000000 0.000000 0.000000
0.000000 0.000000 0.000000
0.214063 -0.190461 -0.325759
0.000000 0.000000 0.000000
0.000000 0.000000 0.000000
-0.309913 -0.327258 0.323856
0.000000 0.000000 0.000000
-0.265792 -0.327258 0.387255
0.000000 0.000000 0.000000
-0.444090 -0.321062 0.439552
0.000000 0.000000 0.000000
0.377115 -0.210890 -0.015755
0.000000 0.000000 0.000000
0.000000 0.000000 0.000000
0.377115 -0.171893 -0.148724
-0.117570 -0.138104 -0.325759
0.154574 -0.327258 0.469298
0.000000 0.000000 0.000000
0.000000 0.000000 0.000000
-0.365578 -0.327258 0.729053
0.257973 -0.327258 0.741154
0.000000 0.000000 0.000000
-0.348372 -0.307415 -0.325759
0.377115 -0.134891 -0.331506
0.000000 0.000000 0.000000
0.000000 0.000000 0.000000
0.000000 0.000000 0.000000
0.383481 -0.314372 0.217327
0.000000 0.000000 0.000000
0.000000 0.000000 0.000000
0.000000 0.000000 0.000000
0.000000 0.000000 0.000000
0.000000 0.000000 0.000000
0.000000 0.000000 0.000000
0.000000 0.000000 0.000000
0.000000 0.000000 0.000000
0.000000 0.000000 0.000000
-0.305172 -0.327258 -0.395455
-0.129748 -0.327258 -0.464256
0.096666 -0.327258 -0.477896
0.000000 0.000000 0.000000
0.000000 0.000000 0.000000
0.000000 0.000000 0.000000
0.000000 0.000000 0.000000
0.000000 0.000000 0.000000
-0.444090 -0.297493 0.579296
0.383481 -0.307924 -0.563026
0.000000 0.000000 0.000000
0.000000 0.000000 0.000000
0.002925 -0.127271 -0.325759
0.000000 0.000000 0.000000
0.000000 0.000000 0.000000
0.025880 -0.211775 0.323566
0.000000 0.000000 0.000000
0.000000 0.000000 0.000000
-0.260599 -0.327258 0.604957
0.000000 0.000000 0.000000
0.184426 -0.327258 -0.367969
0.000000 0.000000 0.000000
0.000000 0.000000 0.000000
0.138438 -0.105167 -0.325759
0.338919 -0.323926 -0.071838
0.000000 0.000000 0.000000
0.000000 0.000000 0.000000
0.000000 0.000000 0.000000
-0.287249 -0.208805 -0.325759
0.000000 0.000000 0.000000
0.000000 0.000000 0.000000
0.000000 0.000000 0.000000
0.000000 0.000000 0.000000
0.000000 0.000000 0.000000
0.000000 0.000000 0.000000
0.000000 0.000000 0.000000
0.377115 -0.273130 0.079228
0.338919 -0.277772 -0.323429
0.000000 0.000000 0.000000
0.000000 0.000000 0.000000
0.000000 0.000000 0.000000
0.166058 -0.266668 -0.325759
0.377115 -0.158814 -0.451030
0.000000 0.000000 0.000000
0.000000 0.000000 0.000000
0.269827 -0.327258 -0.431981
-0.308266 -0.327258 0.546939
0.000000 0.000000 0.000000
0.000000 0.000000 0.000000
0.000000 0.000000 0.000000
0.000000 0.000000 0.000000
0.000000 0.000000 0.000000
0.000000 0.000000 0.000000
0.000000 0.000000 0.000000
0.000000 0.000000 0.000000
0.000000 0.000000 0.000000
-0.206199 -0.327258 0.671289
0.000000 0.000000 0.000000
0.383481 -0.399789 -0.702469
0.000000 0.000000 0.000000
0.000000 0.000000 0.000000
0.313043 -0.327258 -0.682225
0.000000 0.000000 0.000000
0.338919 -0.178705 0.030389
0.000000 0.000000 0.000000
0.000000 0.000000 0.000000
0.377352 -0.327258 0.632167
0.000000 0.000000 0.000000
0.000000 0.000000 0.000000
0.000000 0.000000 0.000000
0.000000 0.000000 0.000000
0.000000 0.000000 0.000000
0.349029 -0.327258 0.054445
0.000000 0.000000 0.000000
0.000000 0.000000 0.000000
-0.091323 -0.327258 0.414204
0.000000 0.000000 0.000000
0.000000 0.000000 0.000000
0.000000 0.000000 0.000000
0.377115 -0.194898 -0.243967
0.000000 0.000000 0.000000
0.000000 0.000000 0.000000
0.000000 0.000000 0.000000
0.000000 0.000000 0.000000
0.000000 0.000000 0.000000
0.000000 0.000000 0.000000
0.000000 0.000000 0.000000
0.000000 0.000000 0.000000
0.000000 0.000000 0.000000
0.360468 -0.327258 0.427433
0.000000 0.000000 0.000000
0.000000 0.000000 0.000000
0.000000 0.000000 0.000000
0.272427 -0.327258 0.557366
0.000000 0.000000 0.000000
0.000000 0.000000 0.000000
0.377115 -0.280190 0.293258
-0.444090 -0.188470 0.353090
0.000000 0.000000 0.000000
0.000000 0.000000 0.000000
0.000000 0.000000 0.000000
0.000000 0.000000 0.000000
0.000000 0.000000 0.000000
0.000000 0.000000 0.000000
0.000000 0.000000 0.000000
0.000000 0.000000 0.000000
-0.370125 -0.327258 0.581038
-0.192637 -0.257358 -0.325759
0.000000 0.000000 0.000000
0.377115 -0.278027 -0.196627
0.362195 -0.474156 0.699156
0.000000 0.000000 0.000000
0.000000 0.000000 0.000000
0.000000 0.000000 0.000000
0.000000 0.000000 0.000000
0.000000 0.000000 0.000000
-0.178574 -0.327258 0.722692
0.338919 -0.273372 -0.004131
0.000000 0.000000 0.000000
0.000000 0.000000 0.000000
0.000000 0.000000 0.000000
0.000000 0.000000 0.000000
0.000000 0.000000 0.000000
0.179806 -0.325458 0.323566
0.000000 0.000000 0.000000
0.000000 0.000000 0.000000
0.000000 0.000000 0.000000
0.000000 0.000000 0.000000
-0.444090 -0.433400 0.736011
0.377115 -0.151585 -0.273670
0.000000 0.000000 0.000000
0.377115 -0.172793 -0.573866
0.000000 0.000000 0.000000
0.000000 0.000000 0.000000
0.000000 0.000000 0.000000
0.000000 0.000000 0.000000
-0.224396 -0.327258 -0.329174
0.000000 0.000000 0.000000
0.000000 0.000000 0.000000
0.377115 -0.273243 0.173507
0.000000 0.000000 0.000000
0.000000 0.000000 0.000000
0.000000 0.000000 0.000000
0.000000 0.000000 0.000000
-0.242428 -0.191891 0.323566
0.000000 0.000000 0.000000
0.000000 0.000000 0.000000
0.000000 0.000000 0.000000
0.000000 0.000000 0.000000
0.000000 0.000000 0.000000
0.008204 -0.327258 0.457200
0.000000 0.000000 0.000000
0.000000 0.000000 0.000000
0.000000 0.000000 0.000000
0.000000 0.000000 0.000000
0.000000 0.000000 0.000000
0.000000 0.000000 0.000000
0.000000 0.000000 0.000000
0.000000 0.000000 0.000000
0.000000 0.000000 0.000000
0.000000 0.000000 0.000000
0.000000 0.000000 0.000000
0.000000 0.000000 0.000000
0.040705 -0.327258 -0.435083
0.000000 0.000000 0.000000
-0.199985 -0.327258 0.520966
0.000000 0.000000 0.000000
0.097704 -0.290549 -0.325759
-0.444090 -0.322544 0.378786
0.000000 0.000000 0.000000
0.000000 0.000000 0.000000
0.000000 0.000000 0.000000
0.000000 0.000000 0.000000
-0.444090 -0.327964 0.700543
-0.058518 -0.327258 -0.326524
0.000000 0.000000 0.000000
0.000000 0.000000 0.000000
0.366301 -0.484096 -0.745911
0.000000 0.000000 0.000000
0.000000 0.000000 0.000000
-0.128350 -0.327258 0.444233
-0.078727 -0.231574 -0.325759
0.000000 0.000000 0.000000
0.193702 -0.327258 -0.594932
0.000000 0.000000 0.000000
0.000000 0.000000 0.000000
0.377115 -0.232327 -0.125652
0.000000 0.000000 0.000000
0.000000 0.000000 0.000000
0.000000 0.000000 0.000000
0.000000 0.000000 0.000000
-0.116713 -0.327258 -0.392464
0.000000 0.000000 0.000000
0.000000 0.000000 0.000000
0.275450 -0.327258 -0.373894
0.377115 -0.062130 -0.563117
0.000000 0.000000 0.000000
0.000000 0.000000 0.000000
0.000000 0.000000 0.000000
0.000000 0.000000 0.000000
0.000000 0.000000 0.000000
0.000000 0.000000 0.000000
0.338919 -0.252057 0.206398
0.000000 0.000000 0.000000
0.000000 0.000000 0.000000
0.242478 -0.327258 0.662711
0.000000 0.000000 0.000000
-0.056015 -0.327258 0.471592
0.000000 0.000000 0.000000
0.000000 0.000000 0.000000
0.000000 0.000000 0.000000
0.000000 0.000000 0.000000
0.000000 0.000000 0.000000
0.000000 0.000000 0.000000
-0.233463 -0.327258 0.326430
0.000000 0.000000 0.000000
0.000000 0.000000 0.000000
0.000000 0.000000 0.000000
0.000000 0.000000 0.000000
0.054634 -0.216128 -0.325759
0.000000 0.000000 0.000000
0.338919 -0.207437 -0.119953
0.000000 0.000000 0.000000
0.000000 0.000000 0.000000
0.000000 0.000000 0.000000
0.000000 0.000000 0.000000
0.000000 0.000000 0.000000
0.000000 0.000000 0.000000
-0.387270 -0.321444 0.323566
0.000000 0.000000 0.000000
0.000000 0.000000 0.000000
0.000000 0.000000 0.000000
0.000000 0.000000 0.000000
0.000000 0.000000 0.000000
0.383481 -0.295956 -0.638393
0.000000 0.000000 0.000000
0.000000 0.000000 0.000000
0.338919 -0.153918 -0.198580
0.000000 0.000000 0.000000
0.000000 0.000000 0.000000
0.000000 0.000000 0.000000
0.379070 -0.327258 0.362739
0.000000 0.000000 0.000000
0.317688 -0.327258 0.466714
-0.444090 -0.289738 0.499565
0.000000 0.000000 0.000000
0.000000 0.000000 0.000000
0.000000 0.000000 0.000000
0.000000 0.000000 0.000000
0.000000 0.000000 0.000000
0.000000 0.000000 0.000000
0.000000 0.000000 0.000000
0.000000 0.000000 0.000000
0.000000 0.000000 0.000000
0.000000 0.000000 0.000000
0.000000 0.000000 0.000000
0.000000 0.000000 0.000000
-0.356521 -0.277569 0.323566
0.000000 0.000000 0.000000
0.338919 -0.288744 0.256277
0.229149 -0.327258 0.427148
0.000000 0.000000 0.000000
0.377115 -0.280188 0.453235
0.000000 0.000000 0.000000
0.000000 0.000000 0.000000
-0.035174 -0.327258 0.709669
0.000000 0.000000 0.000000
0.000000 0.000000 0.000000
0.000000 0.000000 0.000000
0.000000 0.000000 0.000000
0.271043 -0.327258 -0.496525
0.000000 0.000000 0.000000
0.000000 0.000000 0.000000
0.000000 0.000000 0.000000
-0.058258 -0.327258 0.336128
0.383481 -0.291262 -0.054400
0.000000 0.000000 0.000000
0.000000 0.000000 0.000000
0.000000 0.000000 0.000000
0.000000 0.000000 0.000000
0.000000 0.000000 0.000000
0.000000 0.000000 0.000000
0.000000 0.000000 0.000000
0.000000 0.000000 0.000000
0.000000 0.000000 0.000000
0.000000 0.000000 0.000000
0.000000 0.000000 0.000000
0.000000 0.000000 0.000000
0.263088 -0.148829 -0.325759
0.000000 0.000000 0.000000
0.000000 0.000000 0.000000
0.383481 -0.314213 -0.410265
0.000000 0.000000 0.000000
0.000000 0.000000 0.000000
-0.458959 -0.220516 0.550326
0.000000 0.000000 0.000000
-0.394914 -0.327258 0.683349
-0.454060 -0.200604 0.462961
0.000000 0.000000 0.000000
0.000000 0.000000 0.000000
0.000000 0.000000 0.000000
0.000000 0.000000 0.000000
0.000000 0.000000 0.000000
0.000000 0.000000 0.000000
-0.011759 -0.065467 -0.325759
0.000000 0.000000 0.000000
0.000000 0.000000 0.000000
0.098623 -0.327258 -0.590586
0.000000 0.000000 0.000000
0.000000 0.000000 0.000000
0.000000 0.000000 0.000000
0.000000 0.000000 0.000000
0.045977 -0.327258 0.704578
0.000000 0.000000 0.000000
0.298108 -0.285268 0.323566
0.000000 0.000000 0.000000
0.000000 0.000000 0.000000
0.000000 0.000000 0.000000
0.252834 -0.327258 0.331717
0.000000 0.000000 0.000000
0.000000 0.000000 0.000000
0.000000 0.000000 0.000000
0.000000 0.000000 0.000000
0.000000 0.000000 0.000000
0.000000 0.000000 0.000000
0.257443 -0.237733 -0.325759
0.000000 0.000000 0.000000
0.000000 0.000000 0.000000
-0.167896 -0.327258 -0.361880
0.000000 0.000000 0.000000
0.000000 0.000000 0.000000
0.000000 0.000000 0.000000
-0.128987 -0.252574 0.323566
0.000000 0.000000 0.000000
0.000000 0.000000 0.000000
0.000000 0.000000 0.000000
0.000000 0.000000 0.000000
0.000000 0.000000 0.000000
0.000000 0.000000 0.000000
0.000000 0.000000 0.000000
0.000000 0.000000 0.000000
0.322165 -0.327258 -0.556260
0.000000 0.000000 0.000000
0.383481 -0.349350 0.738466
0.000000 0.000000 0.000000
0.000000 0.000000 0.000000
-0.230149 -0.327258 0.740165
0.000000 0.000000 0.000000
0.000000 0.000000 0.000000
0.000000 0.000000 0.000000
0.108089 -0.327258 0.727015
0.377115 -0.231438 -0.448745
0.000000 0.000000 0.000000
