-0.061503 -0.152019 -0.252957
0.044912 -0.162872 0.167358
-0.286834 0.150636 -0.689471
0.000000 0.000000 0.000000
-0.061503 0.419308 -0.588904
0.353580 -0.219612 -0.612966
-0.153960 0.638981 -0.327341
-0.279733 -0.383824 -0.038334
-0.284883 -0.414000 -0.637724
-0.263115 0.196550 -0.027891
0.353580 0.413917 -0.440863
-0.019736 -0.530627 -0.388025
-0.234483 0.664765 -0.518017
0.000000 0.000000 0.000000
-0.113555 -0.589925 0.387299
0.035129 -0.589925 0.121785
-0.104385 -0.571882 -0.391423
0.082718 -0.038527 -0.666423
-0.061503 0.268516 0.008792
-0.274974 -0.152544 0.279458
0.046218 -0.337011 -0.143930
0.167147 -0.370394 -0.642010
-0.286834 -0.400207 -0.229395
-0.061503 0.101903 -0.473776
0.000000 0.000000 0.000000
-0.136141 0.468254 -0.692426
-0.274974 0.249994 0.375316
-0.263115 0.552678 -0.196048
0.000000 0.000000 0.000000
0.000000 0.000000 0.000000
0.000000 0.000000 0.000000
-0.263115 -0.026750 -0.330273
-0.241390 -0.477049 0.306664
0.000000 0.000000 0.000000
-0.061503 -0.246626 -0.548666
-0.260095 -0.003106 -0.692426
0.132084 0.463917 -0.275631
-0.263115 0.281656 -0.385658
0.152472 0.281754 -0.653845
-0.061503 -0.060351 0.329153
-0.061503 0.185056 0.101013
0.000000 0.000000 0.000000
-0.061503 0.366100 -0.258823
-0.179330 -0.589925 -0.027090
-0.274974 0.501743 0.123775
-0.286834 -0.356594 -0.363653
-0.235925 -0.413266 0.652367
0.192876 -0.394033 -0.355357
-0.274974 -0.060567 -0.020595
0.000000 0.000000 0.000000
-0.061503 -0.343737 0.262275
-0.006743 -0.419038 0.057017
0.202287 -0.291887 -0.644864
-0.097628 -0.157377 0.002546
0.106881 0.477247 -0.545631
-0.061503 0.100747 -0.156488
-0.178031 -0.589925 0.119862
-0.061503 0.488164 -0.029175
-0.100659 -0.476385 -0.300797
-0.263115 0.367557 -0.536956
-0.271209 -0.304976 0.518665
0.000000 0.000000 0.000000
-0.184703 -0.345926 -0.692426
-0.123027 -0.457170 -0.434934
-0.241813 0.666094 -0.277875
-0.274974 0.076093 0.192160
-0.028140 -0.589925 -0.125481
0.000000 0.000000 0.000000
-0.274974 -0.048439 0.513451
0.085301 -0.403377 -0.280366
0.000000 0.000000 0.000000
0.154315 -0.586028 -0.391423
0.000000 0.000000 0.000000
0.000000 0.000000 0.000000
0.000000 0.000000 0.000000
-0.274974 -0.302631 0.102037
0.098413 -0.251592 -0.663593
0.000000 0.000000 0.000000
0.278166 0.060484 -0.631182
0.052554 -0.473157 -0.052903
-0.263115 -0.160442 -0.494423
-0.083965 0.168823 -0.692426
-0.091909 -0.358725 0.056327
-0.061503 0.153385 -0.233877
0.000000 0.000000 0.000000
-0.063219 0.575859 -0.496999
0.353580 0.235025 -0.580794
-0.141016 -0.479812 0.282216
0.000000 0.000000 0.000000
0.018383 -0.530627 -0.109581
-0.274974 0.307985 0.176539
-0.274974 -0.190318 -0.215730
0.000000 0.000000 0.000000
-0.274974 0.330909 -0.190162
0.026770 -0.091824 -0.138064
0.000000 0.000000 0.000000
0.295403 0.435153 -0.628073
0.119194 -0.530627 -0.245072
-0.263115 0.093949 -0.485817
0.353580 0.243119 -0.461722
-0.198096 0.655972 -0.086706
-0.207024 0.657487 -0.692426
-0.274974 0.425387 -0.070418
-0.263115 0.514676 -0.395852
0.009031 -0.430461 -0.508086
-0.279107 -0.208628 -0.692426
0.000000 0.000000 0.000000
-0.284645 -0.459992 -0.417173
-0.061503 0.320947 -0.416091
0.183638 0.457030 -0.369197
-0.274974 0.114197 -0.200868
-0.286834 -0.387539 0.139719
-0.213122 -0.493741 0.064004
-0.061503 -0.066712 -0.615279
0.075081 -0.425244 -0.474291
0.009808 -0.589925 -0.075273
-0.061503 -0.146951 0.256680
0.000000 0.000000 0.000000
-0.006730 0.521288 -0.250976
0.000000 0.000000 0.000000
-0.061503 -0.091677 -0.421788
-0.061503 -0.320720 -0.361129
-0.263115 -0.238022 -0.047123
0.029935 -0.530627 -0.208427
-0.061503 -0.144089 0.456995
0.000000 0.000000 0.000000
-0.061503 0.013963 0.048602
-0.174123 -0.489278 -0.158045
-0.286834 -0.435051 0.484278
0.251200 -0.106814 -0.636045
-0.061503 -0.314280 0.447417
-0.061503 -0.293981 -0.097392
-0.263115 0.074678 0.043620
0.000000 0.000000 0.000000
0.007502 -0.314119 0.159530
-0.286834 0.379522 -0.664557
-0.268890 0.574999 -0.032012
-0.274974 0.064543 0.385696
-0.000419 0.528962 -0.652511
0.000000 0.000000 0.000000
-0.032530 -0.530627 0.263901
0.000000 0.000000 0.000000
0.126604 0.134299 -0.658510
-0.263115 -0.304926 0.293678
-0.263115 0.524812 -0.573704
0.045689 -0.352212 -0.576769
-0.075807 -0.589925 -0.231381
-0.078948 -0.363175 -0.064013
0.048394 -0.091824 0.033919
0.000000 0.000000 0.000000
-0.142328 0.317891 -0.692426
-0.061503 -0.399306 -0.625511
0.000000 0.000000 0.000000
0.000000 0.000000 0.000000
0.012605 -0.479279 0.112692
-0.263115 -0.090760 -0.478616
-0.024453 -0.530627 0.023390
-0.024132 -0.411174 -0.203768
-0.061503 0.049897 -0.363637
0.162653 -0.219648 -0.104916
0.028775 0.508221 -0.408632
0.038253 0.366506 -0.674439
-0.286834 -0.332289 -0.541418
-0.061503 0.010927 -0.625565
0.122389 -0.589925 -0.065612
-0.263115 -0.024893 0.081460
-0.136994 -0.194860 -0.692426
-0.274974 -0.174216 0.412365
-0.061503 0.028479 0.195113
-0.263115 -0.048665 -0.170646
0.008215 -0.589925 0.237527
-0.286834 -0.244846 0.669009
0.175333 -0.444658 -0.184959
-0.107504 0.612419 -0.600716
-0.263115 0.135007 -0.330362
-0.027085 -0.370798 -0.489788
0.000000 0.000000 0.000000
-0.061503 0.467304 -0.349559
-0.061503 0.283379 -0.565009
-0.040636 -0.167744 -0.108761
-0.263115 0.413829 0.234348
-0.274974 -0.096298 0.581247
0.000000 0.000000 0.000000
-0.230269 -0.492834 -0.092536
-0.098562 0.605957 -0.190049
-0.061503 0.394415 -0.145521
-0.274974 -0.036852 0.287452
0.000000 0.000000 0.000000
-0.274974 -0.175523 0.119445
-0.153211 -0.112179 -0.692426
-0.061503 0.268229 -0.122926
-0.263115 0.224512 -0.551319
0.014820 0.519972 -0.188395
-0.263115 0.444007 -0.279987
-0.274974 0.182450 0.249339
-0.226094 -0.476207 -0.302366
-0.038842 -0.589925 0.073372
0.000000 0.000000 0.000000
0.159173 -0.407556 -0.485046
-0.263115 0.317117 -0.137362
0.000000 0.000000 0.000000
-0.061503 0.196457 -0.360116
-0.263115 -0.219354 -0.347270
-0.061503 0.131669 -0.039278
0.027674 -0.530627 -0.304422
0.000000 0.000000 0.000000
-0.029242 -0.294955 -0.686610
0.000000 0.000000 0.000000
-0.145599 -0.450944 0.483306
-0.263115 0.320112 0.033776
0.000000 0.000000 0.000000
-0.053050 -0.111509 0.122679
-0.153267 -0.425648 -0.591640
0.000000 0.000000 0.000000
0.353580 0.361619 -0.543812
-0.061503 -0.230051 0.195592
-0.061503 -0.030424 -0.177791
-0.061503 -0.195651 -0.432476
-0.274974 -0.016018 -0.559637
0.239630 0.449703 -0.513792
-0.132518 -0.343870 0.704165
-0.061503 -0.127403 0.389904
-0.175684 0.580064 -0.692426
-0.274974 0.216041 0.100110
-0.274974 0.054932 -0.093171
0.256536 0.203967 -0.635082
-0.274974 0.440912 -0.133103
0.000000 0.000000 0.000000
-0.061503 -0.243113 0.077455
-0.286834 0.552691 -0.680270
0.000000 0.000000 0.000000
-0.117892 -0.589925 0.237009
-0.263115 -0.175596 -0.014326
-0.061503 -0.481891 0.155073
-0.073035 0.585064 -0.382735
0.353580 0.108083 -0.546573
0.000000 0.000000 0.000000
-0.272970 -0.490297 0.154717
-0.274974 0.247405 -0.494980
0.069913 -0.417747 -0.102645
0.000000 0.000000 0.000000
-0.274974 0.211584 -0.229209
0.000300 0.079326 -0.681283
0.000000 0.000000 0.000000
-0.061503 -0.256209 -0.238848
-0.061503 -0.038012 -0.456079
-0.003195 -0.360793 -0.538507
0.353580 -0.012301 -0.566198
-0.061503 -0.330313 -0.148557
0.000000 0.000000 0.000000
0.000000 0.000000 0.000000
0.000000 0.000000 0.000000
0.000000 0.000000 0.000000
-0.061503 -0.459218 -0.035564
0.274332 0.328517 -0.631873
-0.263115 -0.298675 -0.252639
0.000000 0.000000 0.000000
-0.263115 0.039109 -0.422034
0.148488 0.066528 -0.654564
0.000000 0.000000 0.000000
-0.149073 -0.432305 0.574065
-0.263115 0.428285 -0.412449
-0.263115 -0.156514 -0.130479
0.000000 0.000000 0.000000
-0.286834 -0.315985 0.041884
0.000000 0.000000 0.000000
0.000000 0.000000 0.000000
-0.061503 -0.048321 -0.034038
0.000000 0.000000 0.000000
0.015186 -0.453942 -0.367121
-0.274974 0.163771 0.462189
-0.018458 -0.412541 0.195285
0.000000 0.000000 0.000000
-0.135703 -0.491652 0.134674
-0.061503 -0.043241 -0.284135
0.002920 0.220186 -0.680811
-0.061503 -0.415189 -0.417395
-0.061503 -0.441506 0.359189
0.000000 0.000000 0.000000
-0.061503 0.207357 -0.475806
-0.134667 -0.589925 -0.195232
-0.274974 -0.267942 -0.453059
0.041272 -0.394654 -0.638644
0.191851 0.436888 -0.646745
-0.286834 0.637760 -0.430225
-0.263115 0.129130 -0.566523
-0.286834 0.668017 -0.165988
0.152674 -0.139107 -0.653809
-0.061503 -0.321776 0.201030
0.000000 0.000000 0.000000
-0.274974 -0.076451 -0.274957
-0.061503 0.441188 -0.473020
-0.286834 -0.397273 0.289025
-0.263115 -0.096487 0.179303
0.000000 0.000000 0.000000
0.147203 -0.135715 -0.116772
-0.116242 -0.013115 -0.692426
-0.273682 -0.304976 -0.138190
-0.274974 -0.120112 -0.583112
-0.061503 0.442413 -0.274306
0.000000 0.000000 0.000000
0.000000 0.000000 0.000000
0.093868 0.481861 -0.654362
-0.061503 0.168491 0.231379
-0.061503 -0.210717 0.489103
-0.095826 -0.530627 0.158918
0.043425 -0.386944 -0.399980
-0.213545 -0.443685 -0.506911
0.000000 0.000000 0.000000
0.241748 -0.361373 -0.535683
-0.009727 -0.091824 0.120145
-0.263115 -0.046336 0.401992
-0.274974 -0.255341 0.198672
-0.286834 0.607868 0.072016
0.000843 0.514447 -0.519076
0.321413 0.164328 -0.623384
-0.286834 -0.359882 0.402949
-0.061503 0.507486 -0.162098
-0.061503 0.348870 -0.651277
-0.136041 0.629878 -0.480927
0.000000 0.000000 0.000000
-0.184106 0.080602 -0.692426
0.019263 -0.439670 -0.140381
-0.263115 -0.193459 0.538704
-0.286834 -0.443719 0.054644
-0.094168 -0.484970 -0.221747
-0.061503 0.270476 -0.228439
-0.061503 0.081520 0.142263
-0.093639 -0.444154 0.051351
-0.208495 -0.233579 0.704165
0.066985 -0.419569 -0.021722
0.000000 0.000000 0.000000
0.000000 0.000000 0.000000
-0.274974 0.280412 -0.301744
0.150088 0.382224 -0.654272
-0.263115 0.459853 0.033203
0.181515 -0.437586 -0.253927
-0.286834 -0.347695 -0.669244
0.000000 0.000000 0.000000
-0.061503 0.187085 -0.583071
-0.267716 -0.104054 -0.692426
-0.061503 0.048325 -0.255953
-0.286834 -0.166433 0.657692
-0.061503 -0.043539 0.141356
-0.263115 0.555593 -0.303489
0.000000 0.000000 0.000000
-0.263115 0.232577 -0.142235
0.000000 0.000000 0.000000
0.024538 -0.127323 -0.676912
-0.263115 -0.130091 -0.383587
0.076548 -0.570562 -0.143171
-0.061503 0.001859 -0.539013
-0.061503 -0.061614 -0.094927
-0.263115 0.207767 0.157897
0.000000 0.000000 0.000000
-0.274974 0.301689 0.270298
-0.263115 0.385585 0.111943
-0.036561 -0.589925 0.312761
-0.061503 -0.166747 -0.636569
-0.263115 0.160050 -0.430993
0.263258 -0.400995 -0.415328
-0.116596 -0.530627 -0.063274
-0.107466 -0.493932 0.055492
-0.274974 0.154260 0.009285
0.085039 -0.412063 -0.190615
0.344761 -0.157411 -0.619175
-0.274974 0.050859 0.484190
0.147013 -0.356314 -0.560316
0.146674 -0.455412 -0.087097
-0.263115 -0.225413 -0.559147
-0.061503 0.517233 -0.616412
-0.204431 -0.464314 0.401702
-0.049409 -0.488990 -0.129985
-0.274974 0.043049 -0.234638
0.238086 -0.359392 -0.633342
-0.199585 0.656443 -0.408965
-0.061503 -0.276534 0.013283
0.000000 0.000000 0.000000
-0.061503 -0.097524 -0.536915
-0.274974 0.458364 -0.491023
0.063017 0.492823 -0.310144
-0.274974 -0.090719 0.264482
-0.286834 0.621793 -0.577705
0.000000 0.000000 0.000000
-0.263115 0.158021 0.365910
-0.263115 -0.090420 -0.387640
-0.263115 0.433918 -0.594536
0.052923 -0.460041 -0.261693
-0.061503 0.253731 -0.657910
-0.194213 0.236940 -0.692426
-0.263115 0.574305 -0.484911
0.344284 0.453078 -0.514637
0.301067 -0.301433 -0.627053
-0.047368 -0.396926 0.348888
-0.061503 -0.152947 -0.343154
-0.061503 0.261189 -0.295714
0.000000 0.000000 0.000000
-0.263115 0.071757 0.289487
0.000000 0.000000 0.000000
0.090339 0.478442 -0.409214
0.000000 0.000000 0.000000
-0.043124 0.500166 -0.689112
0.257125 -0.036075 -0.634975
-0.061503 -0.361391 -0.255671
0.053991 0.499063 -0.519021
0.113156 -0.530627 -0.338077
0.000000 0.000000 0.000000
-0.029465 -0.058640 -0.686650
-0.286834 -0.278350 -0.621420
-0.286834 0.288632 -0.626227
-0.263115 0.120082 0.114135
0.000000 0.000000 0.000000
-0.263115 0.010695 0.576647
0.000000 0.000000 0.000000
-0.177666 0.649017 -0.189211
0.000000 0.000000 0.000000
0.000000 0.000000 0.000000
-0.281916 -0.487375 -0.186177
-0.227539 -0.486465 0.211370
-0.061503 0.345273 -0.040158
-0.274974 -0.114836 0.483877
0.000000 0.000000 0.000000
0.000000 0.000000 0.000000
0.000000 0.000000 0.000000
-0.102897 -0.589925 -0.096072
0.000000 0.000000 0.000000
-0.263115 0.048289 -0.325667
-0.008587 -0.475805 0.227613
-0.089861 0.575100 -0.692426
0.353580 -0.078467 -0.617273
-0.263115 0.142550 -0.123808
-0.274974 0.357997 -0.330370
-0.061503 -0.337155 0.105650
-0.061503 -0.249682 0.271101
-0.263115 0.382871 0.151207
-0.274974 -0.140690 0.048680
-0.263115 -0.258173 0.400679
0.000000 0.000000 0.000000
0.000000 0.000000 0.000000
0.173104 0.458876 -0.474891
0.000000 0.000000 0.000000
0.000000 0.000000 0.000000
0.023074 0.282448 -0.677177
-0.061503 0.363288 -0.496000
-0.061503 -0.165289 -0.520881
-0.061503 0.043251 -0.064794
-0.054236 0.568424 -0.254786
-0.061503 -0.061759 0.234156
-0.126309 -0.545013 -0.260900
0.000000 0.000000 0.000000
-0.061503 0.102989 -0.624905
-0.025858 -0.422357 -0.578433
0.000000 0.000000 0.000000
-0.141199 -0.537393 0.042393
-0.286834 -0.031142 0.630364
-0.061503 -0.248631 -0.636431
-0.286834 0.613902 -0.098983
0.219349 0.130792 -0.641786
-0.061503 -0.269975 -0.469849
-0.061503 -0.418507 -0.121813
-0.061503 0.514499 -0.412425
-0.277787 -0.301240 0.608968
-0.061503 -0.123741 -0.156271
-0.050036 -0.589925 0.173259
0.108255 -0.441304 -0.338654
0.017853 -0.250671 -0.140195
-0.061503 -0.269585 0.370523
0.049416 -0.474165 0.044943
0.000000 0.000000 0.000000
-0.033889 -0.189642 0.137539
0.013608 -0.091824 -0.050026
-0.061503 0.021346 0.271760
0.058835 -0.589925 -0.254365
-0.286834 -0.308205 -0.041691
-0.263115 0.283387 -0.043137
-0.286834 -0.353048 -0.453055
0.000000 0.000000 0.000000
-0.274974 -0.221051 0.053680
0.133469 -0.426916 -0.401312
-0.286834 0.054773 -0.606550
0.085518 -0.397349 -0.595427
-0.239875 -0.341527 0.704165
0.063745 -0.156121 -0.144858
-0.274974 -0.273008 -0.412120
0.199832 -0.209157 -0.645307
0.000000 0.000000 0.000000
0.027949 -0.312222 -0.676297
-0.061503 0.111606 0.062859
0.000000 0.000000 0.000000
-0.061503 -0.312266 0.531539
-0.286834 0.637514 -0.346267
-0.274974 0.202894 -0.343317
0.006302 -0.398659 -0.322107
-0.274974 -0.182555 0.337665
-0.061503 -0.324537 -0.588518
0.000000 0.000000 0.000000
-0.061503 -0.217650 -0.055937
-0.042653 -0.530627 -0.058205
-0.286834 -0.355357 0.223516
0.000000 0.000000 0.000000
-0.286834 -0.415288 -0.139050
-0.061503 0.103753 0.211921
-0.274974 0.486475 -0.070348
-0.061503 0.211783 -0.174413
0.000000 0.000000 0.000000
0.000000 0.000000 0.000000
-0.160897 -0.567732 -0.121608
0.000000 0.000000 0.000000
-0.263115 0.348164 -0.436595
0.051688 -0.530627 -0.012310
-0.098476 -0.589925 0.013903
-0.069109 0.417008 -0.692426
-0.221841 0.662287 -0.611021
-0.085101 -0.332979 -0.692426
0.000000 0.000000 0.000000
-0.263115 0.001710 -0.105470
0.216861 0.020916 -0.642236
-0.061503 -0.075450 -0.224563
-0.263115 -0.004125 0.195284
-0.274974 0.422910 -0.194438
0.047035 0.502520 -0.581477
-0.263115 0.252029 0.222367
0.227185 -0.589925 -0.363217
-0.054400 -0.589925 -0.031170
-0.101873 0.066418 -0.692426
0.000000 0.000000 0.000000
0.115396 -0.091824 0.011409
-0.263115 -0.123413 -0.085880
-0.274974 -0.218450 0.481919
-0.097455 -0.438499 -0.532161
0.074464 0.258403 -0.667911
-0.061503 0.534811 -0.071658
0.000000 0.000000 0.000000
0.000000 0.000000 0.000000
0.000000 0.000000 0.000000
-0.274974 0.026752 -0.499505
0.278653 -0.225109 -0.631095
-0.061503 -0.438275 0.248511
0.000000 0.000000 0.000000
-0.061503 -0.332095 -0.440144
0.157296 -0.399783 -0.312168
0.234202 0.368870 -0.639109
-0.061503 0.209142 -0.051022
-0.166334 0.644612 -0.555953
-0.061503 -0.297531 0.316909
0.000000 0.000000 0.000000
-0.062978 -0.091824 0.032598
-0.274974 0.479951 -0.341286
-0.263115 -0.015007 0.441179
0.000000 0.000000 0.000000
0.073597 0.477362 -0.209804
-0.274974 -0.057571 -0.084894
-0.274974 0.009249 -0.028366
0.000000 0.000000 0.000000
-0.286834 -0.058233 -0.641276
0.000000 0.000000 0.000000
0.146719 -0.399761 -0.117145
0.074166 0.185116 -0.667965
-0.290189 -0.381127 0.039370
-0.186078 -0.494322 -0.026468
-0.246136 -0.428654 -0.579746
0.000000 0.000000 0.000000
-0.282675 -0.494170 -0.033199
-0.183014 -0.465267 -0.383967
0.000000 0.000000 0.000000
-0.274974 0.392354 0.002704
-0.129711 -0.554145 0.306489
-0.012512 -0.479102 -0.177611
-0.013065 -0.589925 -0.188036
-0.061503 0.419209 -0.067115
-0.061503 0.152728 -0.100940
-0.263115 0.471824 0.191447
0.000000 0.000000 0.000000
-0.274974 0.344503 -0.260200
-0.263115 -0.162100 -0.307534
0.021040 -0.205774 -0.677543
-0.286834 -0.355942 0.555343
-0.274974 -0.083790 0.132826
-0.235116 0.368329 -0.692426
0.134282 0.205194 -0.657125
0.123179 -0.448628 -0.249885
-0.129437 0.626287 -0.405269
0.000000 0.000000 0.000000
-0.061503 0.185218 0.011745
-0.263115 0.130064 -0.056627
-0.274974 0.357673 -0.073895
-0.061503 -0.204515 -0.181382
-0.061503 0.167978 0.165738
0.344467 0.358236 -0.619227
-0.274974 -0.092196 0.340260
-0.049029 0.295417 -0.690178
-0.286834 0.214312 -0.646188
-0.099698 0.606778 -0.283531
0.000000 0.000000 0.000000
0.353580 0.283341 -0.527498
-0.108832 -0.530627 0.232734
-0.263115 -0.284189 -0.344904
-0.263115 -0.301477 0.367701
-0.154573 -0.492615 -0.102283
0.183265 0.457094 -0.582098
0.289573 0.255211 -0.629125
0.133326 -0.418995 -0.047177
-0.213203 0.660145 -0.003281
-0.274974 -0.260740 -0.198237
-0.097418 -0.396653 0.000954
-0.061503 0.027196 -0.146722
-0.061503 -0.412396 0.109990
-0.263115 0.043816 0.098156
0.000000 0.000000 0.000000
-0.061503 -0.263869 -0.304031
0.108743 -0.381997 -0.431116
0.092517 -0.461644 -0.155103
-0.043454 0.559779 -0.571537
0.007645 -0.589925 -0.351714
-0.274974 0.537851 0.054417
-0.061503 0.328309 -0.179544
-0.061503 0.274632 -0.492326
-0.061503 -0.170459 0.084269
-0.027007 -0.470658 -0.296087
-0.263115 0.095500 0.443533
-0.061503 0.241526 0.094870
-0.263115 0.233321 0.034799
0.108289 0.476784 -0.467311
-0.274974 0.012603 0.325666
-0.263115 -0.156337 0.216295
0.000000 0.000000 0.000000
-0.061503 -0.107741 0.195335
-0.163020 0.170583 -0.692426
-0.061503 -0.321347 -0.515389
0.000000 0.000000 0.000000
0.353580 0.450626 -0.590574
-0.080792 -0.123046 -0.692426
-0.270225 0.439903 -0.692426
0.057996 -0.091824 0.156266
0.000000 0.000000 0.000000
-0.061503 0.251766 -0.414784
-0.061503 0.527591 -0.317363
-0.206892 -0.174152 -0.692426
-0.060123 0.573143 -0.135495
-0.208719 -0.407749 -0.662454
0.197878 -0.413419 -0.412256
-0.274974 -0.243679 -0.288487
0.118944 -0.286778 -0.132019
0.290715 -0.365416 -0.570783
-0.274974 -0.123888 -0.190031
0.128130 -0.530627 -0.160184
-0.061503 -0.065852 0.389156
-0.061503 0.397320 -0.416022
0.000000 0.000000 0.000000
-0.274974 -0.228299 0.597402
-0.096462 -0.223937 0.029905
-0.061503 -0.432296 0.429218
0.000000 0.000000 0.000000
-0.061503 0.119473 -0.543200
-0.274974 0.507604 -0.148628
0.000000 0.000000 0.000000
0.000000 0.000000 0.000000
-0.265497 0.240193 -0.692426
0.000000 0.000000 0.000000
0.000000 0.000000 0.000000
0.000000 0.000000 0.000000
-0.084140 -0.290575 0.075081
-0.263115 0.133051 0.292697
-0.263115 -0.180767 -0.427350
-0.061503 0.032431 -0.488073
0.000000 0.000000 0.000000
-0.157452 -0.405978 0.681201
-0.274974 0.119666 -0.265878
-0.263115 -0.212149 -0.101276
0.083894 -0.175452 -0.666211
-0.061503 0.097124 -0.311161
-0.150210 0.637241 -0.244840
0.000000 0.000000 0.000000
0.000000 0.000000 0.000000
-0.024475 -0.459638 0.388585
0.000000 0.000000 0.000000
-0.263115 0.311943 -0.529136
0.000000 0.000000 0.000000
-0.263115 -0.216241 0.254507
-0.286834 0.127345 -0.623553
0.076112 -0.365536 -0.515411
-0.274974 0.521685 -0.257036
-0.286834 -0.343172 -0.607313
-0.274974 -0.006433 -0.364852
0.000000 0.000000 0.000000
0.199676 -0.380453 -0.578280
-0.061503 -0.120737 -0.044337
-0.286834 -0.432987 0.229346
-0.061503 -0.420261 -0.288918
-0.263115 0.132830 0.223476
-0.274974 0.153713 -0.226225
-0.143861 -0.447355 -0.489045
-0.205119 -0.491184 0.141605
-0.061503 -0.440016 -0.344604
-0.263115 0.270806 0.128880
-0.274974 0.130580 0.067152
-0.263115 0.369513 -0.159677
-0.274974 0.237306 0.312904
0.000000 0.000000 0.000000
-0.263115 0.515711 -0.502661
0.000000 0.000000 0.000000
-0.274974 -0.110538 0.425122
0.027497 -0.377377 -0.457758
0.110487 -0.373002 -0.661416
-0.061503 -0.190499 0.308257
0.337902 0.074187 -0.620410
0.000000 0.000000 0.000000
-0.024783 -0.530627 0.150116
-0.158212 -0.569901 0.191199
-0.263115 -0.025926 -0.426906
0.353580 0.292559 -0.594410
-0.061503 -0.378571 0.159139
-0.263115 0.041039 -0.161115
0.067238 -0.091824 -0.080585
-0.268880 0.574999 0.124996
-0.061503 -0.081088 -0.333641
-0.274974 0.222872 -0.409613
