0.000000 0.000000 0.000000
0.000000 0.000000 0.000000
0.006066 -0.600288 0.474947
0.000000 0.000000 0.000000
-0.299903 0.218092 0.255893
-0.080419 -0.209945 0.123588
0.020634 0.237427 0.551172
0.000000 0.000000 0.000000
0.000000 0.000000 0.000000
0.000000 0.000000 0.000000
-0.078526 -0.106861 0.305434
-0.275924 0.012184 -0.064619
0.000000 0.000000 0.000000
-0.438111 0.506394 0.527846
0.000000 0.000000 0.000000
0.000000 0.000000 0.000000
-0.048359 -0.600288 0.276577
0.000000 0.000000 0.000000
-0.376529 0.666791 0.261997
-0.068389 -0.304455 0.420179
-0.339299 0.122000 0.547920
0.000000 0.000000 0.000000
0.000000 0.000000 0.000000
0.086329 -0.544796 0.188849
0.000000 0.000000 0.000000
0.000000 0.000000 0.000000
0.000000 0.000000 0.000000
0.000000 0.000000 0.000000
-0.206620 0.299671 0.202339
0.000000 0.000000 0.000000
0.000000 0.000000 0.000000
-0.396164 0.454457 0.334845
0.000000 0.000000 0.000000
0.000000 0.000000 0.000000
0.000000 0.000000 0.000000
0.000000 0.000000 0.000000
-0.125479 0.093827 0.447412
-0.322809 0.547637 0.551172
0.000000 0.000000 0.000000
0.000000 0.000000 0.000000
0.000000 0.000000 0.000000
0.000000 0.000000 0.000000
-0.191886 0.094299 0.153880
-0.039832 -0.600288 0.055836
0.000000 0.000000 0.000000
-0.015407 -0.318177 0.226841
0.000000 0.000000 0.000000
0.000000 0.000000 0.000000
-0.379398 0.720454 0.440236
-0.194786 0.342435 0.551172
0.060859 -0.377385 0.464980
0.000000 0.000000 0.000000
0.000000 0.000000 0.000000
-0.420228 0.314263 0.509236
0.000000 0.000000 0.000000
-0.041125 -0.447241 0.198251
-0.275940 0.504097 0.194158
0.000000 0.000000 0.000000
0.000000 0.000000 0.000000
0.000000 0.000000 0.000000
0.000000 0.000000 0.000000
0.000000 0.000000 0.000000
0.000000 0.000000 0.000000
0.000000 0.000000 0.000000
-0.051128 -0.385094 -0.002754
-0.159266 -0.156865 -0.088338
-0.126644 -0.546904 0.370760
0.000000 0.000000 0.000000
0.115502 -0.600288 0.187450
0.000000 0.000000 0.000000
0.000000 0.000000 0.000000
0.000000 0.000000 0.000000
0.000000 0.000000 0.000000
0.000000 0.000000 0.000000
0.000000 0.000000 0.000000
-0.392788 0.377897 0.348283
-0.170264 -0.545650 0.174985
0.000000 0.000000 0.000000
0.000000 0.000000 0.000000
0.000000 0.000000 0.000000
0.000000 0.000000 0.000000
0.000000 0.000000 0.000000
0.000000 0.000000 0.000000
0.000000 0.000000 0.000000
-0.000524 -0.600288 0.380417
-0.261612 0.093827 0.386358
-0.086069 0.095019 0.273243
-0.166106 0.593173 0.526459
0.113110 -0.546168 0.392585
0.000000 0.000000 0.000000
0.000000 0.000000 0.000000
0.067857 -0.205747 0.434584
-0.247728 0.128873 0.223474
0.000000 0.000000 0.000000
0.000000 0.000000 0.000000
0.000000 0.000000 0.000000
-0.058478 -0.415953 0.470083
0.000000 0.000000 0.000000
-0.068432 0.096540 0.537748
-0.081974 -0.180870 0.176583
0.033092 -0.425553 0.318170
0.000000 0.000000 0.000000
-0.404901 0.599052 0.392221
-0.318734 0.361402 0.551167
0.000000 0.000000 0.000000
0.000000 0.000000 0.000000
-0.037468 -0.243874 0.369815
0.000000 0.000000 0.000000
-0.451416 0.664828 0.549895
0.000000 0.000000 0.000000
0.000000 0.000000 0.000000
-0.240525 0.111301 0.549631
0.000000 0.000000 0.000000
0.000000 0.000000 0.000000
0.000000 0.000000 0.000000
0.000000 0.000000 0.000000
0.000000 0.000000 0.000000
0.000000 0.000000 0.000000
0.000000 0.000000 0.000000
-0.088374 -0.600288 0.203591
0.000000 0.000000 0.000000
-0.372748 0.225026 0.377924
-0.284847 0.351597 0.203883
0.000000 0.000000 0.000000
0.000000 0.000000 0.000000
-0.331924 0.705744 0.351345
0.000000 0.000000 0.000000
0.000000 0.000000 0.000000
0.000000 0.000000 0.000000
-0.048188 -0.029957 0.414456
0.000000 0.000000 0.000000
0.000000 0.000000 0.000000
0.000000 0.000000 0.000000
0.000000 0.000000 0.000000
-0.112985 0.448375 0.551172
0.000000 0.000000 0.000000
-0.382060 0.497793 0.300020
-0.021953 0.095019 0.408450
0.000000 0.000000 0.000000
0.000000 0.000000 0.000000
0.000000 0.000000 0.000000
-0.067549 -0.451043 0.392939
0.000000 0.000000 0.000000
0.000000 0.000000 0.000000
0.000000 0.000000 0.000000
0.000000 0.000000 0.000000
0.000000 0.000000 0.000000
-0.032401 -0.201235 0.478911
-0.140956 0.220994 0.551172
-0.035608 0.338282 0.551172
-0.065663 -0.600288 0.481281
0.000000 0.000000 0.000000
0.000000 0.000000 0.000000
-0.303183 0.685781 0.542034
0.000000 0.000000 0.000000
0.000000 0.000000 0.000000
0.000000 0.000000 0.000000
0.000000 0.000000 0.000000
0.000000 0.000000 0.000000
0.000000 0.000000 0.000000
0.000000 0.000000 0.000000
0.000000 0.000000 0.000000
0.000000 0.000000 0.000000
0.000000 0.000000 0.000000
-0.369897 0.557764 0.271309
0.000000 0.000000 0.000000
-0.289892 0.232260 0.551172
0.000000 0.000000 0.000000
0.000000 0.000000 0.000000
-0.302774 0.109048 0.316538
0.000000 0.000000 0.000000
0.000000 0.000000 0.000000
0.000000 0.000000 0.000000
0.000000 0.000000 0.000000
-0.436271 0.453511 0.462296
0.000000 0.000000 0.000000
0.000000 0.000000 0.000000
0.000000 0.000000 0.000000
-0.118265 0.152313 0.209002
-0.088470 0.095019 0.322622
0.000000 0.000000 0.000000
-0.106274 0.003666 0.240461
0.013942 0.004646 0.442364
0.000000 0.000000 0.000000
0.000000 0.000000 0.000000
0.000000 0.000000 0.000000
-0.244742 0.721891 0.432534
0.000000 0.000000 0.000000
0.000000 0.000000 0.000000
0.000000 0.000000 0.000000
0.000000 0.000000 0.000000
0.000000 0.000000 0.000000
0.000000 0.000000 0.000000
0.000000 0.000000 0.000000
-0.053627 -0.464002 0.041234
-0.160530 -0.070244 -0.005444
-0.047792 -0.600288 0.111843
0.000000 0.000000 0.000000
-0.257376 0.446938 0.551172
0.000000 0.000000 0.000000
0.000000 0.000000 0.000000
0.000000 0.000000 0.000000
-0.437756 0.702419 0.379197
-0.359264 0.120398 0.434214
-0.074560 -0.534228 0.283523
0.000000 0.000000 0.000000
-0.119368 -0.600288 0.361055
0.000000 0.000000 0.000000
0.000000 0.000000 0.000000
-0.431808 0.388768 0.509496
0.000000 0.000000 0.000000
0.000000 0.000000 0.000000
0.000000 0.000000 0.000000
0.000000 0.000000 0.000000
-0.077984 -0.321404 0.088189
-0.073087 -0.141932 0.406024
0.000000 0.000000 0.000000
-0.222733 0.072682 0.038262
0.000000 0.000000 0.000000
0.000000 0.000000 0.000000
0.000000 0.000000 0.000000
0.000000 0.000000 0.000000
0.000000 0.000000 0.000000
0.046696 -0.455894 0.210406
0.000000 0.000000 0.000000
-0.287444 0.607303 0.215107
-0.428640 0.541119 0.395964
0.110146 -0.592357 0.426620
-0.345503 0.301642 0.289448
0.000000 0.000000 0.000000
0.000000 0.000000 0.000000
0.000000 0.000000 0.000000
-0.463739 0.663337 0.459253
0.000000 0.000000 0.000000
-0.008907 -0.323767 0.498585
-0.049027 0.207378 0.551172
0.000000 0.000000 0.000000
0.000000 0.000000 0.000000
-0.078952 -0.085307 0.191965
0.000000 0.000000 0.000000
0.000000 0.000000 0.000000
0.058193 -0.600288 0.235694
0.000000 0.000000 0.000000
0.000000 0.000000 0.000000
0.013399 -0.110272 0.445375
-0.004703 -0.496639 0.492150
-0.092515 -0.544841 0.142281
0.000000 0.000000 0.000000
-0.261901 0.094758 0.274001
0.000000 0.000000 0.000000
0.000000 0.000000 0.000000
-0.095670 0.001943 0.343479
0.000000 0.000000 0.000000
0.000000 0.000000 0.000000
0.038014 -0.340461 0.371944
0.000000 0.000000 0.000000
-0.251067 0.093827 0.476307
0.000000 0.000000 0.000000
0.070310 -0.519390 0.286222
0.000000 0.000000 0.000000
0.000000 0.000000 0.000000
0.000000 0.000000 0.000000
-0.189720 0.008799 0.005873
0.000000 0.000000 0.000000
0.000000 0.000000 0.000000
0.000000 0.000000 0.000000
0.000000 0.000000 0.000000
0.000000 0.000000 0.000000
0.000000 0.000000 0.000000
0.000000 0.000000 0.000000
0.000000 0.000000 0.000000
-0.037506 -0.436402 0.302464
0.000000 0.000000 0.000000
0.000000 0.000000 0.000000
0.063407 -0.481848 0.442447
0.000000 0.000000 0.000000
0.000000 0.000000 0.000000
0.000000 0.000000 0.000000
0.000000 0.000000 0.000000
-0.267164 0.094887 -0.114930
0.000000 0.000000 0.000000
0.000000 0.000000 0.000000
0.000000 0.000000 0.000000
0.000000 0.000000 0.000000
0.000000 0.000000 0.000000
0.000000 0.000000 0.000000
0.000000 0.000000 0.000000
-0.232963 0.719772 0.514722
-0.012638 -0.318836 0.313632
0.000000 0.000000 0.000000
0.000000 0.000000 0.000000
0.000000 0.000000 0.000000
0.000000 0.000000 0.000000
0.000000 0.000000 0.000000
-0.327440 0.437867 0.230643
0.000000 0.000000 0.000000
-0.169092 -0.567312 0.279519
0.000000 0.000000 0.000000
0.000000 0.000000 0.000000
0.000000 0.000000 0.000000
0.000000 0.000000 0.000000
0.000000 0.000000 0.000000
-0.266605 0.614464 0.526492
0.000000 0.000000 0.000000
0.000000 0.000000 0.000000
0.000000 0.000000 0.000000
0.000000 0.000000 0.000000
-0.448249 0.583462 0.496823
-0.171725 0.072720 0.323816
0.000000 0.000000 0.000000
-0.135256 0.666278 0.557677
-0.355163 0.281081 0.550950
-0.366766 0.608624 0.308387
-0.399038 0.222159 0.496184
0.029207 0.095040 0.533812
-0.014536 -0.180369 0.287597
-0.085995 -0.296963 -0.001711
0.000000 0.000000 0.000000
0.000000 0.000000 0.000000
0.000000 0.000000 0.000000
0.000000 0.000000 0.000000
0.000000 0.000000 0.000000
0.000000 0.000000 0.000000
-0.056393 -0.174397 0.250485
-0.086974 0.561857 0.551172
0.000000 0.000000 0.000000
0.000000 0.000000 0.000000
0.000000 0.000000 0.000000
0.000000 0.000000 0.000000
-0.210703 0.706302 0.393943
0.000000 0.000000 0.000000
0.000000 0.000000 0.000000
0.000000 0.000000 0.000000
0.062454 -0.282582 0.463481
0.000000 0.000000 0.000000
-0.387766 0.717922 0.527833
0.000000 0.000000 0.000000
-0.211630 0.170601 0.208264
0.000000 0.000000 0.000000
-0.180563 0.072671 0.225348
0.000000 0.000000 0.000000
-0.371382 0.630434 0.551025
0.000000 0.000000 0.000000
0.000000 0.000000 0.000000
0.000000 0.000000 0.000000
-0.344988 0.449270 0.551091
0.000000 0.000000 0.000000
-0.065641 -0.483249 0.093502
-0.399120 0.303179 0.395068
0.000000 0.000000 0.000000
0.000000 0.000000 0.000000
0.009458 -0.389255 0.258533
0.000000 0.000000 0.000000
0.043559 -0.600288 0.126046
0.000000 0.000000 0.000000
-0.344800 0.719121 0.271892
-0.252338 0.575882 0.526475
0.000000 0.000000 0.000000
-0.033994 -0.365792 0.362486
-0.142621 0.132055 0.550679
-0.029767 0.076667 0.470946
0.000000 0.000000 0.000000
0.000000 0.000000 0.000000
0.000000 0.000000 0.000000
0.000000 0.000000 0.000000
0.000000 0.000000 0.000000
0.000000 0.000000 0.000000
0.000000 0.000000 0.000000
-0.381850 0.162750 0.490633
0.000000 0.000000 0.000000
0.000000 0.000000 0.000000
-0.327154 0.721972 0.421801
0.000000 0.000000 0.000000
-0.066510 -0.536365 0.436190
0.000000 0.000000 0.000000
0.000000 0.000000 0.000000
0.000000 0.000000 0.000000
0.000000 0.000000 0.000000
-0.176214 0.435956 0.551172
0.000000 0.000000 0.000000
0.000000 0.000000 0.000000
0.000000 0.000000 0.000000
0.000000 0.000000 0.000000
0.000000 0.000000 0.000000
0.000000 0.000000 0.000000
0.000000 0.000000 0.000000
0.000000 0.000000 0.000000
0.000000 0.000000 0.000000
0.032893 -0.269854 0.371629
0.017688 -0.548743 0.499080
-0.174006 0.093827 0.500703
0.000000 0.000000 0.000000
0.000000 0.000000 0.000000
0.000000 0.000000 0.000000
0.000000 0.000000 0.000000
0.000000 0.000000 0.000000
0.000000 0.000000 0.000000
-0.198817 0.661692 0.557863
0.000000 0.000000 0.000000
0.000000 0.000000 0.000000
0.000000 0.000000 0.000000
-0.232368 -0.058709 -0.044414
0.000000 0.000000 0.000000
0.000000 0.000000 0.000000
0.000000 0.000000 0.000000
0.000000 0.000000 0.000000
-0.255580 0.397944 0.198218
0.000000 0.000000 0.000000
-0.119133 -0.583883 0.415077
0.000000 0.000000 0.000000
-0.109923 0.064377 0.227778
0.000000 0.000000 0.000000
-0.079719 -0.052509 0.147719
0.000000 0.000000 0.000000
0.000000 0.000000 0.000000
0.000000 0.000000 0.000000
-0.312125 0.285040 0.247279
0.000000 0.000000 0.000000
0.000000 0.000000 0.000000
0.019604 -0.198967 0.341052
0.000000 0.000000 0.000000
0.000000 0.000000 0.000000
0.000000 0.000000 0.000000
0.000000 0.000000 0.000000
-0.222376 0.189323 0.551122
-0.336170 0.674460 0.204279
0.000000 0.000000 0.000000
0.000000 0.000000 0.000000
0.061364 -0.600288 0.347587
-0.222156 0.094883 -0.036816
-0.104583 -0.545005 0.211001
0.000000 0.000000 0.000000
0.000000 0.000000 0.000000
0.000000 0.000000 0.000000
-0.396498 0.699124 0.341249
0.000000 0.000000 0.000000
0.000000 0.000000 0.000000
0.000000 0.000000 0.000000
0.000000 0.000000 0.000000
-0.081082 0.273275 0.551172
0.000000 0.000000 0.000000
-0.069021 0.036981 0.433147
0.000000 0.000000 0.000000
-0.335207 0.168594 0.336947
0.000000 0.000000 0.000000
-0.262221 0.242646 0.207750
-0.185010 0.523907 0.551172
0.000000 0.000000 0.000000
-0.157514 0.094843 0.086366
-0.029250 -0.458226 -0.007541
0.000000 0.000000 0.000000
-0.062314 -0.077722 0.358820
0.000000 0.000000 0.000000
-0.137236 0.094907 0.151600
0.000000 0.000000 0.000000
0.057574 -0.410611 0.383269
-0.421268 0.365157 0.435764
0.000000 0.000000 0.000000
0.000000 0.000000 0.000000
-0.261595 0.706204 0.335331
-0.012899 -0.352588 0.156929
0.003617 -0.410529 0.500631
0.000000 0.000000 0.000000
0.000000 0.000000 0.000000
0.000000 0.000000 0.000000
0.000000 0.000000 0.000000
0.132984 -0.600288 0.353721
0.000000 0.000000 0.000000
-0.070466 -0.246294 0.429278
0.000000 0.000000 0.000000
-0.341782 0.505513 0.238122
0.000000 0.000000 0.000000
0.000000 0.000000 0.000000
0.000000 0.000000 0.000000
0.000000 0.000000 0.000000
0.000000 0.000000 0.000000
0.000000 0.000000 0.000000
0.000000 0.000000 0.000000
0.074602 -0.595466 0.471554
0.000000 0.000000 0.000000
-0.012201 -0.394052 0.122648
0.000000 0.000000 0.000000
0.000000 0.000000 0.000000
0.000000 0.000000 0.000000
0.000000 0.000000 0.000000
0.000000 0.000000 0.000000
0.000000 0.000000 0.000000
0.000000 0.000000 0.000000
0.000000 0.000000 0.000000
0.000000 0.000000 0.000000
0.000000 0.000000 0.000000
0.003135 -0.600288 0.211832
0.000000 0.000000 0.000000
0.000000 0.000000 0.000000
0.010588 -0.402624 0.179569
0.000000 0.000000 0.000000
0.000000 0.000000 0.000000
0.000000 0.000000 0.000000
0.000000 0.000000 0.000000
-0.065170 -0.469964 0.336035
0.000000 0.000000 0.000000
0.118052 -0.545018 0.275194
-0.126624 0.318719 0.551172
0.000000 0.000000 0.000000
0.000000 0.000000 0.000000
0.000000 0.000000 0.000000
0.000000 0.000000 0.000000
-0.243151 0.518717 0.551172
-0.105080 0.071878 0.383635
-0.181011 0.232350 0.205281
0.000000 0.000000 0.000000
-0.216285 0.273705 0.551172
0.000000 0.000000 0.000000
-0.081150 -0.253455 0.069221
-0.339218 0.599247 0.526523
0.000000 0.000000 0.000000
0.000000 0.000000 0.000000
-0.021765 -0.217173 0.231785
0.000000 0.000000 0.000000
0.066690 -0.544810 0.444615
-0.403327 0.661924 0.309990
0.000000 0.000000 0.000000
0.128551 -0.600288 0.234741
0.000000 0.000000 0.000000
0.000000 0.000000 0.000000
0.000000 0.000000 0.000000
0.000000 0.000000 0.000000
0.000000 0.000000 0.000000
0.000000 0.000000 0.000000
0.000000 0.000000 0.000000
-0.346785 0.719930 0.513321
0.000000 0.000000 0.000000
-0.120484 0.512182 0.551172
0.000000 0.000000 0.000000
-0.284021 0.576966 0.191881
0.000000 0.000000 0.000000
-0.443349 0.715829 0.497253
0.000000 0.000000 0.000000
0.000000 0.000000 0.000000
0.000000 0.000000 0.000000
0.000000 0.000000 0.000000
-0.154671 0.717589 0.532492
-0.134718 -0.600288 0.155646
-0.014042 0.147492 0.550846
0.000000 0.000000 0.000000
-0.356581 0.099515 0.485089
0.000000 0.000000 0.000000
0.000000 0.000000 0.000000
-0.316730 0.094522 0.379452
0.000000 0.000000 0.000000
0.000000 0.000000 0.000000
0.000000 0.000000 0.000000
0.000000 0.000000 0.000000
0.000000 0.000000 0.000000
0.000000 0.000000 0.000000
-0.039238 0.095019 0.357947
0.012960 -0.385279 0.339621
0.000000 0.000000 0.000000
0.000000 0.000000 0.000000
-0.089908 -0.045622 0.282998
0.000000 0.000000 0.000000
0.000000 0.000000 0.000000
0.000000 0.000000 0.000000
0.000000 0.000000 0.000000
-0.020981 -0.437782 0.101970
0.064245 -0.461356 0.363664
0.000000 0.000000 0.000000
0.027018 -0.600288 0.061078
0.000000 0.000000 0.000000
-0.195333 -0.112292 -0.060780
0.000000 0.000000 0.000000
0.000000 0.000000 0.000000
0.000000 0.000000 0.000000
0.000000 0.000000 0.000000
0.000000 0.000000 0.000000
0.000000 0.000000 0.000000
0.000000 0.000000 0.000000
0.000000 0.000000 0.000000
0.000000 0.000000 0.000000
0.000000 0.000000 0.000000
0.000000 0.000000 0.000000
0.000000 0.000000 0.000000
0.000000 0.000000 0.000000
-0.420627 0.422372 0.403476
0.000000 0.000000 0.000000
-0.272165 0.315125 0.551172
-0.189147 -0.597142 0.226920
0.000000 0.000000 0.000000
0.000000 0.000000 0.000000
0.000000 0.000000 0.000000
0.000000 0.000000 0.000000
0.000000 0.000000 0.000000
-0.380866 0.381293 0.550659
-0.070286 -0.126899 0.117107
-0.272519 0.722088 0.390239
0.000000 0.000000 0.000000
0.000000 0.000000 0.000000
0.000000 0.000000 0.000000
0.000000 0.000000 0.000000
-0.427370 0.641425 0.503190
0.000000 0.000000 0.000000
-0.073700 -0.267601 0.148924
0.000000 0.000000 0.000000
0.000000 0.000000 0.000000
0.000000 0.000000 0.000000
-0.445909 0.618899 0.454096
-0.365290 0.217918 0.549368
0.000000 0.000000 0.000000
-0.064037 -0.388998 0.404043
-0.209957 0.093827 0.423176
0.000000 0.000000 0.000000
-0.171030 0.094641 0.282220
0.000000 0.000000 0.000000
0.000000 0.000000 0.000000
0.000000 0.000000 0.000000
0.000000 0.000000 0.000000
-0.163224 0.093827 0.377882
0.000000 0.000000 0.000000
0.000000 0.000000 0.000000
0.000000 0.000000 0.000000
0.000000 0.000000 0.000000
0.000000 0.000000 0.000000
0.000000 0.000000 0.000000
0.000000 0.000000 0.000000
-0.421401 0.480258 0.387128
0.044411 -0.153869 0.455567
-0.377722 0.184799 0.425761
0.000000 0.000000 0.000000
0.000000 0.000000 0.000000
-0.038142 -0.263237 0.485967
0.000000 0.000000 0.000000
0.000000 0.000000 0.000000
0.000000 0.000000 0.000000
-0.367874 0.421473 0.290675
0.000000 0.000000 0.000000
-0.093242 -0.099997 0.243461
0.000000 0.000000 0.000000
0.000000 0.000000 0.000000
0.000000 0.000000 0.000000
0.000000 0.000000 0.000000
0.000000 0.000000 0.000000
0.000000 0.000000 0.000000
-0.137579 -0.545645 0.320149
0.000000 0.000000 0.000000
0.000000 0.000000 0.000000
-0.062120 -0.476440 0.263638
-0.117703 0.070536 0.283781
-0.335832 0.232068 0.303383
-0.257403 0.674170 0.543538
0.000000 0.000000 0.000000
0.000000 0.000000 0.000000
0.000000 0.000000 0.000000
0.011008 -0.357891 0.207306
0.000000 0.000000 0.000000
0.000000 0.000000 0.000000
0.000000 0.000000 0.000000
0.000000 0.000000 0.000000
-0.062969 0.400978 0.551172
0.000000 0.000000 0.000000
0.000000 0.000000 0.000000
0.000000 0.000000 0.000000
-0.392212 0.643422 0.355012
-0.240595 0.016290 -0.030065
0.000000 0.000000 0.000000
-0.412800 0.656025 0.409988
0.000000 0.000000 0.000000
0.000000 0.000000 0.000000
0.027368 0.063012 0.443881
0.000000 0.000000 0.000000
-0.238956 0.380095 0.551172
0.000000 0.000000 0.000000
-0.301779 0.705957 0.301590
0.000000 0.000000 0.000000
0.000000 0.000000 0.000000
0.000000 0.000000 0.000000
0.000000 0.000000 0.000000
0.000000 0.000000 0.000000
0.000000 0.000000 0.000000
0.000000 0.000000 0.000000
-0.339777 0.618035 0.263255
0.000000 0.000000 0.000000
0.000000 0.000000 0.000000
0.000000 0.000000 0.000000
0.000000 0.000000 0.000000
0.000000 0.000000 0.000000
-0.038125 -0.096894 0.409252
-0.372495 0.704960 0.398891
0.000000 0.000000 0.000000
-0.200090 0.721638 0.458941
-0.051831 -0.368439 0.051994
0.000000 0.000000 0.000000
-0.300574 0.093827 0.429972
0.000000 0.000000 0.000000
0.000000 0.000000 0.000000
0.000000 0.000000 0.000000
0.000000 0.000000 0.000000
0.000000 0.000000 0.000000
0.000000 0.000000 0.000000
0.000000 0.000000 0.000000
0.011290 -0.347336 0.275575
0.000000 0.000000 0.000000
0.000000 0.000000 0.000000
0.000000 0.000000 0.000000
-0.436361 0.695467 0.448441
0.000000 0.000000 0.000000
0.000000 0.000000 0.000000
0.000000 0.000000 0.000000
0.000000 0.000000 0.000000
0.000000 0.000000 0.000000
0.000000 0.000000 0.000000
-0.042801 -0.180433 0.336835
-0.082997 0.148420 0.550853
0.023777 -0.206851 0.482354
0.000000 0.000000 0.000000
0.000000 0.000000 0.000000
0.000000 0.000000 0.000000
0.000000 0.000000 0.000000
