-0.092072 0.015169 -0.615347
0.000000 0.000000 0.000000
0.039786 -0.065302 0.479924
0.000000 0.000000 0.000000
0.000000 0.000000 0.000000
0.003557 0.397012 0.912807
0.000000 0.000000 0.000000
0.000000 0.000000 0.000000
-0.015373 0.101857 0.131028
0.000000 0.000000 0.000000
-0.082692 0.048843 -0.231880
-0.001414 0.156291 0.646119
0.000000 0.000000 0.000000
0.022564 -0.087339 0.174124
-0.067182 0.072888 0.372324
0.003360 0.272484 0.881505
-0.017178 0.101325 -0.678777
0.000000 0.000000 0.000000
-0.001383 -0.088686 -0.386086
0.000000 0.000000 0.000000
-0.032451 -0.058501 -0.067945
0.000000 0.000000 0.000000
0.066966 0.079867 -0.426519
0.148176 0.045075 0.757092
0.000000 0.000000 0.000000
0.081262 0.064369 -0.058758
0.000000 0.000000 0.000000
0.095409 0.034816 0.299580
-0.092641 0.005038 -0.407121
-0.048559 0.061348 -0.831839
0.000000 0.000000 0.000000
0.000000 0.000000 0.000000
0.052499 0.088521 0.500177
0.060813 0.084787 -0.266572
0.002741 0.126026 0.820730
0.060406 -0.087694 -0.012649
0.000000 0.000000 0.000000
-0.022101 -0.089169 -0.238857
0.000000 0.000000 0.000000
0.000000 0.000000 0.000000
0.000000 0.000000 0.000000
0.073793 0.073668 0.284787
0.099935 0.005657 0.082137
-0.062807 0.077409 -0.098298
0.000000 0.000000 0.000000
-0.051007 -0.046787 -0.851776
0.043852 -0.079697 0.279187
0.000000 0.000000 0.000000
0.000000 0.000000 0.000000
0.000000 0.000000 0.000000
0.000000 0.000000 0.000000
-0.001300 0.265435 0.751671
-0.046974 0.089019 -0.512338
0.000000 0.000000 0.000000
0.100087 0.039002 0.771293
0.179240 0.043355 0.889948
0.000000 0.000000 0.000000
-0.083646 0.046937 -0.095932
0.000000 0.000000 0.000000
0.000000 0.000000 0.000000
0.025319 -0.089169 -0.115010
0.000000 0.000000 0.000000
0.000000 0.000000 0.000000
0.000000 0.000000 0.000000
0.000000 0.000000 0.000000
-0.032785 0.096078 0.261687
-0.124917 -0.046570 -0.285475
0.062656 -0.058501 -0.050529
0.000000 0.000000 0.000000
0.000000 0.000000 0.000000
0.071672 -0.007323 0.594439
0.000000 0.000000 0.000000
0.000000 0.000000 0.000000
-0.088341 0.022740 -0.724533
0.000000 0.000000 0.000000
-0.013034 0.102092 0.015241
0.000000 0.000000 0.000000
-0.079741 -0.085140 -0.169166
0.096587 -0.016816 0.393830
0.066733 0.080038 0.026425
-0.060509 0.079246 -0.671564
0.000000 0.000000 0.000000
0.000000 0.000000 0.000000
0.000000 0.000000 0.000000
0.077673 0.068840 0.176168
-0.078799 -0.042166 -0.502308
-0.032081 0.096314 -0.344967
0.000000 0.000000 0.000000
0.082045 0.024826 0.576765
0.240360 0.053568 0.816665
0.050258 0.059552 0.688978
0.000000 0.000000 0.000000
0.015481 -0.089169 -0.303530
-0.051903 0.083744 0.489413
0.000000 0.000000 0.000000
0.000000 0.000000 0.000000
-0.026157 0.096089 0.577940
0.000000 0.000000 0.000000
-0.009973 0.102399 -0.208747
0.000000 0.000000 0.000000
0.033935 0.098124 -0.570216
-0.084973 0.044281 -0.295538
0.082477 -0.062564 0.143805
-0.012369 -0.089169 -0.309190
0.000000 0.000000 0.000000
0.038882 0.096462 0.387286
0.000000 0.000000 0.000000
-0.040250 0.033658 -0.903519
0.000000 0.000000 0.000000
0.000000 0.000000 0.000000
0.000000 0.000000 0.000000
0.000000 0.000000 0.000000
-0.092064 -0.000729 -0.511844
0.000000 0.000000 0.000000
0.046336 -0.081886 0.059914
0.000864 0.194839 0.814477
-0.081862 0.050505 0.095630
-0.003746 0.175617 0.736676
-0.063105 -0.062652 -0.615693
0.000000 0.000000 0.000000
0.000000 0.000000 0.000000
0.000000 0.000000 0.000000
0.098169 -0.014948 -0.012373
-0.034483 -0.058501 0.044642
0.000000 0.000000 0.000000
0.000000 0.000000 0.000000
-0.002683 0.321585 0.815316
0.000000 0.000000 0.000000
0.067527 0.032041 0.866368
0.011027 0.098114 0.706626
0.000000 0.000000 0.000000
0.085557 0.050803 0.452565
0.000000 0.000000 0.000000
0.022230 0.101894 -0.120014
0.000000 0.000000 0.000000
-0.030599 0.096812 -0.433027
-0.015768 0.101798 -0.576887
0.000000 0.000000 0.000000
0.000000 0.000000 0.000000
-0.076064 -0.047325 -0.388513
0.092097 -0.029982 0.228899
0.091905 0.007993 0.477724
-0.066366 -0.052645 -0.759955
-0.079528 0.055181 -0.013379
0.000000 0.000000 0.000000
0.000000 0.000000 0.000000
0.000000 0.000000 0.000000
0.000000 0.000000 0.000000
0.043275 0.083483 0.626091
0.052345 0.089952 -0.346938
0.000000 0.000000 0.000000
0.000000 0.000000 0.000000
0.000000 0.000000 0.000000
0.095172 -0.021057 0.318978
-0.009191 -0.087933 -0.465659
-0.003288 0.103071 0.308251
-0.080865 0.052513 0.302921
-0.085403 0.043174 0.012170
0.000000 0.000000 0.000000
0.000000 0.000000 0.000000
0.000000 0.000000 0.000000
-0.053919 0.084503 0.222958
0.099078 -0.002915 0.212796
-0.040772 0.092049 0.410115
0.000000 0.000000 0.000000
0.000000 0.000000 0.000000
-0.085679 -0.027832 -0.355363
0.266667 0.050623 0.872720
0.000000 0.000000 0.000000
0.000000 0.000000 0.000000
0.000000 0.000000 0.000000
-0.074848 -0.048837 -0.558846
0.000000 0.000000 0.000000
0.000000 0.000000 0.000000
0.051726 0.090262 -0.490294
0.000849 0.366876 0.837186
0.014082 0.137766 0.672514
0.000000 0.000000 0.000000
0.000000 0.000000 0.000000
-0.080812 -0.038123 -0.427442
0.078975 0.067222 0.380375
0.000000 0.000000 0.000000
0.000000 0.000000 0.000000
-0.065283 -0.060729 -0.688607
0.075345 0.071731 -0.167164
0.055357 0.088446 0.106967
0.033044 0.063409 0.772520
-0.092592 0.009970 -0.162478
-0.090938 -0.039465 -0.225974
0.000000 0.000000 0.000000
-0.006763 0.102722 -0.394808
-0.002483 -0.089169 -0.011791
0.052133 0.090058 0.210836
-0.068860 -0.010925 -0.832607
0.066264 -0.031267 -0.007092
-0.009601 0.102437 -0.054051
0.000000 0.000000 0.000000
-0.083183 0.047861 -0.466900
0.111345 0.036514 0.876346
-0.053548 0.079159 -0.738062
-0.052492 0.085674 -0.176626
0.000000 0.000000 0.000000
0.034288 -0.089169 -0.189832
0.000000 0.000000 0.000000
0.000000 0.000000 0.000000
-0.091849 0.017396 -0.003806
0.153380 0.038127 0.819873
-0.082830 0.048567 -0.557969
0.000000 0.000000 0.000000
0.000000 0.000000 0.000000
0.051335 0.090457 -0.194746
0.000000 0.000000 0.000000
0.078160 -0.020670 0.526940
0.000000 0.000000 0.000000
0.014542 0.102545 0.452758
0.004639 0.215239 0.680538
0.044558 0.007056 0.731990
0.000000 0.000000 0.000000
-0.001676 -0.089169 -0.170026
0.087797 -0.058501 0.031779
0.000000 0.000000 0.000000
0.000000 0.000000 0.000000
-0.079909 0.054424 -0.368281
0.000000 0.000000 0.000000
0.000000 0.000000 0.000000
0.000000 0.000000 0.000000
0.000000 0.000000 0.000000
0.066197 0.036327 0.641621
0.000000 0.000000 0.000000
0.000000 0.000000 0.000000
-0.077243 0.014282 -0.795640
0.042349 0.093920 0.554510
0.000000 0.000000 0.000000
0.032661 0.098552 -0.634119
0.000000 0.000000 0.000000
0.012289 0.102894 0.062770
0.000000 0.000000 0.000000
0.000000 0.000000 0.000000
0.089240 -0.019410 0.445963
0.007942 0.257025 0.816217
-0.075135 -0.086977 -0.284128
0.000000 0.000000 0.000000
0.000000 0.000000 0.000000
-0.022584 0.088961 0.642028
0.000000 0.000000 0.000000
-0.043303 0.090855 -0.261443
0.096251 -0.034710 0.105205
0.000000 0.000000 0.000000
0.008220 0.121818 0.759390
0.000000 0.000000 0.000000
0.000000 0.000000 0.000000
0.029293 0.099684 0.004445
0.099032 0.017923 0.150796
0.000000 0.000000 0.000000
0.000000 0.000000 0.000000
0.000000 0.000000 0.000000
0.000000 0.000000 0.000000
0.024491 -0.089169 -0.071721
-0.030693 0.096781 0.189229
0.085806 0.057118 -0.244681
-0.090969 -0.011759 -0.262376
0.000000 0.000000 0.000000
0.000000 0.000000 0.000000
-0.091070 -0.010741 -0.100415
-0.035680 -0.089169 -0.115871
0.000000 0.000000 0.000000
0.000000 0.000000 0.000000
0.000000 0.000000 0.000000
0.000000 0.000000 0.000000
0.000000 0.000000 0.000000
0.000000 0.000000 0.000000
0.000000 0.000000 0.000000
0.044965 -0.079145 0.229309
0.058181 -0.084739 0.123448
0.067157 -0.065212 0.353176
0.003955 0.335457 0.902097
0.000000 0.000000 0.000000
0.000000 0.000000 0.000000
0.097858 0.027451 0.037137
0.000000 0.000000 0.000000
0.000000 0.000000 0.000000
0.000000 0.000000 0.000000
-0.042137 -0.076958 -0.523386
0.000000 0.000000 0.000000
-0.008572 0.102540 0.348452
0.086159 0.038709 0.509904
0.115327 0.038680 0.710171
-0.048577 0.088216 -0.608026
0.000000 0.000000 0.000000
0.000000 0.000000 0.000000
0.000000 0.000000 0.000000
0.000000 0.000000 0.000000
0.069119 0.078144 0.340374
-0.071061 0.068067 0.153484
0.000000 0.000000 0.000000
-0.000501 0.178693 0.788929
0.000000 0.000000 0.000000
0.015124 0.102609 -0.302133
0.000000 0.000000 0.000000
0.000000 0.000000 0.000000
0.000000 0.000000 0.000000
-0.063358 0.076967 -0.415763
0.000000 0.000000 0.000000
0.000000 0.000000 0.000000
-0.007764 0.102422 0.520861
0.067169 -0.060458 0.418686
0.035783 -0.082983 0.319797
0.000000 0.000000 0.000000
-0.089685 0.030281 -0.352808
0.086974 0.054753 0.218490
-0.004213 0.098021 -0.739732
-0.047926 0.088542 0.059083
0.000000 0.000000 0.000000
0.000000 0.000000 0.000000
0.000000 0.000000 0.000000
-0.089731 0.030144 -0.658410
0.028341 -0.061640 -0.043429
0.000000 0.000000 0.000000
0.012583 0.102864 0.248947
0.000000 0.000000 0.000000
0.093705 0.039952 -0.122484
-0.060042 -0.082320 -0.341108
0.232298 0.049670 0.919874
0.000000 0.000000 0.000000
-0.090938 -0.045405 -0.312328
0.043639 0.094307 -0.034490
0.000000 0.000000 0.000000
0.000000 0.000000 0.000000
-0.086925 -0.024099 -0.653288
-0.051563 0.086379 -0.323341
0.020049 -0.089169 -0.256165
-0.089200 0.031742 0.143960
0.009661 -0.088586 0.128788
0.000000 0.000000 0.000000
0.030879 0.099151 -0.244707
0.012164 0.212848 0.732467
0.000000 0.000000 0.000000
0.095370 0.034935 -0.016225
0.184965 0.046533 0.842469
0.100022 0.006525 0.263353
0.075576 0.071449 0.073570
0.000000 0.000000 0.000000
-0.085861 0.041796 -0.518486
-0.092201 0.000643 -0.054454
-0.058236 -0.058501 -0.006497
-0.100753 -0.063619 -0.244178
0.059910 0.028891 0.812411
-0.006161 -0.088225 0.219468
0.028341 -0.068996 0.018420
-0.018504 -0.086359 -0.590159
-0.050844 0.086959 0.086976
0.004026 0.221406 0.861376
-0.000272 0.309207 0.842963
-0.039175 0.057690 -0.860607
-0.020939 -0.085541 -0.410526
-0.046708 -0.089169 -0.190876
-0.068292 -0.088500 -0.131961
0.003535 0.135020 0.597149
0.000000 0.000000 0.000000
0.034467 0.097945 -0.376388
0.008615 0.103263 -0.532147
0.000000 0.000000 0.000000
0.026370 0.100666 0.166866
0.098858 0.019712 0.347053
0.000000 0.000000 0.000000
0.010058 0.075126 0.804332
0.000000 0.000000 0.000000
-0.072075 0.046748 -0.775180
0.000000 0.000000 0.000000
0.000000 0.000000 0.000000
0.016555 0.102465 -0.439622
0.000000 0.000000 0.000000
0.000000 0.000000 0.000000
-0.083779 -0.032162 -0.606597
-0.086305 -0.017248 -0.729777
0.000000 0.000000 0.000000
0.208295 0.049324 0.787441
0.000000 0.000000 0.000000
0.000000 0.000000 0.000000
0.000000 0.000000 0.000000
0.015397 0.102562 0.638090
0.083742 -0.084766 0.039350
0.000000 0.000000 0.000000
-0.044598 0.090207 -0.012853
0.000000 0.000000 0.000000
-0.116833 -0.022836 -0.254948
0.088439 0.035481 0.691644
0.051563 -0.011112 0.665284
0.000000 0.000000 0.000000
-0.001956 0.220689 0.782440
0.000000 0.000000 0.000000
-0.003665 -0.089169 0.059621
-0.059108 0.018537 -0.867732
-0.057904 0.081317 0.330928
0.000000 0.000000 0.000000
0.000000 0.000000 0.000000
0.032695 -0.089169 -0.156858
0.000000 0.000000 0.000000
0.000000 0.000000 0.000000
-0.039417 0.092799 -0.470400
-0.090938 -0.050740 -0.141515
-0.091127 -0.010159 -0.685942
-0.077343 0.059604 -0.053015
0.096068 -0.018370 0.154272
0.000000 0.000000 0.000000
0.000000 0.000000 0.000000
-0.025252 0.098610 -0.121649
0.000000 0.000000 0.000000
0.077201 -0.054909 0.291999
0.000000 0.000000 0.000000
-0.078753 0.056764 -0.594540
0.094516 0.034263 0.408677
-0.068564 -0.088462 -0.224296
0.089693 0.049306 0.113699
0.101762 0.037680 0.816783
-0.054463 -0.089169 -0.075167
-0.090938 -0.035319 -0.180041
0.000000 0.000000 0.000000
0.068598 0.036441 0.737908
-0.006674 0.167958 0.688578
0.000000 0.000000 0.000000
0.041210 0.062058 0.735524
0.274492 0.053840 0.834944
0.000000 0.000000 0.000000
-0.055910 -0.068432 -0.469641
-0.030895 0.079454 -0.805950
0.000000 0.000000 0.000000
0.020303 0.099101 0.589292
-0.000723 0.103329 -0.161609
0.032634 0.098561 0.281640
-0.085310 0.043456 -0.142308
0.058582 0.086581 -0.115630
0.000000 0.000000 0.000000
0.059829 0.084173 0.451085
0.065294 -0.058501 0.025645
0.000000 0.000000 0.000000
-0.003040 0.142978 0.735592
0.059842 0.085552 -0.307567
-0.011552 0.102201 0.414824
0.000000 0.000000 0.000000
-0.092759 0.008299 -0.321136
0.028776 -0.078417 0.434385
-0.079966 0.054302 0.054241
0.000000 0.000000 0.000000
0.083005 -0.047687 0.186372
0.000000 0.000000 0.000000
0.000000 0.000000 0.000000
0.000000 0.000000 0.000000
-0.091027 0.025623 -0.201063
-0.058555 0.080821 -0.219558
-0.044840 0.090086 -0.384521
-0.001081 0.103293 -0.264931
0.000000 0.000000 0.000000
-0.052682 -0.071026 -0.650899
-0.083979 0.046012 -0.696290
-0.092421 0.002843 -0.449969
0.000000 0.000000 0.000000
-0.068325 -0.061727 -0.068269
-0.001286 0.103273 -0.092948
0.071805 -0.040866 0.483418
-0.081778 0.050680 0.202957
-0.065640 0.026699 -0.836930
0.000000 0.000000 0.000000
0.099017 0.018082 -0.056131
0.000000 0.000000 0.000000
0.000000 0.000000 0.000000
0.000000 0.000000 0.000000
0.000000 0.000000 0.000000
0.098169 -0.016509 0.033460
0.000000 0.000000 0.000000
0.000000 0.000000 0.000000
0.000000 0.000000 0.000000
-0.035027 0.086130 -0.763284
-0.059195 -0.052871 -0.798227
-0.092825 0.006878 -0.556456
0.291291 0.056925 0.902924
0.000000 0.000000 0.000000
0.000000 0.000000 0.000000
0.099147 0.016738 0.372921
0.000000 0.000000 0.000000
0.000000 0.000000 0.000000
0.098169 -0.069611 0.083427
0.000000 0.000000 0.000000
0.000000 0.000000 0.000000
0.000000 0.000000 0.000000
-0.010306 -0.089169 -0.051554
-0.003990 -0.089102 0.093275
0.070679 -0.062384 0.246381
-0.045749 -0.075166 -0.381219
0.000000 0.000000 0.000000
-0.003458 0.288300 0.788963
0.002469 0.317979 0.781285
0.000000 0.000000 0.000000
-0.116585 -0.015544 -0.202474
0.000000 0.000000 0.000000
-0.035259 -0.089169 -0.150138
0.000000 0.000000 0.000000
0.002212 0.397012 0.870780
0.037797 0.012553 0.769597
0.000000 0.000000 0.000000
0.000000 0.000000 0.000000
0.230102 0.051329 0.856590
0.000000 0.000000 0.000000
-0.091993 0.015954 0.042840
0.000000 0.000000 0.000000
-0.016321 0.101613 -0.630258
0.000000 0.000000 0.000000
0.008970 -0.089169 -0.348204
0.000000 0.000000 0.000000
0.097803 0.010801 0.419944
0.029224 0.099707 -0.413922
0.000000 0.000000 0.000000
0.054796 -0.042048 0.552026
-0.018136 0.101002 -0.305022
0.000000 0.000000 0.000000
-0.081594 -0.036551 -0.462214
0.000000 0.000000 0.000000
-0.054213 0.084273 -0.568044
0.000000 0.000000 0.000000
0.013474 0.102775 -0.493642
0.000000 0.000000 0.000000
0.000000 0.000000 0.000000
-0.035413 0.094801 0.159762
0.066631 0.060037 0.604749
0.000000 0.000000 0.000000
-0.047705 -0.087694 -0.049344
0.000000 0.000000 0.000000
0.003395 0.184730 0.851615
0.041418 0.030027 0.836218
0.000000 0.000000 0.000000
0.000000 0.000000 0.000000
0.027454 0.085191 0.677391
-0.053015 -0.058501 -0.034420
0.000000 0.000000 0.000000
-0.090296 -0.075862 -0.205921
-0.014850 0.101909 0.089556
0.000000 0.000000 0.000000
-0.019849 0.100178 0.472796
0.000000 0.000000 0.000000
0.020981 0.102020 -0.671007
0.005836 0.085596 0.737099
0.000000 0.000000 0.000000
-0.077962 0.058327 0.240124
0.000000 0.000000 0.000000
0.147168 0.041513 0.863947
0.046106 -0.089169 -0.045936
0.073222 0.074377 -0.012203
0.064865 -0.001346 0.633039
0.025980 0.042380 0.813868
-0.050427 -0.072838 -0.575807
-0.080459 0.053311 -0.194541
0.041730 0.095262 -0.160053
-0.079796 -0.018612 -0.774293
-0.090568 0.027626 -0.579359
0.000000 0.000000 0.000000
-0.043853 0.090580 -0.051842
0.000000 0.000000 0.000000
-0.084171 0.045885 -0.417037
0.079150 0.067000 -0.095750
0.000000 0.000000 0.000000
0.000000 0.000000 0.000000
0.000000 0.000000 0.000000
-0.008211 -0.088027 0.176474
0.000418 0.351750 0.870127
0.000000 0.000000 0.000000
-0.070568 0.068675 -0.497258
-0.041067 0.091972 0.297806
0.000000 0.000000 0.000000
-0.057985 0.080062 0.443395
0.089085 0.050532 0.257892
0.063505 0.082630 0.248664
0.000000 0.000000 0.000000
0.055028 0.088610 -0.071559
0.000000 0.000000 0.000000
0.072899 0.074781 0.140606
0.030938 0.099131 0.321810
0.000000 0.000000 0.000000
0.000000 0.000000 0.000000
0.075782 0.063266 0.530544
-0.021101 -0.063097 -0.007394
-0.000078 0.247018 0.726757
-0.054727 -0.069383 -0.417668
0.000000 0.000000 0.000000
0.048263 -0.055339 0.514721
0.000000 0.000000 0.000000
0.000000 0.000000 0.000000
0.000000 0.000000 0.000000
-0.003683 0.126533 0.630137
0.000000 0.000000 0.000000
-0.044732 -0.074045 -0.727899
0.000000 0.000000 0.000000
0.000000 0.000000 0.000000
0.067432 0.070890 0.570469
0.086803 -0.040618 0.357139
0.057218 -0.089169 -0.124370
0.000000 0.000000 0.000000
-0.049601 0.083961 0.548704
0.098300 0.025224 -0.097928
0.000369 0.087964 0.769445
-0.067046 0.073034 0.021073
-0.005804 0.116265 0.681186
0.000000 0.000000 0.000000
0.084547 0.059660 -0.303137
0.000000 0.000000 0.000000
0.033776 0.098177 0.129913
0.000000 0.000000 0.000000
0.000000 0.000000 0.000000
0.000000 0.000000 0.000000
0.000000 0.000000 0.000000
-0.092250 0.001136 -0.368605
0.000000 0.000000 0.000000
0.006353 0.103491 -0.024000
0.008338 -0.089169 -0.218271
0.006090 -0.089169 0.024871
-0.004425 0.102957 -0.343230
0.051154 -0.076076 0.194066
0.000000 0.000000 0.000000
0.093621 -0.025707 0.279273
0.044399 0.093927 -0.525577
-0.041496 0.091759 -0.144054
0.000000 0.000000 0.000000
0.000000 0.000000 0.000000
0.021946 0.101668 0.513932
-0.061603 0.078373 0.187849
-0.091141 0.024478 0.068996
0.000000 0.000000 0.000000
0.000000 0.000000 0.000000
0.000000 0.000000 0.000000
0.000000 0.000000 0.000000
0.000000 0.000000 0.000000
-0.039116 0.092948 0.363816
0.000000 0.000000 0.000000
0.000000 0.000000 0.000000
0.000000 0.000000 0.000000
0.000000 0.000000 0.000000
0.036568 0.097239 -0.088923
0.045539 -0.058501 0.046271
0.059687 0.019556 0.676323
0.000000 0.000000 0.000000
0.000000 0.000000 0.000000
-0.060954 0.078891 -0.354763
-0.045978 0.089516 0.121090
0.013308 -0.088233 0.247762
0.019263 0.102193 0.218476
0.018061 0.102314 -0.187108
-0.000395 -0.089169 -0.134593
-0.055537 -0.089169 -0.258160
0.006322 0.102356 -0.705360
0.000000 0.000000 0.000000
0.000000 0.000000 0.000000
0.000000 0.000000 0.000000
0.000000 0.000000 0.000000
0.000000 0.000000 0.000000
0.000000 0.000000 0.000000
0.075890 -0.056539 0.208585
0.000000 0.000000 0.000000
-0.076712 -0.055782 -0.356554
0.098169 -0.031408 0.071856
-0.014008 -0.089169 -0.077724
0.010518 0.103072 0.107886
0.000000 0.000000 0.000000
0.099107 0.017148 0.184413
0.000000 0.000000 0.000000
-0.005986 0.093486 0.669598
0.000000 0.000000 0.000000
0.000000 0.000000 0.000000
0.000000 0.000000 0.000000
0.000000 0.000000 0.000000
-0.068370 -0.054301 -0.725554
0.000000 0.000000 0.000000
-0.090938 -0.044503 -0.093750
0.003725 0.103753 0.553119
0.000000 0.000000 0.000000
0.000000 0.000000 0.000000
-0.086333 0.013723 -0.752523
-0.045526 -0.089169 -0.297890
0.000000 0.000000 0.000000
0.071542 0.075605 0.411712
0.007576 0.143659 0.777339
0.022513 0.101801 0.426401
-0.059069 0.080378 -0.451281
0.000000 0.000000 0.000000
0.009155 0.174289 0.765453
0.000000 0.000000 0.000000
0.000000 0.000000 0.000000
0.000000 0.000000 0.000000
0.099438 0.000685 0.293832
0.048737 0.091757 -0.452647
0.000000 0.000000 0.000000
0.036676 -0.089169 0.087210
-0.035961 -0.080019 -0.625853
0.000000 0.000000 0.000000
0.000000 0.000000 0.000000
-0.089458 -0.016507 -0.536787
0.058512 -0.089169 -0.097584
0.000000 0.000000 0.000000
0.000000 0.000000 0.000000
0.000000 0.000000 0.000000
0.000000 0.000000 0.000000
0.000000 0.000000 0.000000
0.000000 0.000000 0.000000
0.000000 0.000000 0.000000
0.089078 0.050536 0.153789
-0.021483 -0.085357 -0.496477
0.000000 0.000000 0.000000
-0.018880 0.100752 -0.520162
0.132013 0.034945 0.780449
0.086344 -0.034140 0.418138
0.043571 0.094341 0.057388
-0.092069 0.015192 -0.277371
-0.080954 0.052345 -0.622210
0.000000 0.000000 0.000000
-0.004510 0.131324 0.707608
0.000000 0.000000 0.000000
0.000000 0.000000 0.000000
0.056232 -0.089169 0.021638
0.097097 -0.015288 0.358024
