-0.139503 0.138979 -0.497399
0.115536 -0.577276 -0.721564
-0.337757 -0.386212 -0.723692
0.320422 -0.095659 -0.666173
-0.289361 0.105550 0.152193
0.000000 0.000000 0.000000
0.339780 0.151290 -0.378434
-0.011193 0.138979 -0.124232
0.000000 0.000000 0.000000
-0.126498 0.158336 -0.676029
0.337336 -0.370076 -0.633113
0.026987 0.158336 0.263727
-0.318398 -0.053406 -0.636426
-0.308720 0.093690 -0.232416
0.000000 0.000000 0.000000
0.163371 0.158336 -0.706282
-0.210081 -0.596635 -0.647786
0.000000 0.000000 0.000000
0.084896 0.138979 -0.366463
0.217086 0.138979 -0.147028
-0.310401 0.138979 0.379577
0.299679 0.090583 -0.606266
-0.337333 0.158336 -0.516743
-0.222236 0.138979 -0.042220
-0.249998 0.090583 -0.727872
0.339780 -0.582846 -0.698711
-0.128885 0.158336 -0.290283
0.124134 0.138979 0.048875
-0.083415 0.158336 0.120876
0.003735 0.090583 -0.716473
-0.152750 0.158336 0.288166
0.048742 0.158336 -0.521191
0.000000 0.000000 0.000000
-0.049333 0.158336 -0.714815
-0.053081 -0.588740 -0.729905
-0.325516 -0.230557 -0.633114
-0.279191 0.158336 -0.379283
0.338745 -0.252121 -0.729905
-0.337757 -0.542079 -0.719898
-0.223785 0.158336 -0.674325
0.215302 0.158336 -0.460154
0.291385 0.091255 -0.186711
-0.164301 0.138979 -0.156249
0.000000 0.000000 0.000000
0.217013 0.115243 -0.633113
-0.187554 0.090583 -0.688620
0.327539 0.004847 -0.729905
0.000000 0.000000 0.000000
-0.328862 0.115274 -0.633113
-0.337757 0.153339 -0.106524
0.236711 -0.596635 -0.638116
0.247672 0.158336 -0.036293
0.059897 0.158336 -0.234553
0.208746 0.158336 -0.306616
-0.336666 0.158336 0.021775
0.011633 0.138979 0.122150
0.338698 0.158336 -0.729514
0.000000 0.000000 0.000000
-0.318398 -0.028228 -0.723870
-0.057146 0.138979 -0.398138
-0.197743 0.158336 -0.384849
0.330693 -0.445318 -0.729905
0.309518 0.090583 -0.447330
0.095824 0.158336 -0.074612
-0.120526 0.138979 0.373699
0.000000 0.000000 0.000000
-0.089860 0.158336 -0.006551
-0.286642 0.158336 0.260137
0.320422 -0.212931 -0.647070
-0.039986 0.138979 -0.582928
-0.215672 0.158336 0.151768
-0.194322 0.158336 -0.552806
0.076358 0.158336 -0.664565
0.021408 -0.581569 -0.633114
-0.208646 0.158336 0.023029
0.117802 0.090583 -0.675305
-0.337757 -0.154903 -0.706178
-0.337757 -0.459380 -0.666376
0.182259 -0.596635 -0.636520
-0.223218 0.138979 -0.254287
-0.289361 0.095729 -0.415511
-0.055560 0.090583 -0.636746
-0.016641 0.158336 -0.317431
0.167961 0.138979 -0.551661
-0.057972 0.138979 -0.221877
0.192612 0.158336 -0.364723
0.027820 0.138979 0.023503
-0.302760 0.090583 -0.057756
0.000000 0.000000 0.000000
0.329284 0.138979 -0.096230
0.338342 0.158336 -0.514225
0.337577 0.158336 -0.256877
-0.025733 0.158336 0.318261
-0.081662 0.158336 0.201092
0.059682 0.138979 -0.133315
0.254890 0.095231 -0.729905
-0.113411 -0.596635 -0.665891
0.081675 -0.596635 -0.719859
-0.110877 0.090583 -0.707567
0.000000 0.000000 0.000000
0.323039 -0.487623 -0.633113
0.327749 -0.001755 -0.633114
-0.314884 -0.580778 -0.633113
-0.337342 -0.262538 -0.729905
0.339780 -0.345927 -0.691784
-0.247353 -0.596635 -0.729200
0.075226 0.138979 -0.440261
-0.120947 0.138979 0.194226
0.164327 0.138979 -0.208113
0.000000 0.000000 0.000000
0.000000 0.000000 0.000000
0.000000 0.000000 0.000000
-0.292833 0.090583 -0.569360
0.000000 0.000000 0.000000
0.000000 0.000000 0.000000
0.000000 0.000000 0.000000
-0.253984 0.158336 -0.488483
-0.160158 0.158336 -0.083323
-0.222663 0.138979 0.349243
-0.318398 -0.332972 -0.634155
-0.307961 0.090583 0.305848
0.299724 0.090583 -0.313773
-0.336148 0.081207 -0.729905
0.173588 0.138979 -0.053563
0.223919 -0.593468 -0.729905
0.000000 0.000000 0.000000
-0.041786 0.158336 -0.490503
-0.294982 0.158336 -0.179544
0.339780 -0.159836 -0.683062
0.000000 0.000000 0.000000
0.278031 0.158336 -0.539745
-0.308720 0.097917 0.043624
0.085483 0.138979 0.147371
0.266953 0.158336 -0.663307
-0.173483 0.158336 0.080916
-0.324940 0.138979 -0.298106
-0.054606 0.158336 0.042862
0.014156 0.097772 -0.633113
0.122157 0.138979 -0.297498
0.334875 0.158336 -0.186292
0.000000 0.000000 0.000000
-0.331978 -0.138744 -0.633113
0.132409 0.138979 -0.495055
0.000000 0.000000 0.000000
-0.104236 0.138979 -0.145126
-0.159642 -0.581130 -0.729905
0.246651 0.138979 -0.237910
0.307930 -0.577276 -0.633832
-0.092297 0.158336 0.173028
-0.236399 0.138979 0.400849
-0.243652 0.158336 -0.120506
0.291381 0.158336 -0.161870
-0.258801 0.138979 -0.323871
0.339780 -0.294967 -0.646200
0.000000 0.000000 0.000000
0.000000 0.000000 0.000000
-0.310053 0.158336 -0.690506
-0.318398 -0.381643 -0.646863
-0.224598 0.158336 0.237864
-0.289361 0.094100 -0.481027
0.000000 0.000000 0.000000
-0.337757 0.155321 -0.435640
-0.320032 0.158336 -0.589418
0.119726 0.120232 -0.729905
0.339780 0.066972 -0.670653
-0.138917 0.138979 -0.435534
-0.131535 0.158336 -0.238284
-0.318398 0.045624 -0.670596
0.000000 0.000000 0.000000
-0.258986 0.138979 0.086622
0.275578 0.158336 -0.424830
-0.121242 0.138979 -0.577054
0.019409 0.158336 -0.046944
-0.065905 0.138979 0.420738
0.128024 0.138979 -0.411991
-0.236623 0.158336 -0.019055
0.043471 0.158336 -0.293851
0.339780 0.155481 -0.598758
-0.166840 0.125672 -0.633113
-0.100080 0.138979 -0.351841
0.142059 0.138979 -0.138015
0.297099 0.090583 -0.530558
-0.048678 0.138979 0.107499
-0.330641 0.138979 -0.064367
-0.308720 0.093128 0.229150
-0.076762 0.158336 -0.068943
0.000000 0.000000 0.000000
0.020315 0.158336 -0.392100
0.091573 0.138979 -0.589313
-0.263053 0.138979 0.342919
-0.253433 0.092676 -0.633114
-0.084985 0.158336 0.271305
-0.335764 0.158336 0.099694
-0.189670 0.158336 -0.314448
0.175962 0.158336 -0.627000
-0.225961 0.158336 -0.436969
0.270037 0.138979 -0.352619
-0.045171 -0.577276 -0.638805
-0.301931 -0.599826 -0.678240
-0.289361 0.091403 -0.144478
-0.337757 0.154592 0.314501
0.026442 0.158336 0.192675
0.146592 0.158336 0.118302
0.231867 0.138979 -0.099374
0.104898 -0.580230 -0.633113
-0.007165 0.158336 -0.199853
0.000000 0.000000 0.000000
-0.291167 0.158336 0.191302
0.016070 0.138979 -0.573809
0.237330 0.152289 -0.729905
0.000000 0.000000 0.000000
0.320422 -0.509510 -0.719509
0.011883 0.158336 -0.719561
0.291385 0.109021 -0.098630
0.339780 -0.056706 -0.728765
-0.255728 0.138979 -0.531455
0.339780 -0.419659 -0.672997
0.187815 0.090583 -0.684230
-0.044919 0.158336 -0.637025
-0.337757 -0.469049 -0.726713
-0.337757 -0.093770 -0.701144
0.000000 0.000000 0.000000
0.188447 0.158336 0.022514
-0.159896 0.139230 -0.729905
0.316154 0.158336 -0.669097
-0.211807 0.132051 -0.729905
-0.329099 -0.522416 -0.633113
-0.276984 0.158336 -0.146466
0.273504 0.138979 -0.602172
0.153786 0.138979 -0.335239
-0.292584 0.090583 -0.337191
0.020013 0.138979 -0.457239
-0.027437 0.138979 0.218538
0.000000 0.000000 0.000000
0.203928 0.138979 -0.521475
-0.147258 0.138979 0.141803
0.017295 -0.577276 -0.705207
-0.003892 0.158336 -0.253987
-0.135723 0.158336 0.023681
0.145773 -0.577276 -0.682403
0.288307 0.158336 -0.288810
0.000000 0.000000 0.000000
-0.092394 0.158336 -0.480564
0.000000 0.000000 0.000000
0.133225 0.137621 -0.633114
0.100853 0.158336 -0.193117
0.000000 0.000000 0.000000
0.000000 0.000000 0.000000
-0.113056 0.138979 0.070915
0.321788 -0.161441 -0.633113
-0.026839 0.138979 0.269987
0.142576 0.138979 -0.010178
0.292404 0.090583 -0.247062
0.339780 -0.050412 -0.635056
0.276875 0.138979 -0.483199
-0.254976 0.138979 -0.239099
-0.076500 0.138979 -0.294927
-0.337757 0.153089 -0.230901
0.068296 0.158336 0.056863
0.000000 0.000000 0.000000
0.290204 -0.581186 -0.729905
-0.337757 -0.016426 -0.682826
-0.048310 0.158336 -0.167269
-0.223675 0.158336 -0.186290
-0.151980 0.138979 -0.035624
0.328969 0.086753 -0.729905
-0.337757 -0.213250 -0.688558
0.080026 0.158336 -0.007386
0.000000 0.000000 0.000000
-0.142537 -0.596635 -0.636060
0.000000 0.000000 0.000000
-0.337757 -0.292458 -0.643061
-0.178575 0.138979 0.228380
0.000000 0.000000 0.000000
0.121664 0.158336 -0.240383
0.000000 0.000000 0.000000
0.270302 -0.603979 -0.674238
-0.199503 0.158336 -0.506987
-0.284641 0.158336 0.016723
-0.139648 0.158336 -0.377673
-0.031704 0.138979 -0.009976
0.279266 0.090583 -0.670403
0.320422 -0.314742 -0.729142
0.000000 0.000000 0.000000
0.291385 0.094080 -0.378851
0.065475 0.104948 -0.729905
0.000000 0.000000 0.000000
0.000000 0.000000 0.000000
-0.254460 0.138979 0.149790
-0.233891 0.158336 -0.603275
0.000000 0.000000 0.000000
-0.117945 0.158336 0.420065
0.320422 -0.110782 -0.728132
-0.337757 0.145811 0.210997
0.000000 0.000000 0.000000
0.000000 0.000000 0.000000
-0.122862 0.090622 -0.633114
0.169172 0.138979 -0.262468
0.054051 0.090583 -0.672738
-0.027208 0.158336 -0.074093
-0.151514 0.138979 -0.546075
0.197024 -0.577276 -0.702730
-0.318398 -0.416148 -0.695877
-0.318398 -0.310611 -0.698850
0.079720 0.138979 0.202206
-0.136728 0.138979 -0.190340
0.176217 0.106605 -0.729905
-0.170166 -0.577276 -0.680454
0.333985 0.138979 -0.454556
0.010307 0.158336 -0.643941
0.339780 0.116650 -0.679890
-0.018376 0.090583 -0.676992
0.327221 0.158336 -0.320632
0.339780 -0.182915 -0.723622
0.069959 0.138979 0.234539
0.136298 0.158336 0.159491
-0.273646 0.158336 -0.626318
-0.337757 -0.563821 -0.683845
-0.021911 0.158336 0.164904
-0.186347 0.138979 -0.456754
0.000000 0.000000 0.000000
0.226124 0.138979 -0.408569
-0.056204 0.158336 0.367535
0.070268 0.138979 -0.486129
0.326137 -0.389920 -0.729905
-0.293191 0.158336 -0.047342
-0.285991 0.138979 -0.425820
0.241584 0.158336 -0.193374
0.225097 0.158336 -0.587513
-0.108214 0.138979 -0.040477
-0.276322 0.158336 -0.275926
0.000000 0.000000 0.000000
-0.308720 0.127203 -0.377664
-0.130246 0.138979 0.247681
-0.298683 0.090583 -0.694665
-0.283756 0.138979 -0.093851
0.041024 0.138979 -0.346864
0.055468 -0.596635 -0.672051
0.320422 -0.265763 -0.678762
0.123578 0.138979 -0.062841
-0.328983 0.014471 -0.633113
0.057535 0.138979 -0.172681
0.320422 -0.039680 -0.682637
0.225708 0.138979 0.007049
-0.073173 0.158336 0.328104
-0.122106 0.158336 -0.627427
-0.196221 0.158336 -0.350902
-0.257182 -0.596635 -0.662176
0.049572 0.158336 -0.615049
-0.113412 -0.577276 -0.712618
-0.289361 0.110430 -0.180949
0.339780 -0.480457 -0.684599
-0.238926 0.138979 0.188276
0.050189 0.138979 -0.053508
-0.225537 0.138979 0.288366
-0.015705 0.138979 -0.349692
0.133664 0.093891 -0.633113
0.320422 -0.545008 -0.673923
0.210042 0.158336 -0.646840
0.106734 0.138979 -0.541334
-0.076094 0.158336 -0.545275
-0.334185 0.024167 -0.729905
-0.053894 0.138979 0.194761
-0.166277 0.158336 0.377672
0.310743 0.127654 -0.558957
-0.300941 0.090583 0.360244
-0.270786 0.158336 -0.719274
0.339780 -0.005441 -0.678824
0.282256 0.140947 -0.729905
-0.318398 -0.260035 -0.681194
-0.252121 0.138979 0.039671
0.258017 0.138979 -0.126685
-0.289361 0.101821 0.271902
0.167552 0.158336 -0.420385
-0.305791 0.090583 0.107525
-0.013699 0.138979 0.080339
-0.318398 -0.434820 -0.637255
-0.190869 -0.596635 -0.729280
0.239319 0.138979 -0.372246
-0.185751 0.158336 -0.638582
-0.012640 -0.577276 -0.659938
-0.180353 0.158336 -0.206103
0.229653 0.158336 -0.263402
-0.337757 0.145564 -0.165770
0.275870 0.158336 -0.076934
-0.209008 0.158336 -0.092544
-0.337757 0.153583 0.166227
-0.053022 0.158336 -0.113942
0.071305 0.109871 -0.633114
-0.144761 0.158336 -0.590798
-0.274976 0.158336 0.412759
-0.091499 0.158336 -0.252334
-0.027928 0.110707 -0.729905
-0.295557 0.158336 -0.325355
0.000000 0.000000 0.000000
0.000000 0.000000 0.000000
-0.220949 0.138979 0.075272
-0.155833 0.158336 0.342805
-0.289361 0.102010 -0.009196
0.105742 -0.577276 -0.684542
0.339780 -0.219748 -0.692176
-0.308720 0.110411 -0.525710
-0.289361 0.106977 -0.276244
0.000000 0.000000 0.000000
-0.020134 0.138979 -0.532249
0.188759 0.138979 -0.110703
0.163219 -0.587622 -0.729905
-0.022121 0.158336 -0.435096
-0.337757 -0.509695 -0.680215
0.000000 0.000000 0.000000
-0.318398 -0.184382 -0.723600
-0.332764 0.158336 -0.375113
0.000000 0.000000 0.000000
-0.222895 -0.577276 -0.691572
0.310743 0.130058 -0.211345
-0.137185 0.138979 -0.331186
-0.087591 0.158336 -0.195372
0.174183 0.158336 0.072760
-0.337757 0.109886 -0.685118
-0.175229 0.158336 -0.007713
-0.243822 0.158336 -0.360317
0.304656 0.158336 -0.116428
0.000000 0.000000 0.000000
-0.093870 0.158336 -0.395505
-0.122014 0.138979 -0.072837
0.049096 0.158336 0.109832
0.339780 -0.595009 -0.728364
0.000000 0.000000 0.000000
-0.057104 -0.577276 -0.687392
0.293663 0.158336 -0.236789
-0.077566 0.121647 -0.633114
-0.337757 -0.144898 -0.664388
0.145813 0.138979 -0.368987
0.096083 0.138979 -0.107333
0.339780 -0.585348 -0.656949
-0.165112 0.138979 0.112997
0.126843 0.158336 0.088790
0.237433 0.138979 -0.497132
0.005306 0.138979 -0.176090
0.310743 0.130958 -0.492003
-0.337757 -0.190699 -0.638324
-0.059318 0.138979 -0.449014
0.000000 0.000000 0.000000
-0.296006 0.117622 -0.729905
0.021726 0.138979 0.072397
-0.337757 -0.099598 -0.645596
-0.308720 0.117875 -0.116982
-0.049764 0.158336 -0.354446
0.158698 0.158336 -0.508927
0.339780 -0.535345 -0.634066
0.062117 0.138979 -0.092017
-0.190381 0.158336 -0.052359
-0.289361 0.130969 0.217970
-0.058824 0.138979 0.145688
0.033912 0.138979 -0.213380
0.320422 -0.436633 -0.655351
-0.293250 0.158336 -0.548446
-0.332062 -0.131284 -0.729905
0.000000 0.000000 0.000000
-0.228440 0.135893 -0.633114
-0.096290 0.138979 -0.116344
-0.172003 0.158336 0.178336
-0.135581 0.138979 0.315307
0.127738 0.158336 -0.457410
0.339780 -0.302311 -0.684151
-0.313254 0.138979 -0.482283
0.000000 0.000000 0.000000
0.000000 0.000000 0.000000
0.135153 0.158336 -0.593748
-0.327123 -0.334310 -0.729905
-0.318398 -0.349508 -0.679878
0.320422 0.045164 -0.639382
-0.308720 0.138371 0.332460
-0.294777 0.158336 -0.469208
0.000000 0.000000 0.000000
-0.064813 0.138979 -0.085412
0.229902 0.090583 -0.669911
0.098013 0.138979 -0.041696
0.068481 0.138979 -0.322446
-0.242013 0.090583 -0.680775
0.337754 0.117518 -0.633113
0.199398 0.158336 -0.215113
0.211880 0.158336 -0.688727
-0.004657 0.138979 -0.284628
-0.082745 0.158336 -0.324554
-0.066003 0.099398 -0.729905
0.000000 0.000000 0.000000
0.096386 0.158336 -0.718352
0.093730 0.158336 -0.399048
0.000000 0.000000 0.000000
-0.320051 0.158336 -0.635626
0.000000 0.000000 0.000000
0.053029 0.158336 -0.567073
0.004544 0.158336 0.293038
0.010861 0.158336 0.226113
0.128416 0.158336 -0.668226
-0.315199 0.138979 0.274533
-0.337757 0.067045 -0.641314
-0.009515 0.158336 -0.607535
0.337076 0.138979 -0.142355
-0.097483 0.138979 0.024160
0.000000 0.000000 0.000000
-0.077971 -0.596635 -0.648535
-0.245275 0.158336 -0.566108
-0.017497 0.158336 -0.676153
-0.308720 0.112190 -0.599775
-0.309259 0.138979 0.130456
-0.325587 0.138979 -0.017691
-0.116755 0.158336 0.284219
-0.177412 0.138979 -0.254264
0.320422 -0.332866 -0.639597
0.060290 0.138979 0.025623
0.000000 0.000000 0.000000
-0.336908 0.138979 0.057032
0.000000 0.000000 0.000000
0.267159 0.158336 -0.569761
-0.130784 0.158336 -0.123930
0.339780 -0.546625 -0.713776
-0.251693 0.138979 -0.077930
-0.318398 -0.180321 -0.678533
0.189994 0.138979 -0.179562
0.258518 0.138979 -0.449434
0.000000 0.000000 0.000000
-0.193147 0.138979 0.393603
0.304851 0.158336 -0.442378
-0.245134 0.138979 -0.398241
-0.002841 0.158336 0.043088
0.174578 0.100214 -0.633114
-0.164696 0.158336 -0.425754
0.098911 0.158336 -0.155155
-0.257246 0.158336 0.223039
0.000000 0.000000 0.000000
-0.009121 0.138979 -0.483235
0.320422 -0.388134 -0.685906
-0.127458 0.158336 0.104241
0.189811 0.138979 -0.481063
-0.248603 0.138979 -0.193319
-0.308720 0.119268 0.083843
-0.337757 0.150065 0.369027
0.133452 0.158336 -0.540134
-0.180198 0.138979 0.032623
0.000000 0.000000 0.000000
0.033483 0.158336 -0.092510
0.231058 -0.577276 -0.684610
-0.308720 0.127399 0.025193
0.091031 0.138979 -0.244086
-0.129487 0.129305 -0.729905
-0.192225 0.138979 0.317805
0.019331 0.138979 -0.078035
0.063929 -0.592733 -0.633113
0.291385 0.094826 -0.486921
0.118080 0.158336 -0.334421
0.000000 0.000000 0.000000
0.193730 0.158336 -0.589115
-0.175421 0.138979 -0.590215
0.327067 0.158336 -0.423173
0.320422 -0.124906 -0.685682
0.339780 0.027550 -0.694775
-0.337757 0.067750 -0.692945
-0.040850 0.138979 -0.041695
-0.215142 0.138979 -0.484614
0.291385 0.093790 -0.570512
-0.173904 0.138979 -0.286989
-0.297890 0.090583 -0.636252
0.292944 0.158336 -0.384306
0.319424 0.138979 -0.632770
-0.337757 -0.570571 -0.719646
0.335096 -0.124449 -0.633113
0.320422 -0.443363 -0.688418
-0.308720 0.123509 -0.457799
-0.097200 0.138979 -0.512890
0.045389 0.138979 -0.391162
0.000000 0.000000 0.000000
0.168535 0.158336 -0.668021
-0.337757 0.156039 -0.328469
0.171015 0.158336 -0.012902
0.041514 0.138979 -0.264241
-0.289361 0.129967 -0.578367
0.289971 0.123595 -0.633113
0.180299 0.158336 -0.140753
-0.196427 0.138979 0.199339
-0.144829 0.158336 0.223497
-0.138934 0.158336 0.055400
-0.337757 0.132501 -0.720259
0.000000 0.000000 0.000000
0.000000 0.000000 0.000000
-0.318398 -0.482245 -0.637793
0.300490 -0.596635 -0.698923
-0.218580 0.138979 -0.140314
0.000000 0.000000 0.000000
-0.249139 0.158336 0.367944
-0.061055 0.158336 0.232766
-0.151692 0.138979 0.404710
0.214867 0.138979 -0.062911
-0.308720 0.104432 0.181654
-0.313142 0.154318 -0.729905
0.291385 0.116933 -0.283887
-0.010853 0.158336 0.356952
0.048860 0.158336 -0.696634
0.050684 0.158336 -0.465802
0.320422 -0.278978 -0.711601
-0.097077 0.138979 -0.425137
0.237649 0.158336 -0.532264
0.000000 0.000000 0.000000
0.198894 0.147238 -0.729905
0.248696 0.158336 -0.617897
0.000000 0.000000 0.000000
0.339780 0.061032 -0.711704
-0.200986 0.158336 0.277243
-0.282435 0.138979 -0.505518
-0.065315 0.158336 0.081884
-0.295227 -0.596635 -0.718557
-0.054433 0.158336 -0.250553
0.097343 0.158336 -0.513036
-0.162280 0.090583 -0.655919
0.000000 0.000000 0.000000
0.302301 0.090583 -0.148613
-0.239510 -0.577276 -0.635062
0.000000 0.000000 0.000000
-0.242204 0.138979 0.256964
-0.268125 -0.615695 -0.693648
0.002520 0.138979 0.318229
0.000000 0.000000 0.000000
0.310743 0.119646 -0.124517
-0.221074 0.158336 -0.318192
0.320422 -0.268753 -0.637539
0.158732 0.138979 -0.591889
-0.224079 0.158336 0.114004
-0.008764 0.138979 -0.405083
0.198628 0.158336 -0.041556
-0.183199 -0.577276 -0.640896
-0.320316 -0.509708 -0.729905
0.201296 0.138979 0.050365
-0.201223 -0.596635 -0.688512
-0.318398 -0.458069 -0.700808
-0.130334 0.158336 -0.467694
0.290715 0.090583 -0.713234
-0.336806 0.158336 -0.265976
0.030115 0.158336 -0.004055
-0.085266 0.158336 0.396644
0.285522 0.158336 -0.049130
-0.079182 0.158336 -0.156489
0.018258 0.158336 -0.335444
0.144347 0.158336 -0.106563
0.000000 0.000000 0.000000
0.000000 0.000000 0.000000
0.277961 -0.596635 -0.635188
-0.289361 0.135969 -0.237401
0.000000 0.000000 0.000000
-0.282997 0.158336 0.055638
0.291385 0.129794 -0.519348
-0.337757 -0.063301 -0.676074
-0.165867 0.158336 -0.483850
0.114943 0.138979 0.184631
0.310743 0.128326 -0.380263
0.310743 0.103830 -0.402907
0.310743 0.134609 -0.178358
0.000000 0.000000 0.000000
0.000000 0.000000 0.000000
-0.133953 0.158336 -0.021024
-0.020116 0.138979 -0.224748
-0.211696 0.138979 -0.534340
0.335424 -0.351405 -0.729905
-0.068606 0.138979 0.006018
-0.004747 -0.596635 -0.680021
-0.318398 -0.076776 -0.727081
-0.318398 -0.236156 -0.714900
0.000000 0.000000 0.000000
-0.097373 0.158336 -0.095326
-0.012572 0.158336 -0.502204
0.014240 0.158336 -0.545291
-0.025449 0.138979 -0.266022
-0.197893 0.158336 -0.702915
-0.337033 -0.596635 -0.687151
0.000000 0.000000 0.000000
0.063235 0.158336 0.190800
0.000000 0.000000 0.000000
0.154104 0.090583 -0.695318
0.291385 0.128957 -0.447312
0.223268 0.158336 0.041610
-0.297737 0.158336 0.306751
0.000000 0.000000 0.000000
-0.273187 0.158336 -0.585402
0.000000 0.000000 0.000000
0.319771 0.158336 -0.566359
-0.221471 0.158336 0.318482
-0.337757 0.157551 0.241135
0.330159 -0.219739 -0.729905
0.092438 0.158336 -0.613826
0.242647 0.158336 -0.155196
-0.337757 -0.325802 -0.662731
-0.289361 0.094951 -0.377629
-0.253798 0.138979 0.308056
0.101709 0.138979 0.113492
0.217356 0.099198 -0.729905
0.327320 0.122283 -0.729905
0.000000 0.000000 0.000000
0.046164 -0.577276 -0.714473
-0.130360 0.158336 -0.153202
-0.020697 0.158336 0.115024
0.010356 0.158336 -0.484119
0.000000 0.000000 0.000000
0.320422 -0.337654 -0.669197
0.027821 -0.577276 -0.669645
0.339780 -0.197909 -0.667151
-0.163242 0.138979 -0.395951
0.291385 0.118834 -0.344269
-0.318398 -0.539656 -0.674234
-0.064830 0.158336 -0.036397
-0.289361 0.124655 -0.063242
0.268051 0.138979 -0.177826
-0.234051 0.158336 -0.710661
-0.258604 0.158336 -0.411787
-0.031754 -0.596635 -0.704212
0.241348 0.158336 -0.323884
0.336473 -0.087593 -0.633113
-0.118070 0.158336 0.139085
