0.000000 0.000000 0.000000
-0.289154 -0.136960 -0.266781
0.101783 -0.441798 -0.362598
0.000000 0.000000 0.000000
0.000000 0.000000 0.000000
0.000000 0.000000 0.000000
-0.638326 -0.652787 -0.305499
0.000000 0.000000 0.000000
0.000000 0.000000 0.000000
0.000000 0.000000 0.000000
0.000000 0.000000 0.000000
0.000000 0.000000 0.000000
-0.061344 -0.133275 -0.280825
0.588783 -0.283003 -0.355440
0.000000 0.000000 0.000000
-0.265843 -0.490585 -0.385390
-0.638326 -0.005678 -0.310216
0.000000 0.000000 0.000000
0.549053 -0.637326 -0.385390
0.000000 0.000000 0.000000
0.000000 0.000000 0.000000
0.000000 0.000000 0.000000
0.000000 0.000000 0.000000
-0.573800 0.452828 -0.366853
0.000000 0.000000 0.000000
-0.560711 -0.332235 -0.357744
0.000000 0.000000 0.000000
0.000000 0.000000 0.000000
-0.665973 -0.275817 -0.104807
0.000000 0.000000 0.000000
0.000000 0.000000 0.000000
-0.403925 0.121970 -0.385390
0.000000 0.000000 0.000000
0.000000 0.000000 0.000000
0.000000 0.000000 0.000000
0.237446 -0.177319 -0.355440
-0.021645 0.062127 -0.357744
0.001450 -0.410784 -0.357744
0.000000 0.000000 0.000000
-0.522436 -0.136960 -0.067594
0.000000 0.000000 0.000000
-0.535662 -0.133275 -0.139576
0.350536 -0.409075 -0.357744
0.000000 0.000000 0.000000
0.000000 0.000000 0.000000
0.000000 0.000000 0.000000
0.000000 0.000000 0.000000
0.000000 0.000000 0.000000
-0.638326 0.221621 -0.349279
-0.665973 -0.518056 -0.087942
0.000000 0.000000 0.000000
-0.464504 -0.650011 -0.385390
0.000000 0.000000 0.000000
-0.243416 -0.242327 -0.385390
0.000000 0.000000 0.000000
0.000000 0.000000 0.000000
0.000000 0.000000 0.000000
-0.205477 -0.019834 -0.377614
0.000000 0.000000 0.000000
0.000000 0.000000 0.000000
0.000000 0.000000 0.000000
-0.489951 -0.083042 -0.385390
0.000000 0.000000 0.000000
-0.444802 0.305962 -0.359567
0.000000 0.000000 0.000000
0.000000 0.000000 0.000000
0.000000 0.000000 0.000000
0.367337 -0.222185 -0.385390
0.000000 0.000000 0.000000
-0.234976 0.149311 -0.385390
0.661052 -0.633958 -0.276714
0.000000 0.000000 0.000000
0.000000 0.000000 0.000000
0.000000 0.000000 0.000000
0.000000 0.000000 0.000000
0.000000 0.000000 0.000000
0.000000 0.000000 0.000000
0.000000 0.000000 0.000000
-0.638326 -0.246388 0.007376
0.000000 0.000000 0.000000
-0.665973 -0.081053 -0.098963
-0.638326 -0.396465 -0.239130
0.313164 -0.506580 -0.357744
0.573323 -0.530283 -0.385390
0.000000 0.000000 0.000000
-0.589497 -0.485794 -0.357744
0.000000 0.000000 0.000000
0.000000 0.000000 0.000000
0.000000 0.000000 0.000000
0.413385 -0.182974 -0.378328
0.000000 0.000000 0.000000
0.000000 0.000000 0.000000
0.000000 0.000000 0.000000
0.000000 0.000000 0.000000
0.094842 -0.092414 -0.385390
0.000000 0.000000 0.000000
0.000000 0.000000 0.000000
0.000000 0.000000 0.000000
0.000000 0.000000 0.000000
-0.665973 -0.174336 -0.324351
-0.387514 -0.272268 -0.361430
0.000000 0.000000 0.000000
0.000000 0.000000 0.000000
0.000000 0.000000 0.000000
0.000000 0.000000 0.000000
0.052833 -0.240382 -0.382553
-0.225227 -0.300428 -0.361430
0.000000 0.000000 0.000000
0.000000 0.000000 0.000000
0.000000 0.000000 0.000000
0.136164 0.095036 -0.385390
-0.534697 0.091135 -0.385390
-0.432753 -0.465181 -0.361430
0.000000 0.000000 0.000000
0.000000 0.000000 0.000000
0.000000 0.000000 0.000000
0.000000 0.000000 0.000000
0.000000 0.000000 0.000000
0.000000 0.000000 0.000000
0.000000 0.000000 0.000000
0.000000 0.000000 0.000000
0.000000 0.000000 0.000000
-0.077242 -0.251916 -0.357744
0.000000 0.000000 0.000000
-0.665973 0.031045 -0.266323
0.000000 0.000000 0.000000
0.661052 -0.423857 -0.322788
0.000000 0.000000 0.000000
0.366828 -0.044806 -0.381840
0.000000 0.000000 0.000000
0.631102 -0.264852 -0.324322
0.431005 -0.638000 -0.357744
0.215817 -0.283312 -0.355440
0.000000 0.000000 0.000000
0.000000 0.000000 0.000000
-0.638326 0.260233 -0.264258
0.000000 0.000000 0.000000
0.000000 0.000000 0.000000
0.000000 0.000000 0.000000
-0.366237 -0.144827 -0.385390
0.107171 -0.133275 -0.318262
-0.665973 -0.298299 -0.226673
0.000000 0.000000 0.000000
0.000000 0.000000 0.000000
0.000000 0.000000 0.000000
-0.361557 -0.008519 -0.357744
0.000000 0.000000 0.000000
-0.638326 -0.089819 -0.157650
0.000000 0.000000 0.000000
0.291366 -0.136960 -0.293365
0.000000 0.000000 0.000000
-0.152752 -0.427730 -0.357744
0.000000 0.000000 0.000000
0.000000 0.000000 0.000000
0.000000 0.000000 0.000000
-0.664503 0.344846 -0.385390
0.000000 0.000000 0.000000
0.000000 0.000000 0.000000
-0.087927 0.184942 -0.357744
0.171627 0.044406 -0.385390
-0.638326 -0.645198 -0.160482
0.000000 0.000000 0.000000
-0.086632 -0.093463 -0.350998
0.495245 -0.375955 -0.357744
-0.364125 -0.566613 -0.373637
-0.179379 -0.156028 -0.355440
0.000000 0.000000 0.000000
0.000000 0.000000 0.000000
-0.665973 0.041732 -0.109889
-0.530542 -0.133275 -0.264358
0.000000 0.000000 0.000000
0.536140 -0.168982 -0.385390
0.000000 0.000000 0.000000
0.000000 0.000000 0.000000
0.000000 0.000000 0.000000
0.000000 0.000000 0.000000
0.000000 0.000000 0.000000
0.458953 -0.500976 -0.357744
0.000000 0.000000 0.000000
0.000000 0.000000 0.000000
-0.407825 -0.133275 -0.209266
0.000000 0.000000 0.000000
-0.652631 0.104239 -0.385390
-0.638326 -0.532762 -0.265867
0.000000 0.000000 0.000000
0.000000 0.000000 0.000000
-0.556137 -0.180763 -0.385390
0.000000 0.000000 0.000000
0.000000 0.000000 0.000000
0.000000 0.000000 0.000000
0.000000 0.000000 0.000000
0.000000 0.000000 0.000000
0.000000 0.000000 0.000000
-0.665973 -0.364091 -0.320193
0.661052 -0.582494 -0.161296
-0.522186 0.232282 -0.357744
0.000000 0.000000 0.000000
0.202707 -0.093114 -0.349395
0.000000 0.000000 0.000000
0.000000 0.000000 0.000000
-0.302611 0.323361 -0.385390
0.000000 0.000000 0.000000
0.204913 -0.365983 -0.385390
-0.572149 -0.600553 -0.385390
0.022722 0.158629 -0.357744
-0.345686 -0.383924 -0.379250
0.000000 0.000000 0.000000
-0.488997 -0.226131 -0.385390
0.000000 0.000000 0.000000
0.000000 0.000000 0.000000
0.000000 0.000000 0.000000
0.000000 0.000000 0.000000
0.000000 0.000000 0.000000
-0.407939 0.193919 -0.358353
-0.318869 -0.064533 -0.385390
-0.665973 -0.208525 -0.190436
0.439897 -0.133275 -0.314508
0.000000 0.000000 0.000000
0.000000 0.000000 0.000000
0.000000 0.000000 0.000000
-0.665814 -0.100098 -0.384571
0.000000 0.000000 0.000000
0.661052 -0.511963 -0.248502
0.000000 0.000000 0.000000
0.000000 0.000000 0.000000
0.000000 0.000000 0.000000
0.000000 0.000000 0.000000
0.000000 0.000000 0.000000
0.000000 0.000000 0.000000
-0.123132 0.060743 -0.357744
0.000000 0.000000 0.000000
-0.665973 -0.260052 -0.380569
0.000000 0.000000 0.000000
-0.565858 0.335315 -0.385390
0.000000 0.000000 0.000000
0.000000 0.000000 0.000000
-0.434666 -0.320367 -0.355440
-0.159789 -0.136960 -0.231203
0.063121 0.005677 -0.370741
0.000000 0.000000 0.000000
0.000000 0.000000 0.000000
0.424962 -0.292295 -0.355440
0.661052 -0.651275 -0.333174
-0.220306 -0.136960 -0.166625
0.625576 -0.187443 -0.385390
-0.577862 -0.055408 -0.357744
0.000000 0.000000 0.000000
0.000000 0.000000 0.000000
0.000000 0.000000 0.000000
0.000000 0.000000 0.000000
0.000000 0.000000 0.000000
-0.638326 -0.432494 -0.137989
0.000000 0.000000 0.000000
0.000000 0.000000 0.000000
0.000000 0.000000 0.000000
0.000000 0.000000 0.000000
0.000000 0.000000 0.000000
0.000000 0.000000 0.000000
0.000000 0.000000 0.000000
-0.638326 0.188390 -0.250618
0.000000 0.000000 0.000000
0.000000 0.000000 0.000000
0.000000 0.000000 0.000000
0.142901 -0.191883 -0.357744
0.000000 0.000000 0.000000
0.000000 0.000000 0.000000
0.000000 0.000000 0.000000
0.000000 0.000000 0.000000
0.468158 -0.106418 -0.385390
-0.481754 -0.426980 -0.385390
0.000000 0.000000 0.000000
0.135920 -0.298215 -0.383495
0.000000 0.000000 0.000000
0.000000 0.000000 0.000000
0.000000 0.000000 0.000000
0.000000 0.000000 0.000000
0.000000 0.000000 0.000000
0.000000 0.000000 0.000000
-0.638326 -0.115450 -0.249374
0.000000 0.000000 0.000000
0.000000 0.000000 0.000000
-0.268256 0.049000 -0.385390
0.273170 0.009172 -0.357744
-0.521259 -0.003966 -0.357744
0.316148 -0.318965 -0.385390
0.000000 0.000000 0.000000
0.000000 0.000000 0.000000
0.661052 -0.345553 -0.379744
0.000000 0.000000 0.000000
0.000000 0.000000 0.000000
0.000000 0.000000 0.000000
0.000000 0.000000 0.000000
0.000000 0.000000 0.000000
0.571134 -0.097880 -0.385390
-0.237900 -0.111389 -0.385390
-0.638326 0.084607 -0.163420
0.209687 -0.474223 -0.385278
-0.000993 -0.319258 -0.357744
0.000000 0.000000 0.000000
-0.665973 -0.182685 -0.057525
0.000000 0.000000 0.000000
0.000000 0.000000 0.000000
0.328779 -0.096320 -0.364468
0.000000 0.000000 0.000000
-0.009836 -0.238733 -0.385390
-0.263924 0.234972 -0.357744
0.000000 0.000000 0.000000
0.000000 0.000000 0.000000
-0.420928 -0.133275 -0.303957
-0.165710 -0.255214 -0.385390
-0.244516 -0.394720 -0.385390
0.000000 0.000000 0.000000
0.281181 -0.196600 -0.355440
-0.016765 -0.100098 -0.352263
0.590403 -0.448992 -0.357744
0.000000 0.000000 0.000000
0.000000 0.000000 0.000000
-0.665973 -0.346842 -0.062017
0.000000 0.000000 0.000000
0.000000 0.000000 0.000000
0.000000 0.000000 0.000000
0.000000 0.000000 0.000000
0.661052 -0.374551 -0.285309
0.000000 0.000000 0.000000
0.000000 0.000000 0.000000
0.000000 0.000000 0.000000
0.000000 0.000000 0.000000
0.000000 0.000000 0.000000
-0.638326 -0.546692 -0.353444
0.000000 0.000000 0.000000
0.000000 0.000000 0.000000
0.000000 0.000000 0.000000
0.172115 -0.133275 -0.250171
0.000000 0.000000 0.000000
0.000000 0.000000 0.000000
0.000000 0.000000 0.000000
0.000000 0.000000 0.000000
0.000000 0.000000 0.000000
0.661052 -0.549967 -0.339900
0.000000 0.000000 0.000000
-0.665973 -0.631938 -0.104289
0.000000 0.000000 0.000000
0.000000 0.000000 0.000000
0.000000 0.000000 0.000000
0.000000 0.000000 0.000000
0.000000 0.000000 0.000000
0.000000 0.000000 0.000000
0.000000 0.000000 0.000000
0.000000 0.000000 0.000000
0.000000 0.000000 0.000000
0.000000 0.000000 0.000000
0.000000 0.000000 0.000000
-0.665973 -0.413541 -0.383782
0.000000 0.000000 0.000000
0.000000 0.000000 0.000000
-0.444802 -0.563796 -0.362347
0.000000 0.000000 0.000000
0.000000 0.000000 0.000000
0.000000 0.000000 0.000000
-0.636022 -0.349811 -0.144226
0.000000 0.000000 0.000000
0.000000 0.000000 0.000000
0.000000 0.000000 0.000000
0.000000 0.000000 0.000000
-0.473549 0.067780 -0.357744
0.089694 0.157764 -0.378180
0.000000 0.000000 0.000000
0.415540 -0.552028 -0.385390
-0.665973 0.112459 -0.293087
0.000000 0.000000 0.000000
0.182549 -0.044806 -0.361677
0.000000 0.000000 0.000000
0.254011 -0.372867 -0.382740
-0.638326 -0.248979 -0.303896
0.000000 0.000000 0.000000
0.000000 0.000000 0.000000
0.000000 0.000000 0.000000
0.000000 0.000000 0.000000
0.000000 0.000000 0.000000
0.000000 0.000000 0.000000
0.000000 0.000000 0.000000
0.000000 0.000000 0.000000
-0.638326 -0.584755 -0.207027
0.487941 -0.229087 -0.355440
0.000000 0.000000 0.000000
0.000000 0.000000 0.000000
0.000000 0.000000 0.000000
0.500691 -0.468875 -0.385390
0.000000 0.000000 0.000000
-0.289069 -0.219405 -0.385390
-0.638326 -0.433006 -0.032549
0.000000 0.000000 0.000000
0.000000 0.000000 0.000000
-0.605379 0.043349 -0.385390
0.171703 -0.270442 -0.385390
-0.035838 -0.005369 -0.385390
-0.110628 -0.334255 -0.385390
0.660312 -0.653025 -0.166662
0.000000 0.000000 0.000000
0.000000 0.000000 0.000000
0.000000 0.000000 0.000000
-0.368531 0.305382 -0.370454
-0.573444 -0.406508 -0.385390
0.000000 0.000000 0.000000
-0.128833 0.159654 -0.385390
0.352019 -0.298464 -0.355440
-0.638989 -0.614521 -0.385390
0.000000 0.000000 0.000000
0.000000 0.000000 0.000000
0.000000 0.000000 0.000000
0.000000 0.000000 0.000000
0.000000 0.000000 0.000000
0.000000 0.000000 0.000000
0.509649 -0.601849 -0.357744
0.000000 0.000000 0.000000
-0.642631 0.402084 -0.385390
-0.518690 -0.470651 -0.357744
0.000000 0.000000 0.000000
-0.599809 -0.144385 -0.355440
-0.462047 0.380581 -0.385390
-0.638326 0.015378 -0.190512
0.000000 0.000000 0.000000
0.000000 0.000000 0.000000
-0.428374 -0.180240 -0.357744
0.593535 -0.358824 -0.385390
0.230404 0.078795 -0.385390
0.000000 0.000000 0.000000
0.000000 0.000000 0.000000
-0.369685 0.057799 -0.385390
-0.166321 0.207113 -0.385390
0.000000 0.000000 0.000000
-0.346258 -0.487093 -0.357744
0.000000 0.000000 0.000000
0.000000 0.000000 0.000000
-0.638326 -0.511285 -0.170507
0.000000 0.000000 0.000000
0.000000 0.000000 0.000000
0.000000 0.000000 0.000000
0.000000 0.000000 0.000000
-0.325497 -0.311439 -0.361430
0.000000 0.000000 0.000000
0.000000 0.000000 0.000000
-0.511239 0.297500 -0.357744
-0.665973 -0.464037 -0.192116
0.000000 0.000000 0.000000
0.000000 0.000000 0.000000
0.000000 0.000000 0.000000
0.000000 0.000000 0.000000
0.587960 -0.588083 -0.385390
0.000000 0.000000 0.000000
0.000000 0.000000 0.000000
-0.139878 -0.097271 -0.385390
0.054850 -0.348385 -0.385390
-0.062825 -0.167775 -0.361430
0.000000 0.000000 0.000000
0.000000 0.000000 0.000000
0.000000 0.000000 0.000000
0.000000 0.000000 0.000000
0.000000 0.000000 0.000000
0.000000 0.000000 0.000000
-0.444802 -0.132222 -0.380071
0.000000 0.000000 0.000000
0.000000 0.000000 0.000000
-0.434044 -0.034303 -0.357744
0.285403 -0.248104 -0.385390
0.066303 -0.176360 -0.357744
0.000000 0.000000 0.000000
0.000000 0.000000 0.000000
0.000000 0.000000 0.000000
-0.302817 -0.133275 -0.183312
0.406078 -0.466375 -0.385390
0.000000 0.000000 0.000000
-0.554436 -0.242731 -0.355440
0.000000 0.000000 0.000000
0.000000 0.000000 0.000000
-0.638326 -0.019836 -0.131558
-0.198610 0.040752 -0.385390
-0.410506 0.381591 -0.385390
0.000000 0.000000 0.000000
-0.594313 -0.133275 -0.212083
0.169672 -0.137054 -0.357744
0.000000 0.000000 0.000000
-0.443648 -0.133275 -0.093853
0.000000 0.000000 0.000000
-0.665973 -0.188175 -0.383620
0.000000 0.000000 0.000000
0.000000 0.000000 0.000000
0.000000 0.000000 0.000000
0.000000 0.000000 0.000000
0.386522 -0.327458 -0.385390
-0.665973 0.119205 -0.233070
0.000000 0.000000 0.000000
-0.351838 -0.217471 -0.385390
-0.351462 0.202757 -0.385390
-0.094674 -0.419617 -0.357744
0.000000 0.000000 0.000000
0.000000 0.000000 0.000000
-0.665973 -0.652977 -0.236860
-0.638326 -0.150505 -0.103242
0.000000 0.000000 0.000000
0.000000 0.000000 0.000000
-0.665973 0.056591 -0.347859
-0.514767 0.410417 -0.385390
-0.126661 -0.007944 -0.379505
-0.148952 -0.368278 -0.385390
0.000000 0.000000 0.000000
0.000000 0.000000 0.000000
0.000000 0.000000 0.000000
0.000000 0.000000 0.000000
0.000000 0.000000 0.000000
0.000000 0.000000 0.000000
0.000000 0.000000 0.000000
-0.133761 -0.133275 -0.323153
0.000000 0.000000 0.000000
-0.491879 0.161105 -0.357744
0.000000 0.000000 0.000000
0.000000 0.000000 0.000000
0.000000 0.000000 0.000000
0.000000 0.000000 0.000000
-0.638326 -0.291550 -0.018500
0.000000 0.000000 0.000000
0.000000 0.000000 0.000000
0.000000 0.000000 0.000000
-0.589768 -0.268446 -0.385390
0.000000 0.000000 0.000000
0.000000 0.000000 0.000000
0.000000 0.000000 0.000000
0.476648 -0.176385 -0.355440
0.000000 0.000000 0.000000
-0.298639 -0.413157 -0.357744
0.000000 0.000000 0.000000
-0.491414 -0.339805 -0.385390
0.000000 0.000000 0.000000
0.000000 0.000000 0.000000
-0.665973 0.282883 -0.330811
-0.116996 -0.200613 -0.355440
0.000000 0.000000 0.000000
0.483658 -0.304000 -0.385390
0.000000 0.000000 0.000000
-0.046584 0.122149 -0.385390
-0.638326 -0.039474 -0.194889
0.000000 0.000000 0.000000
0.000000 0.000000 0.000000
-0.665973 -0.134469 -0.163988
0.000000 0.000000 0.000000
0.032350 -0.062759 -0.357744
0.000000 0.000000 0.000000
0.000000 0.000000 0.000000
0.000000 0.000000 0.000000
-0.665973 0.169232 -0.342301
0.017860 -0.172732 -0.355440
0.000000 0.000000 0.000000
0.617683 -0.120348 -0.385390
-0.615829 -0.347090 -0.385390
-0.638326 -0.465209 -0.290595
-0.591106 -0.133275 -0.038123
0.272184 -0.086541 -0.385390
0.000000 0.000000 0.000000
0.000000 0.000000 0.000000
0.585305 -0.206744 -0.357744
-0.245074 -0.181868 -0.357744
0.631102 -0.320656 -0.262438
0.000000 0.000000 0.000000
-0.326956 0.107559 -0.385390
0.000000 0.000000 0.000000
0.000000 0.000000 0.000000
0.000000 0.000000 0.000000
0.000000 0.000000 0.000000
0.000000 0.000000 0.000000
-0.638326 -0.190248 -0.247658
-0.349594 -0.133275 -0.165514
0.000000 0.000000 0.000000
-0.585287 -0.136960 -0.288043
0.388171 -0.102758 -0.357744
0.000000 0.000000 0.000000
0.000000 0.000000 0.000000
-0.347943 -0.133275 -0.310013
0.065087 0.099183 -0.371661
0.000000 0.000000 0.000000
0.000000 0.000000 0.000000
0.000000 0.000000 0.000000
0.633405 -0.486057 -0.322775
-0.422912 -0.252562 -0.357744
0.000000 0.000000 0.000000
-0.168937 0.130504 -0.357744
0.000000 0.000000 0.000000
-0.592323 0.146923 -0.385390
-0.665973 -0.448366 -0.075049
-0.638326 -0.577235 -0.137562
0.000000 0.000000 0.000000
0.000000 0.000000 0.000000
0.000000 0.000000 0.000000
0.000000 0.000000 0.000000
0.000000 0.000000 0.000000
0.000000 0.000000 0.000000
0.000000 0.000000 0.000000
0.000000 0.000000 0.000000
0.000000 0.000000 0.000000
0.000000 0.000000 0.000000
0.000000 0.000000 0.000000
0.000000 0.000000 0.000000
-0.245359 0.299956 -0.368464
-0.133829 -0.136960 -0.178610
0.000000 0.000000 0.000000
-0.490842 -0.280420 -0.357744
0.000000 0.000000 0.000000
-0.265042 -0.051510 -0.385390
0.000000 0.000000 0.000000
0.000000 0.000000 0.000000
0.000000 0.000000 0.000000
-0.638326 -0.324871 -0.265402
0.661052 -0.313107 -0.342969
0.000000 0.000000 0.000000
0.000000 0.000000 0.000000
-0.592166 -0.653025 -0.359436
0.000000 0.000000 0.000000
-0.665973 -0.099222 -0.287920
0.000000 0.000000 0.000000
-0.070777 -0.304333 -0.355440
0.315519 -0.206246 -0.385390
0.232449 -0.022963 -0.376149
-0.481721 -0.185174 -0.385390
0.000000 0.000000 0.000000
0.542731 -0.324290 -0.355440
-0.413467 0.249365 -0.380592
-0.587089 0.267756 -0.357744
0.000000 0.000000 0.000000
0.000000 0.000000 0.000000
0.000000 0.000000 0.000000
0.000000 0.000000 0.000000
-0.429928 -0.382172 -0.372887
0.000000 0.000000 0.000000
0.000000 0.000000 0.000000
0.000000 0.000000 0.000000
0.000000 0.000000 0.000000
0.000000 0.000000 0.000000
-0.655113 -0.035389 -0.357744
0.233370 -0.320435 -0.385390
0.000000 0.000000 0.000000
0.000000 0.000000 0.000000
0.302422 -0.044806 -0.372964
0.000000 0.000000 0.000000
0.633405 -0.449482 -0.269555
0.000000 0.000000 0.000000
0.101946 -0.276141 -0.355440
0.000000 0.000000 0.000000
0.000000 0.000000 0.000000
0.356202 -0.133275 -0.314004
0.000000 0.000000 0.000000
-0.551299 -0.107014 -0.361476
0.000000 0.000000 0.000000
0.000000 0.000000 0.000000
-0.638326 -0.218459 -0.110112
0.633405 -0.612857 -0.214598
0.538105 -0.412022 -0.385390
0.000000 0.000000 0.000000
-0.295176 -0.123649 -0.385390
0.000000 0.000000 0.000000
0.422972 -0.374084 -0.357744
0.000000 0.000000 0.000000
-0.610310 -0.205616 -0.357744
0.000000 0.000000 0.000000
-0.665973 0.381514 -0.305132
0.000000 0.000000 0.000000
-0.390985 -0.214092 -0.385390
-0.026928 0.180751 -0.385390
0.000000 0.000000 0.000000
0.661052 -0.251890 -0.363420
0.000000 0.000000 0.000000
0.000000 0.000000 0.000000
0.000000 0.000000 0.000000
0.000000 0.000000 0.000000
-0.297244 -0.257327 -0.361430
-0.478718 -0.133275 -0.174964
0.000000 0.000000 0.000000
0.000000 0.000000 0.000000
-0.335418 0.272047 -0.357744
-0.520833 -0.578612 -0.357744
0.049855 -0.136960 -0.286850
-0.665973 -0.304465 -0.306137
-0.574842 -0.538960 -0.357744
-0.304225 -0.352752 -0.381977
-0.665973 -0.596812 -0.282767
0.000000 0.000000 0.000000
0.342433 -0.444865 -0.385390
0.000000 0.000000 0.000000
0.000000 0.000000 0.000000
0.000000 0.000000 0.000000
0.209044 -0.232439 -0.355440
0.000000 0.000000 0.000000
0.000000 0.000000 0.000000
-0.665973 -0.250539 -0.042341
0.000000 0.000000 0.000000
0.000000 0.000000 0.000000
0.000000 0.000000 0.000000
0.005511 -0.136960 -0.213501
-0.619978 -0.304900 -0.357744
-0.599309 -0.136960 -0.153147
0.000000 0.000000 0.000000
0.000000 0.000000 0.000000
0.515773 -0.537627 -0.357744
0.000000 0.000000 0.000000
0.000000 0.000000 0.000000
0.000000 0.000000 0.000000
0.000000 0.000000 0.000000
0.164483 -0.342618 -0.358147
0.191970 -0.419682 -0.357744
0.000000 0.000000 0.000000
-0.140018 0.277773 -0.378847
0.000000 0.000000 0.000000
0.000000 0.000000 0.000000
0.000000 0.000000 0.000000
0.000000 0.000000 0.000000
0.000000 0.000000 0.000000
-0.641100 -0.471806 -0.385390
0.236538 -0.124982 -0.385390
0.000000 0.000000 0.000000
