-0.246314 0.001440 -0.143988
0.271688 0.762921 0.553101
-0.358410 0.198117 0.418014
0.000000 0.000000 0.000000
0.000000 0.000000 0.000000
-0.225570 0.725233 0.239417
0.052238 -0.081195 0.384761
0.174877 0.309550 0.555747
0.104850 0.053638 0.033721
-0.187198 0.576353 0.567187
0.000000 0.000000 0.000000
-0.155566 0.080831 0.208482
0.148436 0.592089 0.232091
-0.378330 0.603089 0.526132
-0.046364 -0.084991 0.230904
-0.277644 0.053638 -0.485284
-0.156069 0.397995 0.223769
0.000000 0.000000 0.000000
0.000000 0.000000 0.000000
0.018892 0.799531 0.439508
-0.181225 0.216588 0.550923
0.172101 0.756864 0.395663
0.000000 0.000000 0.000000
0.089654 0.054657 0.207664
0.000000 0.000000 0.000000
0.000000 0.000000 0.000000
-0.290308 -0.061722 0.021351
0.000000 0.000000 0.000000
-0.037119 -0.209817 0.122671
0.073852 0.557663 0.566385
-0.377972 0.470552 0.300398
0.064502 0.077608 0.544114
0.162999 -0.288076 -0.009167
-0.057329 -0.263284 0.372912
-0.203329 -0.034453 0.417865
-0.261553 0.767060 0.493149
0.000000 0.000000 0.000000
-0.124239 0.053638 0.063744
-0.056069 0.693954 0.243470
0.317723 0.509948 0.564339
-0.200246 0.756997 0.473623
0.000000 0.000000 0.000000
0.000000 0.000000 0.000000
0.116673 0.372799 0.222689
0.000000 0.000000 0.000000
0.000000 0.000000 0.000000
0.060119 -0.259040 0.294017
-0.270249 0.267688 0.218183
-0.255584 0.559371 0.566458
0.374347 0.596326 0.528741
0.000000 0.000000 0.000000
0.000000 0.000000 0.000000
-0.112627 0.053638 -0.343855
0.000000 0.000000 0.000000
0.000000 0.000000 0.000000
0.015439 0.011564 0.383799
0.013718 0.768962 0.517105
-0.053041 0.001440 -0.130576
-0.361367 0.646142 0.240872
-0.314696 0.117097 0.353167
0.000000 0.000000 0.000000
0.000000 0.000000 0.000000
-0.373083 0.404096 0.493288
0.000000 0.000000 0.000000
-0.035051 0.229931 0.216012
-0.087450 0.407620 0.559952
0.000000 0.000000 0.000000
-0.284884 -0.035519 0.180825
0.000000 0.000000 0.000000
0.346482 0.304268 0.544262
-0.376511 0.369076 0.320707
-0.118797 0.022241 0.525996
0.080648 -0.070379 0.211966
0.000000 0.000000 0.000000
0.000000 0.000000 0.000000
0.000000 0.000000 0.000000
0.233108 0.578650 0.567285
0.000000 0.000000 0.000000
-0.241079 0.053638 -0.291535
-0.281418 0.388127 0.559115
0.076552 -0.247342 0.131827
-0.244378 0.550510 0.230308
-0.389498 0.728146 0.359594
0.000000 0.000000 0.000000
-0.203519 -0.046485 0.142679
-0.137462 0.755120 0.312477
0.248420 0.434129 0.561088
0.000000 0.000000 0.000000
0.038869 0.049160 0.109250
-0.247329 0.053638 0.018705
0.000000 0.000000 0.000000
0.000000 0.000000 0.000000
-0.012025 0.503596 0.228297
0.042218 0.053638 -0.049090
0.180662 0.022266 0.425738
0.139440 -0.049348 0.466071
0.242153 0.738285 0.246228
0.000000 0.000000 0.000000
0.000000 0.000000 0.000000
-0.186521 -0.150479 0.053981
-0.010536 0.234651 0.552072
-0.260420 0.695944 0.564709
0.159383 0.751545 0.563773
0.013699 0.347290 0.557364
-0.038612 0.011419 0.272912
-0.082961 0.569419 0.566889
-0.021324 -0.053796 0.523389
-0.281431 0.053638 -0.383246
-0.140594 0.145269 0.211246
0.000000 0.000000 0.000000
0.000000 0.000000 0.000000
0.028899 -0.260842 0.433549
0.000000 0.000000 0.000000
-0.320576 0.225936 0.551063
-0.130619 0.001440 -0.474272
-0.114522 0.538102 0.229776
-0.333255 0.052382 -0.115359
0.085711 0.753236 0.281489
-0.145862 0.053638 -0.223946
0.180617 0.149077 0.547177
-0.098948 0.732149 0.568689
-0.207072 -0.046414 0.231001
0.000000 0.000000 0.000000
-0.006473 0.053638 -0.222208
-0.362838 0.049693 -0.257978
0.124274 0.237106 0.216469
0.000000 0.000000 0.000000
0.258862 0.756888 0.409176
-0.088655 -0.061474 0.373282
-0.394861 0.604477 0.380216
0.038754 0.001440 0.172431
-0.195357 0.079179 0.544181
-0.109294 -0.112042 0.085616
-0.153108 0.001440 -0.044478
-0.382216 0.428161 0.345370
0.000000 0.000000 0.000000
0.064295 -0.181714 0.240403
-0.062569 0.756911 0.422954
0.182349 0.525220 0.229224
-0.102365 0.262836 0.553745
-0.299466 0.395851 0.223677
-0.225876 0.037004 0.321584
-0.367770 0.750825 0.529339
0.000000 0.000000 0.000000
0.182322 0.064814 0.543069
0.000000 0.000000 0.000000
0.000000 0.000000 0.000000
-0.181815 0.639453 0.234121
-0.016328 0.356866 0.222006
0.000000 0.000000 0.000000
0.000000 0.000000 0.000000
-0.362536 0.240210 0.292902
0.000000 0.000000 0.000000
-0.024098 0.053638 0.020517
0.000000 0.000000 0.000000
-0.266943 0.756800 0.358307
0.000000 0.000000 0.000000
0.000000 0.000000 0.000000
0.000000 0.000000 0.000000
0.085956 0.453932 0.561937
0.000000 0.000000 0.000000
0.177075 -0.050851 0.381634
0.000000 0.000000 0.000000
-0.050920 0.053638 -0.253002
0.000000 0.000000 0.000000
0.081827 -0.149034 0.093351
-0.072011 0.001440 0.168800
-0.014957 -0.138604 0.462577
-0.021379 -0.158206 0.324488
0.000000 0.000000 0.000000
0.130152 0.394740 0.559399
-0.084030 0.137117 0.546664
-0.123181 0.013793 0.397820
-0.053745 0.001440 -0.007603
-0.308867 0.116171 0.495326
-0.365769 0.298543 0.494835
-0.234215 0.053638 -0.619272
0.000000 0.000000 0.000000
-0.365800 0.541944 0.246200
0.000000 0.000000 0.000000
0.049454 -0.324140 0.407387
0.265296 0.175518 0.548311
0.029958 0.001440 -0.132864
-0.268430 0.001440 0.106116
-0.315159 0.053638 -0.324995
-0.205664 0.001440 -0.381232
0.029702 0.628546 0.233654
0.000000 0.000000 0.000000
-0.069082 -0.186858 0.199079
0.303554 0.680947 0.571667
0.000000 0.000000 0.000000
-0.042952 0.001440 0.127134
-0.274100 0.456559 0.226280
0.027394 0.675525 0.571435
0.000000 0.000000 0.000000
0.000000 0.000000 0.000000
-0.179012 0.053638 -0.113231
-0.384761 0.523300 0.473699
0.000000 0.000000 0.000000
0.062915 0.012008 0.476204
-0.147376 0.273556 0.218434
0.000000 0.000000 0.000000
-0.038838 0.112216 0.209829
-0.245807 0.047625 0.447981
0.000000 0.000000 0.000000
-0.000993 0.093838 0.544811
0.089187 0.449695 0.225985
-0.152099 0.053638 -0.317725
-0.100621 -0.051720 0.492994
0.133784 0.014616 0.319084
0.138169 0.001440 0.182090
0.382417 0.712583 0.512050
0.000000 0.000000 0.000000
-0.267029 0.689478 0.237725
-0.027559 0.754332 0.299529
-0.319352 0.171380 0.222534
0.000000 0.000000 0.000000
0.000000 0.000000 0.000000
0.142973 0.045898 0.111349
0.253958 0.755228 0.314266
-0.164429 0.743191 0.566791
-0.242364 0.154613 0.211646
0.121254 -0.049903 0.281510
0.033685 -0.183939 0.359402
0.150271 0.428579 0.225080
0.000000 0.000000 0.000000
0.131326 0.625039 0.569275
0.000000 0.000000 0.000000
-0.388193 0.696357 0.314548
0.000000 0.000000 0.000000
0.107708 0.173553 0.548228
0.000000 0.000000 0.000000
0.000000 0.000000 0.000000
-0.299351 0.101421 0.256408
0.312608 0.403286 0.559765
0.000000 0.000000 0.000000
-0.375356 0.307673 0.405427
-0.170192 0.053638 -0.445018
0.000000 0.000000 0.000000
-0.359894 0.487896 0.551807
0.046380 0.011291 0.284534
-0.297348 0.001440 -0.040686
0.000000 0.000000 0.000000
0.000000 0.000000 0.000000
-0.171501 0.041131 0.112520
-0.122364 0.053638 -0.554015
0.000000 0.000000 0.000000
0.000000 0.000000 0.000000
0.000000 0.000000 0.000000
-0.184326 -0.049003 0.326394
-0.210997 0.476848 0.562919
-0.273219 0.130854 0.546395
0.028844 -0.161974 0.129722
0.002329 0.296990 0.555208
-0.395901 0.673182 0.458925
0.000000 0.000000 0.000000
-0.270573 0.001440 -0.262587
-0.326634 0.752284 0.271470
0.000000 0.000000 0.000000
-0.277328 0.053638 -0.212032
0.000000 0.000000 0.000000
-0.045073 0.011291 0.469117
0.047601 0.001440 -0.018589
0.000000 0.000000 0.000000
-0.356975 0.044014 -0.180670
-0.351564 0.761443 0.441586
0.080571 0.756905 0.419524
0.000000 0.000000 0.000000
-0.331433 0.630866 0.569524
0.233726 0.590211 0.232010
-0.055217 -0.083665 0.336444
0.080461 0.253373 0.553264
0.000000 0.000000 0.000000
0.000000 0.000000 0.000000
0.000000 0.000000 0.000000
0.000000 0.000000 0.000000
-0.087659 0.001440 -0.285923
0.000000 0.000000 0.000000
0.114338 0.768713 0.513381
0.278797 0.313306 0.555908
0.000000 0.000000 0.000000
-0.032621 -0.113279 0.144468
0.034254 0.735164 0.244600
0.000000 0.000000 0.000000
0.000000 0.000000 0.000000
0.000000 0.000000 0.000000
-0.112489 0.759301 0.492812
-0.325921 -0.086623 -0.020344
-0.135707 0.011291 0.288728
0.000000 0.000000 0.000000
-0.247973 0.305616 0.555578
0.000000 0.000000 0.000000
-0.258595 0.029018 -0.344713
-0.003551 0.546067 0.565887
0.000000 0.000000 0.000000
-0.129194 0.756858 0.392080
0.068729 0.151097 0.211495
0.000000 0.000000 0.000000
-0.324451 0.001440 -0.238767
0.174022 0.500217 0.563922
-0.117250 0.639761 0.569905
0.097629 0.001440 -0.039459
0.000000 0.000000 0.000000
-0.134675 -0.047229 0.234593
-0.174807 0.001440 -0.171987
0.000000 0.000000 0.000000
-0.035615 0.503854 0.564078
0.023234 -0.099281 0.226102
0.111366 -0.232573 0.055850
-0.124519 -0.174341 0.068906
0.000000 0.000000 0.000000
0.324468 0.757546 0.350815
-0.364008 0.299503 0.269060
0.000000 0.000000 0.000000
-0.067814 -0.236005 0.301386
0.185106 0.660515 0.570793
0.000000 0.000000 0.000000
0.167948 0.692928 0.240616
-0.179129 0.468437 0.226789
-0.189560 0.053638 -0.489762
0.000000 0.000000 0.000000
-0.240357 0.044199 0.392996
0.269180 0.098013 0.536948
0.064152 0.290731 0.219171
0.000000 0.000000 0.000000
-0.288214 0.001440 0.024500
0.153220 -0.047752 0.128336
-0.238106 0.335046 0.221070
0.000000 0.000000 0.000000
0.327431 0.609337 0.568601
0.000000 0.000000 0.000000
-0.230687 0.001440 -0.433237
-0.222350 0.038410 0.239127
-0.050427 0.053638 -0.198174
-0.115907 0.729503 0.241644
-0.044030 0.577251 0.231454
0.000000 0.000000 0.000000
-0.197990 0.756862 0.393848
0.000000 0.000000 0.000000
0.000000 0.000000 0.000000
-0.265108 0.053638 -0.092382
0.061938 -0.048055 0.513954
0.111730 -0.054145 0.330863
0.000000 0.000000 0.000000
0.042334 0.053638 -0.141814
-0.038092 -0.248971 0.419278
-0.126520 0.498426 0.563845
0.261952 0.510820 0.228606
0.000000 0.000000 0.000000
0.000000 0.000000 0.000000
-0.127847 0.001440 0.100151
0.187178 0.219307 0.551096
0.346134 0.764360 0.467663
0.000000 0.000000 0.000000
-0.108183 0.053638 -0.154412
-0.122045 0.053638 -0.430270
0.010671 0.001440 0.059282
0.000000 0.000000 0.000000
0.000000 0.000000 0.000000
0.000000 0.000000 0.000000
-0.389043 0.510991 0.372957
0.162250 0.753431 0.284702
0.000000 0.000000 0.000000
0.000000 0.000000 0.000000
0.000000 0.000000 0.000000
-0.057969 -0.064292 0.462366
0.083612 0.011291 0.390288
-0.379684 0.355102 0.383574
0.091750 0.001440 0.043063
0.000000 0.000000 0.000000
-0.185229 0.001440 -0.274174
-0.023395 0.053638 -0.095242
0.000000 0.000000 0.000000
-0.184588 0.001440 0.045641
0.000000 0.000000 0.000000
0.164539 0.289438 0.219115
0.197092 0.001440 0.239023
-0.003772 -0.197645 0.461860
0.197034 0.176616 0.212590
0.000000 0.000000 0.000000
0.000000 0.000000 0.000000
-0.185225 -0.079672 0.070897
0.000000 0.000000 0.000000
-0.230985 0.001440 -0.052567
-0.047301 0.038295 0.539900
-0.142123 0.053638 0.005721
0.076930 -0.299785 0.193788
0.000000 0.000000 0.000000
-0.008534 -0.329887 0.455577
0.000000 0.000000 0.000000
-0.123584 -0.046211 0.156593
0.000000 0.000000 0.000000
0.000000 0.000000 0.000000
0.089316 0.053638 -0.081293
0.002329 0.756846 0.385479
-0.127989 0.001440 -0.232620
-0.064459 0.409154 0.224247
0.067505 0.743648 0.566713
-0.203018 0.053638 -0.309179
-0.300223 -0.043975 0.099244
0.000000 0.000000 0.000000
-0.231755 0.053638 -0.184307
0.000000 0.000000 0.000000
0.053413 -0.286402 0.367885
0.008685 0.059903 0.207585
-0.041137 0.641326 0.569972
-0.071270 0.303201 0.219706
0.000000 0.000000 0.000000
0.053284 0.553504 0.230436
-0.325939 0.335809 0.221104
-0.131338 0.335416 0.556855
-0.251763 -0.012227 0.287602
0.000000 0.000000 0.000000
0.109940 0.013217 0.458009
-0.199524 0.025544 0.361485
-0.203515 0.754756 0.306485
0.132913 0.028295 0.531874
-0.230520 0.747293 0.566086
0.000000 0.000000 0.000000
0.000000 0.000000 0.000000
-0.092498 0.028162 0.216589
-0.293021 0.620113 0.233291
0.000000 0.000000 0.000000
-0.384722 0.619578 0.300571
-0.129097 0.001440 -0.401551
-0.216153 0.364892 0.558119
0.047573 -0.098211 0.135876
0.271380 0.764178 0.485734
0.000000 0.000000 0.000000
-0.345752 0.182398 0.508805
0.000000 0.000000 0.000000
0.000000 0.000000 0.000000
0.000000 0.000000 0.000000
-0.339783 -0.010016 -0.085753
-0.194606 0.025224 0.497125
0.259577 0.447356 0.225885
0.000000 0.000000 0.000000
0.099691 0.525852 0.229251
-0.180315 0.683498 0.571776
0.059609 0.631258 0.569541
-0.110394 -0.052891 0.307012
0.030434 -0.290059 0.264828
0.000000 0.000000 0.000000
-0.372506 0.684617 0.556022
0.325204 0.220093 0.548253
0.000000 0.000000 0.000000
-0.254394 -0.135617 0.032987
-0.096001 0.634957 0.233928
0.000000 0.000000 0.000000
-0.178762 0.053638 -0.066614
0.000000 0.000000 0.000000
-0.266876 0.062863 0.333851
-0.099854 0.001440 -0.332176
0.000000 0.000000 0.000000
-0.013934 0.718252 0.570348
0.107148 0.326277 0.556463
0.000000 0.000000 0.000000
-0.013618 0.418140 0.560403
-0.366346 0.038068 -0.336288
-0.300389 0.765986 0.546416
0.041276 0.756116 0.328865
-0.340070 0.166364 0.279688
0.036021 -0.162724 0.306092
-0.248595 0.199146 0.549780
-0.013289 -0.140351 0.248153
0.000000 0.000000 0.000000
0.000000 0.000000 0.000000
0.150109 -0.200809 0.052027
-0.358040 0.437566 0.238301
0.353442 0.745666 0.562151
0.000000 0.000000 0.000000
-0.088212 0.029018 -0.047812
-0.372443 0.285094 0.349999
0.111112 -0.056269 0.419759
0.000000 0.000000 0.000000
0.114721 0.001440 0.113297
0.031751 0.175838 0.548325
-0.133158 -0.054114 0.428478
0.084675 0.053638 0.094982
-0.002958 0.001440 -0.288361
0.228808 0.266089 0.553884
-0.343281 0.001761 -0.163816
0.000000 0.000000 0.000000
-0.160328 0.141984 0.546872
-0.321472 0.128297 0.425640
-0.363217 0.369865 0.250708
0.172742 -0.046621 0.232587
-0.061263 0.026067 0.066637
-0.140308 0.053638 -0.070821
-0.029477 0.001440 -0.253598
-0.330648 0.758569 0.364752
0.186029 0.074046 0.208191
-0.058047 -0.173335 0.267985
-0.274834 0.756937 0.437573
-0.378165 0.365236 0.435963
0.214025 -0.009096 0.385582
-0.394967 0.607864 0.448132
0.000000 0.000000 0.000000
0.000000 0.000000 0.000000
-0.034733 0.001440 -0.189559
-0.232436 0.026067 -0.519348
0.000000 0.000000 0.000000
-0.357834 0.196900 0.344619
0.000000 0.000000 0.000000
-0.338539 0.253836 0.224037
0.000000 0.000000 0.000000
0.000000 0.000000 0.000000
0.000000 0.000000 0.000000
-0.028074 0.029018 -0.154606
-0.156620 0.412288 0.560152
-0.110241 0.053638 -0.491440
-0.386302 0.471779 0.423532
0.000000 0.000000 0.000000
0.168052 0.001440 0.131580
-0.356173 0.369543 0.543197
-0.055103 0.769117 0.519477
0.000000 0.000000 0.000000
-0.102026 0.466756 0.226717
-0.342005 0.564447 0.566307
0.000000 0.000000 0.000000
-0.163354 0.213770 0.214979
-0.036078 -0.089037 0.400072
-0.228807 0.053638 -0.455617
-0.232008 -0.025445 0.348338
0.000000 0.000000 0.000000
0.000000 0.000000 0.000000
0.000000 0.000000 0.000000
0.000000 0.000000 0.000000
0.107134 -0.081845 0.110166
-0.011053 -0.194202 0.394791
-0.122689 0.340662 0.221312
0.000000 0.000000 0.000000
0.211319 0.409609 0.224267
0.000000 0.000000 0.000000
0.000000 0.000000 0.000000
0.054423 0.350441 0.221730
0.000000 0.000000 0.000000
-0.185607 0.572773 0.231262
0.129327 0.104264 0.545257
0.000000 0.000000 0.000000
0.000000 0.000000 0.000000
-0.121347 0.082436 0.544321
0.000000 0.000000 0.000000
0.128678 0.014222 0.258194
-0.049745 0.011616 0.376709
-0.307835 0.298095 0.555256
0.000000 0.000000 0.000000
0.028797 0.027188 0.533443
0.000000 0.000000 0.000000
-0.237115 0.035471 0.078901
-0.088725 0.197443 0.549669
-0.143102 0.001440 -0.119622
0.000000 0.000000 0.000000
0.000000 0.000000 0.000000
-0.147799 0.001440 0.216501
0.000000 0.000000 0.000000
-0.325006 0.053638 -0.398693
-0.237205 -0.054917 0.067466
-0.286063 0.026067 -0.159231
0.008289 0.001440 -0.086436
0.000000 0.000000 0.000000
0.000000 0.000000 0.000000
-0.008475 0.053638 -0.029337
-0.108851 0.001440 0.036887
-0.193704 0.024444 0.284722
-0.398437 0.675683 0.380814
0.024098 0.053638 0.063118
-0.263457 0.061924 0.275550
0.000000 0.000000 0.000000
0.000000 0.000000 0.000000
0.000000 0.000000 0.000000
-0.231550 0.001440 -0.211818
0.000000 0.000000 0.000000
0.000000 0.000000 0.000000
0.357658 0.545446 0.555890
-0.048544 0.026067 -0.326186
0.000000 0.000000 0.000000
0.044909 0.053638 -0.205387
-0.378616 0.470676 0.486982
-0.351483 0.714379 0.238644
0.018051 -0.105372 0.305372
0.000000 0.000000 0.000000
0.026608 0.471122 0.562674
0.000000 0.000000 0.000000
-0.058411 0.316137 0.556029
0.000000 0.000000 0.000000
0.000000 0.000000 0.000000
0.108187 0.001440 0.000570
-0.194794 0.026067 -0.006784
0.000000 0.000000 0.000000
0.000000 0.000000 0.000000
-0.056474 0.756795 0.355279
-0.095901 0.243405 0.216870
0.252006 0.378620 0.558707
-0.016891 0.001440 0.198707
0.000000 0.000000 0.000000
-0.246772 0.053016 0.516570
0.000000 0.000000 0.000000
0.068009 0.387885 0.559104
-0.357875 0.002058 -0.287003
0.000000 0.000000 0.000000
-0.319415 0.703299 0.570844
0.000000 0.000000 0.000000
0.000000 0.000000 0.000000
0.141431 0.029018 0.051710
0.186447 0.011291 0.349544
-0.088371 0.053638 0.012932
0.018713 0.001440 -0.225818
-0.006251 0.011291 0.317088
0.032782 0.053638 0.001482
-0.120771 0.013551 0.350755
-0.165292 0.700316 0.237249
0.000000 0.000000 0.000000
0.000000 0.000000 0.000000
0.000000 0.000000 0.000000
0.000000 0.000000 0.000000
-0.389430 0.555766 0.340629
0.000000 0.000000 0.000000
0.271787 0.631937 0.569570
0.018741 0.795131 0.388694
-0.068252 0.053638 -0.388683
0.000000 0.000000 0.000000
-0.168567 0.029018 -0.567482
0.057419 0.211008 0.214798
0.000000 0.000000 0.000000
-0.205192 0.257687 0.217754
0.320921 0.768958 0.517324
0.115583 0.494367 0.563671
-0.126729 0.597647 0.232329
-0.045422 -0.290172 0.316097
-0.155287 0.029018 -0.509877
0.050708 0.011080 0.231221
0.000000 0.000000 0.000000
-0.174686 0.276849 0.554345
-0.011040 0.756962 0.453522
0.000000 0.000000 0.000000
-0.307878 0.001440 -0.314397
0.032490 0.470536 0.226879
0.000000 0.000000 0.000000
0.000000 0.000000 0.000000
0.079618 0.756813 0.365790
0.103758 0.672386 0.571301
0.062136 0.304564 0.555533
0.106836 -0.058497 0.153869
0.053549 0.011291 0.345500
-0.392558 0.722430 0.453423
0.000000 0.000000 0.000000
-0.229186 0.001440 -0.276975
0.000000 0.000000 0.000000
-0.094526 0.089810 0.208868
0.174090 0.435580 0.561150
0.299228 0.447565 0.561664
-0.165367 0.053638 -0.366786
0.127505 0.140625 0.211047
-0.091870 0.001440 -0.173141
0.000000 0.000000 0.000000
-0.316762 0.488442 0.227648
0.142577 -0.100785 0.072110
-0.245234 0.214100 0.215001
0.222882 0.481546 0.563121
-0.235002 0.095982 0.209133
-0.396586 0.558894 0.428097
-0.075457 0.034945 0.110697
-0.184099 0.001440 -0.465980
0.130992 0.756972 0.458911
0.179464 -0.048723 0.315800
0.000000 0.000000 0.000000
0.015535 -0.127774 0.425633
0.002798 0.011661 0.455980
-0.277304 0.001440 -0.123045
0.000000 0.000000 0.000000
0.000000 0.000000 0.000000
0.289958 0.564703 0.566687
0.000000 0.000000 0.000000
0.229743 0.045203 0.515002
0.086528 0.001440 -0.110547
0.000000 0.000000 0.000000
0.138315 0.242481 0.552571
0.000000 0.000000 0.000000
0.090946 0.599138 0.232392
0.040021 -0.206974 0.112090
0.014359 0.261327 0.217910
-0.095216 0.053638 -0.289923
-0.011500 -0.162239 0.164040
-0.256580 0.001440 0.227443
0.169604 0.020139 0.478236
0.000000 0.000000 0.000000
0.000000 0.000000 0.000000
-0.039747 0.172721 0.212423
-0.003663 0.001440 -0.152567
0.041938 0.001440 0.064229
0.000000 0.000000 0.000000
-0.250426 0.001440 -0.371040
-0.085761 0.753625 0.287897
0.000000 0.000000 0.000000
0.128709 0.645595 0.234385
-0.003324 0.001440 -0.030333
-0.112573 0.011291 0.453121
-0.263353 0.053638 -0.539923
0.000000 0.000000 0.000000
0.000000 0.000000 0.000000
0.000000 0.000000 0.000000
-0.296581 0.053638 -0.282025
0.000000 0.000000 0.000000
-0.141979 0.026067 -0.267303
0.000000 0.000000 0.000000
0.085851 0.017243 0.521397
0.000000 0.000000 0.000000
-0.084428 0.026067 -0.105658
0.000000 0.000000 0.000000
0.000000 0.000000 0.000000
0.314450 0.757432 0.416656
-0.184130 0.341029 0.221327
0.015951 -0.095442 0.469389
0.059007 -0.229988 0.340263
0.357145 0.381683 0.539015
-0.217819 0.428318 0.225068
