0.000000 0.000000 0.000000
0.000797 0.993764 0.076652
-0.051417 0.275390 0.204441
0.127426 0.347169 -0.152675
0.000000 0.000000 0.000000
0.000000 0.000000 0.000000
0.000000 0.000000 0.000000
-0.095724 0.593199 0.042538
0.000000 0.000000 0.000000
0.088535 0.628434 -0.035240
0.195015 0.224981 0.069544
-0.009738 0.865398 -0.087988
0.000000 0.000000 0.000000
0.000000 0.000000 0.000000
0.000000 0.000000 0.000000
-0.166284 0.381480 0.034316
0.046788 0.445082 0.083101
0.000000 0.000000 0.000000
0.000000 0.000000 0.000000
0.000000 0.000000 0.000000
-0.077263 0.805884 0.035803
0.000000 0.000000 0.000000
0.000000 0.000000 0.000000
0.000000 0.000000 0.000000
0.128928 0.396209 0.015620
0.059396 0.803326 0.051971
0.000000 0.000000 0.000000
0.000000 0.000000 0.000000
-0.071458 0.644266 -0.070926
0.003713 0.461448 -0.093001
0.105677 0.178420 0.188086
0.000000 0.000000 0.000000
0.000000 0.000000 0.000000
0.000000 0.000000 0.000000
0.034790 0.616167 0.093171
0.000000 0.000000 0.000000
0.000000 0.000000 0.000000
-0.077963 0.995697 -0.023879
0.074293 0.994590 -0.035163
0.115505 0.331190 0.162221
0.000000 0.000000 0.000000
0.202675 0.254086 -0.063373
-0.175156 0.283150 0.120065
0.000000 0.000000 0.000000
0.000000 0.000000 0.000000
0.000000 0.000000 0.000000
0.000000 0.000000 0.000000
-0.067530 0.502511 0.083739
0.000000 0.000000 0.000000
0.000000 0.000000 0.000000
0.032870 0.748708 -0.073352
0.000000 0.000000 0.000000
-0.070952 0.388637 0.142244
0.000000 0.000000 0.000000
0.000000 0.000000 0.000000
0.000000 0.000000 0.000000
-0.099235 0.720895 0.001109
-0.090187 0.480627 -0.033979
0.072478 0.890541 -0.016188
0.092585 0.508324 -0.038544
-0.053425 0.845976 -0.074038
0.000000 0.000000 0.000000
0.057414 0.358475 -0.164973
0.000000 0.000000 0.000000
0.000000 0.000000 0.000000
0.034472 0.677033 0.078663
0.000000 0.000000 0.000000
0.000000 0.000000 0.000000
0.000000 0.000000 0.000000
0.160351 0.286493 0.141845
0.000000 0.000000 0.000000
0.000000 0.000000 0.000000
0.000000 0.000000 0.000000
0.000000 0.000000 0.000000
-0.129141 0.395735 -0.079640
-0.010010 0.832676 0.081253
0.000000 0.000000 0.000000
0.000000 0.000000 0.000000
0.000000 0.000000 0.000000
0.000000 0.000000 0.000000
0.000000 0.000000 0.000000
-0.030635 0.420382 -0.103342
0.000000 0.000000 0.000000
-0.053113 0.557132 0.090533
0.068091 0.522262 0.058181
0.000000 0.000000 0.000000
0.000000 0.000000 0.000000
0.000000 0.000000 0.000000
0.000000 0.000000 0.000000
-0.002141 0.174144 0.217728
0.000000 0.000000 0.000000
0.107160 0.405011 -0.080220
0.021837 0.556625 -0.097798
0.010067 0.345160 0.192078
-0.088660 0.896228 -0.023612
0.000000 0.000000 0.000000
0.087923 0.932937 -0.001648
0.000000 0.000000 0.000000
0.000000 0.000000 0.000000
0.178325 0.353155 -0.075819
0.208995 0.325013 0.018260
0.000000 0.000000 0.000000
0.000000 0.000000 0.000000
0.000000 0.000000 0.000000
0.045760 0.261961 0.212753
-0.081699 0.932271 0.049479
0.000000 0.000000 0.000000
-0.036957 0.736954 0.090203
0.026382 0.903872 0.083654
0.000000 0.000000 0.000000
0.000000 0.000000 0.000000
0.000000 0.000000 0.000000
0.000000 0.000000 0.000000
-0.091687 0.419083 0.086777
0.000000 0.000000 0.000000
0.071759 0.834788 -0.049055
0.000000 0.000000 0.000000
-0.013402 0.967972 -0.073038
-0.045184 0.712878 -0.085633
0.000000 0.000000 0.000000
0.018682 0.676446 -0.093423
0.000000 0.000000 0.000000
0.091215 0.710930 -0.013091
-0.118364 0.319736 0.173010
0.000000 0.000000 0.000000
0.000000 0.000000 0.000000
0.000000 0.000000 0.000000
0.000000 0.000000 0.000000
0.000000 0.000000 0.000000
0.000000 0.000000 0.000000
-0.073425 0.563807 -0.055794
0.000000 0.000000 0.000000
0.047966 0.385300 0.152770
0.000000 0.000000 0.000000
0.000000 0.000000 0.000000
0.000000 0.000000 0.000000
0.145430 0.374251 0.089890
0.000000 0.000000 0.000000
0.000000 0.000000 0.000000
0.000000 0.000000 0.000000
0.000000 0.000000 0.000000
-0.071431 0.732249 -0.065477
0.000000 0.000000 0.000000
-0.035216 0.433935 0.110002
0.000000 0.000000 0.000000
0.076961 0.646439 0.033959
0.094214 0.589976 0.024933
-0.101876 0.657620 -0.006532
0.000000 0.000000 0.000000
0.000000 0.000000 0.000000
0.000000 0.000000 0.000000
-0.042696 0.788568 -0.070857
0.000000 0.000000 0.000000
-0.071104 0.671717 0.071496
-0.073554 0.901095 0.054783
-0.139337 0.369203 0.119560
-0.063972 0.410179 -0.116822
0.000000 0.000000 0.000000
0.000000 0.000000 0.000000
0.000000 0.000000 0.000000
0.000000 0.000000 0.000000
0.000000 0.000000 0.000000
0.000000 0.000000 0.000000
0.000000 0.000000 0.000000
0.000000 0.000000 0.000000
0.000000 0.000000 0.000000
0.000000 0.000000 0.000000
0.000000 0.000000 0.000000
0.000000 0.000000 0.000000
0.000000 0.000000 0.000000
0.000000 0.000000 0.000000
0.153864 0.384654 -0.035553
0.000000 0.000000 0.000000
0.000000 0.000000 0.000000
0.000000 0.000000 0.000000
-0.179020 0.368481 -0.037879
-0.113082 0.440304 0.015737
-0.000248 0.492606 0.105817
0.000000 0.000000 0.000000
0.112841 0.274290 0.183225
0.099129 0.463714 0.026715
0.000000 0.000000 0.000000
0.211074 0.307593 -0.019347
-0.069350 0.426751 -0.079329
0.000000 0.000000 0.000000
-0.002993 0.371141 -0.175834
0.000000 0.000000 0.000000
0.000000 0.000000 0.000000
-0.020195 0.600272 -0.098105
0.000000 0.000000 0.000000
-0.101999 0.527227 0.032633
0.150143 0.218864 0.142265
0.162474 0.333124 -0.126587
0.197752 0.299603 0.081098
0.074706 0.994078 0.036603
0.000000 0.000000 0.000000
-0.063766 0.349396 0.193956
0.000000 0.000000 0.000000
0.034490 0.768679 0.086683
0.040212 0.924359 -0.061813
0.000000 0.000000 0.000000
0.000000 0.000000 0.000000
-0.067928 0.996508 0.048553
0.020268 0.797101 -0.076883
0.000000 0.000000 0.000000
0.000000 0.000000 0.000000
0.000000 0.000000 0.000000
0.000000 0.000000 0.000000
0.000000 0.000000 0.000000
0.000000 0.000000 0.000000
0.097386 0.407443 0.090090
0.000000 0.000000 0.000000
0.000000 0.000000 0.000000
0.074549 0.731721 0.055696
0.031819 0.567274 0.083982
0.065108 0.457210 -0.079819
-0.177110 0.349876 0.068872
0.088391 0.788268 -0.008225
-0.025363 0.617860 0.086568
-0.057214 0.496404 -0.074395
0.000000 0.000000 0.000000
0.000000 0.000000 0.000000
0.000000 0.000000 0.000000
0.000000 0.000000 0.000000
-0.057901 0.931661 -0.052497
0.000000 0.000000 0.000000
0.000000 0.000000 0.000000
0.000000 0.000000 0.000000
0.062159 0.384280 -0.129845
0.074192 0.865377 0.045440
0.000654 0.386897 0.144876
0.000000 0.000000 0.000000
0.000000 0.000000 0.000000
0.000000 0.000000 0.000000
0.069438 0.572188 -0.050856
0.103003 0.433083 -0.036722
-0.092105 0.841094 -0.017636
0.058491 0.934539 0.045407
0.074076 0.671536 -0.057533
0.000000 0.000000 0.000000
0.073279 0.336429 -0.192494
0.000000 0.000000 0.000000
0.045538 0.624036 -0.085246
-0.143967 0.400626 -0.023929
0.000000 0.000000 0.000000
0.000000 0.000000 0.000000
-0.092868 0.778114 0.027701
0.000000 0.000000 0.000000
0.000000 0.000000 0.000000
-0.092802 0.783483 -0.026452
0.000000 0.000000 0.000000
0.163796 0.312872 0.124138
-0.079120 0.252707 0.196456
0.000000 0.000000 0.000000
0.000000 0.000000 0.000000
0.000000 0.000000 0.000000
0.000000 0.000000 0.000000
0.000000 0.000000 0.000000
0.000000 0.000000 0.000000
0.000000 0.000000 0.000000
0.056664 0.870311 -0.049519
0.000000 0.000000 0.000000
0.057213 0.421443 -0.103191
-0.023294 0.219194 0.209836
-0.001134 0.670866 0.087157
0.213806 0.256002 0.012228
0.000000 0.000000 0.000000
-0.087699 0.606201 -0.028231
0.048233 0.530755 -0.074594
0.000000 0.000000 0.000000
0.000000 0.000000 0.000000
0.000000 0.000000 0.000000
0.099114 0.526816 0.013032
0.054407 0.197851 0.201860
0.000000 0.000000 0.000000
0.000000 0.000000 0.000000
0.000000 0.000000 0.000000
-0.113718 0.396042 0.076208
0.000000 0.000000 0.000000
0.000000 0.000000 0.000000
0.000000 0.000000 0.000000
0.000000 0.000000 0.000000
0.062029 0.325452 0.193048
0.028452 0.498047 -0.086035
-0.054321 0.777412 0.079943
-0.080021 0.936097 -0.001760
0.000000 0.000000 0.000000
0.000000 0.000000 0.000000
0.000000 0.000000 0.000000
-0.027673 0.918318 0.091439
0.000000 0.000000 0.000000
0.000000 0.000000 0.000000
0.000000 0.000000 0.000000
0.000000 0.000000 0.000000
0.000000 0.000000 0.000000
0.072913 0.238691 0.195443
0.000000 0.000000 0.000000
0.022153 0.726431 0.092798
0.000000 0.000000 0.000000
-0.064672 0.831291 0.068423
0.000000 0.000000 0.000000
0.000000 0.000000 0.000000
0.000000 0.000000 0.000000
0.000000 0.000000 0.000000
0.000000 0.000000 0.000000
0.000000 0.000000 0.000000
0.000000 0.000000 0.000000
0.000000 0.000000 0.000000
0.000000 0.000000 0.000000
0.000000 0.000000 0.000000
-0.131615 0.266719 0.166385
0.000000 0.000000 0.000000
0.142041 0.158463 0.162976
0.000000 0.000000 0.000000
0.000000 0.000000 0.000000
0.178359 0.362772 0.040076
0.000000 0.000000 0.000000
0.000000 0.000000 0.000000
0.000106 0.292787 0.217564
0.000000 0.000000 0.000000
-0.030829 0.534655 -0.098326
0.184948 0.297817 -0.091569
0.000000 0.000000 0.000000
-0.044015 0.964178 0.076263
0.000000 0.000000 0.000000
0.000000 0.000000 0.000000
0.106913 0.362797 0.133066
0.000000 0.000000 0.000000
0.000000 0.000000 0.000000
0.076303 0.769287 -0.047120
0.000000 0.000000 0.000000
0.000000 0.000000 0.000000
0.000000 0.000000 0.000000
0.082912 0.666158 0.004431
-0.059579 0.589929 -0.068517
0.000000 0.000000 0.000000
0.000000 0.000000 0.000000
0.000000 0.000000 0.000000
0.038669 0.522571 0.083090
0.000000 0.000000 0.000000
0.000000 0.000000 0.000000
-0.088548 0.711758 0.046488
-0.188123 0.325471 0.088347
-0.087602 0.682027 -0.047784
0.000000 0.000000 0.000000
0.010913 0.948176 0.075759
0.028175 0.977956 -0.065975
-0.072442 0.575023 0.059408
0.000000 0.000000 0.000000
-0.099137 0.480092 0.046815
0.000000 0.000000 0.000000
0.181385 0.178895 0.114854
0.000000 0.000000 0.000000
0.000000 0.000000 0.000000
0.000000 0.000000 0.000000
0.000000 0.000000 0.000000
0.000000 0.000000 0.000000
0.076863 0.573779 0.062862
0.000000 0.000000 0.000000
0.000000 0.000000 0.000000
-0.047937 0.878536 -0.063207
0.015391 0.427091 0.116577
0.000000 0.000000 0.000000
-0.105099 0.553681 0.014482
0.000000 0.000000 0.000000
0.000000 0.000000 0.000000
-0.050824 0.994596 -0.070251
-0.100859 0.424352 -0.038819
0.000000 0.000000 0.000000
0.000000 0.000000 0.000000
0.000000 0.000000 0.000000
0.031376 0.824177 0.085365
0.000000 0.000000 0.000000
0.000000 0.000000 0.000000
-0.127120 0.402674 0.028592
0.000000 0.000000 0.000000
0.000000 0.000000 0.000000
-0.002193 0.553537 0.091686
0.000000 0.000000 0.000000
-0.036422 0.678363 -0.078149
0.040103 0.854702 -0.077405
0.000000 0.000000 0.000000
0.000000 0.000000 0.000000
0.000000 0.000000 0.000000
0.000000 0.000000 0.000000
0.208265 0.276494 0.043500
0.000000 0.000000 0.000000
0.000000 0.000000 0.000000
-0.000654 0.930961 -0.091265
0.000000 0.000000 0.000000
0.000000 0.000000 0.000000
0.010522 0.397171 -0.145262
0.000000 0.000000 0.000000
0.000000 0.000000 0.000000
0.000000 0.000000 0.000000
0.000000 0.000000 0.000000
0.000000 0.000000 0.000000
-0.044901 0.868808 0.080361
0.000000 0.000000 0.000000
0.028950 0.715890 -0.089120
0.000000 0.000000 0.000000
-0.096531 0.527580 -0.043835
0.000000 0.000000 0.000000
0.000000 0.000000 0.000000
-0.099391 0.359407 0.165904
-0.157308 0.301706 0.154048
0.000000 0.000000 0.000000
0.000000 0.000000 0.000000
0.095133 0.420607 0.043491
-0.108069 0.504765 -0.007367
0.000000 0.000000 0.000000
-0.008139 0.726141 -0.082589
0.153159 0.364681 -0.095217
0.000000 0.000000 0.000000
0.000000 0.000000 0.000000
0.000000 0.000000 0.000000
0.000000 0.000000 0.000000
-0.035580 0.651162 0.082041
0.071444 0.723203 -0.057654
0.000000 0.000000 0.000000
0.000000 0.000000 0.000000
-0.137626 0.356762 -0.116291
0.086623 0.833540 -0.007058
0.000000 0.000000 0.000000
0.000000 0.000000 0.000000
0.000000 0.000000 0.000000
0.056595 0.400599 0.114864
0.000000 0.000000 0.000000
0.175549 0.278458 0.109790
0.000000 0.000000 0.000000
0.000000 0.000000 0.000000
-0.017324 0.820980 -0.078323
-0.025658 0.390873 0.153498
0.000000 0.000000 0.000000
0.000000 0.000000 0.000000
0.084805 0.462554 0.060592
0.023633 0.367929 0.179823
0.000000 0.000000 0.000000
0.000000 0.000000 0.000000
-0.097100 0.291355 0.187749
0.053242 0.648164 0.067467
0.080375 0.822945 0.036607
-0.102424 0.379770 -0.133075
0.000000 0.000000 0.000000
0.000000 0.000000 0.000000
0.000000 0.000000 0.000000
0.000000 0.000000 0.000000
0.084577 0.582691 -0.016324
0.000000 0.000000 0.000000
0.000000 0.000000 0.000000
0.000000 0.000000 0.000000
0.193761 0.315831 -0.058973
0.000000 0.000000 0.000000
0.000000 0.000000 0.000000
0.041267 0.995123 0.073413
0.000000 0.000000 0.000000
0.000000 0.000000 0.000000
0.000000 0.000000 0.000000
0.000000 0.000000 0.000000
0.000000 0.000000 0.000000
0.000000 0.000000 0.000000
0.000000 0.000000 0.000000
0.000000 0.000000 0.000000
0.000000 0.000000 0.000000
-0.072012 0.746743 0.048455
0.000000 0.000000 0.000000
-0.079486 0.868765 -0.047028
0.000000 0.000000 0.000000
-0.100031 0.413432 -0.082834
0.000000 0.000000 0.000000
0.000000 0.000000 0.000000
-0.077545 0.850957 0.029793
-0.099621 0.219560 0.194822
0.192895 0.353523 -0.008817
0.000000 0.000000 0.000000
-0.020124 0.394007 -0.133478
-0.037196 0.693655 0.092052
0.077249 0.350927 0.168680
0.000000 0.000000 0.000000
-0.073518 0.627720 0.054268
0.000000 0.000000 0.000000
0.120790 0.379337 -0.111991
0.095568 0.624722 0.010286
0.000000 0.000000 0.000000
0.210913 0.230682 -0.027566
0.123573 0.398595 -0.029403
0.092474 0.543674 -0.034463
0.180818 0.238077 0.116025
-0.071768 0.808063 -0.060356
0.000000 0.000000 0.000000
0.000000 0.000000 0.000000
0.000000 0.000000 0.000000
0.000000 0.000000 0.000000
0.000000 0.000000 0.000000
-0.104816 0.385866 0.124582
-0.101407 0.633548 0.020297
0.123278 0.233180 0.176142
-0.080661 0.446001 0.058619
0.078917 0.701899 0.020575
0.000000 0.000000 0.000000
0.000000 0.000000 0.000000
0.135849 0.298774 0.158622
0.000000 0.000000 0.000000
0.000000 0.000000 0.000000
-0.042964 0.566525 -0.092754
0.000000 0.000000 0.000000
0.000000 0.000000 0.000000
0.000000 0.000000 0.000000
0.000000 0.000000 0.000000
0.000000 0.000000 0.000000
0.000000 0.000000 0.000000
0.000000 0.000000 0.000000
-0.056784 0.466010 -0.090559
0.000000 0.000000 0.000000
0.000000 0.000000 0.000000
0.000000 0.000000 0.000000
0.000000 0.000000 0.000000
-0.012414 0.771705 0.083136
0.088549 0.477147 -0.016755
0.000000 0.000000 0.000000
0.000000 0.000000 0.000000
0.000000 0.000000 0.000000
-0.170578 0.367136 -0.001235
-0.021885 0.260747 0.217724
0.000000 0.000000 0.000000
0.000000 0.000000 0.000000
0.084755 0.766534 0.032841
0.000000 0.000000 0.000000
-0.035957 0.460886 0.089852
-0.013307 0.499390 -0.090813
0.018097 0.216985 0.216256
0.000000 0.000000 0.000000
0.011932 0.616059 -0.097238
0.154057 0.352058 0.122152
-0.055834 0.378609 -0.142814
0.000000 0.000000 0.000000
0.000000 0.000000 0.000000
0.054921 0.903490 0.067495
0.000000 0.000000 0.000000
-0.151480 0.340151 0.145740
-0.066153 0.721533 0.073077
0.184450 0.346673 0.077175
0.000000 0.000000 0.000000
0.000000 0.000000 0.000000
-0.019083 0.646941 -0.084796
0.000000 0.000000 0.000000
0.000000 0.000000 0.000000
-0.006817 0.774517 -0.080854
0.000000 0.000000 0.000000
0.000000 0.000000 0.000000
0.000000 0.000000 0.000000
0.000000 0.000000 0.000000
0.000000 0.000000 0.000000
0.000000 0.000000 0.000000
0.000000 0.000000 0.000000
0.000000 0.000000 0.000000
0.000000 0.000000 0.000000
0.021269 0.403909 0.138442
-0.202675 0.305927 0.064114
-0.096880 0.467769 0.011198
-0.088367 0.985254 0.023704
-0.208015 0.334816 0.048372
0.156132 0.299942 -0.146340
-0.079419 0.890233 0.019768
0.176781 0.350549 -0.043856
0.000000 0.000000 0.000000
0.000000 0.000000 0.000000
0.044500 0.958258 0.072865
0.000000 0.000000 0.000000
0.000000 0.000000 0.000000
-0.020707 0.323100 0.214418
0.081962 0.889285 0.023758
0.000000 0.000000 0.000000
-0.194178 0.358437 0.016767
-0.004733 0.589631 0.102162
0.000000 0.000000 0.000000
0.000000 0.000000 0.000000
-0.156877 0.379575 0.068387
0.018303 0.469953 0.092562
0.000000 0.000000 0.000000
-0.061076 0.969903 -0.046602
0.000000 0.000000 0.000000
-0.061169 0.317523 0.199612
0.092808 0.554287 0.036188
0.093644 0.441264 -0.001167
0.000000 0.000000 0.000000
0.000000 0.000000 0.000000
0.000000 0.000000 0.000000
0.000000 0.000000 0.000000
-0.004769 0.872258 0.079793
0.000000 0.000000 0.000000
-0.036481 0.914287 -0.080207
-0.042700 0.929389 0.066897
0.000000 0.000000 0.000000
-0.015075 0.368241 0.182089
-0.086898 0.750896 0.000480
0.000000 0.000000 0.000000
0.068662 0.946511 -0.050327
0.078777 0.745872 -0.010962
0.002690 0.641182 0.088005
0.095729 0.357025 -0.164815
0.000000 0.000000 0.000000
0.000000 0.000000 0.000000
0.099415 0.311009 0.182018
0.000000 0.000000 0.000000
0.000000 0.000000 0.000000
0.000000 0.000000 0.000000
-0.077144 0.530850 -0.071424
0.000000 0.000000 0.000000
0.213901 0.291481 0.014092
0.062344 0.773625 0.067152
0.060624 0.799730 -0.048455
-0.197575 0.341878 -0.069276
-0.051627 0.621443 -0.086361
0.189073 0.256952 0.081830
0.000000 0.000000 0.000000
0.000000 0.000000 0.000000
0.000000 0.000000 0.000000
0.000000 0.000000 0.000000
-0.045373 0.360702 0.169956
0.000000 0.000000 0.000000
0.000000 0.000000 0.000000
0.000000 0.000000 0.000000
0.000000 0.000000 0.000000
0.047611 0.847076 0.062196
0.073287 0.962116 0.038642
0.000000 0.000000 0.000000
0.069571 0.681979 0.046138
-0.110671 0.429940 0.043185
-0.077740 0.770767 -0.055767
-0.096087 0.796419 0.001888
0.059481 0.642753 -0.059277
0.056840 0.500356 -0.068691
0.169104 0.375231 0.009112
0.000000 0.000000 0.000000
0.000000 0.000000 0.000000
0.000000 0.000000 0.000000
0.000000 0.000000 0.000000
0.000000 0.000000 0.000000
0.000000 0.000000 0.000000
0.000000 0.000000 0.000000
0.000000 0.000000 0.000000
0.031381 0.169179 0.207815
0.000000 0.000000 0.000000
0.083911 0.984997 0.002730
0.000000 0.000000 0.000000
-0.092440 0.864810 -0.010798
0.000000 0.000000 0.000000
0.000000 0.000000 0.000000
0.000000 0.000000 0.000000
0.000000 0.000000 0.000000
0.082020 0.492848 0.036863
0.000000 0.000000 0.000000
0.000000 0.000000 0.000000
-0.069374 0.778511 0.050200
0.000000 0.000000 0.000000
0.000000 0.000000 0.000000
0.000000 0.000000 0.000000
0.000000 0.000000 0.000000
0.000000 0.000000 0.000000
0.027706 0.322854 0.203307
-0.084906 0.540390 0.064348
0.000000 0.000000 0.000000
0.000000 0.000000 0.000000
0.000000 0.000000 0.000000
-0.037710 0.584942 0.096736
0.000000 0.000000 0.000000
-0.031615 0.996426 0.075997
0.000000 0.000000 0.000000
0.000000 0.000000 0.000000
0.050470 0.590458 -0.069676
0.000000 0.000000 0.000000
-0.094347 0.460111 -0.054710
0.000000 0.000000 0.000000
0.000000 0.000000 0.000000
0.000000 0.000000 0.000000
0.052469 0.726045 0.077943
0.099367 0.216955 0.192367
0.000000 0.000000 0.000000
0.000000 0.000000 0.000000
0.000000 0.000000 0.000000
0.000000 0.000000 0.000000
0.114705 0.374805 0.105045
-0.114276 0.415031 -0.016380
0.000000 0.000000 0.000000
-0.174244 0.323388 0.128375
0.000000 0.000000 0.000000
0.000000 0.000000 0.000000
-0.095901 0.680766 0.031067
0.000000 0.000000 0.000000
0.027155 0.431617 -0.108903
0.069405 0.959365 -0.017097
0.000000 0.000000 0.000000
0.000000 0.000000 0.000000
0.000000 0.000000 0.000000
0.000000 0.000000 0.000000
0.077616 0.460809 -0.046336
0.000000 0.000000 0.000000
0.000000 0.000000 0.000000
0.000000 0.000000 0.000000
0.000000 0.000000 0.000000
0.000000 0.000000 0.000000
-0.004189 0.705456 0.097366
0.000000 0.000000 0.000000
-0.001650 0.800402 0.093281
0.072334 0.422759 0.075180
0.000000 0.000000 0.000000
0.037993 0.461939 -0.096247
-0.104141 0.588461 0.008133
0.000000 0.000000 0.000000
0.000000 0.000000 0.000000
0.128913 0.402108 0.050416
0.000000 0.000000 0.000000
0.000000 0.000000 0.000000
0.086578 0.269438 0.198572
-0.093770 0.716533 -0.031838
0.000000 0.000000 0.000000
