0.494463 0.011500 -0.006520
0.075715 0.019659 -0.159977
0.992586 -0.070892 0.011093
-0.261719 0.014319 -0.257887
0.167047 -0.022305 0.120297
0.755309 0.003551 0.012536
-0.225884 0.019659 -0.018589
-0.019887 0.019659 0.024871
-0.262945 -0.024193 -0.003082
-0.026276 -0.024193 0.019447
0.284985 0.013177 -0.032657
-0.427738 0.019659 -0.186027
-0.125221 -0.024193 -0.130246
0.936839 -0.056235 -0.011731
0.124062 0.019659 -0.042595
-0.145950 0.019659 -0.153148
-0.397154 -0.024193 -0.080367
-0.381606 0.019659 -0.019291
0.622323 0.019336 -0.033608
-0.299658 0.010243 -0.140462
-0.021290 -0.024193 -0.105461
0.888446 -0.016572 -0.011490
0.381589 0.008050 0.025061
0.120982 -0.024193 0.011885
-0.160797 -0.024193 -0.001261
-0.033991 0.019659 -0.080202
-0.352666 -0.024193 -0.199769
0.077366 0.019659 0.074202
-0.222720 -0.024193 -0.109887
0.857725 -0.030224 0.000457
-0.153144 0.004415 -0.065668
0.196089 0.008900 0.041383
0.051897 0.001372 -0.045106
-0.253142 -0.024193 -0.232976
0.057293 -0.024193 -0.046994
-0.481979 -0.001023 -0.095765
-0.186810 -0.024193 -0.217273
-0.071875 -0.024193 -0.088446
-0.377417 0.019659 -0.164147
-0.121679 0.019414 0.010475
-0.181436 -0.024193 0.014690
0.574471 0.028331 0.029491
-0.434261 -0.024193 -0.151802
-0.080099 0.006494 -0.158796
0.682813 0.027268 0.026754
0.000000 0.000000 0.000000
-0.306366 -0.001934 -0.063583
-0.395441 0.019659 -0.114916
0.424697 0.006451 -0.021264
-0.305878 -0.024193 -0.086941
0.846771 -0.002181 0.005385
-0.146089 -0.024193 -0.075882
0.205738 -0.015762 -0.027449
-0.227369 0.016690 -0.189966
0.044183 -0.024193 0.051583
0.940362 -0.033641 0.047141
-0.479142 -0.024193 -0.096912
0.997008 -0.052265 -0.054947
0.268194 0.019086 0.039701
0.920680 -0.027170 -0.034649
-0.117388 -0.024193 0.046038
-0.217428 0.019659 -0.096630
0.811360 0.002316 -0.038118
-0.117138 -0.024193 -0.175684
-0.357625 -0.024193 -0.035377
0.000000 0.000000 0.000000
0.029414 -0.024193 -0.152964
-0.303875 0.019659 -0.000031
0.121736 0.007124 0.025568
0.014516 -0.024193 -0.075934
-0.221223 -0.023666 -0.171777
0.556553 0.024934 -0.035073
-0.072885 -0.024193 0.001981
-0.128015 0.019659 -0.094447
0.348633 0.012721 -0.031081
-0.167551 -0.002267 0.011490
0.056304 0.019659 0.110423
-0.357571 0.019659 -0.169189
0.108389 -0.024193 0.083237
-0.061661 0.019659 0.059483
-0.010209 0.010546 -0.043506
-0.300629 0.019659 -0.223592
0.449417 0.025244 0.036932
-0.010967 0.013322 -0.146775
0.039098 0.019659 -0.092893
0.709728 0.027268 -0.031071
0.184193 -0.014584 0.058096
-0.251754 -0.024193 -0.076579
0.060628 -0.024193 -0.098373
0.318387 0.006123 0.021841
0.059934 0.026875 0.014290
-0.070057 0.019659 -0.025715
-0.241199 0.019659 -0.253466
0.174524 0.027269 -0.014808
0.025452 -0.002267 0.043250
-0.209098 -0.024193 0.015748
0.816050 -0.016522 0.046631
0.277404 0.008439 0.026754
-0.240999 -0.001445 -0.048672
0.621483 0.001865 0.006918
-0.352257 0.019659 -0.089971
0.145012 -0.018804 -0.044328
0.883275 -0.016524 0.050462
-0.443228 0.019659 -0.111343
-0.030463 -0.024193 0.053942
-0.146918 0.015569 -0.212313
-0.427231 0.019659 -0.068339
0.974597 -0.044897 -0.006713
-0.183581 -0.002267 -0.049416
0.144623 0.019659 0.082993
0.222561 0.027268 0.001624
-0.030194 -0.024193 -0.040519
-0.103271 -0.024193 -0.147000
-0.193969 -0.024193 -0.045311
-0.121679 -0.001423 -0.022214
-0.241449 0.019659 0.022687
-0.268412 0.019659 -0.097068
0.083793 -0.024193 -0.171895
0.235401 0.019659 -0.039974
0.092955 0.001318 0.000894
-0.097040 0.019659 -0.165163
0.474440 0.027269 -0.035696
0.099917 0.004361 -0.051851
0.545969 0.001785 0.006613
0.070173 -0.024193 0.017684
-0.282123 -0.000851 -0.259579
-0.088921 0.019659 -0.069581
0.658606 0.027268 -0.030491
0.732231 0.010283 0.024082
0.008215 0.019659 -0.120535
0.758115 0.027268 -0.026634
0.910392 -0.047540 -0.035950
0.007129 -0.000242 -0.062788
0.374423 0.001787 -0.007061
-0.369868 0.019659 -0.067959
0.981669 -0.068922 0.057240
-0.175590 -0.024193 -0.153316
0.756218 0.009537 -0.006086
-0.377616 -0.024193 -0.159533
-0.272586 0.010243 -0.177515
0.408078 0.005977 0.020733
0.639334 0.005714 0.018114
-0.162367 -0.024193 -0.128262
-0.376777 -0.001331 -0.107012
0.496950 0.027269 0.031066
-0.194455 0.019659 -0.157039
0.186739 -0.024193 0.011397
0.018114 -0.024193 -0.012381
0.944577 -0.058779 0.018132
-0.086809 0.019659 -0.092519
-0.337512 0.019659 -0.209220
-0.303408 -0.024193 -0.026215
0.848742 -0.023617 -0.049952
-0.159417 -0.021606 -0.220730
0.009343 -0.002267 -0.005792
0.926094 -0.028950 0.020807
-0.204138 0.019659 -0.234155
0.800407 0.013421 0.018015
-0.300340 -0.022413 -0.205523
0.887059 -0.039868 -0.012006
0.701920 0.003109 -0.011210
-0.335993 0.019659 -0.138093
-0.057860 -0.024193 -0.136222
0.074291 -0.024193 -0.008314
0.117306 0.002112 0.115998
-0.225199 -0.023460 -0.250536
0.977846 -0.048366 0.060278
-0.239984 0.006344 -0.133181
-0.470911 -0.024193 -0.122967
0.350513 0.027268 0.012285
0.293573 0.027269 -0.006731
-0.438909 -0.024193 -0.074029
0.029827 0.019659 -0.152120
0.157046 0.001601 -0.005099
-0.015298 -0.024193 -0.048102
0.000000 0.000000 0.000000
-0.046669 0.019659 -0.130299
0.391576 0.027268 -0.031627
0.787761 -0.005868 -0.000838
-0.088489 -0.024193 -0.045416
-0.156583 -0.024193 -0.029213
-0.437538 0.019659 -0.139907
-0.173256 0.019659 -0.075366
0.162811 0.027268 0.023612
-0.167473 0.019659 -0.122216
0.592964 0.027269 -0.005315
-0.271008 0.019659 -0.037639
0.071879 -0.023633 -0.126421
0.154008 -0.024193 0.065636
-0.401025 -0.024193 -0.195961
0.051897 0.000257 0.054881
0.080501 -0.024193 0.049039
-0.190891 -0.024193 -0.117138
0.533791 0.027268 0.034632
-0.347591 -0.024193 -0.086517
-0.230488 -0.010013 -0.205523
0.509427 0.011314 -0.027436
0.206099 0.003055 0.014076
0.951962 -0.046541 -0.051071
-0.339893 -0.024193 -0.230882
0.000000 0.000000 0.000000
0.079841 0.028318 -0.028039
0.000000 0.000000 0.000000
0.456867 0.001742 0.006443
-0.227532 -0.024193 -0.036186
0.348550 0.027268 0.029660
-0.004592 -0.002267 0.058221
-0.217597 0.019659 -0.061331
0.048329 -0.002267 -0.005611
0.305903 0.003077 -0.012956
0.180376 -0.024193 0.081560
0.005388 -0.024193 -0.129994
0.816816 -0.016773 0.001578
-0.257721 -0.009129 -0.100668
0.226938 0.015423 0.036584
0.667180 0.001258 -0.000111
-0.103304 -0.024193 -0.090466
-0.119114 -0.024193 0.001367
0.968122 -0.066520 -0.016915
0.090759 0.019659 0.049065
0.090345 0.002585 0.091022
-0.467221 0.019659 -0.061102
0.600986 0.003652 -0.013650
-0.316400 0.010243 -0.174187
-0.025285 0.019659 -0.006550
-0.356239 -0.006883 -0.184480
-0.338965 0.019659 -0.032477
0.578067 0.001315 0.000851
-0.437674 -0.024193 -0.097716
-0.121679 0.017670 0.048696
0.033662 0.019659 0.077899
0.257265 0.027269 -0.007420
0.845719 -0.002525 -0.020392
-0.299774 0.010243 -0.097812
-0.422004 0.019659 -0.024161
-0.319254 -0.024193 -0.054477
-0.189301 0.019659 0.011247
-0.086982 0.019659 -0.129005
-0.139693 -0.024193 -0.197841
0.183527 -0.024193 -0.008368
0.155698 0.019659 0.118262
0.163338 0.013769 -0.044328
-0.259651 0.019659 -0.220100
-0.163157 0.019659 -0.180782
-0.364242 0.010243 -0.140658
-0.299181 0.019659 -0.037725
-0.307543 -0.024193 -0.245999
0.074440 0.006649 -0.084517
0.912107 -0.048103 0.038786
0.525867 0.019659 -0.003201
0.429250 0.027269 0.000578
0.353939 0.002696 0.011841
0.865851 -0.032896 0.032717
0.242200 0.001988 0.008796
-0.278629 -0.022796 -0.205523
0.000000 0.000000 0.000000
0.121988 0.027268 0.000277
-0.451464 0.003969 -0.163764
0.083120 0.010798 0.032517
0.133142 -0.024193 0.105083
0.037124 -0.024193 -0.108947
-0.346596 0.010243 -0.125816
0.616773 0.027268 0.027746
-0.281098 -0.024193 -0.054175
0.032944 0.011533 -0.060953
0.070351 0.019659 -0.125326
0.258012 0.004091 -0.016404
-0.400826 -0.024193 -0.119831
-0.405741 -0.024193 -0.046495
0.189158 0.027269 0.009748
-0.220361 -0.024193 -0.009933
-0.026155 0.019659 0.055632
-0.212487 -0.024193 -0.076642
-0.059588 0.019659 0.022733
0.774238 0.030176 0.027305
0.638655 0.027269 -0.009860
0.177992 0.010426 0.094939
0.005623 -0.024193 0.018797
-0.084007 0.019659 0.010916
-0.151079 -0.002267 -0.039268
0.959394 -0.039898 0.027911
0.188946 0.026784 -0.041268
0.882063 -0.014474 -0.040367
-0.121679 0.018593 -0.046025
0.007253 -0.024193 0.056899
0.452328 0.007242 0.022845
-0.256872 -0.022291 -0.257318
0.710156 0.019659 0.015489
-0.465442 -0.024193 -0.063825
-0.244761 0.010243 -0.165401
-0.293140 0.010243 -0.190849
0.787325 0.002966 -0.018863
0.477231 0.006551 0.021266
0.845577 -0.013074 0.041976
-0.382854 0.001602 -0.205607
-0.435679 -0.010426 -0.185248
-0.117919 0.001453 -0.190541
0.117499 0.019659 0.060544
0.177205 0.019659 0.050599
0.361516 0.027268 -0.024107
-0.093908 0.019659 0.057334
0.157696 -0.024193 0.029134
0.729845 0.027269 -0.007951
-0.194309 0.019659 -0.121788
-0.228790 -0.024193 -0.143178
0.148045 -0.024193 -0.005250
-0.141980 -0.002267 0.021564
-0.242432 0.019659 -0.101242
-0.192119 0.019659 -0.194174
-0.092400 0.019659 0.028858
-0.186265 -0.000087 -0.235793
0.462008 0.005375 -0.018305
0.100307 0.027268 0.002260
-0.326273 -0.000780 -0.100269
0.146027 0.019659 0.035495
-0.023359 -0.018608 -0.144449
0.988241 -0.073135 -0.040200
0.075930 -0.024193 -0.068707
0.198593 0.002857 -0.012468
-0.465032 0.019659 -0.109343
-0.085152 -0.024193 0.046029
0.556656 0.019659 -0.007852
0.460133 0.027268 0.003449
-0.363160 -0.024193 -0.173858
0.053510 -0.010366 -0.174473
-0.276135 0.014790 -0.125067
-0.000563 -0.002267 0.022902
0.171419 0.005301 0.021094
-0.016535 -0.024193 -0.010740
0.320075 0.027269 -0.020152
0.299600 0.027268 0.029442
-0.124954 -0.024193 -0.043515
0.517426 0.027269 0.012272
0.151131 0.027268 -0.019620
-0.249324 0.019659 0.002594
0.178836 -0.012322 -0.044328
-0.259520 0.010243 -0.199487
0.399474 0.019659 0.001824
-0.055460 0.019659 -0.056349
0.028615 -0.024193 0.081397
0.579087 0.023943 -0.034694
0.060179 0.019659 -0.024881
-0.210379 0.019659 0.007492
0.821653 0.005388 0.026745
0.068881 0.019659 -0.056475
0.866407 -0.009326 0.026723
-0.200365 0.019659 -0.030402
0.095636 -0.024193 -0.045945
0.214912 -0.014456 -0.002661
-0.055181 -0.024193 0.027426
-0.088128 -0.024193 -0.015244
-0.292063 0.019659 -0.076085
0.684286 0.027268 0.000949
-0.001035 0.019659 -0.081779
-0.326984 0.019461 -0.068811
0.437018 0.025238 -0.037088
-0.042185 -0.024193 -0.011147
-0.142624 -0.024193 -0.153529
0.524963 0.008635 0.024274
-0.168631 -0.024193 -0.096509
-0.090384 -0.009539 -0.167042
-0.117419 0.019659 -0.141442
0.000000 0.000000 0.000000
-0.184073 -0.001635 -0.019572
0.897767 -0.043389 0.020710
0.265199 0.022450 -0.039983
0.037971 -0.024193 0.024524
-0.254605 -0.024193 -0.044656
-0.359973 0.019659 -0.043450
-0.054804 0.019659 -0.000290
-0.181987 -0.024193 -0.184040
-0.369404 0.019659 -0.103167
-0.440544 0.019659 -0.039654
0.095972 0.001982 -0.174326
0.198747 -0.014608 0.035623
-0.107748 0.019659 -0.014945
-0.082679 -0.024193 -0.114307
-0.288538 -0.024193 -0.234850
0.097568 0.009216 -0.029148
-0.297713 0.010243 -0.158357
-0.399608 0.019659 -0.086546
0.659526 0.027269 0.008013
-0.466242 0.003517 -0.138175
-0.221886 0.001337 -0.249563
0.481014 0.027269 -0.011940
0.962416 -0.040893 -0.026014
0.910568 -0.047597 0.004319
0.810501 0.010024 -0.015639
-0.035778 -0.024193 -0.070304
-0.369112 -0.024193 -0.071078
0.988987 -0.053550 0.032151
0.855070 -0.005599 -0.048645
-0.103573 0.019659 -0.107495
-0.079137 0.019659 -0.046203
-0.226877 0.019659 -0.123577
0.143573 0.006504 -0.023629
0.336997 0.003238 -0.013567
0.641957 0.007234 -0.020593
0.374948 0.027268 0.003525
-0.049784 -0.024193 -0.111799
-0.061173 -0.024193 -0.060482
-0.184073 0.006301 0.036985
-0.256782 0.019659 -0.058904
0.950726 -0.060801 0.053675
-0.204160 -0.024193 -0.197491
0.473872 0.027268 0.010807
-0.281028 0.019659 -0.241603
0.027329 0.019659 0.101216
0.328294 0.016332 0.005564
0.776997 0.029417 -0.007394
0.729972 0.001892 0.006678
-0.058808 -0.024193 0.059474
-0.018460 0.019659 -0.111735
-0.216324 -0.024193 -0.224602
0.432828 0.001466 0.003186
0.051897 0.002352 0.022870
-0.334504 -0.008937 -0.200453
0.046294 -0.024193 -0.002007
0.593515 0.013956 0.029715
-0.140072 -0.024193 -0.098983
0.547435 0.027269 0.010973
-0.486672 -0.007307 -0.073837
-0.209833 0.019659 0.031818
0.000784 0.019659 0.074053
0.897468 -0.019538 0.020238
0.105704 0.003433 0.016156
0.253354 0.027268 0.018869
0.107293 -0.024193 -0.014805
0.017099 -0.024193 -0.041093
0.555928 0.006523 -0.020296
0.021410 -0.002267 -0.033159
-0.137962 -0.024193 0.023395
0.617233 0.019659 -0.008575
0.832828 -0.019054 -0.033826
0.412546 0.025231 0.037577
-0.191213 -0.024193 -0.011699
-0.060079 0.019659 -0.103426
0.140516 0.019659 0.015615
0.112364 -0.024193 0.054775
-0.227667 0.008512 -0.158519
-0.124893 0.019659 -0.074553
0.036233 0.019659 -0.116980
-0.074603 -0.024193 -0.147345
0.379107 0.007818 -0.023563
0.012440 0.019659 -0.092737
0.058755 0.019659 -0.068068
0.098475 -0.024193 0.023820
-0.375913 0.009562 -0.128786
0.000000 0.000000 0.000000
0.568455 0.006083 0.019521
0.694158 0.003675 0.013262
0.000000 0.000000 0.000000
0.237901 0.028525 -0.013834
-0.313769 0.004904 -0.205523
-0.170869 0.019067 -0.227709
0.972508 -0.066117 -0.054802
-0.139653 0.019659 -0.115611
-0.276765 0.019659 -0.148492
0.684748 0.019659 -0.031209
0.796398 -0.009283 0.028649
-0.427308 0.019659 -0.091509
-0.442000 -0.024193 -0.046059
0.116218 -0.024193 -0.034089
0.085060 0.019659 0.101609
0.269440 0.001599 0.005246
0.139765 0.019659 0.061837
0.972852 -0.068075 0.032408
0.064769 -0.024193 -0.160513
0.033993 -0.000341 -0.167452
0.060500 -0.024193 0.043232
-0.212193 0.019659 -0.175659
0.117458 0.002024 -0.008872
-0.446767 -0.024193 -0.121502
0.211545 0.027268 -0.019996
0.075397 0.019659 0.008582
-0.398036 0.019659 -0.063700
-0.456336 0.019659 -0.090790
0.899791 -0.020302 -0.044640
0.164362 0.018641 0.004472
0.473670 0.023087 0.036507
0.184774 0.009870 -0.029430
-0.378427 0.019659 -0.191489
0.155488 -0.024193 0.095220
0.390932 0.027268 0.008176
-0.422204 0.019659 -0.117334
-0.121679 0.003997 0.032830
0.530423 0.027269 -0.031489
-0.122560 -0.024193 -0.070185
0.326324 0.023686 0.039086
0.894279 -0.035919 0.050495
-0.237318 0.019659 -0.074048
0.833877 0.001370 0.044041
-0.404741 -0.024193 -0.173190
0.863718 -0.032195 -0.025771
0.297022 0.019659 0.016307
0.030647 -0.002267 0.017048
-0.192481 0.019659 -0.095212
-0.254095 0.019659 -0.130599
-0.129732 -0.000103 -0.056421
0.380601 0.027269 0.037860
0.115493 0.019659 0.100050
0.737931 0.016458 -0.029653
0.727517 0.003959 -0.013620
0.404193 0.001510 -0.003775
-0.331276 0.019659 -0.163519
0.507474 0.002961 0.011974
0.754762 0.020011 0.031588
0.121321 0.027269 0.042060
0.075561 -0.002833 -0.139359
-0.486823 0.012694 -0.072862
-0.163964 -0.002267 0.031297
-0.153269 -0.024193 -0.178126
-0.210765 0.006211 -0.193908
-0.218623 0.019659 -0.212584
-0.474101 0.002711 -0.120213
-0.329278 -0.024193 -0.028360
0.835434 -0.022894 -0.013120
0.833501 -0.022259 0.015483
0.176364 0.019659 0.073496
0.110676 -0.012135 0.098421
-0.095876 -0.024193 0.013586
-0.011256 -0.024193 -0.079549
-0.305035 -0.010338 -0.259293
0.300785 0.027269 -0.038016
0.046013 0.019659 -0.169480
-0.281278 -0.010051 -0.094336
0.938807 -0.033130 -0.026736
0.685772 0.005640 -0.017371
0.487363 0.008062 -0.023015
-0.347759 -0.024193 -0.059426
-0.326435 0.019659 -0.012463
0.020509 -0.000415 0.068462
0.087321 -0.024193 0.076195
-0.302744 0.019659 -0.118749
0.917028 -0.027693 0.051262
0.070151 0.000925 -0.106494
-0.284019 -0.024193 -0.255572
0.733193 0.027269 0.011133
-0.242406 -0.024193 -0.121871
-0.175377 0.019659 -0.207262
0.011221 0.005633 -0.154990
0.062426 0.017538 0.041329
0.232602 0.004858 -0.018703
0.214659 0.028607 0.023616
-0.394064 -0.024193 -0.140255
0.044658 -0.024193 -0.026452
-0.048721 -0.024193 -0.089257
0.935207 -0.055698 -0.042200
-0.005903 -0.002267 -0.019503
0.596551 0.004901 0.016790
0.604422 0.019659 -0.019153
0.648692 0.021501 0.033444
-0.142665 0.019659 -0.183222
-0.158823 -0.024193 -0.054156
-0.174798 -0.024193 -0.073320
-0.023970 0.019659 0.078650
-0.330810 0.019659 -0.109166
-0.355024 0.019659 -0.192211
0.662768 0.019659 -0.015347
0.555674 0.027268 -0.020130
-0.317815 0.019659 -0.048040
-0.351974 -0.014651 -0.103657
-0.111184 -0.024193 -0.024119
-0.390194 0.019659 -0.044721
-0.277004 0.019659 -0.202473
0.186207 0.001397 0.002128
0.276150 0.027269 0.011174
0.163481 -0.024193 -0.030565
0.391274 0.027269 -0.016972
0.589484 0.027269 0.011102
0.415605 0.028136 -0.028115
0.150069 0.004641 0.019348
-0.401295 0.019659 -0.169831
0.129055 0.028530 -0.021940
-0.426524 -0.024193 -0.118335
0.057057 0.019659 0.085293
0.502694 0.027269 -0.014665
0.457783 0.027269 -0.019903
-0.406075 0.019659 -0.136956
-0.366651 -0.012987 -0.145758
0.321566 0.027689 0.022109
-0.264495 0.019659 -0.013861
0.430490 0.019659 0.025000
0.751118 0.027268 -0.005751
-0.364379 -0.024193 -0.219889
0.707347 0.027269 0.001188
0.138478 -0.024193 0.050209
-0.241976 -0.024193 0.000940
-0.226846 -0.024193 -0.057201
0.001580 -0.024193 -0.027183
-0.195132 -0.022803 -0.239840
0.248469 0.027269 0.036472
0.136164 0.001262 0.000033
0.135707 0.019659 0.105077
0.831356 0.002198 -0.038153
0.224683 0.013274 0.006032
0.182187 -0.024193 0.034505
0.051024 0.019659 -0.143353
-0.283883 0.010243 -0.108162
0.107317 0.027269 -0.039001
0.355584 0.019659 -0.007443
0.552131 0.019659 0.025624
-0.456570 0.019659 -0.133933
0.115182 0.019659 0.082802
-0.194245 -0.024193 -0.093641
0.988966 -0.056510 -0.019346
-0.059515 0.016129 -0.148392
-0.195059 -0.024193 -0.140370
0.335946 0.006929 0.023271
0.284826 0.008124 -0.002981
-0.463182 -0.021640 -0.143872
0.182615 0.027269 0.031149
0.041488 -0.024193 -0.063907
-0.015430 0.019659 -0.064851
-0.286252 -0.024193 -0.004744
0.650032 0.012489 -0.006732
0.001397 -0.024193 -0.109613
0.675569 0.010083 0.024532
0.323705 0.001317 0.000873
0.000000 0.000000 0.000000
-0.416255 0.019659 -0.048087
0.090149 -0.011739 -0.059946
0.908913 -0.023302 0.006047
-0.246670 -0.024193 -0.207545
-0.324166 0.001526 -0.074149
0.069614 0.002538 0.012040
-0.011262 -0.024193 0.032034
-0.350098 0.010243 -0.150692
-0.056053 -0.007828 -0.147346
-0.243076 -0.002635 -0.254945
0.953096 -0.037828 -0.005945
0.378939 0.027269 0.018231
-0.327318 -0.024193 -0.074829
-0.169842 0.019659 -0.099075
0.102688 0.027268 0.019515
-0.127571 0.019659 -0.161949
0.204096 0.005531 -0.036307
-0.184894 0.019659 -0.045333
0.481169 0.001324 0.000986
0.052188 -0.024193 0.074468
0.126502 -0.024193 -0.013281
0.086895 0.015441 -0.063432
-0.015348 -0.024193 -0.125253
-0.380605 -0.024193 -0.040797
-0.101054 0.019659 -0.036852
-0.443710 -0.024193 -0.172681
0.056925 0.019659 -0.105829
-0.106894 -0.024193 -0.124217
-0.372909 -0.023830 -0.106416
-0.425159 -0.024193 -0.056253
0.890590 -0.040592 -0.040979
-0.375449 -0.024193 -0.193155
0.321275 0.018082 -0.037297
0.925855 -0.051358 0.052584
-0.331966 0.019659 -0.184818
0.033686 -0.024193 -0.045849
0.167586 0.027269 -0.030356
-0.194005 -0.024193 -0.164778
0.000000 0.000000 0.000000
-0.135283 -0.024193 -0.014458
-0.224594 0.019659 -0.239452
-0.244287 -0.024193 -0.099861
0.636929 0.027269 0.019838
-0.067069 -0.024193 -0.022828
0.716487 0.019659 0.030375
0.170091 0.006139 0.114357
-0.325367 -0.008764 -0.256959
-0.101853 -0.024193 -0.062630
-0.160211 -0.002267 -0.008733
0.575771 0.019659 -0.011234
-0.278692 0.019659 -0.058757
0.619741 0.004125 -0.014542
0.310896 0.027269 -0.000174
0.236272 0.007392 0.025069
0.206561 0.027268 0.003684
-0.314463 0.019659 -0.197051
-0.194714 0.019659 -0.070368
-0.223818 0.019659 -0.040338
-0.247053 -0.024193 -0.024074
0.777101 0.018665 -0.030656
0.420373 0.017636 -0.005166
-0.077022 -0.024193 0.026227
0.866007 -0.009194 -0.025116
0.385805 0.001655 0.005713
0.078498 -0.018988 -0.146476
-0.039683 0.019659 0.021961
-0.349664 0.002862 -0.103352
0.804389 -0.012687 -0.012691
0.051897 0.017015 -0.001486
0.959015 -0.059934 -0.034496
-0.416073 -0.024193 -0.099797
0.770835 0.016195 0.004725
0.964401 -0.065297 0.002818
0.340544 0.027268 -0.006800
0.276106 0.027269 -0.013567
0.094280 0.019659 -0.014349
0.050937 0.019659 0.064956
0.775242 0.010118 0.023300
0.140676 0.013245 -0.044328
0.872866 -0.035202 0.049392
-0.259272 0.019659 -0.180326
-0.321671 -0.024193 -0.219934
0.108552 0.015975 0.038909
-0.194044 0.019659 -0.221989
0.343606 0.027269 -0.031867
-0.032654 0.000223 -0.143960
0.059934 0.024990 -0.038920
0.089352 0.023241 -0.042947
0.831045 -0.021087 0.035852
-0.296140 0.019659 -0.257678
-0.331402 0.019659 -0.089713
0.079891 -0.020427 0.094569
-0.390242 -0.024193 -0.060322
-0.332725 0.010243 -0.150691
-0.412466 -0.024193 -0.155423
0.077204 0.019659 -0.005278
-0.182973 0.019659 -0.139199
