0.229964 -0.342135 0.039300
0.000000 0.000000 0.000000
0.000000 0.000000 0.000000
0.000000 0.000000 0.000000
0.000000 0.000000 0.000000
0.132591 -0.504080 -0.321112
0.113900 -0.504080 0.280192
0.000000 0.000000 0.000000
0.000000 0.000000 0.000000
0.000000 0.000000 0.000000
0.000000 0.000000 0.000000
0.000000 0.000000 0.000000
0.000000 0.000000 0.000000
0.000000 0.000000 0.000000
-0.118006 -0.289735 0.837794
0.384291 -0.447595 0.373788
0.000000 0.000000 0.000000
-0.027967 -0.502328 -0.026365
0.000000 0.000000 0.000000
0.000000 0.000000 0.000000
0.000000 0.000000 0.000000
0.000000 0.000000 0.000000
0.000000 0.000000 0.000000
0.352318 -0.504080 0.072012
0.000000 0.000000 0.000000
-0.037013 -0.079615 0.677277
0.111826 -0.441193 0.247523
0.000000 0.000000 0.000000
-0.027967 -0.444717 -0.391816
0.000000 0.000000 0.000000
0.000000 0.000000 0.000000
0.000000 0.000000 0.000000
-0.140371 -0.286849 0.570729
0.000000 0.000000 0.000000
-0.101642 -0.272690 0.283402
0.000000 0.000000 0.000000
0.000000 0.000000 0.000000
0.000000 0.000000 0.000000
0.116781 -0.441193 -0.184675
0.229964 -0.115364 0.096827
0.000000 0.000000 0.000000
0.000000 0.000000 0.000000
0.000000 0.000000 0.000000
0.265412 -0.504080 -0.120066
0.000000 0.000000 0.000000
0.000000 0.000000 0.000000
0.000000 0.000000 0.000000
0.000000 0.000000 0.000000
0.000000 0.000000 0.000000
0.157602 -0.441193 0.018736
-0.015091 -0.441193 0.205842
0.192787 -0.504080 -0.106797
0.000000 0.000000 0.000000
0.105463 -0.441193 -0.426160
0.314145 -0.441193 0.188062
0.128981 -0.504080 0.079360
0.000000 0.000000 0.000000
-0.027967 -0.497717 -0.198517
0.134944 -0.504080 0.378425
0.229964 -0.360643 -0.126713
0.000000 0.000000 0.000000
0.000000 0.000000 0.000000
0.000000 0.000000 0.000000
0.000000 0.000000 0.000000
0.000000 0.000000 0.000000
-0.106008 -0.094094 0.827750
0.000000 0.000000 0.000000
0.000000 0.000000 0.000000
0.000000 0.000000 0.000000
0.000000 0.000000 0.000000
0.299440 -0.504080 0.233288
0.000000 0.000000 0.000000
0.000000 0.000000 0.000000
0.000000 0.000000 0.000000
-0.025852 -0.480051 0.387320
0.000000 0.000000 0.000000
0.310875 -0.441193 -0.038899
0.000000 0.000000 0.000000
0.000000 0.000000 0.000000
-0.112421 -0.224358 0.730366
0.000000 0.000000 0.000000
-0.027967 -0.491257 0.042682
0.000000 0.000000 0.000000
0.208682 -0.441193 0.323914
0.000000 0.000000 0.000000
0.000000 0.000000 0.000000
0.000000 0.000000 0.000000
0.000000 0.000000 0.000000
-0.043659 -0.180998 0.578635
0.000000 0.000000 0.000000
0.000000 0.000000 0.000000
0.000000 0.000000 0.000000
0.000000 0.000000 0.000000
0.000000 0.000000 0.000000
0.000000 0.000000 0.000000
0.000000 0.000000 0.000000
0.000000 0.000000 0.000000
0.000000 0.000000 0.000000
-0.103782 -0.276074 0.421309
0.000000 0.000000 0.000000
0.000000 0.000000 0.000000
0.000000 0.000000 0.000000
0.000000 0.000000 0.000000
0.000000 0.000000 0.000000
0.000000 0.000000 0.000000
0.000000 0.000000 0.000000
0.000000 0.000000 0.000000
0.000000 0.000000 0.000000
0.000000 0.000000 0.000000
0.000000 0.000000 0.000000
-0.078522 -0.236128 0.265292
0.000000 0.000000 0.000000
0.000000 0.000000 0.000000
-0.112421 -0.190282 0.665272
0.000000 0.000000 0.000000
0.000000 0.000000 0.000000
-0.030960 -0.160916 0.385055
0.000000 0.000000 0.000000
0.000000 0.000000 0.000000
0.000000 0.000000 0.000000
0.000000 0.000000 0.000000
0.000000 0.000000 0.000000
0.000000 0.000000 0.000000
0.000000 0.000000 0.000000
0.047718 -0.441193 -0.061134
0.080674 -0.441193 -0.316239
0.058186 -0.504080 -0.097414
0.000000 0.000000 0.000000
0.283310 -0.502107 0.387320
0.094827 -0.441193 0.116439
0.000000 0.000000 0.000000
0.000000 0.000000 0.000000
0.000000 0.000000 0.000000
0.000000 0.000000 0.000000
0.218793 -0.441193 -0.202236
0.230647 -0.234600 0.099833
0.196072 -0.504080 -0.243086
0.000000 0.000000 0.000000
0.014746 -0.504080 -0.378213
0.000000 0.000000 0.000000
0.000000 0.000000 0.000000
0.000000 0.000000 0.000000
0.000000 0.000000 0.000000
-0.004310 -0.504080 0.274058
0.000000 0.000000 0.000000
0.384291 -0.457498 0.242861
0.000000 0.000000 0.000000
0.000000 0.000000 0.000000
0.000000 0.000000 0.000000
0.262553 -0.504080 -0.002854
0.000000 0.000000 0.000000
0.198883 -0.504080 0.254948
0.215732 -0.441193 0.181049
0.098213 -0.493570 -0.437197
0.000000 0.000000 0.000000
0.000000 0.000000 0.000000
0.000000 0.000000 0.000000
0.000000 0.000000 0.000000
0.000000 0.000000 0.000000
0.000000 0.000000 0.000000
0.000000 0.000000 0.000000
0.248096 -0.504080 0.119467
0.000000 0.000000 0.000000
-0.063376 -0.167444 0.735055
0.297037 -0.441193 0.073787
-0.124109 -0.289735 0.733093
0.000000 0.000000 0.000000
0.000000 0.000000 0.000000
0.000000 0.000000 0.000000
0.035394 -0.443514 0.387320
0.000000 0.000000 0.000000
0.000000 0.000000 0.000000
0.002262 -0.441193 -0.257316
-0.107358 -0.281729 0.533981
0.061409 -0.504080 0.171244
0.000000 0.000000 0.000000
0.000000 0.000000 0.000000
0.000000 0.000000 0.000000
0.000000 0.000000 0.000000
0.000000 0.000000 0.000000
0.000000 0.000000 0.000000
0.023329 -0.504080 -0.277866
-0.096550 -0.196650 0.806781
0.174573 -0.441193 0.121737
0.208830 -0.441193 -0.080455
0.000000 0.000000 0.000000
0.000000 0.000000 0.000000
0.000000 0.000000 0.000000
0.000000 0.000000 0.000000
0.000000 0.000000 0.000000
0.215371 -0.504080 0.013175
0.331161 -0.441193 0.291200
0.000000 0.000000 0.000000
0.384291 -0.503001 0.171777
0.000000 0.000000 0.000000
0.000000 0.000000 0.000000
0.000000 0.000000 0.000000
0.000000 0.000000 0.000000
0.000000 0.000000 0.000000
0.187889 -0.441193 -0.277662
0.000000 0.000000 0.000000
0.275030 -0.504080 -0.169552
0.229964 -0.390288 0.009854
0.334689 -0.504080 0.312697
0.000000 0.000000 0.000000
0.012834 -0.441193 0.150876
0.000000 0.000000 0.000000
0.000000 0.000000 0.000000
0.000000 0.000000 0.000000
0.000000 0.000000 0.000000
0.000000 0.000000 0.000000
0.000000 0.000000 0.000000
0.062384 -0.452432 -0.437197
0.000000 0.000000 0.000000
0.000000 0.000000 0.000000
0.000000 0.000000 0.000000
0.000000 0.000000 0.000000
0.000000 0.000000 0.000000
0.000000 0.000000 0.000000
0.000000 0.000000 0.000000
0.000000 0.000000 0.000000
0.000000 0.000000 0.000000
0.025046 -0.441193 -0.155554
0.000000 0.000000 0.000000
0.384291 -0.453161 0.103203
0.111612 -0.504080 -0.186854
0.075706 -0.504080 0.006630
0.000000 0.000000 0.000000
0.020004 -0.441193 0.279907
0.000000 0.000000 0.000000
0.263220 -0.392545 -0.054642
0.054340 -0.504080 0.357989
0.000000 0.000000 0.000000
0.000000 0.000000 0.000000
-0.070946 -0.224149 0.445522
0.000000 0.000000 0.000000
0.229964 -0.294937 -0.024748
0.000000 0.000000 0.000000
0.000000 0.000000 0.000000
0.263220 -0.261088 0.038165
0.000000 0.000000 0.000000
0.000000 0.000000 0.000000
0.000000 0.000000 0.000000
0.000000 0.000000 0.000000
-0.027967 -0.477554 -0.103735
-0.082073 -0.241744 0.636924
0.000000 0.000000 0.000000
0.147614 -0.504080 0.179187
0.000000 0.000000 0.000000
0.000000 0.000000 0.000000
-0.112421 -0.142844 0.723066
0.000000 0.000000 0.000000
0.000000 0.000000 0.000000
0.000000 0.000000 0.000000
0.000000 0.000000 0.000000
0.000000 0.000000 0.000000
0.000000 0.000000 0.000000
0.000000 0.000000 0.000000
0.000000 0.000000 0.000000
0.000000 0.000000 0.000000
0.221831 -0.441193 0.249288
0.000000 0.000000 0.000000
0.000000 0.000000 0.000000
0.000000 0.000000 0.000000
0.094715 -0.441193 -0.277937
0.058768 -0.441193 0.014921
0.000000 0.000000 0.000000
0.149612 -0.441193 0.341094
0.000000 0.000000 0.000000
0.263220 -0.380179 0.092205
-0.007609 -0.096415 0.604623
0.000000 0.000000 0.000000
-0.025511 -0.152300 0.503925
0.000000 0.000000 0.000000
0.000000 0.000000 0.000000
0.000000 0.000000 0.000000
0.000000 0.000000 0.000000
-0.015873 -0.504080 -0.346487
0.000000 0.000000 0.000000
0.000000 0.000000 0.000000
0.000000 0.000000 0.000000
0.000000 0.000000 0.000000
0.000000 0.000000 0.000000
0.000000 0.000000 0.000000
0.000000 0.000000 0.000000
0.000000 0.000000 0.000000
0.000000 0.000000 0.000000
0.000000 0.000000 0.000000
0.000000 0.000000 0.000000
0.000000 0.000000 0.000000
0.000000 0.000000 0.000000
0.000000 0.000000 0.000000
0.000000 0.000000 0.000000
0.000000 0.000000 0.000000
-0.027967 -0.500999 0.121899
0.000000 0.000000 0.000000
0.000000 0.000000 0.000000
0.008772 -0.441193 0.046923
0.000000 0.000000 0.000000
-0.134027 -0.289735 0.650617
0.000000 0.000000 0.000000
0.102068 -0.441193 0.300444
0.000000 0.000000 0.000000
0.000000 0.000000 0.000000
0.000000 0.000000 0.000000
0.169615 -0.504080 -0.045733
0.000000 0.000000 0.000000
0.000000 0.000000 0.000000
-0.140371 -0.231534 0.786802
0.000000 0.000000 0.000000
0.000000 0.000000 0.000000
0.000000 0.000000 0.000000
0.129039 -0.441193 -0.060457
0.000000 0.000000 0.000000
0.223761 -0.504080 0.333440
0.000000 0.000000 0.000000
0.000000 0.000000 0.000000
0.253657 -0.441193 -0.132131
0.000000 0.000000 0.000000
0.213100 -0.460248 0.387320
0.000000 0.000000 0.000000
0.000000 0.000000 0.000000
0.000000 0.000000 0.000000
-0.140371 -0.160350 0.822339
0.000000 0.000000 0.000000
0.000000 0.000000 0.000000
0.097857 -0.504080 -0.255879
0.000000 0.000000 0.000000
0.000000 0.000000 0.000000
-0.069385 -0.221680 0.333720
-0.051594 -0.193546 0.659104
0.161242 -0.504080 -0.398529
0.000000 0.000000 0.000000
0.000000 0.000000 0.000000
0.000000 0.000000 0.000000
0.000000 0.000000 0.000000
0.000000 0.000000 0.000000
0.000000 0.000000 0.000000
0.000000 0.000000 0.000000
0.000000 0.000000 0.000000
0.000000 0.000000 0.000000
0.000000 0.000000 0.000000
0.000000 0.000000 0.000000
-0.100285 -0.270545 0.779599
0.000000 0.000000 0.000000
0.000000 0.000000 0.000000
0.000000 0.000000 0.000000
-0.112421 -0.201373 0.562025
0.000000 0.000000 0.000000
0.136257 -0.441193 -0.227617
0.263220 -0.174861 0.077176
0.000000 0.000000 0.000000
0.345823 -0.504080 0.030524
-0.078115 -0.093530 0.765879
0.229964 -0.215497 0.014739
0.000000 0.000000 0.000000
0.000000 0.000000 0.000000
0.000000 0.000000 0.000000
0.000000 0.000000 0.000000
0.069641 -0.441193 -0.108293
0.000000 0.000000 0.000000
-0.027967 -0.446845 0.334627
0.000000 0.000000 0.000000
0.036701 -0.504080 0.088838
0.285157 -0.504080 -0.052877
0.000000 0.000000 0.000000
0.025700 -0.441193 -0.375015
0.000000 0.000000 0.000000
0.000000 0.000000 0.000000
0.000000 0.000000 0.000000
0.000000 0.000000 0.000000
0.000000 0.000000 0.000000
0.000000 0.000000 0.000000
0.000000 0.000000 0.000000
0.000000 0.000000 0.000000
0.130152 -0.441193 0.185044
0.000000 0.000000 0.000000
0.000000 0.000000 0.000000
0.378403 -0.504080 0.381957
0.293660 -0.441193 0.361824
0.000000 0.000000 0.000000
-0.006580 -0.504080 0.200571
0.000000 0.000000 0.000000
0.000000 0.000000 0.000000
0.000000 0.000000 0.000000
0.000000 0.000000 0.000000
0.000000 0.000000 0.000000
0.000000 0.000000 0.000000
-0.027967 -0.475675 -0.290571
0.000000 0.000000 0.000000
0.000000 0.000000 0.000000
0.000000 0.000000 0.000000
0.000000 0.000000 0.000000
0.000000 0.000000 0.000000
0.000000 0.000000 0.000000
-0.022199 -0.504080 -0.069879
0.000000 0.000000 0.000000
0.212279 -0.426649 0.064328
0.000000 0.000000 0.000000
0.000000 0.000000 0.000000
0.000000 0.000000 0.000000
0.000000 0.000000 0.000000
0.000000 0.000000 0.000000
0.000000 0.000000 0.000000
-0.007609 -0.115684 0.440804
0.000000 0.000000 0.000000
0.263220 -0.317043 0.081225
-0.000145 -0.490840 -0.437197
0.000000 0.000000 0.000000
0.355440 -0.504080 0.241723
0.057127 -0.504080 0.243855
0.000000 0.000000 0.000000
0.000000 0.000000 0.000000
0.000000 0.000000 0.000000
0.000000 0.000000 0.000000
0.019062 -0.441193 -0.301703
0.000000 0.000000 0.000000
0.161590 -0.441193 -0.127360
0.000000 0.000000 0.000000
0.000000 0.000000 0.000000
0.362274 -0.441193 0.184539
0.024264 -0.504080 -0.155713
0.000000 0.000000 0.000000
0.053075 -0.441193 0.218811
0.000000 0.000000 0.000000
0.263220 -0.333088 -0.005149
0.000000 0.000000 0.000000
0.000000 0.000000 0.000000
0.192013 -0.504080 -0.175848
0.000000 0.000000 0.000000
0.000000 0.000000 0.000000
0.000000 0.000000 0.000000
0.000000 0.000000 0.000000
0.000000 0.000000 0.000000
0.000000 0.000000 0.000000
0.000000 0.000000 0.000000
0.000000 0.000000 0.000000
0.234808 -0.441193 0.117364
0.285401 -0.504080 0.075094
0.000000 0.000000 0.000000
0.115936 -0.504080 -0.119418
0.142602 -0.504080 0.023389
0.000000 0.000000 0.000000
0.000000 0.000000 0.000000
0.000000 0.000000 0.000000
0.000000 0.000000 0.000000
0.000000 0.000000 0.000000
0.054487 -0.504080 -0.052569
0.000000 0.000000 0.000000
0.000000 0.000000 0.000000
0.295676 -0.504080 0.168435
0.000000 0.000000 0.000000
0.075226 -0.504080 -0.332721
0.000000 0.000000 0.000000
0.239206 -0.504080 0.210212
0.317931 -0.441193 0.111821
0.229964 -0.365110 -0.036175
0.000000 0.000000 0.000000
0.000000 0.000000 0.000000
0.000000 0.000000 0.000000
0.000000 0.000000 0.000000
0.260141 -0.441193 0.019363
0.384291 -0.457653 0.308990
0.000000 0.000000 0.000000
0.030065 -0.504080 -0.215590
-0.103810 -0.276119 0.358741
-0.138506 -0.234152 0.625334
0.000000 0.000000 0.000000
0.000000 0.000000 0.000000
-0.140371 -0.216462 0.837478
0.229964 -0.165432 0.055021
0.000000 0.000000 0.000000
-0.027967 -0.463439 0.264475
0.000000 0.000000 0.000000
0.000000 0.000000 0.000000
0.229964 -0.264528 0.034261
0.000000 0.000000 0.000000
0.101228 -0.441193 -0.378151
0.000000 0.000000 0.000000
0.000000 0.000000 0.000000
0.000000 0.000000 0.000000
0.090291 -0.441193 0.362973
-0.024625 -0.136225 0.651304
0.232712 -0.438450 -0.033584
0.000000 0.000000 0.000000
0.000000 0.000000 0.000000
0.000000 0.000000 0.000000
0.000000 0.000000 0.000000
-0.099277 -0.268949 0.230417
0.272558 -0.441193 0.318007
-0.074919 -0.230431 0.516003
0.258470 -0.504080 0.276369
0.000000 0.000000 0.000000
0.000000 0.000000 0.000000
0.000000 0.000000 0.000000
0.000000 0.000000 0.000000
0.232794 -0.057222 0.099833
0.000000 0.000000 0.000000
0.229964 -0.286312 -0.087653
0.000000 0.000000 0.000000
0.000000 0.000000 0.000000
0.000000 0.000000 0.000000
0.000000 0.000000 0.000000
0.000000 0.000000 0.000000
0.000000 0.000000 0.000000
0.000000 0.000000 0.000000
0.000000 0.000000 0.000000
0.157800 -0.504080 0.302105
0.000000 0.000000 0.000000
0.000000 0.000000 0.000000
0.000000 0.000000 0.000000
0.286828 -0.504080 0.334961
0.000000 0.000000 0.000000
0.000000 0.000000 0.000000
0.000000 0.000000 0.000000
0.000000 0.000000 0.000000
-0.056295 -0.200980 0.522374
0.000000 0.000000 0.000000
-0.010739 -0.441193 -0.044298
0.000000 0.000000 0.000000
0.000000 0.000000 0.000000
0.147788 -0.504080 -0.234153
0.000000 0.000000 0.000000
0.000000 0.000000 0.000000
0.000000 0.000000 0.000000
0.000000 0.000000 0.000000
0.000000 0.000000 0.000000
0.000000 0.000000 0.000000
0.345175 -0.441193 0.038134
0.066080 -0.504080 0.306233
0.000000 0.000000 0.000000
0.000000 0.000000 0.000000
0.000000 0.000000 0.000000
0.000000 0.000000 0.000000
-0.067117 -0.218094 0.716282
0.000000 0.000000 0.000000
0.139872 -0.441193 0.073173
0.000000 0.000000 0.000000
0.223825 -0.504080 -0.069686
0.000000 0.000000 0.000000
-0.069987 -0.222632 0.384525
0.000000 0.000000 0.000000
0.199711 -0.504080 0.087418
0.000000 0.000000 0.000000
-0.010570 -0.504080 0.340568
0.000000 0.000000 0.000000
0.263220 -0.372190 0.038542
-0.052854 -0.118137 0.711824
0.160676 -0.441193 0.275897
0.000000 0.000000 0.000000
-0.140371 -0.266984 0.506679
0.000000 0.000000 0.000000
0.062860 -0.441193 0.076357
0.229964 -0.245067 -0.060099
0.000000 0.000000 0.000000
0.071030 -0.504080 -0.378240
0.000000 0.000000 0.000000
0.000000 0.000000 0.000000
0.000000 0.000000 0.000000
0.000000 0.000000 0.000000
0.263220 -0.393126 -0.118770
0.000000 0.000000 0.000000
0.000000 0.000000 0.000000
0.150973 -0.504080 0.241290
0.000000 0.000000 0.000000
0.000000 0.000000 0.000000
0.000000 0.000000 0.000000
0.000000 0.000000 0.000000
0.000000 0.000000 0.000000
0.321648 -0.504080 0.118494
0.035646 -0.441193 -0.215330
0.000000 0.000000 0.000000
0.000000 0.000000 0.000000
-0.027967 -0.453341 -0.155184
0.000000 0.000000 0.000000
0.000000 0.000000 0.000000
0.000000 0.000000 0.000000
0.280446 -0.441193 0.232969
0.274864 -0.441193 0.148665
-0.089030 -0.252746 0.689953
0.000000 0.000000 0.000000
0.001841 -0.441193 -0.430365
0.338889 -0.504080 0.204027
0.000000 0.000000 0.000000
0.000000 0.000000 0.000000
0.000000 0.000000 0.000000
0.000000 0.000000 0.000000
0.000000 0.000000 0.000000
0.000000 0.000000 0.000000
0.000000 0.000000 0.000000
0.000000 0.000000 0.000000
0.000000 0.000000 0.000000
0.000000 0.000000 0.000000
0.000000 0.000000 0.000000
0.285927 -0.441193 -0.087602
-0.020488 -0.144356 0.597004
0.080488 -0.441193 0.168736
0.000000 0.000000 0.000000
-0.007609 -0.050743 0.603227
0.000000 0.000000 0.000000
0.000000 0.000000 0.000000
0.000000 0.000000 0.000000
0.000000 0.000000 0.000000
0.000000 0.000000 0.000000
0.000000 0.000000 0.000000
0.000000 0.000000 0.000000
0.000000 0.000000 0.000000
0.000000 0.000000 0.000000
0.000000 0.000000 0.000000
0.186709 -0.504080 0.140648
0.336535 -0.504080 -0.037684
0.000000 0.000000 0.000000
0.000000 0.000000 0.000000
0.000000 0.000000 0.000000
0.000000 0.000000 0.000000
0.089816 -0.504080 0.130034
0.000000 0.000000 0.000000
0.000000 0.000000 0.000000
0.000000 0.000000 0.000000
-0.020997 -0.145162 0.330726
0.098233 -0.504080 0.215148
0.015948 -0.441193 -0.105521
0.000000 0.000000 0.000000
0.000000 0.000000 0.000000
0.000000 0.000000 0.000000
0.000000 0.000000 0.000000
0.000000 0.000000 0.000000
0.000000 0.000000 0.000000
0.000000 0.000000 0.000000
0.000000 0.000000 0.000000
0.000000 0.000000 0.000000
0.000000 0.000000 0.000000
0.000000 0.000000 0.000000
0.000000 0.000000 0.000000
0.032295 -0.504080 -0.010422
0.194241 -0.504080 0.376691
0.000000 0.000000 0.000000
0.000000 0.000000 0.000000
0.000000 0.000000 0.000000
0.263220 -0.314785 0.028304
0.000000 0.000000 0.000000
0.000000 0.000000 0.000000
0.000000 0.000000 0.000000
-0.027967 -0.477274 -0.242335
0.000000 0.000000 0.000000
-0.116446 -0.171260 0.767973
0.000000 0.000000 0.000000
-0.120454 -0.234152 0.524869
-0.043135 -0.180169 0.463179
0.000000 0.000000 0.000000
0.000000 0.000000 0.000000
-0.104256 -0.276823 0.619514
-0.112421 -0.184964 0.606318
0.104033 -0.504080 0.333670
0.331809 -0.504080 0.384084
0.000000 0.000000 0.000000
0.000000 0.000000 0.000000
0.082888 -0.441193 -0.027814
0.000000 0.000000 0.000000
0.000000 0.000000 0.000000
0.133037 -0.441193 -0.342442
0.000000 0.000000 0.000000
0.000000 0.000000 0.000000
0.000000 0.000000 0.000000
0.000000 0.000000 0.000000
0.000000 0.000000 0.000000
0.152971 -0.456420 0.387320
0.114201 -0.441193 0.017647
0.000000 0.000000 0.000000
-0.070616 -0.223626 0.585132
0.157586 -0.441193 0.224663
0.000000 0.000000 0.000000
0.000000 0.000000 0.000000
0.188199 -0.441193 -0.033856
0.000000 0.000000 0.000000
0.000000 0.000000 0.000000
0.367822 -0.441193 0.149573
0.000000 0.000000 0.000000
0.000000 0.000000 0.000000
0.000000 0.000000 0.000000
0.000000 0.000000 0.000000
0.000000 0.000000 0.000000
0.229964 -0.350402 0.089203
0.000000 0.000000 0.000000
0.000000 0.000000 0.000000
-0.019474 -0.441193 0.009180
0.075637 -0.441193 -0.158123
-0.007609 -0.101889 0.542785
0.000000 0.000000 0.000000
0.000000 0.000000 0.000000
0.263220 -0.211114 0.036626
0.000000 0.000000 0.000000
0.000000 0.000000 0.000000
0.000000 0.000000 0.000000
0.000000 0.000000 0.000000
0.000000 0.000000 0.000000
0.000000 0.000000 0.000000
0.112719 -0.504080 -0.078091
0.000000 0.000000 0.000000
0.000000 0.000000 0.000000
0.000000 0.000000 0.000000
0.000000 0.000000 0.000000
0.003498 -0.441193 0.096037
0.000000 0.000000 0.000000
0.000000 0.000000 0.000000
0.370522 -0.504080 0.124230
0.000000 0.000000 0.000000
0.000000 0.000000 0.000000
0.000000 0.000000 0.000000
0.000000 0.000000 0.000000
-0.139626 -0.289735 0.795158
-0.140371 -0.288573 0.446962
0.000000 0.000000 0.000000
0.000000 0.000000 0.000000
0.000000 0.000000 0.000000
0.000000 0.000000 0.000000
0.000000 0.000000 0.000000
