0.000000 0.000000 0.000000
-0.118894 0.261852 0.205777
0.000000 0.000000 0.000000
-0.439590 0.670831 0.520584
0.000000 0.000000 0.000000
0.000000 0.000000 0.000000
0.141161 0.600330 0.250405
0.000000 0.000000 0.000000
0.000000 0.000000 0.000000
0.000000 0.000000 0.000000
-0.243907 0.657960 0.250405
-0.232633 0.149966 0.152263
-0.003253 0.684701 0.530981
0.000000 0.000000 0.000000
0.000000 0.000000 0.000000
0.000000 0.000000 0.000000
0.000000 0.000000 0.000000
-0.043117 0.540638 0.152263
0.000000 0.000000 0.000000
0.000000 0.000000 0.000000
-0.385158 0.385248 0.155391
0.000000 0.000000 0.000000
0.000000 0.000000 0.000000
0.000000 0.000000 0.000000
0.000000 0.000000 0.000000
-0.228963 0.554047 0.459532
0.000000 0.000000 0.000000
-0.198734 0.721946 0.375780
0.000000 0.000000 0.000000
0.000000 0.000000 0.000000
0.000000 0.000000 0.000000
0.000000 0.000000 0.000000
-0.080178 0.467154 0.205777
0.000000 0.000000 0.000000
0.000000 0.000000 0.000000
0.000000 0.000000 0.000000
0.000000 0.000000 0.000000
0.000000 0.000000 0.000000
-0.228182 0.721946 0.451301
-0.399352 0.554047 0.333477
0.000000 0.000000 0.000000
0.000000 0.000000 0.000000
-0.172640 0.440468 0.152263
0.170928 0.714959 0.250405
-0.351684 0.200899 0.205777
0.000000 0.000000 0.000000
-0.060510 0.653332 0.250405
0.000000 0.000000 0.000000
-0.131640 -0.134220 -0.479008
0.082494 0.554047 0.430821
0.000000 0.000000 0.000000
0.000000 0.000000 0.000000
0.000000 0.000000 0.000000
-0.279218 0.615793 0.542313
-0.243835 0.584768 0.205560
0.000000 0.000000 0.000000
-0.404255 0.721946 0.343540
0.125228 0.651145 0.184819
0.000000 0.000000 0.000000
0.000000 0.000000 0.000000
0.131736 0.466940 0.152263
0.000000 0.000000 0.000000
0.000000 0.000000 0.000000
0.000000 0.000000 0.000000
0.000000 0.000000 0.000000
0.000000 0.000000 0.000000
0.000000 0.000000 0.000000
0.000000 0.000000 0.000000
0.000000 0.000000 0.000000
0.075865 0.477399 0.205777
0.125589 0.721946 0.438284
0.000000 0.000000 0.000000
0.000000 0.000000 0.000000
0.000000 0.000000 0.000000
0.000000 0.000000 0.000000
0.000000 0.000000 0.000000
-0.003740 0.721946 0.342849
0.000000 0.000000 0.000000
0.000000 0.000000 0.000000
0.000000 0.000000 0.000000
0.000000 0.000000 0.000000
0.000000 0.000000 0.000000
0.000000 0.000000 0.000000
0.000000 0.000000 0.000000
-0.073081 0.554047 0.333989
0.000000 0.000000 0.000000
-0.149596 0.652022 0.536991
0.000000 0.000000 0.000000
-0.273285 0.345187 0.205777
0.000000 0.000000 0.000000
-0.308685 0.250187 0.152263
0.000000 0.000000 0.000000
-0.376986 0.622749 0.250405
-0.029672 0.370817 0.152263
0.000000 0.000000 0.000000
0.000000 0.000000 0.000000
-0.059169 0.554047 0.487039
0.000000 0.000000 0.000000
-0.301346 0.464994 0.205777
0.000000 0.000000 0.000000
-0.229728 0.554047 0.298574
0.340401 0.721946 0.340444
-0.382351 0.554047 0.511907
0.000000 0.000000 0.000000
-0.131812 0.609935 0.152263
0.200846 0.621143 0.162085
0.000000 0.000000 0.000000
0.065995 0.642889 0.152263
0.000000 0.000000 0.000000
0.000000 0.000000 0.000000
0.000000 0.000000 0.000000
0.000000 0.000000 0.000000
-0.206679 0.686102 0.250405
-0.350738 0.055724 0.168470
0.000000 0.000000 0.000000
0.000000 0.000000 0.000000
0.000000 0.000000 0.000000
0.000000 0.000000 0.000000
0.000000 0.000000 0.000000
0.000000 0.000000 0.000000
0.000000 0.000000 0.000000
0.000000 0.000000 0.000000
-0.091129 0.721946 0.453976
-0.018281 -0.075588 -0.601165
0.000000 0.000000 0.000000
0.000000 0.000000 0.000000
0.000000 0.000000 0.000000
0.000000 0.000000 0.000000
0.000000 0.000000 0.000000
0.000000 0.000000 0.000000
0.000000 0.000000 0.000000
0.000000 0.000000 0.000000
0.000000 0.000000 0.000000
0.204896 0.721946 0.326240
0.000000 0.000000 0.000000
0.000000 0.000000 0.000000
0.000000 0.000000 0.000000
0.000000 0.000000 0.000000
0.000000 0.000000 0.000000
0.003095 0.592976 0.205777
0.000000 0.000000 0.000000
0.000000 0.000000 0.000000
0.000000 0.000000 0.000000
0.000000 0.000000 0.000000
0.000000 0.000000 0.000000
-0.338483 0.721946 0.520005
0.000000 0.000000 0.000000
0.000000 0.000000 0.000000
0.000000 0.000000 0.000000
0.000000 0.000000 0.000000
0.000000 0.000000 0.000000
0.000000 0.000000 0.000000
0.000000 0.000000 0.000000
-0.439590 0.607488 0.399289
-0.176805 -0.075588 -0.529525
0.000000 0.000000 0.000000
0.000000 0.000000 0.000000
0.000000 0.000000 0.000000
0.000000 0.000000 0.000000
0.045877 0.403778 0.205777
-0.249092 0.361633 0.152263
0.036030 0.554047 0.278660
0.000000 0.000000 0.000000
0.000000 0.000000 0.000000
0.000000 0.000000 0.000000
0.000000 0.000000 0.000000
-0.067376 0.362524 0.205777
0.000000 0.000000 0.000000
0.000000 0.000000 0.000000
0.000000 0.000000 0.000000
0.000000 0.000000 0.000000
-0.091149 0.721946 0.260809
0.000000 0.000000 0.000000
0.000000 0.000000 0.000000
0.000000 0.000000 0.000000
-0.143701 0.576560 0.250405
0.000000 0.000000 0.000000
0.219521 0.721946 0.459979
0.000000 0.000000 0.000000
0.048778 0.487562 0.152263
0.020380 0.440037 0.152263
0.113995 0.721946 0.357111
0.000000 0.000000 0.000000
0.000000 0.000000 0.000000
0.000000 0.000000 0.000000
0.000000 0.000000 0.000000
-0.298953 0.721946 0.358421
0.000000 0.000000 0.000000
-0.161829 0.529040 0.205777
0.000000 0.000000 0.000000
-0.249730 0.262990 0.205777
-0.119316 0.302971 0.152263
-0.361250 0.168364 0.152263
-0.205746 0.285816 0.152263
0.179672 0.503151 0.205777
0.000000 0.000000 0.000000
0.255637 0.660971 0.250405
0.047655 0.656746 0.250405
-0.037929 -0.080063 -0.503626
-0.311793 0.458436 0.152263
0.000000 0.000000 0.000000
-0.121609 0.721946 0.318674
0.000000 0.000000 0.000000
0.000000 0.000000 0.000000
-0.358071 0.316451 0.205777
0.000000 0.000000 0.000000
0.000000 0.000000 0.000000
0.000000 0.000000 0.000000
0.000000 0.000000 0.000000
-0.187281 0.384575 0.205777
0.000000 0.000000 0.000000
-0.007175 0.535173 0.205777
-0.332939 0.721946 0.256432
0.000000 0.000000 0.000000
0.000000 0.000000 0.000000
0.010257 0.721946 0.445078
0.031369 0.581170 0.529560
0.000000 0.000000 0.000000
-0.432202 0.554047 0.423158
0.000000 0.000000 0.000000
-0.230924 0.204273 0.205777
0.000000 0.000000 0.000000
0.000000 0.000000 0.000000
-0.048776 0.687292 0.532851
0.148207 0.534352 0.152263
0.000000 0.000000 0.000000
-0.298569 0.554047 0.483283
0.000000 0.000000 0.000000
-0.399495 0.645688 0.547251
0.000000 0.000000 0.000000
0.095403 0.632971 0.526931
-0.141638 0.554047 0.527642
0.000000 0.000000 0.000000
0.000000 0.000000 0.000000
0.000000 0.000000 0.000000
0.000000 0.000000 0.000000
-0.162984 0.632952 0.202260
-0.114031 0.554047 0.419340
-0.033251 0.626096 0.152263
0.000000 0.000000 0.000000
0.000000 0.000000 0.000000
0.000000 0.000000 0.000000
0.000000 0.000000 0.000000
0.000000 0.000000 0.000000
0.000000 0.000000 0.000000
-0.419339 0.697617 0.250405
0.000000 0.000000 0.000000
0.000000 0.000000 0.000000
0.000000 0.000000 0.000000
0.000000 0.000000 0.000000
0.000000 0.000000 0.000000
-0.086701 0.451589 0.152263
0.000000 0.000000 0.000000
0.000000 0.000000 0.000000
0.260191 0.541552 0.152263
0.000000 0.000000 0.000000
0.000000 0.000000 0.000000
0.080454 0.721946 0.525297
-0.396842 0.274619 0.152263
-0.217529 0.721946 0.521852
0.000000 0.000000 0.000000
-0.250878 0.721946 0.292992
-0.413042 0.721946 0.452981
0.000000 0.000000 0.000000
0.000000 0.000000 0.000000
0.000000 0.000000 0.000000
0.000000 0.000000 0.000000
-0.089581 0.593683 0.205777
0.000000 0.000000 0.000000
-0.294283 0.190552 0.152263
0.000000 0.000000 0.000000
0.000000 0.000000 0.000000
0.278234 0.721946 0.287318
0.000000 0.000000 0.000000
0.000000 0.000000 0.000000
0.000000 0.000000 0.000000
0.000000 0.000000 0.000000
-0.332722 0.554047 0.268660
-0.163363 0.625428 0.250405
0.000000 0.000000 0.000000
0.000000 0.000000 0.000000
0.000000 0.000000 0.000000
-0.043134 0.554047 0.272835
0.000000 0.000000 0.000000
0.000000 0.000000 0.000000
-0.197821 0.541041 0.152263
-0.290622 0.554047 0.292713
0.106767 0.565845 0.205777
-0.220851 0.595163 0.539917
0.083571 0.598410 0.250405
0.000000 0.000000 0.000000
-0.439590 0.617444 0.291871
0.000000 0.000000 0.000000
0.000000 0.000000 0.000000
0.000000 0.000000 0.000000
0.000000 0.000000 0.000000
0.000000 0.000000 0.000000
0.000000 0.000000 0.000000
0.104034 0.721946 0.269042
0.184162 0.718195 0.523286
0.009197 0.554047 0.379649
0.000000 0.000000 0.000000
0.000000 0.000000 0.000000
0.000000 0.000000 0.000000
-0.326564 0.642713 0.250405
0.000000 0.000000 0.000000
-0.225861 0.579519 0.152263
0.000000 0.000000 0.000000
0.000000 0.000000 0.000000
0.000000 0.000000 0.000000
0.350998 0.707042 0.250405
0.000000 0.000000 0.000000
-0.099046 -0.075588 -0.567204
-0.082161 0.606795 0.534222
0.000000 0.000000 0.000000
-0.260736 0.554047 0.375345
0.000000 0.000000 0.000000
0.000000 0.000000 0.000000
-0.344493 0.721946 0.433273
-0.302066 0.532539 0.172696
0.000000 0.000000 0.000000
0.000000 0.000000 0.000000
-0.120455 0.520338 0.152263
0.000000 0.000000 0.000000
0.000000 0.000000 0.000000
0.000000 0.000000 0.000000
0.000000 0.000000 0.000000
0.000000 0.000000 0.000000
0.000000 0.000000 0.000000
0.000000 0.000000 0.000000
0.000000 0.000000 0.000000
-0.006356 0.671465 0.166772
0.000000 0.000000 0.000000
-0.030751 0.554047 0.402868
0.000000 0.000000 0.000000
0.000000 0.000000 0.000000
0.000000 0.000000 0.000000
0.000000 0.000000 0.000000
0.000000 0.000000 0.000000
0.000000 0.000000 0.000000
0.000000 0.000000 0.000000
0.000000 0.000000 0.000000
-0.271962 0.418751 0.205777
0.000000 0.000000 0.000000
0.000000 0.000000 0.000000
-0.124669 -0.075588 -0.508688
0.223620 0.584836 0.205777
0.000000 0.000000 0.000000
-0.156819 0.554047 0.334147
0.000000 0.000000 0.000000
0.000000 0.000000 0.000000
0.000000 0.000000 0.000000
0.252651 0.721946 0.366681
0.000000 0.000000 0.000000
0.000000 0.000000 0.000000
-0.349719 0.554047 0.393224
0.000000 0.000000 0.000000
0.000000 0.000000 0.000000
0.000000 0.000000 0.000000
0.000000 0.000000 0.000000
0.017130 0.554047 0.449686
0.000000 0.000000 0.000000
-0.393388 0.721946 0.527894
0.000000 0.000000 0.000000
0.000000 0.000000 0.000000
0.000000 0.000000 0.000000
0.000000 0.000000 0.000000
0.000000 0.000000 0.000000
0.000000 0.000000 0.000000
0.000000 0.000000 0.000000
0.000000 0.000000 0.000000
-0.386213 0.360653 0.205777
0.000000 0.000000 0.000000
0.000000 0.000000 0.000000
0.000000 0.000000 0.000000
0.000000 0.000000 0.000000
0.042420 0.563486 0.152263
0.000000 0.000000 0.000000
0.000000 0.000000 0.000000
0.000000 0.000000 0.000000
-0.231786 0.503577 0.205777
0.000000 0.000000 0.000000
-0.342262 0.114078 0.205777
0.000000 0.000000 0.000000
0.000000 0.000000 0.000000
0.000000 0.000000 0.000000
0.000000 0.000000 0.000000
0.000000 0.000000 0.000000
-0.439590 0.586767 0.527576
0.000000 0.000000 0.000000
0.000000 0.000000 0.000000
-0.154150 0.369660 0.152263
-0.434249 0.564250 0.250405
0.014623 0.721860 0.250405
0.000000 0.000000 0.000000
-0.301314 0.333920 0.152263
0.000000 0.000000 0.000000
-0.073708 0.721946 0.373785
0.000000 0.000000 0.000000
-0.439590 0.680253 0.398948
0.107122 0.554047 0.305372
-0.302402 0.098306 0.152263
-0.193346 -0.075588 -0.469422
-0.121783 0.706414 0.535848
-0.341684 0.433894 0.205777
0.000000 0.000000 0.000000
0.000000 0.000000 0.000000
0.000000 0.000000 0.000000
-0.137592 0.449247 0.205777
-0.336160 0.564265 0.544651
0.000000 0.000000 0.000000
0.000000 0.000000 0.000000
0.000000 0.000000 0.000000
0.000000 0.000000 0.000000
0.000000 0.000000 0.000000
-0.243400 0.431651 0.152263
0.000000 0.000000 0.000000
0.012227 0.469593 0.205777
0.000000 0.000000 0.000000
0.000000 0.000000 0.000000
0.000000 0.000000 0.000000
-0.211254 0.554047 0.383746
0.206062 0.585302 0.250405
0.000000 0.000000 0.000000
0.000000 0.000000 0.000000
0.000000 0.000000 0.000000
0.000000 0.000000 0.000000
0.000000 0.000000 0.000000
-0.160911 0.721946 0.481225
0.000000 0.000000 0.000000
-0.439590 0.675349 0.320224
0.000000 0.000000 0.000000
0.000000 0.000000 0.000000
0.000000 0.000000 0.000000
0.000000 0.000000 0.000000
0.169194 0.653775 0.250405
-0.189169 0.223079 0.152263
0.000000 0.000000 0.000000
0.000000 0.000000 0.000000
-0.142515 0.328726 0.205777
0.061823 0.542160 0.205777
-0.072446 0.661756 0.181046
0.000000 0.000000 0.000000
0.000000 0.000000 0.000000
0.079066 0.403310 0.152263
0.000000 0.000000 0.000000
0.000000 0.000000 0.000000
-0.175730 -0.106413 -0.564663
0.000000 0.000000 0.000000
0.060252 0.626427 0.205777
0.000000 0.000000 0.000000
-0.235528 0.639612 0.540519
-0.136131 0.721946 0.401203
0.000000 0.000000 0.000000
-0.182745 0.721946 0.289790
0.000000 0.000000 0.000000
0.000000 0.000000 0.000000
0.000000 0.000000 0.000000
0.000000 0.000000 0.000000
-0.402775 0.228044 0.188006
-0.066823 -0.120252 -0.597682
0.000000 0.000000 0.000000
-0.332254 0.721946 0.302854
0.000000 0.000000 0.000000
-0.439590 0.654732 0.461898
-0.191126 0.249694 0.205777
0.000000 0.000000 0.000000
0.000000 0.000000 0.000000
-0.232914 0.322121 0.205777
0.000000 0.000000 0.000000
0.000000 0.000000 0.000000
0.000000 0.000000 0.000000
0.000000 0.000000 0.000000
0.000000 0.000000 0.000000
0.000000 0.000000 0.000000
-0.271942 0.585823 0.250405
0.000000 0.000000 0.000000
0.000000 0.000000 0.000000
0.000000 0.000000 0.000000
-0.328360 0.374289 0.205777
0.000000 0.000000 0.000000
-0.016860 0.564097 0.531540
0.097355 0.554047 0.351854
0.000000 0.000000 0.000000
-0.179775 0.721946 0.417343
0.000000 0.000000 0.000000
0.000000 0.000000 0.000000
0.000000 0.000000 0.000000
0.000000 0.000000 0.000000
0.000000 0.000000 0.000000
-0.235203 0.459463 0.205777
0.000000 0.000000 0.000000
0.000000 0.000000 0.000000
0.000000 0.000000 0.000000
0.000000 0.000000 0.000000
0.000000 0.000000 0.000000
0.000000 0.000000 0.000000
0.000000 0.000000 0.000000
0.000000 0.000000 0.000000
0.000000 0.000000 0.000000
0.097188 0.599651 0.152263
-0.030471 0.721946 0.288068
0.000000 0.000000 0.000000
-0.155006 -0.075731 -0.466140
-0.439590 0.591841 0.350877
-0.230782 0.603033 0.250405
0.000000 0.000000 0.000000
-0.005306 0.622927 0.250405
0.000000 0.000000 0.000000
0.000000 0.000000 0.000000
-0.305557 0.667307 0.543394
0.000000 0.000000 0.000000
0.000000 0.000000 0.000000
0.000000 0.000000 0.000000
0.000000 0.000000 0.000000
0.000000 0.000000 0.000000
0.000000 0.000000 0.000000
0.000000 0.000000 0.000000
0.000000 0.000000 0.000000
-0.158951 0.554047 0.464474
-0.224736 0.488268 0.152263
0.000000 0.000000 0.000000
0.000000 0.000000 0.000000
0.000000 0.000000 0.000000
0.065901 0.721946 0.459363
0.000000 0.000000 0.000000
-0.112281 0.667070 0.250405
0.000000 0.000000 0.000000
0.000000 0.000000 0.000000
0.000000 0.000000 0.000000
-0.033105 0.721946 0.417760
0.000000 0.000000 0.000000
0.170145 0.721946 0.381092
0.000000 0.000000 0.000000
0.000000 0.000000 0.000000
0.202394 0.564930 0.152263
-0.292163 0.721946 0.462434
-0.261880 0.554047 0.509549
0.000000 0.000000 0.000000
0.000000 0.000000 0.000000
0.000000 0.000000 0.000000
0.000000 0.000000 0.000000
0.000000 0.000000 0.000000
0.000000 0.000000 0.000000
0.000000 0.000000 0.000000
0.000000 0.000000 0.000000
0.000000 0.000000 0.000000
0.000000 0.000000 0.000000
-0.352801 0.263934 0.205777
0.000000 0.000000 0.000000
0.000000 0.000000 0.000000
0.000000 0.000000 0.000000
0.000000 0.000000 0.000000
0.000000 0.000000 0.000000
0.000000 0.000000 0.000000
-0.085115 0.571392 0.152263
0.000000 0.000000 0.000000
0.236992 0.721946 0.406414
0.000000 0.000000 0.000000
-0.090153 0.363374 0.152263
0.232785 0.712006 0.250405
0.059894 0.721946 0.330453
-0.002293 0.493403 0.152263
0.000000 0.000000 0.000000
0.000000 0.000000 0.000000
0.000000 0.000000 0.000000
0.000000 0.000000 0.000000
-0.292340 0.168936 0.205777
0.000000 0.000000 0.000000
0.000000 0.000000 0.000000
-0.385461 0.598905 0.546675
0.000000 0.000000 0.000000
0.000000 0.000000 0.000000
0.000000 0.000000 0.000000
0.117026 0.668608 0.250405
-0.439590 0.579553 0.485012
0.000000 0.000000 0.000000
-0.093810 0.544766 0.205777
0.000000 0.000000 0.000000
-0.110702 0.554047 0.288896
0.000000 0.000000 0.000000
0.000000 0.000000 0.000000
0.000000 0.000000 0.000000
0.000000 0.000000 0.000000
0.000000 0.000000 0.000000
0.084101 0.515201 0.152263
0.026647 0.639469 0.529754
0.134006 0.721946 0.303676
-0.328191 0.497414 0.177336
-0.040816 0.721946 0.471425
0.000000 0.000000 0.000000
-0.287151 0.683383 0.250405
-0.154211 0.707137 0.250405
0.000000 0.000000 0.000000
0.000000 0.000000 0.000000
0.000000 0.000000 0.000000
0.000000 0.000000 0.000000
0.000000 0.000000 0.000000
0.000000 0.000000 0.000000
0.000000 0.000000 0.000000
0.000000 0.000000 0.000000
0.000000 0.000000 0.000000
-0.365759 0.244047 0.152263
-0.032586 0.438430 0.205777
-0.170943 0.554047 0.280308
0.000000 0.000000 0.000000
-0.059466 0.589955 0.250405
0.134466 0.675124 0.525327
0.000000 0.000000 0.000000
0.000000 0.000000 0.000000
0.000000 0.000000 0.000000
-0.328182 0.410508 0.152263
-0.340428 0.297255 0.152263
-0.428217 0.721946 0.289703
-0.393982 0.168201 0.193625
-0.439590 0.646607 0.355567
-0.244538 0.228038 0.152263
0.000000 0.000000 0.000000
-0.003569 0.721946 0.506676
0.000000 0.000000 0.000000
-0.001759 0.554047 0.320500
0.000000 0.000000 0.000000
0.000000 0.000000 0.000000
0.000000 0.000000 0.000000
-0.147535 0.580114 0.205777
0.000000 0.000000 0.000000
0.000000 0.000000 0.000000
0.132898 0.554047 0.271758
-0.032746 0.637202 0.532193
-0.194045 0.554047 0.531415
0.000000 0.000000 0.000000
-0.326106 0.366795 0.152263
0.000000 0.000000 0.000000
0.000000 0.000000 0.000000
0.000000 0.000000 0.000000
0.000000 0.000000 0.000000
0.000000 0.000000 0.000000
0.000000 0.000000 0.000000
0.000000 0.000000 0.000000
0.000000 0.000000 0.000000
0.000000 0.000000 0.000000
-0.408538 0.721946 0.391762
0.079185 0.721946 0.406253
0.000000 0.000000 0.000000
-0.361916 0.554047 0.481722
-0.181525 0.480674 0.205777
0.000000 0.000000 0.000000
0.000000 0.000000 0.000000
0.000000 0.000000 0.000000
0.000000 0.000000 0.000000
0.000000 0.000000 0.000000
0.000000 0.000000 0.000000
-0.399819 0.554047 0.383622
-0.149498 0.257893 0.152263
-0.308234 0.236887 0.205777
0.000000 0.000000 0.000000
0.000000 0.000000 0.000000
-0.189379 0.619188 0.152263
0.000000 0.000000 0.000000
0.126628 0.513604 0.205777
0.000000 0.000000 0.000000
0.000000 0.000000 0.000000
0.000000 0.000000 0.000000
-0.046817 0.420433 0.152263
0.000000 0.000000 0.000000
-0.354333 0.114972 0.152263
-0.035108 0.641294 0.205777
0.000000 0.000000 0.000000
0.000000 0.000000 0.000000
-0.274960 0.554047 0.438125
0.000000 0.000000 0.000000
0.000000 0.000000 0.000000
-0.249503 0.721946 0.366184
-0.346861 0.554047 0.336095
-0.376456 0.567981 0.250405
0.000000 0.000000 0.000000
0.000000 0.000000 0.000000
0.000000 0.000000 0.000000
0.000000 0.000000 0.000000
0.054579 0.554047 0.340747
-0.123447 0.408802 0.152263
0.000000 0.000000 0.000000
0.000000 0.000000 0.000000
-0.093521 0.554047 0.525684
-0.067537 0.293811 0.152263
0.000000 0.000000 0.000000
0.000000 0.000000 0.000000
0.000000 0.000000 0.000000
0.070443 0.677527 0.527956
0.000000 0.000000 0.000000
0.000000 0.000000 0.000000
0.000000 0.000000 0.000000
0.000000 0.000000 0.000000
0.000000 0.000000 0.000000
0.000000 0.000000 0.000000
0.000000 0.000000 0.000000
0.000000 0.000000 0.000000
0.000000 0.000000 0.000000
-0.286244 0.721946 0.520786
0.000000 0.000000 0.000000
0.000000 0.000000 0.000000
0.000000 0.000000 0.000000
0.000000 0.000000 0.000000
-0.335338 0.630959 0.544617
0.000000 0.000000 0.000000
0.000000 0.000000 0.000000
-0.382921 0.554047 0.437463
0.000000 0.000000 0.000000
0.000000 0.000000 0.000000
0.000000 0.000000 0.000000
-0.080867 0.721946 0.520834
-0.175175 0.713332 0.538041
0.000000 0.000000 0.000000
0.000000 0.000000 0.000000
-0.155189 0.556276 0.152263
0.000000 0.000000 0.000000
0.000000 0.000000 0.000000
