-0.108971 -0.474391 -0.129153
0.000000 0.000000 0.000000
0.000000 0.000000 0.000000
0.000000 0.000000 0.000000
-0.140812 -0.146244 0.094507
0.000000 0.000000 0.000000
0.000000 0.000000 0.000000
0.000000 0.000000 0.000000
-0.082123 -0.473672 0.149134
-0.044131 -0.658041 -0.019527
0.000000 0.000000 0.000000
0.000000 0.000000 0.000000
0.000000 0.000000 0.000000
-0.134575 -0.203646 -0.137226
0.000000 0.000000 0.000000
0.000000 0.000000 0.000000
0.000000 0.000000 0.000000
0.000000 0.000000 0.000000
-0.191917 -0.330299 0.006845
0.000000 0.000000 0.000000
0.000000 0.000000 0.000000
-0.190727 -0.608923 0.015885
0.000000 0.000000 0.000000
-0.024559 -0.667595 -0.185264
-0.032702 -0.664636 0.186003
0.000000 0.000000 0.000000
0.000000 0.000000 0.000000
0.000000 0.000000 0.000000
0.119791 -0.667689 -0.065180
0.000000 0.000000 0.000000
0.035391 -0.623594 0.035712
-0.159964 -0.087411 -0.055461
0.048989 -0.512636 -0.185707
0.000000 0.000000 0.000000
0.000000 0.000000 0.000000
0.000000 0.000000 0.000000
0.001650 -0.242705 -0.191940
-0.191180 -0.449280 -0.011883
-0.155060 -0.647821 -0.111511
0.000000 0.000000 0.000000
0.000000 0.000000 0.000000
0.000000 0.000000 0.000000
0.000000 0.000000 0.000000
0.000000 0.000000 0.000000
0.000000 0.000000 0.000000
0.000000 0.000000 0.000000
-0.008596 -0.412340 -0.191106
-0.131539 -0.323748 -0.139557
0.000000 0.000000 0.000000
-0.112411 -0.347515 0.127068
0.000000 0.000000 0.000000
-0.122496 -0.689639 0.097740
0.000000 0.000000 0.000000
0.000000 0.000000 0.000000
0.000000 0.000000 0.000000
-0.140749 0.085451 -0.130161
0.000000 0.000000 0.000000
0.000000 0.000000 0.000000
-0.192772 -0.183650 0.000209
0.000000 0.000000 0.000000
-0.172349 -0.260461 0.083586
0.000000 0.000000 0.000000
-0.131075 0.021026 -0.139912
0.076872 -0.626783 -0.174304
0.000000 0.000000 0.000000
0.000000 0.000000 0.000000
0.007076 -0.565487 0.191780
-0.168572 -0.657498 0.005691
0.000000 0.000000 0.000000
-0.123672 -0.583934 0.146149
0.000000 0.000000 0.000000
0.000000 0.000000 0.000000
0.000000 0.000000 0.000000
0.000000 0.000000 0.000000
0.000000 0.000000 0.000000
-0.153782 -0.507835 0.070941
0.000000 0.000000 0.000000
0.009080 -0.680642 -0.077613
0.000000 0.000000 0.000000
-0.060005 -0.546216 -0.181545
0.000000 0.000000 0.000000
-0.158418 -0.542173 -0.059192
0.000000 0.000000 0.000000
0.043057 -0.689872 0.136437
0.000000 0.000000 0.000000
0.000000 0.000000 0.000000
0.120791 -0.667689 0.026370
0.000000 0.000000 0.000000
-0.021666 -0.449514 0.189940
0.000000 0.000000 0.000000
0.000000 0.000000 0.000000
0.000000 0.000000 0.000000
-0.006810 -0.588598 -0.035265
0.000000 0.000000 0.000000
0.000000 0.000000 0.000000
0.000000 0.000000 0.000000
-0.156597 -0.412582 0.064144
-0.045569 -0.689872 -0.111095
-0.124837 -0.090958 -0.144699
0.067139 -0.450922 -0.154531
0.000000 0.000000 0.000000
0.000000 0.000000 0.000000
-0.129226 -0.410309 -0.109052
0.000000 0.000000 0.000000
0.000000 0.000000 0.000000
0.142658 -0.666312 -0.121814
0.000000 0.000000 0.000000
-0.153990 -0.390961 -0.069884
-0.155328 -0.264463 -0.111161
0.000000 0.000000 0.000000
0.000000 0.000000 0.000000
0.027685 -0.337569 -0.188512
-0.180255 -0.278369 -0.063943
-0.038195 -0.179798 -0.165026
0.000000 0.000000 0.000000
-0.034955 -0.630746 0.042132
-0.170875 -0.154007 -0.086588
0.000000 0.000000 0.000000
0.000000 0.000000 0.000000
-0.047506 -0.308761 -0.185983
0.000000 0.000000 0.000000
-0.056478 -0.521798 0.159756
0.000000 0.000000 0.000000
0.000000 0.000000 0.000000
0.000000 0.000000 0.000000
0.000000 0.000000 0.000000
-0.169988 -0.604103 0.089286
-0.119703 -0.594533 -0.148639
-0.093617 -0.689872 0.048814
0.000000 0.000000 0.000000
-0.050831 -0.348835 0.185900
0.000000 0.000000 0.000000
0.000000 0.000000 0.000000
-0.090299 -0.267169 0.144036
0.000000 0.000000 0.000000
0.000000 0.000000 0.000000
0.000000 0.000000 0.000000
0.053087 -0.689872 -0.118566
-0.165893 -0.278507 0.036018
0.000000 0.000000 0.000000
-0.129630 -0.689872 -0.079300
-0.105239 -0.654029 -0.159528
0.000000 0.000000 0.000000
0.000000 0.000000 0.000000
-0.044328 -0.483411 -0.186401
-0.100302 -0.656004 0.163710
0.000000 0.000000 0.000000
0.107351 -0.649133 0.158203
0.007256 -0.614340 -0.191202
-0.071101 -0.396813 -0.153144
-0.036686 -0.689871 0.098737
0.004027 -0.656740 -0.046471
0.000000 0.000000 0.000000
0.000000 0.000000 0.000000
-0.139195 -0.222782 0.132741
0.065705 -0.678781 -0.036111
-0.031190 -0.603238 0.028430
0.000000 0.000000 0.000000
0.000000 0.000000 0.000000
0.000000 0.000000 0.000000
0.000000 0.000000 0.000000
0.100801 -0.557740 -0.162674
-0.088069 -0.270534 -0.145192
-0.175216 -0.352560 0.076664
0.000000 0.000000 0.000000
0.000000 0.000000 0.000000
0.000000 0.000000 0.000000
0.000000 0.000000 0.000000
-0.067605 -0.419426 0.178952
0.000000 0.000000 0.000000
0.000000 0.000000 0.000000
0.000000 0.000000 0.000000
0.000000 0.000000 0.000000
0.000000 0.000000 0.000000
0.000000 0.000000 0.000000
0.000000 0.000000 0.000000
0.000000 0.000000 0.000000
0.000000 0.000000 0.000000
-0.126106 -0.667689 -0.011553
0.000000 0.000000 0.000000
0.000000 0.000000 0.000000
0.059206 -0.684357 0.063574
-0.116702 -0.165145 0.123776
0.000000 0.000000 0.000000
-0.170471 -0.478566 -0.087564
0.029278 -0.422366 -0.166119
-0.170424 -0.027400 -0.087676
0.021468 -0.636612 0.189885
-0.111324 -0.419881 0.127902
0.000000 0.000000 0.000000
-0.136983 -0.537065 0.135626
0.000000 0.000000 0.000000
0.000000 0.000000 0.000000
0.000000 0.000000 0.000000
0.000000 0.000000 0.000000
-0.192710 -0.529152 -0.000268
0.000000 0.000000 0.000000
0.000000 0.000000 0.000000
0.000000 0.000000 0.000000
0.000000 0.000000 0.000000
0.000000 0.000000 0.000000
0.000000 0.000000 0.000000
-0.051190 -0.608452 0.161946
0.000000 0.000000 0.000000
-0.186451 -0.613356 -0.047802
0.000000 0.000000 0.000000
0.000000 0.000000 0.000000
0.000000 0.000000 0.000000
0.000000 0.000000 0.000000
0.009772 -0.567442 -0.005395
0.000000 0.000000 0.000000
0.000000 0.000000 0.000000
-0.160732 -0.165425 0.054162
-0.162275 0.047892 -0.102108
-0.185683 -0.241809 0.051396
0.000000 0.000000 0.000000
0.000000 0.000000 0.000000
-0.091791 -0.467394 -0.168379
0.000000 0.000000 0.000000
-0.141786 -0.483263 0.093239
0.000000 0.000000 0.000000
0.038148 -0.572096 -0.164952
-0.162664 -0.250218 -0.048944
0.000000 0.000000 0.000000
-0.068148 -0.634518 -0.178171
0.000000 0.000000 0.000000
0.000000 0.000000 0.000000
0.000000 0.000000 0.000000
0.000000 0.000000 0.000000
0.000000 0.000000 0.000000
-0.175239 -0.329385 -0.076053
0.000000 0.000000 0.000000
-0.167540 -0.034844 -0.022947
0.000000 0.000000 0.000000
-0.093984 -0.140375 -0.167470
0.000000 0.000000 0.000000
0.000000 0.000000 0.000000
-0.183161 -0.657605 0.055945
-0.051217 -0.251269 -0.161380
-0.153579 -0.543710 -0.113441
0.000000 0.000000 0.000000
0.000000 0.000000 0.000000
0.000000 0.000000 0.000000
0.000000 0.000000 0.000000
0.000000 0.000000 0.000000
0.000000 0.000000 0.000000
-0.167215 -0.366411 -0.095422
-0.150218 -0.305038 0.118378
0.000000 0.000000 0.000000
-0.192261 -0.229266 0.004229
0.000000 0.000000 0.000000
0.000000 0.000000 0.000000
0.086178 -0.679251 0.157960
0.000000 0.000000 0.000000
0.000000 0.000000 0.000000
0.002614 -0.512835 0.192368
0.000000 0.000000 0.000000
0.000000 0.000000 0.000000
0.000000 0.000000 0.000000
0.000000 0.000000 0.000000
-0.127386 -0.639481 0.143298
0.004577 -0.667689 0.128716
0.000000 0.000000 0.000000
0.003555 -0.668806 0.060315
-0.174593 -0.560016 0.078169
0.000000 0.000000 0.000000
0.000000 0.000000 0.000000
0.000000 0.000000 0.000000
0.095132 -0.667689 0.097002
-0.192155 -0.366875 -0.004483
0.000000 0.000000 0.000000
-0.136937 -0.115248 -0.099003
0.000000 0.000000 0.000000
0.000000 0.000000 0.000000
-0.041836 -0.131221 -0.186730
-0.166533 -0.575732 0.031157
0.001865 -0.667689 -0.123837
0.000000 0.000000 0.000000
-0.115695 -0.393151 -0.151714
0.066862 -0.374833 -0.178451
0.000000 0.000000 0.000000
-0.186423 -0.442130 0.048566
0.000000 0.000000 0.000000
-0.171682 -0.440327 -0.084640
0.000000 0.000000 0.000000
-0.069315 -0.667689 0.112824
0.050531 -0.638629 -0.032624
0.151878 -0.689737 -0.029655
0.000000 0.000000 0.000000
0.000000 0.000000 0.000000
0.000000 0.000000 0.000000
0.000000 0.000000 0.000000
0.000000 0.000000 0.000000
0.000000 0.000000 0.000000
0.000000 0.000000 0.000000
0.000000 0.000000 0.000000
0.000000 0.000000 0.000000
0.000000 0.000000 0.000000
0.000000 0.000000 0.000000
0.000000 0.000000 0.000000
-0.009750 -0.548969 -0.190955
0.000000 0.000000 0.000000
0.000000 0.000000 0.000000
-0.086171 -0.666781 -0.056769
0.000000 0.000000 0.000000
0.000000 0.000000 0.000000
0.000000 0.000000 0.000000
-0.066754 -0.548714 0.155499
-0.164916 -0.138732 0.043438
0.000000 0.000000 0.000000
0.000000 0.000000 0.000000
0.112242 -0.626556 -0.153894
0.000000 0.000000 0.000000
0.000000 0.000000 0.000000
-0.145107 -0.499487 0.125037
0.038492 -0.610065 0.165462
0.058087 -0.668735 0.015931
0.000000 0.000000 0.000000
0.000000 0.000000 0.000000
-0.166138 -0.177647 -0.033602
-0.122497 -0.509816 -0.146495
-0.089048 -0.388015 0.144995
0.000000 0.000000 0.000000
0.000000 0.000000 0.000000
0.000000 0.000000 0.000000
0.000000 0.000000 0.000000
0.000000 0.000000 0.000000
-0.092571 -0.026478 -0.141737
0.000000 0.000000 0.000000
0.001220 -0.293022 -0.169812
0.000000 0.000000 0.000000
0.000000 0.000000 0.000000
-0.139975 -0.584523 -0.095044
-0.166654 -0.395384 0.096958
0.000000 0.000000 0.000000
0.000000 0.000000 0.000000
0.000000 0.000000 0.000000
-0.165329 -0.119200 -0.039750
-0.027847 -0.597193 -0.166389
0.000000 0.000000 0.000000
0.000000 0.000000 0.000000
-0.034814 -0.667531 -0.150944
-0.147677 -0.206626 -0.085006
-0.088535 -0.228206 -0.169727
0.000000 0.000000 0.000000
-0.187931 -0.399127 -0.036563
-0.088519 -0.178048 -0.144847
0.000000 0.000000 0.000000
0.000000 0.000000 0.000000
-0.059010 -0.290640 0.182512
0.000000 0.000000 0.000000
0.000000 0.000000 0.000000
0.000000 0.000000 0.000000
-0.188209 -0.495648 0.035004
0.000000 0.000000 0.000000
0.000000 0.000000 0.000000
0.000000 0.000000 0.000000
0.000000 0.000000 0.000000
-0.149034 -0.296350 0.082403
0.000000 0.000000 0.000000
-0.184063 -0.482817 -0.054753
-0.176580 -0.671090 -0.058390
0.081675 -0.661806 -0.170680
0.000000 0.000000 0.000000
0.000000 0.000000 0.000000
0.000000 0.000000 0.000000
-0.187793 -0.572461 -0.037608
0.000000 0.000000 0.000000
0.000000 0.000000 0.000000
-0.093421 -0.552384 -0.141085
-0.085847 -0.354366 -0.170841
0.002932 -0.689871 0.152085
0.000000 0.000000 0.000000
0.000000 0.000000 0.000000
-0.156098 0.020889 -0.064794
0.000000 0.000000 0.000000
0.000000 0.000000 0.000000
-0.023931 -0.337345 -0.189087
0.000000 0.000000 0.000000
0.000000 0.000000 0.000000
0.000000 0.000000 0.000000
0.000000 0.000000 0.000000
0.000000 0.000000 0.000000
-0.017177 -0.606432 0.190531
0.000000 0.000000 0.000000
0.000000 0.000000 0.000000
-0.138768 -0.667689 0.059720
-0.042520 -0.441126 -0.164457
0.017006 -0.471858 -0.189918
0.000000 0.000000 0.000000
0.000000 0.000000 0.000000
-0.038659 -0.680389 -0.068227
0.000000 0.000000 0.000000
-0.037278 -0.393548 0.165702
0.000000 0.000000 0.000000
0.019263 -0.664392 -0.160710
-0.170458 -0.288934 -0.000779
-0.088820 -0.316390 0.145170
0.000000 0.000000 0.000000
-0.146167 -0.257987 0.123656
-0.139673 -0.640218 0.095992
0.103115 -0.590889 -0.133177
0.000000 0.000000 0.000000
0.000000 0.000000 0.000000
0.000000 0.000000 0.000000
0.000000 0.000000 0.000000
0.000000 0.000000 0.000000
-0.075210 -0.656003 0.028673
-0.026871 -0.620207 -0.040064
-0.169081 -0.490462 -0.011245
0.000000 0.000000 0.000000
-0.087468 -0.686047 -0.145745
0.000000 0.000000 0.000000
-0.016766 -0.209123 -0.167847
0.000000 0.000000 0.000000
0.000000 0.000000 0.000000
-0.129041 -0.233700 -0.109294
-0.008812 -0.508213 -0.168894
0.000000 0.000000 0.000000
-0.068304 -0.511888 -0.154303
-0.168688 -0.407884 0.014785
0.000000 0.000000 0.000000
-0.096571 -0.514142 0.139223
0.081248 -0.689872 -0.072270
0.000000 0.000000 0.000000
0.000000 0.000000 0.000000
0.000000 0.000000 0.000000
0.000000 0.000000 0.000000
0.000000 0.000000 0.000000
0.023923 -0.587943 0.026845
0.000000 0.000000 0.000000
0.000000 0.000000 0.000000
0.000000 0.000000 0.000000
0.000000 0.000000 0.000000
0.000000 0.000000 0.000000
0.048364 -0.540038 0.162863
-0.042709 -0.489155 0.187169
0.077650 -0.508914 -0.150177
0.000000 0.000000 0.000000
0.000000 0.000000 0.000000
0.000000 0.000000 0.000000
0.000000 0.000000 0.000000
0.000000 0.000000 0.000000
0.000000 0.000000 0.000000
-0.129377 -0.610384 0.109410
-0.132315 -0.309594 -0.105028
0.000000 0.000000 0.000000
-0.104518 -0.349639 -0.132571
0.000000 0.000000 0.000000
-0.162077 -0.609444 0.050917
0.000000 0.000000 0.000000
0.000000 0.000000 0.000000
0.000000 0.000000 0.000000
0.000000 0.000000 0.000000
-0.129581 -0.141302 -0.141058
0.000000 0.000000 0.000000
0.000000 0.000000 0.000000
-0.112663 -0.468063 0.126875
-0.165935 -0.324083 -0.035145
-0.095462 -0.452673 0.167413
-0.018887 -0.377665 -0.167568
0.000000 0.000000 0.000000
-0.139785 -0.023634 -0.131418
0.000000 0.000000 0.000000
0.000000 0.000000 0.000000
-0.140767 -0.053719 -0.094012
-0.141849 -0.465654 -0.128728
0.000000 0.000000 0.000000
-0.186394 -0.224549 -0.048237
0.000000 0.000000 0.000000
0.000000 0.000000 0.000000
0.000000 0.000000 0.000000
0.000000 0.000000 0.000000
-0.113281 -0.689871 -0.044129
0.038707 -0.654528 -0.186859
0.000000 0.000000 0.000000
0.000000 0.000000 0.000000
0.091328 -0.667689 -0.107968
-0.062095 -0.600280 -0.156875
0.000000 0.000000 0.000000
-0.153629 -0.509758 -0.070754
0.000000 0.000000 0.000000
0.000000 0.000000 0.000000
0.000000 0.000000 0.000000
0.000000 0.000000 0.000000
0.000000 0.000000 0.000000
0.077011 -0.689872 0.115946
0.000000 0.000000 0.000000
-0.135274 -0.430854 0.101726
-0.140008 -0.551260 0.095557
0.000000 0.000000 0.000000
-0.088241 -0.667689 -0.104209
0.000000 0.000000 0.000000
-0.142169 -0.373809 0.128867
0.000000 0.000000 0.000000
-0.164897 -0.537397 0.043586
0.000000 0.000000 0.000000
0.000000 0.000000 0.000000
-0.064220 -0.665281 0.075105
0.095664 -0.689871 0.052161
-0.048979 -0.622792 -0.008818
0.000000 0.000000 0.000000
-0.153927 -0.624270 -0.070036
0.000000 0.000000 0.000000
0.000000 0.000000 0.000000
0.000000 0.000000 0.000000
0.000000 0.000000 0.000000
0.000000 0.000000 0.000000
0.000000 0.000000 0.000000
0.000000 0.000000 0.000000
0.000000 0.000000 0.000000
0.000000 0.000000 0.000000
0.000000 0.000000 0.000000
0.034464 -0.688238 0.091084
-0.118969 -0.655818 -0.120564
0.000000 0.000000 0.000000
0.000000 0.000000 0.000000
-0.081118 -0.360539 0.173354
0.000000 0.000000 0.000000
0.000000 0.000000 0.000000
0.000000 0.000000 0.000000
0.000000 0.000000 0.000000
0.101939 -0.667017 -0.016807
-0.090560 -0.687546 0.139440
0.000000 0.000000 0.000000
-0.164922 -0.371532 0.043396
0.000000 0.000000 0.000000
-0.079145 -0.318627 -0.149812
-0.166296 -0.368133 -0.032397
0.000000 0.000000 0.000000
0.000000 0.000000 0.000000
0.000000 0.000000 0.000000
-0.087540 -0.684574 0.003954
0.000000 0.000000 0.000000
-0.037466 -0.689872 0.145637
0.000000 0.000000 0.000000
-0.038613 -0.577645 0.165526
0.047347 -0.544545 -0.185923
-0.085664 -0.589474 0.171471
0.000000 0.000000 0.000000
0.000000 0.000000 0.000000
0.047898 -0.663114 -0.080029
0.000000 0.000000 0.000000
0.000000 0.000000 0.000000
-0.167445 -0.662701 0.090691
0.000000 0.000000 0.000000
0.000000 0.000000 0.000000
0.000000 0.000000 0.000000
-0.147611 -0.332976 0.085646
-0.121804 -0.252744 -0.147027
0.000000 0.000000 0.000000
0.000000 0.000000 0.000000
-0.098473 -0.544794 0.165484
-0.187238 -0.200113 0.042382
-0.119838 -0.308676 0.149090
0.000000 0.000000 0.000000
-0.094649 -0.422971 -0.167194
0.067258 -0.638123 0.155037
0.000000 0.000000 0.000000
0.000000 0.000000 0.000000
0.000000 0.000000 0.000000
0.000000 0.000000 0.000000
0.003229 -0.667481 0.188601
0.000000 0.000000 0.000000
-0.064975 -0.658286 -0.153856
-0.152948 0.015681 -0.114264
0.000000 0.000000 0.000000
0.000000 0.000000 0.000000
0.000000 0.000000 0.000000
0.000000 0.000000 0.000000
-0.074040 -0.104018 -0.175731
0.000000 0.000000 0.000000
0.000000 0.000000 0.000000
-0.107689 -0.245844 0.130691
0.000000 0.000000 0.000000
0.108342 -0.680677 -0.139661
0.023509 -0.369310 -0.166879
0.000000 0.000000 0.000000
-0.070785 -0.642269 0.153830
0.000000 0.000000 0.000000
0.000000 0.000000 0.000000
0.000000 0.000000 0.000000
0.000000 0.000000 0.000000
0.000000 0.000000 0.000000
0.000000 0.000000 0.000000
-0.134948 -0.689871 0.030934
0.000000 0.000000 0.000000
0.000000 0.000000 0.000000
0.043190 -0.667183 0.183487
0.000000 0.000000 0.000000
0.000000 0.000000 0.000000
0.000000 0.000000 0.000000
0.000000 0.000000 0.000000
0.000000 0.000000 0.000000
-0.101120 0.013008 -0.162899
0.000000 0.000000 0.000000
0.000000 0.000000 0.000000
0.000000 0.000000 0.000000
0.000000 0.000000 0.000000
0.000000 0.000000 0.000000
-0.079373 -0.187827 -0.173522
0.000000 0.000000 0.000000
-0.169288 -0.685256 -0.022416
0.000000 0.000000 0.000000
0.000000 0.000000 0.000000
0.000000 0.000000 0.000000
-0.162690 -0.421374 -0.048881
0.000000 0.000000 0.000000
0.000000 0.000000 0.000000
0.000000 0.000000 0.000000
-0.165586 -0.328822 0.038347
0.000000 0.000000 0.000000
0.000000 0.000000 0.000000
0.000000 0.000000 0.000000
0.000000 0.000000 0.000000
0.000000 0.000000 0.000000
0.000000 0.000000 0.000000
0.000000 0.000000 0.000000
0.000000 0.000000 0.000000
0.000000 0.000000 0.000000
0.000000 0.000000 0.000000
0.000000 0.000000 0.000000
0.000000 0.000000 0.000000
-0.156332 -0.457235 0.064785
0.000000 0.000000 0.000000
-0.166514 -0.642730 -0.030746
-0.156307 -0.501989 -0.109885
0.000000 0.000000 0.000000
0.000000 0.000000 0.000000
0.000000 0.000000 0.000000
0.000000 0.000000 0.000000
0.000000 0.000000 0.000000
0.000000 0.000000 0.000000
0.052307 -0.667689 0.115369
-0.075788 -0.055279 -0.175008
0.000000 0.000000 0.000000
0.112085 -0.689777 0.107089
0.114489 -0.553178 -0.124449
0.000000 0.000000 0.000000
0.000000 0.000000 0.000000
0.000000 0.000000 0.000000
0.000000 0.000000 0.000000
0.000000 0.000000 0.000000
0.000000 0.000000 0.000000
-0.126402 -0.085736 -0.112733
-0.167728 -0.223086 -0.021522
-0.082311 -0.248075 0.172861
-0.095556 -0.125461 -0.139447
0.000000 0.000000 0.000000
0.000000 0.000000 0.000000
0.000000 0.000000 0.000000
0.000000 0.000000 0.000000
0.000000 0.000000 0.000000
-0.192641 -0.569369 0.001347
0.000000 0.000000 0.000000
0.000000 0.000000 0.000000
0.000000 0.000000 0.000000
0.000000 0.000000 0.000000
0.000000 0.000000 0.000000
-0.006383 -0.623637 0.169769
0.000000 0.000000 0.000000
0.000000 0.000000 0.000000
-0.019489 -0.274914 -0.189672
0.000000 0.000000 0.000000
0.000000 0.000000 0.000000
0.000000 0.000000 0.000000
0.000000 0.000000 0.000000
0.157125 -0.689567 0.010058
0.046668 -0.611060 -0.163011
0.000000 0.000000 0.000000
0.000000 0.000000 0.000000
-0.026633 -0.540062 0.189286
0.000000 0.000000 0.000000
-0.030602 -0.658279 0.078196
0.071412 -0.579674 -0.176566
0.000000 0.000000 0.000000
0.000000 0.000000 0.000000
-0.119373 -0.170397 -0.121172
-0.035735 -0.589097 -0.008614
0.000000 0.000000 0.000000
0.000000 0.000000 0.000000
0.030148 -0.567147 0.166560
-0.088077 -0.627792 -0.145186
0.000000 0.000000 0.000000
0.000000 0.000000 0.000000
0.000000 0.000000 0.000000
0.000000 0.000000 0.000000
0.000000 0.000000 0.000000
0.000000 0.000000 0.000000
0.000000 0.000000 0.000000
-0.169938 -0.241619 -0.088851
-0.057467 -0.384357 -0.182596
0.000000 0.000000 0.000000
-0.072290 -0.679179 -0.023665
0.000000 0.000000 0.000000
-0.186693 -0.527428 -0.045967
0.000000 0.000000 0.000000
0.000000 0.000000 0.000000
0.000000 0.000000 0.000000
-0.115950 -0.667689 0.032212
0.000000 0.000000 0.000000
0.000000 0.000000 0.000000
0.000000 0.000000 0.000000
-0.147792 -0.349417 -0.120983
-0.045435 -0.632307 0.186810
-0.138735 -0.449402 -0.096659
-0.163206 -0.686871 0.044050
-0.191440 -0.265611 0.010463
0.000000 0.000000 0.000000
0.000000 0.000000 0.000000
-0.162175 -0.579200 0.102795
0.120533 -0.622296 -0.119584
0.000000 0.000000 0.000000
0.000000 0.000000 0.000000
-0.104333 -0.436913 -0.132712
0.000000 0.000000 0.000000
0.000000 0.000000 0.000000
