0.000000 0.000000 0.000000
0.000000 0.000000 0.000000
0.000000 0.000000 0.000000
0.000000 0.000000 0.000000
-0.439626 -0.147187 0.066027
0.000000 0.000000 0.000000
0.000000 0.000000 0.000000
0.000000 0.000000 0.000000
0.000000 0.000000 0.000000
0.000000 0.000000 0.000000
-0.422358 -0.147187 0.143242
0.000000 0.000000 0.000000
0.000000 0.000000 0.000000
-0.502981 0.018690 -0.186237
0.000000 0.000000 0.000000
0.000000 0.000000 0.000000
0.000000 0.000000 0.000000
0.000000 0.000000 0.000000
-0.299522 0.055114 -0.122289
0.000000 0.000000 0.000000
0.000000 0.000000 0.000000
-0.663983 -0.147187 0.361832
0.000000 0.000000 0.000000
0.000000 0.000000 0.000000
-0.687628 -0.147187 -0.107990
0.000000 0.000000 0.000000
0.000000 0.000000 0.000000
-0.474832 0.061036 0.142193
0.000000 0.000000 0.000000
0.000000 0.000000 0.000000
0.000000 0.000000 0.000000
0.000000 0.000000 0.000000
-0.389318 -0.147187 -0.086510
0.000000 0.000000 0.000000
0.000000 0.000000 0.000000
0.000000 0.000000 0.000000
0.000000 0.000000 0.000000
0.000000 0.000000 0.000000
0.000000 0.000000 0.000000
0.000000 0.000000 0.000000
0.000000 0.000000 0.000000
-0.354557 -0.084820 -0.127377
-0.552002 -0.147187 -0.334733
0.000000 0.000000 0.000000
0.000000 0.000000 0.000000
0.000000 0.000000 0.000000
0.000000 0.000000 0.000000
0.000000 0.000000 0.000000
0.000000 0.000000 0.000000
0.000000 0.000000 0.000000
0.000000 0.000000 0.000000
0.000000 0.000000 0.000000
0.000000 0.000000 0.000000
-0.655007 -0.147187 0.108573
0.000000 0.000000 0.000000
-0.561273 -0.091236 -0.004262
-0.229371 -0.147187 -0.243608
0.000000 0.000000 0.000000
0.000000 0.000000 0.000000
0.000000 0.000000 0.000000
-0.061842 -0.147187 -0.401280
-0.404007 -0.147187 -0.314055
0.000000 0.000000 0.000000
0.000000 0.000000 0.000000
0.000000 0.000000 0.000000
0.000000 0.000000 0.000000
-0.294873 -0.025421 -0.269078
0.000000 0.000000 0.000000
-0.672966 -0.147187 0.523476
0.000000 0.000000 0.000000
0.000000 0.000000 0.000000
0.000000 0.000000 0.000000
0.000000 0.000000 0.000000
0.000000 0.000000 0.000000
-0.427962 0.127432 -0.036588
-0.476029 -0.147187 -0.343917
0.000000 0.000000 0.000000
0.000000 0.000000 0.000000
-0.493383 -0.147187 0.290221
-0.225305 -0.147187 -0.316389
0.000000 0.000000 0.000000
0.000000 0.000000 0.000000
0.000000 0.000000 0.000000
0.000000 0.000000 0.000000
0.000000 0.000000 0.000000
-0.379148 0.198451 0.106838
-0.522818 -0.147187 -0.195003
0.000000 0.000000 0.000000
0.000000 0.000000 0.000000
0.000000 0.000000 0.000000
0.000000 0.000000 0.000000
0.000000 0.000000 0.000000
-0.531160 -0.147187 0.009863
0.000000 0.000000 0.000000
0.000000 0.000000 0.000000
0.000000 0.000000 0.000000
-0.557282 -0.073790 0.204012
0.000000 0.000000 0.000000
0.000000 0.000000 0.000000
0.000000 0.000000 0.000000
-0.385947 -0.147187 -0.238171
-0.391222 -0.147187 0.007846
-0.299522 0.172441 -0.061137
0.000000 0.000000 0.000000
0.000000 0.000000 0.000000
0.000000 0.000000 0.000000
0.000000 0.000000 0.000000
-0.390135 -0.084021 -0.022505
0.000000 0.000000 0.000000
0.000000 0.000000 0.000000
0.000000 0.000000 0.000000
0.000000 0.000000 0.000000
-0.651396 -0.147187 0.575585
0.000000 0.000000 0.000000
0.000000 0.000000 0.000000
0.000000 0.000000 0.000000
-0.452816 0.093002 0.195303
-0.684888 -0.147187 -0.267717
0.000000 0.000000 0.000000
0.000000 0.000000 0.000000
-0.603675 -0.147187 0.237231
-0.251213 -0.147187 -0.093613
0.000000 0.000000 0.000000
0.000000 0.000000 0.000000
0.000000 0.000000 0.000000
0.000000 0.000000 0.000000
-0.333930 -0.081615 0.099390
0.000000 0.000000 0.000000
0.000000 0.000000 0.000000
0.000000 0.000000 0.000000
0.000000 0.000000 0.000000
0.000000 0.000000 0.000000
0.000000 0.000000 0.000000
0.000000 0.000000 0.000000
-0.512220 -0.147187 -0.072622
0.000000 0.000000 0.000000
0.000000 0.000000 0.000000
-0.501898 0.021067 -0.041774
0.000000 0.000000 0.000000
0.000000 0.000000 0.000000
0.000000 0.000000 0.000000
0.000000 0.000000 0.000000
0.000000 0.000000 0.000000
0.000000 0.000000 0.000000
-0.509460 0.010766 0.059676
-0.299522 0.099771 -0.017496
0.000000 0.000000 0.000000
0.000000 0.000000 0.000000
0.000000 0.000000 0.000000
-0.487321 -0.088114 -0.269717
-0.258408 -0.147187 0.011240
0.000000 0.000000 0.000000
0.000000 0.000000 0.000000
0.000000 0.000000 0.000000
0.000000 0.000000 0.000000
0.000000 0.000000 0.000000
0.000000 0.000000 0.000000
0.000000 0.000000 0.000000
0.000000 0.000000 0.000000
0.000000 0.000000 0.000000
0.000000 0.000000 0.000000
-0.284262 -0.131416 -0.269078
0.000000 0.000000 0.000000
-0.534709 -0.147187 0.145218
0.000000 0.000000 0.000000
0.000000 0.000000 0.000000
0.000000 0.000000 0.000000
0.000000 0.000000 0.000000
0.000000 0.000000 0.000000
0.000000 0.000000 0.000000
-0.561090 -0.093088 -0.125356
0.000000 0.000000 0.000000
-0.555237 -0.072825 -0.235631
0.000000 0.000000 0.000000
0.000000 0.000000 0.000000
0.000000 0.000000 0.000000
0.000000 0.000000 0.000000
0.000000 0.000000 0.000000
0.000000 0.000000 0.000000
0.000000 0.000000 0.000000
0.000000 0.000000 0.000000
0.000000 0.000000 0.000000
0.000000 0.000000 0.000000
0.000000 0.000000 0.000000
-0.634309 -0.147187 0.003964
0.000000 0.000000 0.000000
-0.113278 -0.147187 -0.250130
-0.477529 0.057469 0.197191
-0.299522 0.209353 0.001849
0.000000 0.000000 0.000000
0.000000 0.000000 0.000000
0.000000 0.000000 0.000000
0.000000 0.000000 0.000000
0.000000 0.000000 0.000000
0.000000 0.000000 0.000000
0.000000 0.000000 0.000000
0.000000 0.000000 0.000000
0.000000 0.000000 0.000000
0.000000 0.000000 0.000000
-0.557148 -0.074661 0.098806
0.000000 0.000000 0.000000
0.000000 0.000000 0.000000
-0.565268 -0.147187 0.372632
-0.477025 -0.112972 0.217107
0.000000 0.000000 0.000000
0.000000 0.000000 0.000000
0.000000 0.000000 0.000000
0.000000 0.000000 0.000000
0.000000 0.000000 0.000000
0.000000 0.000000 0.000000
0.000000 0.000000 0.000000
-0.398935 0.169453 0.011681
0.000000 0.000000 0.000000
0.000000 0.000000 0.000000
0.000000 0.000000 0.000000
-0.617235 -0.147187 -0.205920
0.000000 0.000000 0.000000
-0.439551 0.111325 0.062265
0.000000 0.000000 0.000000
0.000000 0.000000 0.000000
0.000000 0.000000 0.000000
0.000000 0.000000 0.000000
0.000000 0.000000 0.000000
-0.518033 -0.147187 -0.252486
0.000000 0.000000 0.000000
-0.388470 -0.065119 -0.269327
0.000000 0.000000 0.000000
0.000000 0.000000 0.000000
0.000000 0.000000 0.000000
0.000000 0.000000 0.000000
-0.304856 -0.147187 -0.167185
0.000000 0.000000 0.000000
-0.455704 -0.028297 0.217192
0.000000 0.000000 0.000000
0.000000 0.000000 0.000000
0.000000 0.000000 0.000000
-0.299522 0.039854 -0.039248
0.000000 0.000000 0.000000
0.000000 0.000000 0.000000
0.000000 0.000000 0.000000
0.000000 0.000000 0.000000
0.000000 0.000000 0.000000
-0.332779 -0.147187 0.069350
0.000000 0.000000 0.000000
0.000000 0.000000 0.000000
0.000000 0.000000 0.000000
0.000000 0.000000 0.000000
0.000000 0.000000 0.000000
0.000000 0.000000 0.000000
-0.438069 -0.147187 -0.162122
-0.584930 -0.147187 0.328549
-0.524565 -0.010431 0.152680
-0.296469 -0.147187 -0.044849
-0.583107 -0.147187 -0.122795
0.000000 0.000000 0.000000
-0.464638 -0.147187 0.350726
0.000000 0.000000 0.000000
0.000000 0.000000 0.000000
0.000000 0.000000 0.000000
0.000000 0.000000 0.000000
0.000000 0.000000 0.000000
0.000000 0.000000 0.000000
-0.637557 -0.147187 0.427447
0.000000 0.000000 0.000000
-0.138268 -0.147187 -0.334395
0.000000 0.000000 0.000000
0.000000 0.000000 0.000000
-0.433286 -0.084778 0.099379
0.000000 0.000000 0.000000
0.000000 0.000000 0.000000
0.000000 0.000000 0.000000
-0.480640 0.051797 -0.014311
0.000000 0.000000 0.000000
0.000000 0.000000 0.000000
-0.340017 -0.083628 0.017177
0.000000 0.000000 0.000000
0.000000 0.000000 0.000000
0.000000 0.000000 0.000000
0.000000 0.000000 0.000000
0.000000 0.000000 0.000000
0.000000 0.000000 0.000000
-0.499341 -0.042825 -0.269764
0.000000 0.000000 0.000000
-0.299522 0.168085 0.006386
0.000000 0.000000 0.000000
0.000000 0.000000 0.000000
0.000000 0.000000 0.000000
0.000000 0.000000 0.000000
0.000000 0.000000 0.000000
0.000000 0.000000 0.000000
0.000000 0.000000 0.000000
0.000000 0.000000 0.000000
0.000000 0.000000 0.000000
0.000000 0.000000 0.000000
0.000000 0.000000 0.000000
0.000000 0.000000 0.000000
0.000000 0.000000 0.000000
0.000000 0.000000 0.000000
0.000000 0.000000 0.000000
0.000000 0.000000 0.000000
0.000000 0.000000 0.000000
0.000000 0.000000 0.000000
-0.219264 -0.147187 -0.159336
0.000000 0.000000 0.000000
-0.325377 -0.090978 -0.313555
-0.438497 -0.147187 -0.052264
0.000000 0.000000 0.000000
-0.431614 0.123182 0.140181
0.000000 0.000000 0.000000
0.000000 0.000000 0.000000
0.000000 0.000000 0.000000
0.000000 0.000000 0.000000
0.000000 0.000000 0.000000
0.000000 0.000000 0.000000
0.000000 0.000000 0.000000
-0.429570 -0.084108 -0.099615
0.000000 0.000000 0.000000
0.000000 0.000000 0.000000
0.000000 0.000000 0.000000
0.000000 0.000000 0.000000
0.000000 0.000000 0.000000
0.000000 0.000000 0.000000
0.000000 0.000000 0.000000
0.000000 0.000000 0.000000
0.000000 0.000000 0.000000
0.000000 0.000000 0.000000
0.000000 0.000000 0.000000
-0.514275 -0.147187 0.417379
0.000000 0.000000 0.000000
0.000000 0.000000 0.000000
0.000000 0.000000 0.000000
-0.549909 -0.147187 0.088031
0.000000 0.000000 0.000000
0.000000 0.000000 0.000000
0.000000 0.000000 0.000000
0.000000 0.000000 0.000000
0.000000 0.000000 0.000000
0.000000 0.000000 0.000000
-0.450260 0.095007 -0.099533
0.000000 0.000000 0.000000
-0.510428 0.008359 -0.119320
0.000000 0.000000 0.000000
0.000000 0.000000 0.000000
0.000000 0.000000 0.000000
0.000000 0.000000 0.000000
0.000000 0.000000 0.000000
0.000000 0.000000 0.000000
0.000000 0.000000 0.000000
0.000000 0.000000 0.000000
-0.407788 -0.147187 0.229113
0.000000 0.000000 0.000000
-0.541223 -0.038609 -0.152162
0.000000 0.000000 0.000000
-0.643103 -0.147187 -0.337560
0.000000 0.000000 0.000000
0.000000 0.000000 0.000000
0.000000 0.000000 0.000000
0.000000 0.000000 0.000000
-0.354865 0.232976 0.036283
-0.537252 -0.147187 0.244521
-0.671071 -0.147187 0.203809
0.000000 0.000000 0.000000
-0.613130 -0.147187 0.486969
-0.326188 0.098292 -0.063370
0.000000 0.000000 0.000000
0.000000 0.000000 0.000000
0.000000 0.000000 0.000000
0.000000 0.000000 0.000000
-0.601135 -0.147187 -0.279302
0.000000 0.000000 0.000000
0.000000 0.000000 0.000000
0.000000 0.000000 0.000000
0.000000 0.000000 0.000000
0.000000 0.000000 0.000000
0.000000 0.000000 0.000000
0.000000 0.000000 0.000000
0.000000 0.000000 0.000000
-0.158872 -0.147187 -0.233773
0.000000 0.000000 0.000000
0.000000 0.000000 0.000000
0.000000 0.000000 0.000000
-0.195369 -0.147187 -0.117133
0.000000 0.000000 0.000000
0.000000 0.000000 0.000000
0.000000 0.000000 0.000000
0.000000 0.000000 0.000000
0.000000 0.000000 0.000000
0.000000 0.000000 0.000000
0.000000 0.000000 0.000000
0.000000 0.000000 0.000000
0.000000 0.000000 0.000000
0.000000 0.000000 0.000000
0.000000 0.000000 0.000000
-0.473425 0.062524 0.047537
0.000000 0.000000 0.000000
0.000000 0.000000 0.000000
0.000000 0.000000 0.000000
-0.605500 -0.147187 0.051794
0.000000 0.000000 0.000000
-0.025281 -0.147187 -0.353479
0.000000 0.000000 0.000000
0.000000 0.000000 0.000000
0.000000 0.000000 0.000000
0.000000 0.000000 0.000000
0.000000 0.000000 0.000000
-0.535728 -0.027746 -0.069455
0.000000 0.000000 0.000000
0.000000 0.000000 0.000000
0.000000 0.000000 0.000000
0.000000 0.000000 0.000000
-0.566131 -0.121950 0.196856
-0.525411 -0.011289 0.215897
0.000000 0.000000 0.000000
0.000000 0.000000 0.000000
0.000000 0.000000 0.000000
-0.461288 -0.147187 -0.116854
0.000000 0.000000 0.000000
0.000000 0.000000 0.000000
0.000000 0.000000 0.000000
0.000000 0.000000 0.000000
0.000000 0.000000 0.000000
-0.564566 -0.142707 -0.225674
-0.330321 -0.147187 -0.206661
0.000000 0.000000 0.000000
0.000000 0.000000 0.000000
-0.389730 0.183476 0.150050
0.000000 0.000000 0.000000
0.000000 0.000000 0.000000
-0.482366 -0.147187 0.187978
0.000000 0.000000 0.000000
0.000000 0.000000 0.000000
0.000000 0.000000 0.000000
0.000000 0.000000 0.000000
0.000000 0.000000 0.000000
0.000000 0.000000 0.000000
0.000000 0.000000 0.000000
0.000000 0.000000 0.000000
0.000000 0.000000 0.000000
-0.325927 0.105082 -0.129372
0.000000 0.000000 0.000000
0.000000 0.000000 0.000000
0.000000 0.000000 0.000000
0.000000 0.000000 0.000000
0.000000 0.000000 0.000000
0.000000 0.000000 0.000000
0.000000 0.000000 0.000000
0.000000 0.000000 0.000000
0.000000 0.000000 0.000000
0.000000 0.000000 0.000000
0.000000 0.000000 0.000000
-0.342129 -0.147187 -0.326393
-0.347398 -0.100770 -0.269165
0.000000 0.000000 0.000000
0.000000 0.000000 0.000000
0.000000 0.000000 0.000000
0.000000 0.000000 0.000000
-0.326553 0.118453 0.028971
0.000000 0.000000 0.000000
-0.541374 -0.037372 0.043382
-0.418821 -0.111642 -0.269447
0.000000 0.000000 0.000000
0.000000 0.000000 0.000000
-0.635848 -0.147187 -0.147453
0.000000 0.000000 0.000000
0.000000 0.000000 0.000000
0.000000 0.000000 0.000000
0.000000 0.000000 0.000000
-0.299522 0.056525 0.027003
-0.648702 -0.147187 -0.059570
0.000000 0.000000 0.000000
-0.480545 0.051499 -0.090792
-0.326644 0.173784 0.052118
0.000000 0.000000 0.000000
0.000000 0.000000 0.000000
0.000000 0.000000 0.000000
-0.601093 -0.147187 0.175285
0.000000 0.000000 0.000000
0.000000 0.000000 0.000000
0.000000 0.000000 0.000000
0.000000 0.000000 0.000000
0.000000 0.000000 0.000000
0.000000 0.000000 0.000000
0.000000 0.000000 0.000000
-0.360357 -0.084021 0.051057
0.000000 0.000000 0.000000
-0.668745 -0.147187 0.471548
-0.428683 0.021680 0.217298
0.000000 0.000000 0.000000
0.000000 0.000000 0.000000
-0.296017 -0.147187 -0.378466
0.000000 0.000000 0.000000
-0.423180 -0.084021 0.042030
0.000000 0.000000 0.000000
-0.394637 0.175295 -0.048435
-0.506809 0.015237 0.175663
0.000000 0.000000 0.000000
0.000000 0.000000 0.000000
0.000000 0.000000 0.000000
-0.559127 -0.082771 -0.062430
-0.432561 -0.082637 -0.037263
-0.565285 -0.144495 -0.045511
0.000000 0.000000 0.000000
-0.360628 -0.084021 -0.066960
0.000000 0.000000 0.000000
-0.509057 0.011697 0.121489
-0.443515 -0.048341 -0.269544
-0.518971 -0.147187 -0.131087
-0.454670 -0.136945 -0.269588
0.000000 0.000000 0.000000
-0.386571 -0.147187 -0.180650
-0.299522 0.094885 0.033044
-0.685717 -0.147187 -0.014551
-0.560890 -0.093241 -0.182318
-0.487446 -0.147187 0.118288
0.000000 0.000000 0.000000
0.000000 0.000000 0.000000
0.000000 0.000000 0.000000
-0.409572 0.154590 0.088500
0.000000 0.000000 0.000000
0.000000 0.000000 0.000000
0.000000 0.000000 0.000000
0.000000 0.000000 0.000000
0.000000 0.000000 0.000000
-0.423999 -0.073821 0.217316
0.000000 0.000000 0.000000
0.000000 0.000000 0.000000
0.000000 0.000000 0.000000
0.000000 0.000000 0.000000
-0.564077 -0.105439 0.131633
0.000000 0.000000 0.000000
0.000000 0.000000 0.000000
0.000000 0.000000 0.000000
-0.083006 -0.143103 -0.334349
0.000000 0.000000 0.000000
0.000000 0.000000 0.000000
0.000000 0.000000 0.000000
-0.537680 -0.030506 -0.018966
0.000000 0.000000 0.000000
-0.565048 -0.113494 0.051463
0.000000 0.000000 0.000000
0.000000 0.000000 0.000000
0.000000 0.000000 0.000000
0.000000 0.000000 0.000000
-0.611897 -0.147187 0.530345
0.000000 0.000000 0.000000
0.000000 0.000000 0.000000
-0.006070 -0.147187 -0.406839
0.000000 0.000000 0.000000
-0.336891 -0.147187 -0.105855
0.000000 0.000000 0.000000
0.000000 0.000000 0.000000
-0.636327 -0.147187 -0.295307
0.000000 0.000000 0.000000
0.000000 0.000000 0.000000
-0.437298 0.114259 0.008061
0.000000 0.000000 0.000000
0.000000 0.000000 0.000000
0.000000 0.000000 0.000000
0.000000 0.000000 0.000000
0.000000 0.000000 0.000000
0.000000 0.000000 0.000000
0.000000 0.000000 0.000000
0.000000 0.000000 0.000000
0.000000 0.000000 0.000000
-0.336307 -0.147187 0.000906
0.000000 0.000000 0.000000
0.000000 0.000000 0.000000
0.000000 0.000000 0.000000
0.000000 0.000000 0.000000
0.000000 0.000000 0.000000
0.000000 0.000000 0.000000
0.000000 0.000000 0.000000
0.000000 0.000000 0.000000
0.000000 0.000000 0.000000
0.000000 0.000000 0.000000
0.000000 0.000000 0.000000
0.000000 0.000000 0.000000
0.000000 0.000000 0.000000
-0.265667 -0.147187 -0.202762
0.000000 0.000000 0.000000
0.000000 0.000000 0.000000
0.000000 0.000000 0.000000
0.000000 0.000000 0.000000
0.000000 0.000000 0.000000
0.000000 0.000000 0.000000
0.000000 0.000000 0.000000
0.000000 0.000000 0.000000
0.000000 0.000000 0.000000
0.000000 0.000000 0.000000
0.000000 0.000000 0.000000
-0.483166 0.047321 -0.162965
0.000000 0.000000 0.000000
-0.327776 -0.061368 -0.269088
0.000000 0.000000 0.000000
0.000000 0.000000 0.000000
-0.512938 -0.056771 0.216965
0.000000 0.000000 0.000000
0.000000 0.000000 0.000000
0.000000 0.000000 0.000000
0.000000 0.000000 0.000000
0.000000 0.000000 0.000000
0.000000 0.000000 0.000000
0.000000 0.000000 0.000000
0.000000 0.000000 0.000000
0.000000 0.000000 0.000000
0.000000 0.000000 0.000000
0.000000 0.000000 0.000000
0.000000 0.000000 0.000000
0.000000 0.000000 0.000000
-0.616105 -0.147187 0.379745
0.000000 0.000000 0.000000
0.000000 0.000000 0.000000
0.000000 0.000000 0.000000
0.000000 0.000000 0.000000
0.000000 0.000000 0.000000
-0.334327 -0.147187 -0.259357
0.000000 0.000000 0.000000
-0.534022 -0.026045 -0.202143
0.000000 0.000000 0.000000
0.000000 0.000000 0.000000
0.000000 0.000000 0.000000
0.000000 0.000000 0.000000
0.000000 0.000000 0.000000
-0.480304 -0.147187 -0.171092
0.000000 0.000000 0.000000
0.000000 0.000000 0.000000
0.000000 0.000000 0.000000
0.000000 0.000000 0.000000
0.000000 0.000000 0.000000
0.000000 0.000000 0.000000
0.000000 0.000000 0.000000
0.000000 0.000000 0.000000
-0.454663 -0.147187 -0.003795
0.000000 0.000000 0.000000
0.000000 0.000000 0.000000
0.000000 0.000000 0.000000
0.000000 0.000000 0.000000
0.000000 0.000000 0.000000
0.000000 0.000000 0.000000
-0.536049 -0.027303 0.090008
0.000000 0.000000 0.000000
0.000000 0.000000 0.000000
-0.386690 0.187326 0.057554
0.000000 0.000000 0.000000
-0.450913 0.095261 0.111101
0.000000 0.000000 0.000000
0.000000 0.000000 0.000000
0.000000 0.000000 0.000000
0.000000 0.000000 0.000000
0.000000 0.000000 0.000000
0.000000 0.000000 0.000000
0.000000 0.000000 0.000000
0.000000 0.000000 0.000000
0.000000 0.000000 0.000000
0.000000 0.000000 0.000000
0.000000 0.000000 0.000000
0.000000 0.000000 0.000000
0.000000 0.000000 0.000000
0.000000 0.000000 0.000000
0.000000 0.000000 0.000000
0.000000 0.000000 0.000000
-0.374769 -0.147187 0.156470
-0.421825 0.136039 -0.075420
0.000000 0.000000 0.000000
0.000000 0.000000 0.000000
0.000000 0.000000 0.000000
0.000000 0.000000 0.000000
0.000000 0.000000 0.000000
0.000000 0.000000 0.000000
0.000000 0.000000 0.000000
0.000000 0.000000 0.000000
0.000000 0.000000 0.000000
0.000000 0.000000 0.000000
-0.565025 -0.124218 -0.086444
0.000000 0.000000 0.000000
-0.326339 0.186036 -0.024945
-0.579257 -0.147187 0.281785
0.000000 0.000000 0.000000
0.000000 0.000000 0.000000
0.000000 0.000000 0.000000
0.000000 0.000000 0.000000
-0.555731 -0.147187 -0.280870
0.000000 0.000000 0.000000
-0.398742 -0.084021 -0.068020
-0.553195 -0.147187 0.444979
0.000000 0.000000 0.000000
0.000000 0.000000 0.000000
0.000000 0.000000 0.000000
-0.298477 -0.147187 -0.311705
0.000000 0.000000 0.000000
0.000000 0.000000 0.000000
0.000000 0.000000 0.000000
0.000000 0.000000 0.000000
-0.455139 0.088381 -0.030290
0.000000 0.000000 0.000000
-0.533900 -0.107529 0.216882
0.000000 0.000000 0.000000
-0.434227 -0.147187 0.199258
0.000000 0.000000 0.000000
0.000000 0.000000 0.000000
0.000000 0.000000 0.000000
0.000000 0.000000 0.000000
0.000000 0.000000 0.000000
0.000000 0.000000 0.000000
-0.410517 0.153717 0.174122
0.000000 0.000000 0.000000
0.000000 0.000000 0.000000
0.000000 0.000000 0.000000
0.000000 0.000000 0.000000
-0.170315 -0.147187 -0.301049
0.000000 0.000000 0.000000
-0.563083 -0.108696 -0.252369
0.000000 0.000000 0.000000
0.000000 0.000000 0.000000
0.000000 0.000000 0.000000
0.000000 0.000000 0.000000
0.000000 0.000000 0.000000
