0.000000 0.000000 0.000000
0.000000 0.000000 0.000000
0.000000 0.000000 0.000000
0.000000 0.000000 0.000000
0.000000 0.000000 0.000000
0.000000 0.000000 0.000000
-0.007637 -0.204203 0.125152
-0.039381 -0.230367 0.067789
0.000000 0.000000 0.000000
0.000000 0.000000 0.000000
0.000000 0.000000 0.000000
0.000000 0.000000 0.000000
0.000000 0.000000 0.000000
0.366387 -0.255109 0.407325
0.000000 0.000000 0.000000
-0.010861 -0.244721 0.546921
0.000000 0.000000 0.000000
0.000000 0.000000 0.000000
0.000000 0.000000 0.000000
-0.093995 -0.103021 0.251337
0.000000 0.000000 0.000000
0.000000 0.000000 0.000000
0.000000 0.000000 0.000000
0.000000 0.000000 0.000000
0.000000 0.000000 0.000000
0.000000 0.000000 0.000000
0.000000 0.000000 0.000000
0.094956 -0.163999 -0.079133
0.058170 -0.108252 0.400107
0.000000 0.000000 0.000000
0.000000 0.000000 0.000000
0.000000 0.000000 0.000000
0.000000 0.000000 0.000000
0.000000 0.000000 0.000000
0.000000 0.000000 0.000000
0.000000 0.000000 0.000000
0.000000 0.000000 0.000000
0.007486 -0.338811 0.007086
0.000000 0.000000 0.000000
0.000000 0.000000 0.000000
0.000000 0.000000 0.000000
0.000000 0.000000 0.000000
0.000000 0.000000 0.000000
0.000000 0.000000 0.000000
0.000000 0.000000 0.000000
0.000000 0.000000 0.000000
0.000000 0.000000 0.000000
0.000000 0.000000 0.000000
-0.005537 -0.209161 0.025229
0.000000 0.000000 0.000000
0.000000 0.000000 0.000000
-0.055293 -0.131027 0.444436
0.000000 0.000000 0.000000
0.000000 0.000000 0.000000
0.000000 0.000000 0.000000
0.000000 0.000000 0.000000
0.000000 0.000000 0.000000
-0.119835 -0.162044 0.088383
0.000000 0.000000 0.000000
0.025430 -0.239498 -0.023460
0.000000 0.000000 0.000000
-0.097917 -0.197358 -0.006730
0.000000 0.000000 0.000000
0.000000 0.000000 0.000000
0.083749 -0.186371 0.107561
-0.008611 -0.105764 0.100239
-0.013771 -0.117202 0.298854
0.000000 0.000000 0.000000
0.000000 0.000000 0.000000
0.000000 0.000000 0.000000
0.000000 0.000000 0.000000
0.000000 0.000000 0.000000
0.000000 0.000000 0.000000
0.000000 0.000000 0.000000
0.000000 0.000000 0.000000
0.000000 0.000000 0.000000
0.000000 0.000000 0.000000
0.000000 0.000000 0.000000
0.000000 0.000000 0.000000
0.000000 0.000000 0.000000
0.000000 0.000000 0.000000
0.000000 0.000000 0.000000
0.024178 -0.244791 0.035503
-0.069909 -0.105854 0.025387
-0.102513 -0.129299 0.175775
0.000000 0.000000 0.000000
0.035604 -0.149289 0.476924
0.047845 -0.206183 -0.098225
0.000000 0.000000 0.000000
0.000000 0.000000 0.000000
0.021581 -0.133306 0.194539
0.000000 0.000000 0.000000
-0.052105 -0.232655 -0.035197
0.000000 0.000000 0.000000
0.301921 -0.169713 0.387515
0.000000 0.000000 0.000000
0.114154 -0.197078 0.008862
0.000000 0.000000 0.000000
0.000000 0.000000 0.000000
0.000000 0.000000 0.000000
0.000000 0.000000 0.000000
0.000000 0.000000 0.000000
0.000000 0.000000 0.000000
0.000000 0.000000 0.000000
0.000000 0.000000 0.000000
0.000000 0.000000 0.000000
-0.015591 -0.137408 -0.002788
0.000000 0.000000 0.000000
0.000000 0.000000 0.000000
0.000000 0.000000 0.000000
-0.026721 -0.197822 -0.103994
0.000000 0.000000 0.000000
0.000000 0.000000 0.000000
0.000000 0.000000 0.000000
0.000000 0.000000 0.000000
0.000000 0.000000 0.000000
0.000000 0.000000 0.000000
0.000000 0.000000 0.000000
0.000000 0.000000 0.000000
0.000000 0.000000 0.000000
0.111712 -0.188379 0.081997
0.000000 0.000000 0.000000
0.000000 0.000000 0.000000
0.000000 0.000000 0.000000
-0.069709 -0.101560 0.349284
-0.062341 -0.163811 0.135305
0.000000 0.000000 0.000000
0.000000 0.000000 0.000000
0.000000 0.000000 0.000000
0.000000 0.000000 0.000000
0.000000 0.000000 0.000000
0.000000 0.000000 0.000000
0.000000 0.000000 0.000000
0.000000 0.000000 0.000000
0.000000 0.000000 0.000000
0.000000 0.000000 0.000000
0.000000 0.000000 0.000000
-0.046731 -0.115036 0.246702
0.000000 0.000000 0.000000
0.000000 0.000000 0.000000
0.000000 0.000000 0.000000
0.000000 0.000000 0.000000
0.000000 0.000000 0.000000
0.000000 0.000000 0.000000
0.000000 0.000000 0.000000
0.000000 0.000000 0.000000
0.000000 0.000000 0.000000
0.000000 0.000000 0.000000
0.087468 -0.215363 0.064115
0.000000 0.000000 0.000000
-0.049965 -0.130007 0.196676
0.000000 0.000000 0.000000
0.000000 0.000000 0.000000
-0.034559 -0.174751 0.498536
0.000000 0.000000 0.000000
0.000000 0.000000 0.000000
0.000000 0.000000 0.000000
0.032420 -0.113451 0.256271
0.000000 0.000000 0.000000
-0.046122 -0.242518 0.028830
0.000000 0.000000 0.000000
0.000000 0.000000 0.000000
0.000000 0.000000 0.000000
0.000000 0.000000 0.000000
-0.099402 -0.210085 0.048082
0.000000 0.000000 0.000000
0.000000 0.000000 0.000000
0.000000 0.000000 0.000000
0.080866 -0.208733 -0.044530
0.000000 0.000000 0.000000
0.024827 -0.165177 -0.143415
0.000000 0.000000 0.000000
0.000000 0.000000 0.000000
0.000000 0.000000 0.000000
0.000000 0.000000 0.000000
0.000000 0.000000 0.000000
0.000000 0.000000 0.000000
0.000000 0.000000 0.000000
-0.009163 -0.137310 0.406911
0.000000 0.000000 0.000000
0.000000 0.000000 0.000000
-0.022517 -0.140105 0.039357
-0.013011 -0.125134 0.373522
0.000000 0.000000 0.000000
0.000000 0.000000 0.000000
-0.095671 -0.200979 0.095968
0.000000 0.000000 0.000000
-0.016583 -0.295038 0.022307
0.000000 0.000000 0.000000
0.083683 -0.128105 0.183392
0.000000 0.000000 0.000000
0.000000 0.000000 0.000000
0.000000 0.000000 0.000000
0.000000 0.000000 0.000000
-0.061212 -0.159283 -0.119181
0.000000 0.000000 0.000000
0.031668 -0.161147 0.147456
0.000000 0.000000 0.000000
0.000000 0.000000 0.000000
0.000000 0.000000 0.000000
0.000000 0.000000 0.000000
0.000000 0.000000 0.000000
0.000000 0.000000 0.000000
0.117622 -0.150274 0.106685
0.000000 0.000000 0.000000
0.000000 0.000000 0.000000
0.000000 0.000000 0.000000
0.000000 0.000000 0.000000
-0.009241 -0.257526 -0.012211
0.000000 0.000000 0.000000
0.000000 0.000000 0.000000
0.000000 0.000000 0.000000
0.000000 0.000000 0.000000
0.000000 0.000000 0.000000
0.000000 0.000000 0.000000
0.000000 0.000000 0.000000
0.000000 0.000000 0.000000
0.000000 0.000000 0.000000
0.025650 -0.213762 0.086007
0.000000 0.000000 0.000000
0.000000 0.000000 0.000000
0.062877 -0.161904 -0.117602
0.000000 0.000000 0.000000
0.000000 0.000000 0.000000
0.000000 0.000000 0.000000
0.000000 0.000000 0.000000
0.000000 0.000000 0.000000
-0.013273 -0.222775 -0.060456
0.012440 -0.196129 -0.115091
0.000000 0.000000 0.000000
0.015613 -0.189832 0.514964
0.000000 0.000000 0.000000
0.000000 0.000000 0.000000
0.000000 0.000000 0.000000
0.000000 0.000000 0.000000
0.000000 0.000000 0.000000
0.000000 0.000000 0.000000
0.000000 0.000000 0.000000
0.024539 -0.141157 -0.020887
0.000000 0.000000 0.000000
-0.075444 -0.121261 0.207144
0.000000 0.000000 0.000000
0.118320 -0.174895 -0.033261
-0.017035 -0.128771 -0.041884
-0.106139 -0.154561 0.117171
0.000000 0.000000 0.000000
0.000000 0.000000 0.000000
0.000000 0.000000 0.000000
0.000000 0.000000 0.000000
-0.055678 -0.136467 -0.010842
0.000000 0.000000 0.000000
-0.046574 -0.193117 0.104537
0.000000 0.000000 0.000000
0.000000 0.000000 0.000000
-0.087386 -0.094987 0.330520
0.064838 -0.230690 0.014062
0.000000 0.000000 0.000000
0.049349 -0.125265 0.442481
0.000000 0.000000 0.000000
0.000000 0.000000 0.000000
0.091838 -0.141018 0.150366
0.000000 0.000000 0.000000
-0.101614 -0.179730 0.113412
0.000000 0.000000 0.000000
0.000000 0.000000 0.000000
0.000000 0.000000 0.000000
0.000000 0.000000 0.000000
0.000000 0.000000 0.000000
0.000000 0.000000 0.000000
0.000000 0.000000 0.000000
0.000000 0.000000 0.000000
0.000000 0.000000 0.000000
0.000000 0.000000 0.000000
0.000000 0.000000 0.000000
0.010852 -0.123641 0.387529
0.000000 0.000000 0.000000
0.000000 0.000000 0.000000
0.000000 0.000000 0.000000
0.000000 0.000000 0.000000
-0.013968 -0.157745 0.454810
0.000000 0.000000 0.000000
0.335335 -0.209225 0.397136
0.000000 0.000000 0.000000
0.000000 0.000000 0.000000
0.000000 0.000000 0.000000
0.000000 0.000000 0.000000
0.000000 0.000000 0.000000
0.000000 0.000000 0.000000
0.000000 0.000000 0.000000
0.000000 0.000000 0.000000
0.000000 0.000000 0.000000
0.000000 0.000000 0.000000
0.000000 0.000000 0.000000
0.134986 -0.170069 0.039759
0.000000 0.000000 0.000000
0.000000 0.000000 0.000000
0.000000 0.000000 0.000000
0.000000 0.000000 0.000000
0.000000 0.000000 0.000000
0.000000 0.000000 0.000000
0.000000 0.000000 0.000000
0.000000 0.000000 0.000000
0.000000 0.000000 0.000000
-0.095914 -0.223694 0.001383
-0.017925 -0.157585 -0.144408
0.000000 0.000000 0.000000
0.010254 -0.167907 0.015238
0.000000 0.000000 0.000000
0.000000 0.000000 0.000000
0.000000 0.000000 0.000000
0.024462 -0.110699 0.342665
0.000000 0.000000 0.000000
0.000000 0.000000 0.000000
0.000000 0.000000 0.000000
0.000000 0.000000 0.000000
-0.015832 -0.156025 0.156524
0.000000 0.000000 0.000000
0.000000 0.000000 0.000000
0.000000 0.000000 0.000000
0.064250 -0.191729 0.078973
0.000000 0.000000 0.000000
0.000000 0.000000 0.000000
0.000000 0.000000 0.000000
0.000000 0.000000 0.000000
0.065808 -0.212331 0.050708
0.000000 0.000000 0.000000
0.007864 -0.307210 0.009954
0.000000 0.000000 0.000000
0.071218 -0.182954 -0.088897
0.000000 0.000000 0.000000
0.000000 0.000000 0.000000
0.000000 0.000000 0.000000
0.000000 0.000000 0.000000
0.000000 0.000000 0.000000
0.000000 0.000000 0.000000
0.000000 0.000000 0.000000
0.000000 0.000000 0.000000
-0.039549 -0.116917 0.384332
0.000000 0.000000 0.000000
0.000000 0.000000 0.000000
0.000000 0.000000 0.000000
-0.051593 -0.185514 -0.084490
0.000000 0.000000 0.000000
0.000000 0.000000 0.000000
0.000000 0.000000 0.000000
0.000000 0.000000 0.000000
0.000000 0.000000 0.000000
0.000000 0.000000 0.000000
0.000000 0.000000 0.000000
0.000000 0.000000 0.000000
0.000000 0.000000 0.000000
0.000000 0.000000 0.000000
0.000000 0.000000 0.000000
0.000000 0.000000 0.000000
0.000000 0.000000 0.000000
0.000000 0.000000 0.000000
0.000000 0.000000 0.000000
-0.017129 -0.248673 0.021888
0.084675 -0.208256 -0.017714
0.000000 0.000000 0.000000
0.000000 0.000000 0.000000
0.000000 0.000000 0.000000
0.000000 0.000000 0.000000
0.000000 0.000000 0.000000
0.000000 0.000000 0.000000
0.033706 -0.224776 -0.057913
-0.041972 -0.115679 0.078734
0.000000 0.000000 0.000000
0.000000 0.000000 0.000000
-0.015467 -0.173383 0.130579
0.000000 0.000000 0.000000
0.000000 0.000000 0.000000
0.000000 0.000000 0.000000
0.000000 0.000000 0.000000
0.000000 0.000000 0.000000
0.000000 0.000000 0.000000
0.000000 0.000000 0.000000
0.000000 0.000000 0.000000
0.000000 0.000000 0.000000
0.000000 0.000000 0.000000
0.007707 -0.275146 0.011514
0.030370 -0.197344 0.101031
0.000000 0.000000 0.000000
0.000000 0.000000 0.000000
-0.141564 -0.126590 0.155081
0.000000 0.000000 0.000000
0.000000 0.000000 0.000000
-0.060060 -0.108080 0.048730
0.000000 0.000000 0.000000
-0.004097 -0.130434 0.218693
0.000000 0.000000 0.000000
0.000000 0.000000 0.000000
0.000000 0.000000 0.000000
0.000000 0.000000 0.000000
0.000000 0.000000 0.000000
0.000000 0.000000 0.000000
-0.011779 -0.189792 0.498269
0.000000 0.000000 0.000000
0.000000 0.000000 0.000000
0.000000 0.000000 0.000000
0.000000 0.000000 0.000000
0.000000 0.000000 0.000000
0.000000 0.000000 0.000000
0.059106 -0.217458 -0.029351
0.000000 0.000000 0.000000
0.000000 0.000000 0.000000
0.000000 0.000000 0.000000
0.000000 0.000000 0.000000
-0.038299 -0.190121 0.132911
0.000000 0.000000 0.000000
0.000000 0.000000 0.000000
0.000000 0.000000 0.000000
0.000000 0.000000 0.000000
-0.008950 -0.179205 -0.116443
0.000000 0.000000 0.000000
0.000000 0.000000 0.000000
0.000000 0.000000 0.000000
0.000000 0.000000 0.000000
-0.015086 -0.131858 0.073146
-0.039631 -0.246403 -0.008208
-0.012565 -0.181916 -0.004206
0.000000 0.000000 0.000000
0.111379 -0.183760 0.042251
0.000000 0.000000 0.000000
0.000000 0.000000 0.000000
0.000000 0.000000 0.000000
0.000000 0.000000 0.000000
0.000000 0.000000 0.000000
0.000000 0.000000 0.000000
0.063321 -0.162906 0.124507
0.000000 0.000000 0.000000
0.000000 0.000000 0.000000
0.000000 0.000000 0.000000
0.061281 -0.101537 0.367443
0.000000 0.000000 0.000000
0.000000 0.000000 0.000000
0.000000 0.000000 0.000000
-0.025723 -0.211726 0.532009
0.000000 0.000000 0.000000
0.012437 -0.209969 -0.082954
0.000000 0.000000 0.000000
0.000000 0.000000 0.000000
0.015987 -0.132259 0.418996
0.000000 0.000000 0.000000
-0.048653 -0.107402 0.286061
0.000000 0.000000 0.000000
0.000000 0.000000 0.000000
0.000000 0.000000 0.000000
-0.020584 -0.117285 0.343801
0.000000 0.000000 0.000000
0.000000 0.000000 0.000000
0.090028 -0.198458 -0.069281
0.000000 0.000000 0.000000
0.000000 0.000000 0.000000
0.000000 0.000000 0.000000
0.000000 0.000000 0.000000
0.000000 0.000000 0.000000
0.000000 0.000000 0.000000
0.000000 0.000000 0.000000
0.000000 0.000000 0.000000
0.000000 0.000000 0.000000
0.000000 0.000000 0.000000
0.000000 0.000000 0.000000
0.000000 0.000000 0.000000
0.000000 0.000000 0.000000
0.000000 0.000000 0.000000
0.000000 0.000000 0.000000
0.000000 0.000000 0.000000
-0.065627 -0.144009 0.164417
0.000000 0.000000 0.000000
0.000000 0.000000 0.000000
0.000000 0.000000 0.000000
0.000000 0.000000 0.000000
0.000000 0.000000 0.000000
-0.123452 -0.114267 0.198466
0.000000 0.000000 0.000000
0.000000 0.000000 0.000000
-0.056674 -0.207729 -0.102384
0.000000 0.000000 0.000000
0.000000 0.000000 0.000000
0.000000 0.000000 0.000000
0.000000 0.000000 0.000000
0.000000 0.000000 0.000000
0.000000 0.000000 0.000000
0.000000 0.000000 0.000000
-0.072202 -0.222847 -0.007363
0.000000 0.000000 0.000000
-0.089674 -0.095736 0.293589
0.000000 0.000000 0.000000
0.000000 0.000000 0.000000
0.000000 0.000000 0.000000
0.000000 0.000000 0.000000
0.000000 0.000000 0.000000
0.057625 -0.133759 0.180247
0.019866 -0.111284 0.284564
0.000000 0.000000 0.000000
0.097917 -0.188707 -0.047507
0.000000 0.000000 0.000000
0.000000 0.000000 0.000000
0.005327 -0.214709 0.530123
0.000000 0.000000 0.000000
0.000000 0.000000 0.000000
0.363643 -0.209113 0.379257
0.000000 0.000000 0.000000
-0.021567 -0.333542 0.004468
0.000000 0.000000 0.000000
0.029177 -0.175316 -0.114066
0.000000 0.000000 0.000000
0.000000 0.000000 0.000000
0.026652 -0.109561 0.314056
0.000000 0.000000 0.000000
0.000000 0.000000 0.000000
-0.081582 -0.214739 -0.043695
0.000000 0.000000 0.000000
0.000000 0.000000 0.000000
0.000000 0.000000 0.000000
0.000000 0.000000 0.000000
0.000000 0.000000 0.000000
0.000000 0.000000 0.000000
0.136577 -0.164179 0.077131
0.000000 0.000000 0.000000
0.000000 0.000000 0.000000
0.000000 0.000000 0.000000
0.000000 0.000000 0.000000
0.000000 0.000000 0.000000
0.000000 0.000000 0.000000
0.000000 0.000000 0.000000
0.000000 0.000000 0.000000
0.000000 0.000000 0.000000
-0.106633 -0.148046 0.148887
0.052506 -0.198477 -0.066066
-0.131880 -0.142085 0.123933
0.000000 0.000000 0.000000
0.092759 -0.151672 0.128710
0.000000 0.000000 0.000000
-0.072435 -0.220494 0.079426
-0.046348 -0.166336 -0.138698
0.000000 0.000000 0.000000
0.000000 0.000000 0.000000
0.000000 0.000000 0.000000
-0.075170 -0.223945 0.030584
0.000000 0.000000 0.000000
0.000000 0.000000 0.000000
-0.004952 -0.206780 0.092766
0.000000 0.000000 0.000000
-0.047321 -0.137965 0.013597
0.000000 0.000000 0.000000
0.000000 0.000000 0.000000
0.000000 0.000000 0.000000
0.000000 0.000000 0.000000
0.000000 0.000000 0.000000
0.000000 0.000000 0.000000
0.000000 0.000000 0.000000
0.000000 0.000000 0.000000
0.000000 0.000000 0.000000
0.022028 -0.144171 0.172275
0.000000 0.000000 0.000000
0.000000 0.000000 0.000000
0.000000 0.000000 0.000000
0.039533 -0.110771 0.378329
0.000000 0.000000 0.000000
-0.018744 -0.166532 0.020412
-0.009713 -0.239937 0.054923
0.000000 0.000000 0.000000
0.000000 0.000000 0.000000
0.000000 0.000000 0.000000
0.000000 0.000000 0.000000
-0.042430 -0.149586 0.468546
0.000000 0.000000 0.000000
0.022001 -0.144486 0.018719
0.000000 0.000000 0.000000
0.135738 -0.167139 -0.007580
0.000000 0.000000 0.000000
-0.022344 -0.239171 -0.034488
0.000000 0.000000 0.000000
0.000000 0.000000 0.000000
0.000000 0.000000 0.000000
0.000000 0.000000 0.000000
-0.004555 -0.223492 -0.004819
0.000000 0.000000 0.000000
0.000000 0.000000 0.000000
0.000000 0.000000 0.000000
0.000000 0.000000 0.000000
-0.082493 -0.189723 0.075826
0.000000 0.000000 0.000000
0.000000 0.000000 0.000000
0.013113 -0.182341 0.131549
0.000000 0.000000 0.000000
0.000000 0.000000 0.000000
0.000000 0.000000 0.000000
0.015335 -0.145286 0.447166
0.000000 0.000000 0.000000
0.093166 -0.182967 -0.102190
0.000000 0.000000 0.000000
0.000000 0.000000 0.000000
0.000000 0.000000 0.000000
0.036503 -0.223202 0.063004
0.000000 0.000000 0.000000
0.057381 -0.175160 0.109035
0.000000 0.000000 0.000000
0.000000 0.000000 0.000000
0.000000 0.000000 0.000000
0.000000 0.000000 0.000000
0.000000 0.000000 0.000000
0.000000 0.000000 0.000000
0.000000 0.000000 0.000000
-0.055626 -0.207930 -0.060336
0.000000 0.000000 0.000000
0.000000 0.000000 0.000000
0.000000 0.000000 0.000000
0.000000 0.000000 0.000000
0.068371 -0.189193 -0.061027
0.000000 0.000000 0.000000
0.000000 0.000000 0.000000
0.000000 0.000000 0.000000
0.000000 0.000000 0.000000
0.000000 0.000000 0.000000
0.000000 0.000000 0.000000
0.003890 -0.131460 0.046336
0.000000 0.000000 0.000000
0.000000 0.000000 0.000000
0.000000 0.000000 0.000000
0.000000 0.000000 0.000000
0.000000 0.000000 0.000000
0.000000 0.000000 0.000000
0.000000 0.000000 0.000000
0.000000 0.000000 0.000000
0.000000 0.000000 0.000000
0.000000 0.000000 0.000000
0.000000 0.000000 0.000000
0.000000 0.000000 0.000000
0.000000 0.000000 0.000000
-0.027067 -0.138669 0.432150
-0.016618 -0.118439 0.270481
0.000000 0.000000 0.000000
0.000000 0.000000 0.000000
0.000000 0.000000 0.000000
0.102202 -0.200909 0.031053
0.000000 0.000000 0.000000
-0.031569 -0.125599 0.219540
0.000000 0.000000 0.000000
0.000000 0.000000 0.000000
0.002123 -0.155823 -0.010669
0.000000 0.000000 0.000000
0.000000 0.000000 0.000000
0.000000 0.000000 0.000000
0.000000 0.000000 0.000000
0.000000 0.000000 0.000000
0.000000 0.000000 0.000000
-0.059599 -0.119063 0.416863
0.000000 0.000000 0.000000
0.000000 0.000000 0.000000
0.000000 0.000000 0.000000
0.000000 0.000000 0.000000
0.049407 -0.179020 -0.095782
0.000000 0.000000 0.000000
0.089514 -0.191088 0.054881
0.000000 0.000000 0.000000
0.000000 0.000000 0.000000
0.000000 0.000000 0.000000
0.000000 0.000000 0.000000
0.318175 -0.186641 0.399521
0.000000 0.000000 0.000000
0.000000 0.000000 0.000000
0.000000 0.000000 0.000000
0.000000 0.000000 0.000000
0.000000 0.000000 0.000000
0.000000 0.000000 0.000000
0.000000 0.000000 0.000000
0.000000 0.000000 0.000000
0.000000 0.000000 0.000000
0.000000 0.000000 0.000000
-0.060536 -0.186080 -0.122206
0.000000 0.000000 0.000000
0.087932 -0.220683 0.019830
0.007148 -0.171028 -0.123878
0.000000 0.000000 0.000000
0.000000 0.000000 0.000000
0.000000 0.000000 0.000000
0.000000 0.000000 0.000000
0.000000 0.000000 0.000000
0.000000 0.000000 0.000000
0.000000 0.000000 0.000000
0.000000 0.000000 0.000000
0.000000 0.000000 0.000000
0.000000 0.000000 0.000000
0.000000 0.000000 0.000000
0.000000 0.000000 0.000000
-0.075377 -0.207988 0.057221
0.000000 0.000000 0.000000
0.000000 0.000000 0.000000
0.000000 0.000000 0.000000
0.000000 0.000000 0.000000
0.000000 0.000000 0.000000
0.000000 0.000000 0.000000
0.000000 0.000000 0.000000
-0.003034 -0.123511 0.244240
0.000000 0.000000 0.000000
0.000000 0.000000 0.000000
0.000000 0.000000 0.000000
0.000000 0.000000 0.000000
0.000000 0.000000 0.000000
0.028390 -0.131640 0.036896
0.000000 0.000000 0.000000
0.000000 0.000000 0.000000
0.000000 0.000000 0.000000
0.000000 0.000000 0.000000
-0.103222 -0.205738 0.021025
-0.035554 -0.137468 -0.022731
0.000000 0.000000 0.000000
0.000000 0.000000 0.000000
0.107562 -0.175994 -0.070529
0.000000 0.000000 0.000000
0.000000 0.000000 0.000000
0.000000 0.000000 0.000000
0.000000 0.000000 0.000000
0.000000 0.000000 0.000000
