-0.098932 -0.063544 0.690717
0.000000 0.000000 0.000000
0.000000 0.000000 0.000000
-0.012644 0.336620 -0.449914
-0.471874 -0.000327 0.253326
-0.252245 0.119293 0.654488
0.000000 0.000000 0.000000
0.081512 -0.147608 0.217216
0.173613 0.109885 -0.559344
-0.337714 0.119293 0.688498
-0.064031 0.587770 -0.668117
0.000000 0.000000 0.000000
-0.329924 0.090174 -0.083866
-0.433802 -0.147608 0.800849
-0.269726 -0.147608 0.004428
0.240024 0.119293 0.776926
-0.256641 -0.147608 0.410396
0.129221 -0.147608 -0.158366
0.178492 -0.147608 0.578553
-0.086986 -0.057565 0.817923
0.000000 0.000000 0.000000
0.000000 0.000000 0.000000
0.000000 0.000000 0.000000
-0.329924 0.049283 0.261739
0.000000 0.000000 0.000000
0.307313 -0.068739 0.260873
0.000000 0.000000 0.000000
-0.471874 -0.132589 0.497679
0.000000 0.000000 0.000000
0.258786 -0.147608 -0.399810
0.307313 -0.097465 0.085107
0.000000 0.000000 0.000000
0.000000 0.000000 0.000000
0.235166 -0.004750 0.600941
-0.076429 -0.147608 0.216556
0.000000 0.000000 0.000000
-0.394608 0.113852 0.817923
0.204637 -0.130589 0.817923
-0.421443 0.119293 -0.263005
-0.291731 -0.016861 0.561542
0.000000 0.000000 0.000000
0.000000 0.000000 0.000000
-0.423750 0.119293 0.462317
0.044814 -0.147608 0.408013
0.060124 0.119293 0.726240
-0.382498 -0.147608 0.217350
0.000000 0.000000 0.000000
-0.001938 -0.147608 0.034550
0.000000 0.000000 0.000000
0.000000 0.000000 0.000000
-0.471874 0.082568 0.025538
-0.100480 0.119293 0.767278
-0.224764 0.540741 -0.668117
-0.301397 -0.147608 0.691171
-0.070427 -0.147608 -0.175174
-0.471874 0.001590 0.697262
0.250080 -0.147608 0.376627
0.000000 0.000000 0.000000
0.258734 -0.147608 0.136181
-0.022983 -0.147608 0.598948
0.185994 -0.147608 -0.372278
0.310530 -0.147608 0.671055
-0.219930 -0.147608 0.560796
0.000000 0.000000 0.000000
0.000000 0.000000 0.000000
-0.329924 -0.017021 0.088247
-0.264208 -0.052804 0.817923
0.093755 0.070840 0.685599
0.000000 0.000000 0.000000
0.055197 -0.147608 0.079954
0.000000 0.000000 0.000000
0.000000 0.000000 0.000000
0.164713 -0.147608 -0.101617
-0.149839 -0.147608 0.350237
0.000000 0.000000 0.000000
-0.329924 -0.093265 0.411852
-0.218505 0.074737 0.633581
0.056851 -0.147608 -0.285015
-0.015453 -0.147608 0.756084
0.000000 0.000000 0.000000
0.000000 0.000000 0.000000
-0.409873 0.119293 0.222706
0.077060 -0.001414 0.817923
0.000000 0.000000 0.000000
0.000000 0.000000 0.000000
-0.423316 -0.147608 0.348541
0.099420 -0.147608 0.719028
-0.400430 -0.147608 0.652693
-0.471874 -0.013873 0.437943
-0.267214 -0.147608 0.237510
0.000000 0.000000 0.000000
0.089938 -0.147608 0.438960
0.001174 0.339498 -0.634647
0.000000 0.000000 0.000000
0.000000 0.000000 0.000000
0.000000 0.000000 0.000000
-0.329924 0.106622 0.078364
0.000000 0.000000 0.000000
-0.285793 -0.147608 0.132905
-0.004434 -0.147608 0.307626
-0.172022 -0.147608 0.777218
-0.244382 0.075804 0.817923
0.303171 -0.106043 0.505037
-0.449110 0.001190 0.817923
0.000000 0.000000 0.000000
-0.046852 0.303281 -0.584781
0.000000 0.000000 0.000000
-0.384937 0.119293 -0.214225
-0.329924 0.058950 0.394646
0.186360 -0.147608 0.009288
-0.441503 0.119293 -0.009232
0.000000 0.000000 0.000000
-0.167503 -0.080666 0.664743
0.000000 0.000000 0.000000
0.000000 0.000000 0.000000
-0.132506 -0.147608 0.055812
0.000000 0.000000 0.000000
-0.471874 0.073677 -0.144735
0.000000 0.000000 0.000000
0.000000 0.000000 0.000000
0.271495 -0.147608 0.606747
0.000000 0.000000 0.000000
0.231277 0.119293 0.613280
0.000000 0.000000 0.000000
-0.189860 -0.147608 0.273769
0.000000 0.000000 0.000000
0.000000 0.000000 0.000000
0.268317 -0.147608 -0.178171
0.022226 -0.147608 0.516325
-0.318268 0.119293 0.541423
0.000000 0.000000 0.000000
-0.471874 0.060394 0.561012
-0.329924 -0.054857 0.224863
0.000000 0.000000 0.000000
-0.471874 -0.036442 0.136438
0.000000 0.000000 0.000000
-0.031254 -0.147608 -0.096450
-0.471874 0.112806 0.345621
0.027819 -0.049291 0.699587
0.197460 -0.147608 0.233979
-0.182621 0.119293 0.692808
0.000000 0.000000 0.000000
0.000000 0.000000 0.000000
0.001174 0.283140 -0.445461
-0.017448 0.059299 0.817923
0.131732 0.109941 0.817923
0.000000 0.000000 0.000000
0.000000 0.000000 0.000000
-0.471874 0.118294 0.664081
-0.311000 -0.138438 0.530858
0.000000 0.000000 0.000000
0.098044 -0.109330 0.817923
-0.329924 0.017285 -0.179630
-0.329924 0.110453 0.362080
0.006877 0.469072 -0.668117
0.000000 0.000000 0.000000
0.000000 0.000000 0.000000
0.237287 -0.147608 0.496480
0.330478 -0.147608 0.800041
-0.471874 -0.125336 0.224739
0.000000 0.000000 0.000000
-0.283542 -0.147608 0.817625
-0.077436 0.062641 0.696997
-0.471874 -0.093555 0.613836
0.000000 0.000000 0.000000
-0.154705 -0.147608 -0.061466
0.000000 0.000000 0.000000
-0.408621 -0.147608 0.755725
0.000000 0.000000 0.000000
0.204313 0.020399 0.817923
0.000000 0.000000 0.000000
0.000000 0.000000 0.000000
-0.023023 0.413388 -0.547723
-0.119681 0.479982 -0.668117
0.000000 0.000000 0.000000
0.000000 0.000000 0.000000
0.000000 0.000000 0.000000
0.000000 0.000000 0.000000
-0.471874 0.082120 0.143695
0.000000 0.000000 0.000000
0.203701 -0.147608 0.671810
-0.471874 -0.080196 0.761373
-0.076214 -0.147608 0.444447
-0.329924 0.066551 0.037462
0.000000 0.000000 0.000000
0.307313 -0.082704 0.160228
-0.057633 -0.147608 0.790026
0.000000 0.000000 0.000000
0.307313 -0.108106 0.365019
-0.405785 0.119293 0.574673
0.000000 0.000000 0.000000
0.000000 0.000000 0.000000
0.016951 -0.147608 -0.181838
-0.053356 -0.147608 0.110554
-0.133884 0.045925 0.817923
0.000000 0.000000 0.000000
0.167290 -0.147608 -0.301574
0.135360 -0.023984 0.669718
0.278366 -0.147608 -0.276334
0.116655 -0.147608 0.124472
0.099893 -0.147608 0.381981
0.307274 -0.147608 0.023596
0.000000 0.000000 0.000000
-0.226433 -0.147608 0.651762
0.174270 0.119293 0.684231
0.000000 0.000000 0.000000
-0.329924 -0.078673 0.170082
-0.249038 0.119293 0.765419
-0.013831 0.119293 0.815398
0.000000 0.000000 0.000000
0.000000 0.000000 0.000000
0.088148 -0.147608 -0.016825
0.000000 0.000000 0.000000
-0.350142 0.002971 0.817923
0.000000 0.000000 0.000000
-0.382587 -0.147608 0.105979
0.232228 0.021091 -0.515636
-0.471874 -0.037802 0.371071
0.000000 0.000000 0.000000
-0.133804 -0.147608 0.614921
-0.471874 0.080759 -0.095217
-0.471874 0.077757 0.763894
-0.320505 -0.147608 0.320363
-0.329924 -0.108750 0.026737
0.000000 0.000000 0.000000
0.000000 0.000000 0.000000
-0.329924 -0.030526 0.328797
-0.471874 -0.047567 0.532112
-0.174645 -0.147608 0.135722
-0.421408 0.119293 0.075321
0.000000 0.000000 0.000000
0.157855 -0.147608 0.349732
0.000000 0.000000 0.000000
-0.329924 -0.004289 0.463141
0.000000 0.000000 0.000000
0.000000 0.000000 0.000000
0.000000 0.000000 0.000000
0.000000 0.000000 0.000000
0.181038 -0.147608 0.082917
0.000000 0.000000 0.000000
-0.140581 0.036007 0.678439
0.000000 0.000000 0.000000
0.000000 0.000000 0.000000
0.000000 0.000000 0.000000
0.332988 -0.147608 0.553891
0.000000 0.000000 0.000000
0.000000 0.000000 0.000000
-0.329924 0.021704 -0.036918
0.000000 0.000000 0.000000
0.002723 0.049787 0.701993
-0.382282 -0.147608 0.436731
0.067354 -0.147608 0.607171
0.000000 0.000000 0.000000
0.000000 0.000000 0.000000
-0.343491 -0.147608 0.576077
0.000000 0.000000 0.000000
-0.248117 -0.085556 0.610232
0.000000 0.000000 0.000000
0.000000 0.000000 0.000000
0.000000 0.000000 0.000000
0.193686 0.029352 0.635323
-0.075535 -0.147608 0.715435
0.000000 0.000000 0.000000
-0.352493 0.119293 -0.286636
0.000000 0.000000 0.000000
0.211754 -0.147608 -0.253881
0.002225 -0.082900 0.817923
-0.471874 -0.000986 -0.039342
-0.412112 -0.147608 0.559080
-0.329924 0.112916 0.450744
0.000000 0.000000 0.000000
0.000000 0.000000 0.000000
0.099733 -0.147608 0.275824
0.000000 0.000000 0.000000
-0.158708 -0.099663 0.817923
-0.203064 0.022982 0.817923
0.144361 -0.058925 0.817923
-0.353334 -0.085478 0.817923
0.000000 0.000000 0.000000
-0.063542 -0.147608 -0.031625
0.266309 -0.073504 -0.480868
-0.405167 0.119293 -0.084237
-0.329924 0.106295 0.165630
0.245129 -0.077246 0.589380
-0.471874 -0.124368 0.144630
0.000000 0.000000 0.000000
-0.470760 -0.147608 0.694991
-0.154498 -0.147608 0.499456
0.000000 0.000000 0.000000
-0.402232 -0.076406 0.817923
-0.310656 -0.147608 0.374006
-0.233234 -0.147608 0.494126
0.000000 0.000000 0.000000
-0.143750 -0.147608 0.696558
-0.471874 0.061436 0.469331
0.000000 0.000000 0.000000
-0.433246 0.050996 0.817923
0.000000 0.000000 0.000000
-0.046852 0.380293 -0.635457
-0.427104 -0.147608 0.090461
0.252566 -0.147608 0.744338
-0.129463 -0.147608 -0.109286
-0.348026 0.119293 -0.019983
0.000000 0.000000 0.000000
-0.249047 0.004293 0.609499
0.307313 -0.105181 0.418843
-0.395375 -0.147608 0.284893
-0.471874 -0.066963 0.073475
0.000000 0.000000 0.000000
0.187917 -0.071813 0.639872
0.000000 0.000000 0.000000
0.000000 0.000000 0.000000
0.000000 0.000000 0.000000
-0.471874 -0.107190 0.351664
-0.056942 -0.147608 0.377171
-0.329924 0.024162 0.185101
-0.180908 0.119293 0.804903
0.000000 0.000000 0.000000
0.160123 -0.147608 0.751988
0.001174 0.353706 -0.550125
0.128161 -0.101323 0.673448
0.000000 0.000000 0.000000
-0.021763 0.119293 0.736637
-0.001786 -0.147608 0.193071
-0.471874 -0.032365 0.615122
0.000000 0.000000 0.000000
0.000000 0.000000 0.000000
0.096351 -0.147608 0.486533
0.007988 -0.147244 0.701488
0.000000 0.000000 0.000000
-0.329924 -0.040853 0.012474
-0.329924 0.093248 -0.166878
0.323472 -0.147608 0.178972
0.000000 0.000000 0.000000
0.000000 0.000000 0.000000
-0.471874 -0.065688 0.303251
-0.432971 -0.147608 0.439509
-0.471874 -0.076230 0.459672
-0.210221 -0.147608 0.069855
0.123116 0.267501 -0.668117
0.000000 0.000000 0.000000
-0.329924 -0.017604 0.406172
-0.471874 0.094894 0.271280
0.000000 0.000000 0.000000
0.029091 -0.146469 0.817923
0.000000 0.000000 0.000000
0.000000 0.000000 0.000000
-0.298330 0.119293 0.611176
0.000000 0.000000 0.000000
-0.321571 -0.077813 0.512393
-0.443072 0.119293 0.742496
-0.316860 0.046000 0.520621
0.251235 -0.055778 0.817923
0.057481 -0.147608 -0.122749
0.121476 0.119293 0.740509
0.123134 -0.147608 -0.239854
-0.329924 0.005688 -0.107614
0.000000 0.000000 0.000000
-0.329924 -0.082523 0.308499
-0.407915 0.119293 0.373561
0.000000 0.000000 0.000000
-0.471874 0.001461 0.033877
0.171411 -0.147608 0.464986
0.000000 0.000000 0.000000
0.000000 0.000000 0.000000
0.319312 -0.147608 -0.216869
0.000000 0.000000 0.000000
0.000000 0.000000 0.000000
0.309508 -0.147608 0.306285
0.230798 -0.147608 -0.060655
0.000000 0.000000 0.000000
0.294494 -0.114970 -0.441538
-0.163441 -0.022251 0.666844
-0.403085 0.119293 0.150297
0.000000 0.000000 0.000000
-0.018767 -0.047676 0.702613
0.000000 0.000000 0.000000
0.000000 0.000000 0.000000
0.000000 0.000000 0.000000
0.000000 0.000000 0.000000
-0.471874 0.022432 0.316989
-0.046852 0.377624 -0.489381
0.000000 0.000000 0.000000
-0.035333 0.289634 -0.508224
0.068887 0.064838 0.817923
-0.150675 -0.030004 0.817923
-0.321461 0.110238 0.817923
-0.329924 -0.117356 0.256666
-0.471874 -0.028586 0.763871
0.000000 0.000000 0.000000
0.000000 0.000000 0.000000
-0.327336 -0.147608 0.756890
-0.466205 -0.147608 0.623967
0.000000 0.000000 0.000000
0.000000 0.000000 0.000000
0.000000 0.000000 0.000000
0.258501 0.063652 0.817923
0.000000 0.000000 0.000000
0.000000 0.000000 0.000000
0.000000 0.000000 0.000000
0.057527 0.315348 -0.668117
0.000000 0.000000 0.000000
0.000000 0.000000 0.000000
0.000000 0.000000 0.000000
-0.471874 0.058904 0.383120
0.000000 0.000000 0.000000
-0.436221 0.119293 -0.153113
-0.330247 0.119293 0.264591
0.000000 0.000000 0.000000
0.000000 0.000000 0.000000
-0.220735 -0.147608 0.727107
-0.296995 -0.147608 0.435490
-0.028976 0.421122 -0.668117
-0.010804 -0.013789 0.817923
0.000000 0.000000 0.000000
0.000000 0.000000 0.000000
-0.081031 -0.147608 0.516421
0.000000 0.000000 0.000000
0.000000 0.000000 0.000000
0.000000 0.000000 0.000000
0.000000 0.000000 0.000000
-0.203853 -0.147608 0.432499
-0.043218 0.515155 -0.668117
0.000000 0.000000 0.000000
-0.329924 -0.088528 0.097222
0.068412 0.004452 0.693056
0.257882 -0.147608 0.028608
-0.401802 0.119293 0.654337
-0.075246 -0.147608 0.305320
-0.239848 -0.147608 0.187884
0.000000 0.000000 0.000000
-0.471874 0.111250 0.203464
-0.316434 -0.147608 0.178323
0.061395 -0.112013 0.695121
-0.191177 -0.147608 0.201100
0.000000 0.000000 0.000000
0.000000 0.000000 0.000000
-0.288256 -0.147608 0.617116
0.000000 0.000000 0.000000
-0.106351 0.119293 0.694372
-0.471874 0.116298 0.521749
0.000000 0.000000 0.000000
0.078404 0.119293 0.796772
0.000000 0.000000 0.000000
0.182746 -0.147608 0.153518
0.000000 0.000000 0.000000
-0.070996 0.054492 0.817923
-0.317256 -0.147608 0.060972
-0.329924 0.043977 0.118029
-0.471874 -0.147332 0.552821
-0.465101 -0.147608 0.278581
0.283193 -0.147608 0.218309
0.255135 -0.147608 0.670757
-0.287735 0.014901 0.817923
0.000000 0.000000 0.000000
0.194053 0.112330 0.817923
0.000000 0.000000 0.000000
0.000000 0.000000 0.000000
-0.471874 0.049847 0.656849
0.000000 0.000000 0.000000
0.000000 0.000000 0.000000
-0.258121 -0.147608 0.537509
0.252897 -0.116391 0.817923
0.344639 -0.147608 0.724851
0.240433 -0.019213 -0.507266
0.000000 0.000000 0.000000
-0.009102 0.545977 -0.668117
0.000000 0.000000 0.000000
-0.277608 -0.113269 0.577930
-0.067369 -0.147608 0.015933
0.000000 0.000000 0.000000
0.041953 -0.147608 0.755383
0.000000 0.000000 0.000000
-0.471874 0.020834 0.154695
0.000000 0.000000 0.000000
0.000000 0.000000 0.000000
0.015653 -0.147608 -0.047159
0.000000 0.000000 0.000000
-0.062278 0.001994 0.698448
-0.258271 -0.147608 0.746914
0.000000 0.000000 0.000000
0.170233 0.119293 -0.623792
-0.098061 -0.147608 0.157204
-0.329924 0.028137 0.343521
-0.199198 -0.051747 0.817923
0.134491 -0.147608 0.188973
-0.119878 -0.133165 0.817923
0.000000 0.000000 0.000000
0.000000 0.000000 0.000000
0.001174 0.293189 -0.558925
0.000000 0.000000 0.000000
0.000000 0.000000 0.000000
-0.222547 -0.112464 0.817923
0.020296 -0.147608 0.235283
0.190765 -0.147608 -0.182185
0.000000 0.000000 0.000000
-0.205852 -0.147608 -0.010984
0.000000 0.000000 0.000000
0.000000 0.000000 0.000000
0.000000 0.000000 0.000000
0.000000 0.000000 0.000000
0.000000 0.000000 0.000000
0.000000 0.000000 0.000000
0.090184 -0.147608 -0.077436
0.307313 -0.123764 -0.118443
-0.471874 0.057037 -0.042015
-0.471874 -0.066543 0.248982
0.321392 -0.147608 0.120601
0.066806 -0.045842 0.817923
0.000000 0.000000 0.000000
-0.046852 0.362902 -0.562302
0.000000 0.000000 0.000000
0.000000 0.000000 0.000000
-0.251474 0.104956 0.607586
0.098084 -0.147608 0.786665
0.000000 0.000000 0.000000
0.307313 -0.099837 -0.014154
0.266361 -0.147608 0.421635
0.227650 0.072247 0.608542
0.000000 0.000000 0.000000
0.000000 0.000000 0.000000
0.000000 0.000000 0.000000
0.000000 0.000000 0.000000
0.000000 0.000000 0.000000
0.000000 0.000000 0.000000
-0.008041 -0.147608 0.460227
0.000000 0.000000 0.000000
0.000000 0.000000 0.000000
0.000000 0.000000 0.000000
-0.046852 0.329908 -0.634697
-0.276824 0.052439 0.578840
-0.471874 0.105754 -0.207674
0.307313 -0.068159 0.461743
-0.471874 -0.058200 0.196167
0.000000 0.000000 0.000000
0.295609 -0.147608 0.471338
-0.079679 -0.147608 0.637557
-0.343519 -0.147608 0.636400
0.000000 0.000000 0.000000
-0.471874 -0.057514 0.707253
0.000000 0.000000 0.000000
0.275390 -0.019682 0.553566
0.141916 0.014712 0.817923
0.000000 0.000000 0.000000
-0.471874 0.105435 0.405282
0.327446 -0.097342 0.817923
0.000000 0.000000 0.000000
0.000000 0.000000 0.000000
0.254980 -0.147608 0.556479
0.000000 0.000000 0.000000
-0.471874 0.037230 0.505266
-0.329924 -0.029183 0.153696
0.000000 0.000000 0.000000
0.111989 -0.147608 0.650609
0.225863 -0.147608 -0.132888
0.000000 0.000000 0.000000
0.000000 0.000000 0.000000
0.045053 -0.147608 -0.231728
-0.434670 -0.147608 0.185238
-0.259426 -0.147608 0.325750
-0.199836 0.029999 0.648022
0.276795 0.012142 0.817923
-0.286370 -0.077503 0.567763
-0.046852 0.277755 -0.443662
0.000000 0.000000 0.000000
-0.329924 -0.052437 0.447200
0.000000 0.000000 0.000000
0.212923 -0.144423 0.620154
0.185285 -0.045878 0.817923
-0.073639 -0.101625 0.697360
-0.042127 -0.147608 0.260767
-0.460067 -0.084203 0.817923
-0.329924 0.096789 -0.222114
-0.063722 -0.099819 0.817923
-0.414644 0.119293 0.030519
0.001174 0.388410 -0.604454
-0.228942 -0.147608 0.781543
0.000000 0.000000 0.000000
-0.471874 0.004021 0.092820
0.000000 0.000000 0.000000
-0.329924 -0.109340 0.125588
0.000000 0.000000 0.000000
0.164190 0.084397 0.654778
0.000000 0.000000 0.000000
0.307313 -0.061139 0.363773
0.001174 0.348399 -0.506922
0.000000 0.000000 0.000000
-0.132582 -0.147608 0.287630
0.000000 0.000000 0.000000
-0.471874 -0.134733 0.771075
-0.347939 0.119293 -0.128116
0.285270 -0.147608 0.774874
-0.329924 -0.138293 0.478890
0.000000 0.000000 0.000000
0.000000 0.000000 0.000000
-0.396435 -0.147608 0.159262
0.000000 0.000000 0.000000
0.138288 -0.147608 -0.050063
0.000000 0.000000 0.000000
0.000000 0.000000 0.000000
-0.114407 -0.147608 0.395851
-0.471874 0.050340 0.225614
0.000000 0.000000 0.000000
-0.382112 -0.135318 0.817923
-0.329924 0.119003 -0.335139
-0.350852 0.119293 0.576966
0.000000 0.000000 0.000000
0.000000 0.000000 0.000000
0.307313 -0.089429 0.305413
0.150268 -0.147608 0.505687
0.283378 -0.074191 0.539611
0.000000 0.000000 0.000000
0.000000 0.000000 0.000000
-0.094429 0.004724 0.817923
-0.148375 0.086459 0.674635
0.000000 0.000000 0.000000
0.268524 -0.147608 -0.330582
-0.168381 0.119293 0.747953
0.000000 0.000000 0.000000
-0.471874 -0.115056 0.424978
0.000000 0.000000 0.000000
0.000000 0.000000 0.000000
-0.446814 -0.147608 0.385805
-0.329924 0.059887 0.469781
0.000000 0.000000 0.000000
-0.471874 0.081459 0.081884
-0.402643 -0.016887 0.817923
-0.471874 0.101900 0.613508
0.000000 0.000000 0.000000
-0.126943 0.114505 0.817923
0.151229 -0.147608 0.698777
0.000000 0.000000 0.000000
-0.332164 0.119293 0.212387
0.000000 0.000000 0.000000
0.000000 0.000000 0.000000
0.025583 0.119293 0.779674
-0.329924 -0.020316 0.275782
0.053551 0.403999 -0.668117
0.000000 0.000000 0.000000
0.000000 0.000000 0.000000
-0.471113 0.119293 0.141536
-0.003144 -0.147608 0.125909
-0.272120 -0.093515 0.817923
-0.425914 0.119293 0.275375
0.000000 0.000000 0.000000
-0.372531 -0.147608 0.325573
0.016051 0.007943 0.700715
-0.357360 -0.147608 0.723563
0.051901 0.059709 0.697277
0.000000 0.000000 0.000000
-0.329924 0.068124 -0.023648
0.000000 0.000000 0.000000
-0.299627 -0.147608 0.652046
-0.329924 -0.026960 -0.039504
0.000000 0.000000 0.000000
-0.329924 0.001908 0.030398
0.000000 0.000000 0.000000
0.311797 -0.147608 0.517369
0.000000 0.000000 0.000000
0.000000 0.000000 0.000000
-0.337354 -0.145770 0.817923
0.000000 0.000000 0.000000
-0.207163 -0.017854 0.642525
0.212447 -0.105918 0.620530
-0.107307 -0.147608 0.757717
0.000000 0.000000 0.000000
0.223564 -0.147608 0.187164
0.000000 0.000000 0.000000
0.000000 0.000000 0.000000
0.000000 0.000000 0.000000
-0.028978 -0.044942 0.817923
0.000000 0.000000 0.000000
-0.329924 -0.003371 0.226194
0.052960 -0.086993 0.817923
0.171867 0.139208 -0.668117
0.000000 0.000000 0.000000
-0.128810 -0.147608 0.108363
-0.329924 0.055732 -0.117143
0.000000 0.000000 0.000000
0.137163 0.028410 0.668783
-0.009723 0.289634 -0.619265
0.000000 0.000000 0.000000
-0.318808 -0.025686 0.517220
0.295602 -0.118656 0.817923
0.000000 0.000000 0.000000
0.217212 -0.147608 0.340687
-0.093616 0.528981 -0.668117
-0.471874 -0.067301 0.654391
0.000000 0.000000 0.000000
0.000000 0.000000 0.000000
0.332171 -0.147608 0.402238
0.000000 0.000000 0.000000
0.000000 0.000000 0.000000
-0.471874 -0.001608 0.200995
0.000000 0.000000 0.000000
0.000000 0.000000 0.000000
-0.469600 0.119293 -0.052476
0.000000 0.000000 0.000000
-0.067166 0.119293 0.708035
-0.224986 -0.147608 0.140551
-0.327123 -0.042031 0.817923
-0.127850 -0.147608 0.211074
0.000000 0.000000 0.000000
0.000000 0.000000 0.000000
-0.471874 0.000021 0.499925
0.082271 -0.043328 0.688978
0.042197 -0.147608 0.356984
0.000000 0.000000 0.000000
0.000000 0.000000 0.000000
-0.157918 -0.147608 0.571383
0.068399 -0.147608 0.141794
0.000000 0.000000 0.000000
0.001174 0.380125 -0.661766
-0.256777 -0.147608 0.080133
0.000000 0.000000 0.000000
0.000000 0.000000 0.000000
-0.353816 0.119293 0.135453
