-0.030841 -0.008934 -0.163653
0.000000 0.000000 0.000000
0.165589 -0.211319 -0.235316
0.013033 0.207351 -0.226077
-0.630506 -0.218296 -0.052146
0.000000 0.000000 0.000000
0.000000 0.000000 0.000000
-0.636765 0.179259 -0.204789
0.000000 0.000000 0.000000
-0.945195 -0.194934 0.074446
0.000000 0.000000 0.000000
-0.278638 -0.218078 -0.235316
0.000000 0.000000 0.000000
0.000000 0.000000 0.000000
0.338255 -0.008934 -0.164643
0.000000 0.000000 0.000000
0.000000 0.000000 0.000000
-0.945195 0.015227 -0.186741
0.347593 -0.197127 0.071460
0.000000 0.000000 0.000000
-0.319870 -0.008934 -0.175387
-0.335311 0.207350 -0.115698
-0.153927 0.207351 -0.033412
-0.689404 -0.099204 -0.235316
0.249589 -0.008934 0.138759
-0.067019 -0.197127 -0.011451
0.073585 0.207351 0.008931
0.000000 0.000000 0.000000
0.000000 0.000000 0.000000
-0.512231 0.179259 -0.059227
-0.833463 0.207350 -0.164253
0.000000 0.000000 0.000000
-0.891693 -0.218296 -0.224752
0.000000 0.000000 0.000000
-0.428261 -0.145804 -0.043563
-0.744424 -0.069763 -0.173673
-0.855083 0.041976 -0.004640
0.000000 0.000000 0.000000
-0.428261 0.136974 -0.163793
0.349106 -0.197127 -0.126886
0.000000 0.000000 0.000000
0.000000 0.000000 0.000000
0.000000 0.000000 0.000000
0.000000 0.000000 0.000000
0.160547 -0.218296 0.046232
0.000000 0.000000 0.000000
0.000000 0.000000 0.000000
-0.463521 -0.111846 -0.241273
0.047765 -0.008934 0.051395
-0.053910 -0.210962 -0.235316
-0.776598 -0.218296 -0.070290
-0.663457 0.041976 -0.177944
0.000000 0.000000 0.000000
-0.265590 -0.218296 0.059170
-0.402652 -0.134146 0.097266
0.000000 0.000000 0.000000
0.421870 -0.132654 -0.220512
0.000000 0.000000 0.000000
0.000000 0.000000 0.000000
0.000000 0.000000 0.000000
-0.521551 -0.069763 -0.092623
0.000000 0.000000 0.000000
0.172685 0.179259 -0.234139
0.000000 0.000000 0.000000
0.000000 0.000000 0.000000
-0.444375 0.063148 -0.001995
-0.916388 -0.099451 -0.074797
-0.670991 0.207350 -0.138005
-0.531654 -0.218296 -0.186018
0.151107 -0.008934 -0.172732
-0.096569 0.179259 -0.158553
0.000000 0.000000 0.000000
-0.531534 -0.197971 0.110621
-0.587671 -0.218296 -0.197595
-0.835229 0.016936 -0.235316
0.258809 0.207351 0.027442
0.540812 -0.197971 -0.100683
-0.501645 0.048232 -0.243549
-0.197609 -0.218296 -0.075894
0.000000 0.000000 0.000000
0.493983 -0.218296 0.159927
0.000000 0.000000 0.000000
0.000000 0.000000 0.000000
0.000000 0.000000 0.000000
-0.300829 0.179259 -0.233234
-0.136122 -0.008934 -0.023608
-0.428261 -0.112968 -0.201620
0.343335 -0.197127 -0.210387
0.365368 -0.008934 0.019598
-0.842780 -0.069763 0.016522
-0.787925 -0.197971 0.077863
0.123578 0.207351 -0.137977
0.000000 0.000000 0.000000
0.000000 0.000000 0.000000
0.000000 0.000000 0.000000
-0.349724 -0.008934 -0.035358
0.000000 0.000000 0.000000
0.115915 -0.197127 -0.089620
-0.118817 -0.218296 0.153579
0.291291 -0.197127 0.143392
0.209322 -0.008934 -0.015495
-0.945195 -0.110184 -0.235037
0.000000 0.000000 0.000000
-0.671449 -0.086230 -0.071987
0.000000 0.000000 0.000000
-0.794478 0.041976 -0.159518
-0.731875 -0.218296 -0.162815
0.000000 0.000000 0.000000
0.217771 0.207351 -0.109033
-0.495825 0.206209 -0.235316
0.000000 0.000000 0.000000
0.454035 -0.197971 0.014114
0.010771 -0.218296 0.107890
0.000000 0.000000 0.000000
-0.552235 0.063148 -0.104582
-0.760991 0.131631 -0.235316
0.000000 0.000000 0.000000
0.000000 0.000000 0.000000
-0.945195 0.131466 -0.221291
-0.657423 -0.218296 0.101782
0.000000 0.000000 0.000000
0.000000 0.000000 0.000000
-0.040001 0.207351 -0.018083
0.474691 -0.086230 0.124024
0.000000 0.000000 0.000000
0.000000 0.000000 0.000000
0.000000 0.000000 0.000000
-0.891224 -0.218296 -0.106115
0.000000 0.000000 0.000000
-0.324459 -0.218296 -0.075750
-0.828204 -0.137216 -0.235316
-0.600667 0.207350 -0.165672
0.479561 -0.197971 -0.189796
0.553964 -0.218296 0.183474
-0.477956 -0.069763 0.011972
-0.582632 -0.006345 -0.235316
0.000000 0.000000 0.000000
0.230050 -0.218296 -0.065520
0.000000 0.000000 0.000000
-0.007160 -0.197127 -0.111282
0.092020 -0.008934 -0.068228
0.000000 0.000000 0.000000
-0.924631 0.207350 -0.105321
-0.945195 -0.216465 -0.041339
0.000000 0.000000 0.000000
-0.183191 -0.008934 -0.166101
-0.776329 0.179259 -0.067563
0.000000 0.000000 0.000000
0.000000 0.000000 0.000000
0.394441 -0.008934 0.158755
-0.681289 -0.218296 -0.019563
0.000000 0.000000 0.000000
-0.428261 -0.007712 -0.128342
0.000000 0.000000 0.000000
0.000000 0.000000 0.000000
-0.197791 0.179259 -0.120691
-0.428261 -0.012604 -0.215830
0.000000 0.000000 0.000000
0.000000 0.000000 0.000000
-0.125184 0.179259 -0.235041
-0.404560 0.207350 -0.155232
0.000000 0.000000 0.000000
0.000000 0.000000 0.000000
0.000000 0.000000 0.000000
-0.224792 -0.218296 0.152382
0.000000 0.000000 0.000000
-0.724169 -0.069763 0.043567
-0.428474 -0.218296 -0.134775
-0.637223 0.179259 -0.033215
0.000000 0.000000 0.000000
0.121655 -0.197127 0.144773
-0.163143 -0.218296 -0.189445
-0.534019 -0.197971 -0.036144
0.000000 0.000000 0.000000
-0.475566 -0.086230 -0.098052
0.000000 0.000000 0.000000
-0.670554 0.063148 -0.061585
-0.605697 -0.086230 -0.195151
0.000000 0.000000 0.000000
0.000000 0.000000 0.000000
0.000000 0.000000 0.000000
0.000000 0.000000 0.000000
-0.211047 0.207350 -0.174484
0.000000 0.000000 0.000000
-0.158685 -0.218296 0.013995
0.000000 0.000000 0.000000
0.000000 0.000000 0.000000
0.000000 0.000000 0.000000
-0.428261 0.132238 -0.058476
-0.363028 -0.218296 0.114848
-0.574783 0.110148 -0.243549
0.000000 0.000000 0.000000
-0.226537 -0.008934 0.028851
0.000000 0.000000 0.000000
-0.348033 0.179259 -0.036921
0.000000 0.000000 0.000000
0.039529 0.207351 -0.093186
0.053753 -0.197127 -0.211395
-0.839365 -0.086230 -0.127809
0.289087 -0.197127 0.016754
0.000000 0.000000 0.000000
0.000000 0.000000 0.000000
0.000000 0.000000 0.000000
-0.422763 -0.218296 -0.235161
0.537027 -0.197971 0.061917
0.445663 -0.126365 -0.126577
0.000000 0.000000 0.000000
-0.399748 -0.218296 -0.007033
0.000000 0.000000 0.000000
0.000000 0.000000 0.000000
-0.945195 0.081291 -0.090843
0.054371 -0.218296 -0.018164
-0.228555 -0.008934 -0.090803
-0.448236 0.041976 -0.210352
0.000000 0.000000 0.000000
0.000000 0.000000 0.000000
0.000000 0.000000 0.000000
0.337230 -0.197127 -0.058119
0.145083 -0.008934 0.092988
0.000000 0.000000 0.000000
-0.412876 0.166445 -0.243549
-0.633242 -0.197971 0.033885
-0.557756 -0.158671 -0.241697
-0.003564 -0.218296 0.178928
0.000000 0.000000 0.000000
0.445663 -0.134651 0.140524
-0.904762 0.041976 -0.071945
-0.237555 0.207350 -0.000006
-0.581060 -0.218296 -0.144557
0.000000 0.000000 0.000000
-0.782512 0.041976 -0.034202
0.295866 -0.008934 -0.058591
0.000000 0.000000 0.000000
0.000000 0.000000 0.000000
-0.730481 0.007924 -0.243549
-0.866303 0.111127 -0.243549
-0.853354 -0.197971 -0.001907
-0.779298 -0.191093 -0.243549
0.000000 0.000000 0.000000
0.000000 0.000000 0.000000
-0.131950 0.207350 -0.083556
0.000000 0.000000 0.000000
0.000000 0.000000 0.000000
-0.015695 -0.008934 -0.072998
-0.402652 0.062918 -0.107226
-0.945195 -0.126141 -0.014138
-0.111225 -0.218296 -0.093249
-0.583004 -0.086230 -0.007641
-0.059443 -0.008934 0.051116
-0.341013 -0.218296 -0.163466
-0.910851 0.207350 -0.198086
0.000000 0.000000 0.000000
0.000000 0.000000 0.000000
-0.527201 0.063148 0.018242
0.000000 0.000000 0.000000
-0.652653 -0.176701 -0.243549
0.281700 -0.008934 0.034766
0.000000 0.000000 0.000000
-0.429290 0.073127 -0.249431
0.000000 0.000000 0.000000
0.192243 -0.218296 -0.152029
-0.772433 -0.069763 -0.056780
0.000000 0.000000 0.000000
0.540944 -0.218296 -0.173467
0.000000 0.000000 0.000000
0.000000 0.000000 0.000000
0.450854 -0.218296 -0.078104
0.421870 -0.123280 0.046138
0.236343 -0.008934 -0.147553
0.373148 -0.218296 0.187128
0.000000 0.000000 0.000000
-0.241735 -0.197127 0.012525
0.000000 0.000000 0.000000
0.000000 0.000000 0.000000
0.208448 0.179259 0.041952
0.000000 0.000000 0.000000
0.120261 0.179259 -0.058406
-0.671621 -0.218296 -0.132726
-0.945195 -0.014834 -0.125892
0.000000 0.000000 0.000000
0.214743 -0.197127 0.061766
-0.510576 -0.086230 -0.163366
-0.491238 -0.197971 0.014500
-0.945195 -0.210786 -0.114478
0.288822 0.179259 -0.057318
0.000000 0.000000 0.000000
-0.237300 -0.218296 -0.143576
-0.351628 -0.008934 0.055359
-0.824127 -0.218296 -0.163503
0.000000 0.000000 0.000000
-0.916388 -0.087550 -0.168274
-0.428261 -0.019512 0.018739
0.000000 0.000000 0.000000
0.000000 0.000000 0.000000
0.000000 0.000000 0.000000
0.000000 0.000000 0.000000
0.000000 0.000000 0.000000
0.000000 0.000000 0.000000
-0.101518 -0.218296 -0.157056
-0.871511 0.063148 -0.203236
-0.444574 -0.218296 0.078127
-0.519653 -0.035654 -0.235316
-0.916388 -0.027559 -0.016413
-0.663085 0.118632 -0.235316
0.000000 0.000000 0.000000
-0.871226 -0.060469 -0.243549
0.000000 0.000000 0.000000
0.421870 -0.053302 0.104765
-0.769630 -0.077984 -0.235316
-0.726261 0.198730 -0.243542
-0.669355 -0.086230 -0.131354
0.000000 0.000000 0.000000
-0.402652 -0.051823 0.067570
-0.402652 -0.132276 -0.123320
0.061289 0.179259 -0.218458
0.000000 0.000000 0.000000
0.000000 0.000000 0.000000
0.415893 -0.218296 0.133302
0.206206 0.179259 -0.188299
0.000000 0.000000 0.000000
0.000000 0.000000 0.000000
0.379932 -0.197127 0.009730
0.000000 0.000000 0.000000
-0.259075 0.207351 -0.073023
0.000000 0.000000 0.000000
0.000000 0.000000 0.000000
0.536296 -0.197971 -0.017460
0.000000 0.000000 0.000000
-0.360599 0.179259 -0.196028
0.075481 -0.197127 0.061026
0.000000 0.000000 0.000000
0.000000 0.000000 0.000000
0.000000 0.000000 0.000000
0.000000 0.000000 0.000000
0.000000 0.000000 0.000000
-0.535835 0.179259 -0.166379
0.265193 0.179259 -0.160736
0.177918 -0.218296 -0.058499
0.421870 -0.060907 -0.218725
-0.453640 0.207350 -0.101145
-0.639023 0.031276 -0.243549
0.000000 0.000000 0.000000
0.000000 0.000000 0.000000
-0.475906 0.063148 -0.100078
0.152183 -0.008934 -0.004892
0.000000 0.000000 0.000000
0.000000 0.000000 0.000000
0.000000 0.000000 0.000000
0.000000 0.000000 0.000000
0.368367 -0.008934 -0.063594
-0.402652 -0.140028 0.036569
-0.804541 0.198730 -0.239981
-0.166383 -0.197127 0.098702
0.000000 0.000000 0.000000
0.000000 0.000000 0.000000
0.000000 0.000000 0.000000
-0.044692 0.179259 -0.092037
0.000000 0.000000 0.000000
0.000000 0.000000 0.000000
-0.916388 0.098753 -0.162849
-0.461294 -0.218296 -0.067482
-0.091210 -0.008934 -0.112997
0.225279 -0.218296 0.163616
-0.402652 -0.089182 -0.038193
0.000000 0.000000 0.000000
0.473666 -0.173299 0.222229
0.445663 -0.105050 -0.047421
-0.580148 0.063148 -0.155964
0.000000 0.000000 0.000000
0.000000 0.000000 0.000000
-0.748628 0.179259 -0.146645
-0.505160 0.041976 -0.147414
-0.479082 -0.157372 -0.235316
-0.402652 -0.053553 -0.179631
0.421870 -0.060267 -0.105737
-0.053892 -0.197127 0.069535
0.000000 0.000000 0.000000
0.000000 0.000000 0.000000
-0.499817 -0.086230 0.086723
-0.916388 0.123269 -0.056413
0.184212 -0.197127 0.108184
0.000000 0.000000 0.000000
-0.593653 -0.086230 -0.088935
-0.864223 -0.218296 0.061682
0.000000 0.000000 0.000000
-0.308717 -0.008934 -0.099513
-0.402652 0.012632 -0.057097
-0.715453 0.041976 -0.151612
0.000000 0.000000 0.000000
-0.627719 0.041976 -0.094061
-0.734011 0.063148 -0.088438
0.000000 0.000000 0.000000
0.000000 0.000000 0.000000
-0.748685 0.041976 -0.208088
-0.573460 0.170069 -0.235316
-0.916388 -0.171950 -0.175858
-0.428261 -0.181027 0.143356
0.000000 0.000000 0.000000
0.533781 -0.195845 -0.243549
0.000000 0.000000 0.000000
0.413919 -0.197127 -0.199203
-0.318382 -0.197127 -0.001686
0.000000 0.000000 0.000000
0.416782 -0.008934 0.050487
0.000000 0.000000 0.000000
-0.719141 -0.197971 -0.087711
0.421870 -0.059183 -0.016073
-0.153629 -0.008934 0.059418
0.000000 0.000000 0.000000
-0.508369 -0.197971 -0.116775
0.000000 0.000000 0.000000
-0.402652 -0.176640 -0.180664
0.132253 -0.218296 -0.007455
0.159329 0.207351 -0.033982
-0.471100 0.136447 -0.235316
-0.045585 -0.197127 -0.068534
0.000000 0.000000 0.000000
-0.268056 -0.008934 0.087351
0.000000 0.000000 0.000000
0.063351 -0.197127 -0.147692
0.000000 0.000000 0.000000
-0.848395 0.063148 -0.112704
0.000000 0.000000 0.000000
-0.716309 -0.218296 0.086335
-0.054780 0.179840 -0.235316
-0.551170 -0.218296 0.042829
0.000000 0.000000 0.000000
0.000000 0.000000 0.000000
-0.456015 0.207350 -0.178635
0.000000 0.000000 0.000000
-0.857764 -0.086230 -0.074036
-0.713619 -0.158671 -0.240198
-0.754919 0.207350 -0.203848
-0.428261 -0.045031 -0.059642
0.000000 0.000000 0.000000
0.000000 0.000000 0.000000
0.000000 0.000000 0.000000
0.000000 0.000000 0.000000
-0.273338 0.179259 -0.166323
-0.569093 0.063148 -0.210828
0.000000 0.000000 0.000000
0.000000 0.000000 0.000000
0.461769 -0.197971 0.098376
-0.791151 -0.086230 -0.194729
-0.167484 -0.008934 -0.084152
-0.689074 -0.069763 -0.214279
0.000000 0.000000 0.000000
0.320900 -0.208278 0.222229
-0.402652 0.178189 -0.093748
0.000000 0.000000 0.000000
0.210990 -0.008934 0.058953
0.232028 0.207351 -0.027230
0.445663 -0.131078 0.197002
0.111034 -0.197127 0.203930
0.432562 -0.218296 0.220142
0.000000 0.000000 0.000000
0.044912 -0.008934 -0.122535
-0.791363 0.041976 -0.102580
-0.916388 -0.030647 -0.215747
-0.575744 0.179259 -0.028177
0.000000 0.000000 0.000000
-0.945195 -0.156257 -0.103721
-0.151628 0.179259 -0.186142
-0.785403 -0.069763 0.006133
0.056776 -0.197127 0.131626
-0.180694 0.179259 0.008887
0.000000 0.000000 0.000000
-0.208643 -0.218296 0.073662
-0.000256 -0.197127 0.013625
0.000000 0.000000 0.000000
0.025220 -0.008934 -0.013097
0.236906 -0.218296 -0.223104
0.000000 0.000000 0.000000
-0.719343 -0.069763 -0.025100
-0.417237 -0.073396 -0.246214
0.000000 0.000000 0.000000
-0.012808 -0.197127 -0.180901
0.000000 0.000000 0.000000
0.278814 -0.197127 -0.060868
-0.290500 -0.218296 0.109082
0.000000 0.000000 0.000000
-0.856237 0.154917 -0.243549
-0.691962 0.095837 -0.243549
0.410912 -0.218296 -0.144533
-0.810968 0.207350 -0.102706
-0.577544 -0.115075 -0.243549
0.000000 0.000000 0.000000
-0.382914 -0.197127 -0.068822
0.187660 -0.008934 -0.103542
-0.677654 -0.197971 -0.193820
0.000000 0.000000 0.000000
0.000000 0.000000 0.000000
-0.428261 0.123797 -0.003585
0.000000 0.000000 0.000000
-0.726225 -0.086230 -0.101788
-0.627104 -0.048865 -0.235316
0.114733 -0.218296 0.097841
-0.416436 0.023796 -0.235316
0.000000 0.000000 0.000000
-0.091285 0.179259 -0.007317
-0.784933 -0.197971 -0.152479
0.000000 0.000000 0.000000
-0.845413 -0.069763 -0.202406
0.000000 0.000000 0.000000
0.000000 0.000000 0.000000
0.300392 -0.008934 0.107966
-0.807224 0.084804 -0.235316
0.000000 0.000000 0.000000
0.000000 0.000000 0.000000
-0.647126 0.207350 -0.081715
0.000000 0.000000 0.000000
-0.945195 -0.116754 0.037629
0.000000 0.000000 0.000000
0.000000 0.000000 0.000000
-0.908796 -0.086230 0.025116
0.000000 0.000000 0.000000
0.000000 0.000000 0.000000
0.000000 0.000000 0.000000
-0.795838 -0.197971 -0.010895
0.000000 0.000000 0.000000
-0.735637 0.063148 -0.022703
-0.109056 -0.218296 0.089172
0.000000 0.000000 0.000000
0.000000 0.000000 0.000000
-0.837236 -0.218296 -0.098679
0.000000 0.000000 0.000000
-0.582141 0.041976 -0.050296
-0.048681 -0.218296 0.117529
0.032042 0.179259 -0.036701
-0.708529 -0.197971 0.037261
0.569872 -0.218296 0.131740
0.000000 0.000000 0.000000
0.000000 0.000000 0.000000
0.000000 0.000000 0.000000
0.000000 0.000000 0.000000
-0.562723 0.179259 -0.105512
-0.884021 0.179259 -0.137582
-0.571315 -0.069763 -0.141961
0.000000 0.000000 0.000000
0.000000 0.000000 0.000000
0.000000 0.000000 0.000000
-0.500238 -0.069763 -0.039862
-0.069883 -0.008934 -0.025762
0.000000 0.000000 0.000000
0.108001 0.207351 -0.204169
0.000000 0.000000 0.000000
0.000000 0.000000 0.000000
0.000000 0.000000 0.000000
-0.838467 -0.197971 -0.233795
-0.247853 -0.008934 -0.174847
-0.626570 0.063148 -0.207023
-0.945195 -0.073028 -0.113282
0.000000 0.000000 0.000000
-0.635462 -0.069763 0.017390
0.000000 0.000000 0.000000
-0.533078 -0.069763 0.034053
-0.259151 -0.218296 -0.074518
0.207492 -0.218296 0.005470
0.112042 -0.008934 0.038007
0.000000 0.000000 0.000000
-0.916598 -0.218296 0.020119
-0.402652 0.084426 0.027001
0.404188 -0.197127 -0.065234
0.000000 0.000000 0.000000
0.000000 0.000000 0.000000
-0.019613 -0.008934 0.018532
0.000000 0.000000 0.000000
0.286087 -0.218296 -0.194952
0.000000 0.000000 0.000000
0.487065 -0.218296 -0.119721
0.000000 0.000000 0.000000
-0.428261 0.114009 -0.215024
0.000000 0.000000 0.000000
-0.431978 0.063148 -0.059764
0.000000 0.000000 0.000000
0.000000 0.000000 0.000000
-0.012547 -0.008934 0.089479
-0.444971 0.041976 -0.158373
-0.386848 -0.218296 0.055777
0.341805 -0.008934 0.123289
-0.218632 -0.218296 -0.213098
-0.657943 -0.028309 -0.235316
0.000000 0.000000 0.000000
-0.539405 -0.075340 -0.235316
-0.433712 -0.086230 0.033024
-0.945195 -0.196284 -0.217232
-0.533056 0.079735 -0.243549
0.070975 0.179259 -0.156193
0.137757 -0.218296 -0.142241
0.104175 -0.218296 -0.187552
0.000000 0.000000 0.000000
0.000000 0.000000 0.000000
-0.379317 -0.218296 -0.126018
-0.284747 -0.008934 0.013106
0.000000 0.000000 0.000000
-0.682956 0.179259 -0.190933
0.000000 0.000000 0.000000
0.000000 0.000000 0.000000
-0.898968 0.019273 -0.235316
-0.791865 0.041976 -0.210703
0.000000 0.000000 0.000000
0.298027 -0.008934 -0.118032
0.000000 0.000000 0.000000
-0.708840 0.207350 -0.088671
-0.351730 -0.218296 -0.213815
0.109432 -0.008934 -0.117562
-0.883728 0.041976 -0.138046
0.421870 -0.151521 -0.169781
0.000000 0.000000 0.000000
0.000000 0.000000 0.000000
0.000000 0.000000 0.000000
-0.402652 0.086049 -0.173371
0.000000 0.000000 0.000000
0.000000 0.000000 0.000000
-0.612405 -0.197971 0.124598
0.000000 0.000000 0.000000
-0.451409 0.179259 -0.041447
0.000000 0.000000 0.000000
-0.800537 -0.030736 -0.235316
-0.621789 -0.086230 -0.146448
0.085068 -0.008934 -0.015859
0.295504 -0.218296 0.085156
-0.318325 -0.197127 0.052592
0.157603 0.179259 -0.104603
0.000000 0.000000 0.000000
-0.495472 0.041976 -0.049222
0.165099 0.207351 -0.164348
0.000000 0.000000 0.000000
0.000000 0.000000 0.000000
-0.135129 -0.197127 -0.065410
-0.945195 0.134539 -0.150866
0.000000 0.000000 0.000000
0.000000 0.000000 0.000000
0.000000 0.000000 0.000000
-0.544183 -0.197971 -0.090463
-0.481347 -0.218296 -0.218018
-0.148276 -0.205041 -0.235316
0.400908 -0.008934 -0.176091
0.000000 0.000000 0.000000
-0.233776 -0.008934 -0.032095
0.387831 -0.008934 0.086303
0.550349 -0.182035 0.222229
0.421870 -0.079950 -0.160954
-0.749388 -0.218296 -0.018813
-0.364771 -0.008934 -0.102816
-0.405972 -0.132856 -0.240901
0.421870 -0.144450 -0.020640
-0.199196 0.207351 -0.076456
-0.505953 0.179259 -0.116885
-0.179965 -0.197127 -0.150268
0.000000 0.000000 0.000000
-0.663365 0.063148 -0.129478
0.000000 0.000000 0.000000
-0.775962 -0.134941 -0.243549
-0.402652 -0.062098 -0.132416
0.240727 -0.218296 0.109589
0.000000 0.000000 0.000000
0.000000 0.000000 0.000000
0.000000 0.000000 0.000000
-0.527427 0.141777 -0.235316
-0.685734 0.054513 -0.235316
0.014896 -0.218296 -0.058539
0.000000 0.000000 0.000000
-0.173907 0.207350 -0.230818
0.000000 0.000000 0.000000
-0.945195 -0.043238 -0.173702
-0.824921 0.041976 -0.068223
0.000000 0.000000 0.000000
0.235203 -0.008934 -0.064716
0.000000 0.000000 0.000000
0.000000 0.000000 0.000000
-0.866780 0.207350 -0.105699
0.000000 0.000000 0.000000
0.145531 -0.008934 -0.065458
-0.491527 -0.218296 0.112073
-0.552043 -0.211345 -0.235316
-0.628432 0.144607 -0.235316
-0.775797 -0.218296 -0.196569
0.010222 -0.218296 0.054333
-0.752829 0.075192 -0.235316
-0.547457 0.207350 -0.212171
0.000000 0.000000 0.000000
0.000000 0.000000 0.000000
-0.944606 -0.218296 -0.169100
-0.631061 -0.129140 -0.243549
0.000000 0.000000 0.000000
-0.646733 -0.218296 -0.219448
0.000000 0.000000 0.000000
-0.105960 -0.008934 0.086686
0.000000 0.000000 0.000000
-0.482512 0.001871 -0.243549
-0.455130 -0.069763 -0.216533
0.000000 0.000000 0.000000
0.000000 0.000000 0.000000
0.000000 0.000000 0.000000
-0.578971 -0.218296 -0.015304
0.000000 0.000000 0.000000
-0.945195 -0.027133 -0.073776
-0.125607 -0.008934 -0.153569
-0.139633 0.179259 -0.127226
-0.795036 0.144332 -0.235316
0.000000 0.000000 0.000000
0.000000 0.000000 0.000000
0.000000 0.000000 0.000000
-0.538623 0.029158 -0.243549
0.000000 0.000000 0.000000
-0.889309 -0.099514 -0.239958
0.000000 0.000000 0.000000
0.000000 0.000000 0.000000
-0.730460 -0.044893 -0.235316
-0.945195 0.039111 -0.139109
-0.222425 0.179259 -0.042583
-0.751957 -0.100186 -0.243549
0.000000 0.000000 0.000000
0.000000 0.000000 0.000000
0.000000 0.000000 0.000000
0.009874 0.207351 -0.173163
