0.000000 0.000000 0.000000
-0.235921 0.088910 -0.936550
0.000000 0.000000 0.000000
0.000000 0.000000 0.000000
0.000000 0.000000 0.000000
-0.025117 -0.193184 -0.759677
0.000000 0.000000 0.000000
-0.253314 -0.220178 0.527957
-0.010368 -0.193184 -0.015416
0.000000 0.000000 0.000000
-0.253314 -0.177931 -0.350797
0.041797 -0.078181 -0.457619
-0.253175 -0.223622 0.212089
0.000000 0.000000 0.000000
0.000000 0.000000 0.000000
0.000000 0.000000 0.000000
-0.253314 -0.150010 -0.650174
-0.253314 0.081788 -0.286986
0.000000 0.000000 0.000000
0.000000 0.000000 0.000000
0.242249 -0.223622 -0.944091
0.000000 0.000000 0.000000
0.000000 0.000000 0.000000
-0.253314 -0.195293 -0.029592
-0.235921 -0.199113 -0.951074
-0.262009 0.170223 -0.660309
0.000000 0.000000 0.000000
0.078284 -0.193184 -0.285785
-0.175686 -0.193184 -0.628242
0.000000 0.000000 0.000000
0.000000 0.000000 0.000000
-0.235921 0.049800 -0.392258
0.000000 0.000000 0.000000
0.000000 0.000000 0.000000
0.000000 0.000000 0.000000
0.000000 0.000000 0.000000
0.032613 -0.104954 -0.916342
0.194659 -0.193184 -0.760864
0.000000 0.000000 0.000000
0.000000 0.000000 0.000000
0.000000 0.000000 0.000000
-0.136435 0.195021 -0.840864
0.000000 0.000000 0.000000
0.000000 0.000000 0.000000
0.000000 0.000000 0.000000
-0.128018 -0.193184 -0.194659
0.000000 0.000000 0.000000
-0.140058 -0.115192 -0.457619
0.000000 0.000000 0.000000
-0.253314 0.015849 -0.756010
0.024017 -0.206228 -0.555601
-0.229062 -0.206228 0.384392
0.000000 0.000000 0.000000
0.000000 0.000000 0.000000
0.000000 0.000000 0.000000
0.000000 0.000000 0.000000
-0.235921 -0.083920 -0.168869
-0.119550 -0.206228 0.108611
-0.253314 -0.030494 -0.549359
0.000000 0.000000 0.000000
0.000000 0.000000 0.000000
0.000000 0.000000 0.000000
0.000000 0.000000 0.000000
0.000000 0.000000 0.000000
0.000000 0.000000 0.000000
-0.090039 -0.193184 -0.384406
0.000000 0.000000 0.000000
0.000000 0.000000 0.000000
-0.253314 -0.112587 -0.842163
-0.235921 -0.074161 0.061686
0.000000 0.000000 0.000000
0.000000 0.000000 0.000000
0.000000 0.000000 0.000000
0.000000 0.000000 0.000000
0.000000 0.000000 0.000000
-0.058344 0.076776 -0.916342
0.000000 0.000000 0.000000
-0.085297 -0.217891 -0.951126
0.000000 0.000000 0.000000
-0.150467 -0.070574 -0.916342
0.000000 0.000000 0.000000
0.000000 0.000000 0.000000
-0.165359 -0.193184 -0.793371
0.000000 0.000000 0.000000
0.000000 0.000000 0.000000
-0.052736 -0.206228 -0.046590
0.000000 0.000000 0.000000
-0.253314 -0.195316 -0.486822
0.000000 0.000000 0.000000
0.000000 0.000000 0.000000
-0.253314 0.137926 -0.790725
0.000000 0.000000 0.000000
0.000000 0.000000 0.000000
0.000000 0.000000 0.000000
-0.147549 0.020626 -0.457619
0.000000 0.000000 0.000000
0.130241 -0.206228 -0.425754
0.000000 0.000000 0.000000
0.115800 0.019555 -0.933734
0.141158 -0.023924 -0.933734
0.000000 0.000000 0.000000
0.086074 -0.223622 -0.848137
0.000000 0.000000 0.000000
-0.235921 0.089208 -0.106250
0.000000 0.000000 0.000000
0.000000 0.000000 0.000000
0.000000 0.000000 0.000000
-0.235921 -0.151131 0.508773
-0.235921 -0.127659 0.396243
0.000000 0.000000 0.000000
0.000000 0.000000 0.000000
-0.049596 -0.026763 -0.916342
0.000000 0.000000 0.000000
0.008845 -0.206228 -0.185785
0.000000 0.000000 0.000000
-0.235921 -0.099572 -0.390374
0.000000 0.000000 0.000000
0.000000 0.000000 0.000000
0.067982 -0.206228 -0.689392
0.000000 0.000000 0.000000
-0.227225 0.199952 -0.879057
0.128494 -0.193184 -0.583767
0.000000 0.000000 0.000000
-0.176157 -0.130743 -0.024987
0.000000 0.000000 0.000000
0.000000 0.000000 0.000000
0.000000 0.000000 0.000000
0.000000 0.000000 0.000000
0.000000 0.000000 0.000000
-0.253314 -0.201788 -0.239172
0.000000 0.000000 0.000000
0.000000 0.000000 0.000000
-0.235921 -0.112356 -0.768171
-0.041662 -0.206228 -0.620372
0.000000 0.000000 0.000000
0.000000 0.000000 0.000000
0.000000 0.000000 0.000000
0.000000 0.000000 0.000000
0.000000 0.000000 0.000000
-0.253314 0.091915 -0.563882
-0.235921 -0.135403 0.292812
0.000000 0.000000 0.000000
-0.021903 -0.210546 -0.951126
0.000000 0.000000 0.000000
0.000000 0.000000 0.000000
-0.055348 -0.038916 -0.457619
-0.235921 -0.030284 -0.044517
-0.182634 -0.206228 -0.510548
-0.253314 0.011939 -0.873169
0.000000 0.000000 0.000000
0.000000 0.000000 0.000000
0.000000 0.000000 0.000000
0.135522 -0.198802 -0.933734
-0.235921 -0.106736 -0.610772
0.000000 0.000000 0.000000
0.000000 0.000000 0.000000
-0.253314 0.118482 -0.499444
-0.235921 -0.050562 -0.332559
-0.235921 -0.166632 0.074951
0.000000 0.000000 0.000000
0.000000 0.000000 0.000000
0.000000 0.000000 0.000000
0.000000 0.000000 0.000000
0.000000 0.000000 0.000000
0.000000 0.000000 0.000000
0.000000 0.000000 0.000000
-0.083455 -0.193184 -0.299496
0.000000 0.000000 0.000000
-0.128211 -0.193184 0.028703
-0.179416 -0.223622 -0.329773
-0.235921 -0.022309 -0.233742
-0.195000 0.193790 -0.562576
-0.188314 0.193794 -0.948876
0.000000 0.000000 0.000000
0.000000 0.000000 0.000000
-0.156400 -0.206228 -0.106150
0.000000 0.000000 0.000000
0.000000 0.000000 0.000000
-0.069825 -0.193184 -0.470379
-0.235921 -0.203384 -0.135213
0.000000 0.000000 0.000000
0.000000 0.000000 0.000000
0.000000 0.000000 0.000000
0.000000 0.000000 0.000000
0.000000 0.000000 0.000000
0.013163 -0.206228 -0.378429
-0.161493 0.094542 -0.933734
0.000000 0.000000 0.000000
-0.240534 -0.223622 -0.746261
-0.253314 0.073646 -0.671099
-0.235921 -0.105601 0.159912
-0.235921 0.151073 -0.392584
0.152721 -0.206228 -0.654580
-0.169503 0.215151 -0.768676
-0.235921 -0.140228 0.238594
0.144017 -0.147393 -0.916342
0.000000 0.000000 0.000000
0.000000 0.000000 0.000000
0.000000 0.000000 0.000000
0.000000 0.000000 0.000000
0.000000 0.000000 0.000000
-0.173868 -0.206228 0.304760
0.000000 0.000000 0.000000
0.000000 0.000000 0.000000
-0.241179 -0.223622 -0.590770
-0.063838 -0.193184 -0.859785
0.000000 0.000000 0.000000
0.000000 0.000000 0.000000
0.000000 0.000000 0.000000
-0.253314 -0.095564 -0.467311
-0.212464 -0.001122 -0.483708
-0.235921 -0.023857 -0.669577
-0.158907 -0.223622 -0.889624
-0.253314 -0.109378 -0.079977
0.000000 0.000000 0.000000
0.000000 0.000000 0.000000
0.000000 0.000000 0.000000
0.000000 0.000000 0.000000
0.000000 0.000000 0.000000
-0.253314 0.098280 -0.189822
-0.186210 0.105039 -0.483708
-0.112799 -0.193184 -0.551549
-0.122761 -0.082626 0.001102
0.000000 0.000000 0.000000
0.000000 0.000000 0.000000
0.004611 -0.175966 -0.457619
0.000000 0.000000 0.000000
0.000000 0.000000 0.000000
0.000000 0.000000 0.000000
-0.253314 -0.155740 0.626208
0.000000 0.000000 0.000000
-0.127741 0.030335 -0.916342
0.000000 0.000000 0.000000
0.171292 -0.193184 -0.516120
-0.025517 -0.193184 0.054368
0.000000 0.000000 0.000000
-0.235921 0.121508 -0.746034
0.000000 0.000000 0.000000
0.000000 0.000000 0.000000
0.000000 0.000000 0.000000
0.000000 0.000000 0.000000
-0.235921 -0.213836 -0.833480
0.000000 0.000000 0.000000
0.000000 0.000000 0.000000
-0.253314 0.037616 0.046106
0.041788 -0.028507 -0.916342
0.000000 0.000000 0.000000
-0.173450 -0.193184 -0.412281
0.000000 0.000000 0.000000
-0.235921 -0.013597 -0.440095
0.000000 0.000000 0.000000
0.000000 0.000000 0.000000
0.000000 0.000000 0.000000
0.000000 0.000000 0.000000
-0.253314 -0.044623 -0.914694
0.000000 0.000000 0.000000
0.000000 0.000000 0.000000
-0.190119 -0.140119 -0.933734
0.000000 0.000000 0.000000
-0.207972 -0.166060 -0.483708
0.000000 0.000000 0.000000
-0.235921 -0.005352 -0.124423
0.000000 0.000000 0.000000
0.000000 0.000000 0.000000
0.000000 0.000000 0.000000
0.000000 0.000000 0.000000
-0.238539 -0.133041 -0.951126
0.054728 -0.193184 -0.769859
0.000000 0.000000 0.000000
0.000000 0.000000 0.000000
0.000000 0.000000 0.000000
0.000000 0.000000 0.000000
0.000000 0.000000 0.000000
-0.153039 -0.193184 0.207344
0.000000 0.000000 0.000000
0.000000 0.000000 0.000000
0.000000 0.000000 0.000000
-0.253314 0.073889 -0.837726
0.000000 0.000000 0.000000
-0.209204 -0.187869 0.459823
0.000000 0.000000 0.000000
0.000000 0.000000 0.000000
-0.209249 -0.193184 0.145095
0.000000 0.000000 0.000000
0.000000 0.000000 0.000000
0.000000 0.000000 0.000000
0.232376 -0.223622 -0.852413
0.000000 0.000000 0.000000
0.000000 0.000000 0.000000
0.000000 0.000000 0.000000
0.000000 0.000000 0.000000
-0.057750 -0.136868 -0.483708
0.000000 0.000000 0.000000
0.000000 0.000000 0.000000
0.000000 0.000000 0.000000
0.000000 0.000000 0.000000
-0.122922 0.193790 -0.911026
0.000000 0.000000 0.000000
0.000000 0.000000 0.000000
-0.014164 -0.223622 -0.260921
0.000000 0.000000 0.000000
-0.253314 -0.136350 -0.273406
-0.253314 0.032278 -0.308376
0.000000 0.000000 0.000000
0.000000 0.000000 0.000000
-0.090919 0.158987 -0.933734
-0.053545 -0.158848 0.001102
-0.236803 0.167705 -0.576575
0.093122 -0.083463 -0.933734
0.000000 0.000000 0.000000
-0.141572 -0.223622 -0.262512
0.000000 0.000000 0.000000
-0.097709 -0.206228 0.195522
-0.033936 -0.193184 -0.536789
0.000000 0.000000 0.000000
0.000000 0.000000 0.000000
0.000000 0.000000 0.000000
-0.209832 0.179363 -0.648493
0.000000 0.000000 0.000000
0.126821 -0.193184 -0.819248
0.000000 0.000000 0.000000
-0.110033 -0.193184 -0.651720
-0.260941 0.167705 -0.306216
-0.253314 -0.153607 0.437001
0.000000 0.000000 0.000000
0.000000 0.000000 0.000000
-0.251373 -0.223622 0.038063
0.000000 0.000000 0.000000
-0.253314 0.084597 -0.447330
0.000000 0.000000 0.000000
0.000000 0.000000 0.000000
0.000000 0.000000 0.000000
-0.253314 -0.059849 0.273880
-0.196245 -0.193184 -0.717792
0.000000 0.000000 0.000000
0.000000 0.000000 0.000000
0.000000 0.000000 0.000000
0.000000 0.000000 0.000000
0.000000 0.000000 0.000000
0.000000 0.000000 0.000000
0.000000 0.000000 0.000000
-0.001079 0.112503 -0.916342
0.000000 0.000000 0.000000
0.000000 0.000000 0.000000
0.082600 -0.193184 -0.352540
0.000000 0.000000 0.000000
0.000000 0.000000 0.000000
0.000000 0.000000 0.000000
0.000000 0.000000 0.000000
0.000000 0.000000 0.000000
0.000000 0.000000 0.000000
0.250226 -0.223622 -0.709016
0.000000 0.000000 0.000000
0.089129 -0.176117 -0.483708
0.000000 0.000000 0.000000
0.000000 0.000000 0.000000
0.000000 0.000000 0.000000
0.000000 0.000000 0.000000
-0.086615 -0.206228 -0.798098
-0.235921 -0.211875 0.606597
-0.080338 -0.193184 -0.712515
0.226571 -0.135449 -0.916342
0.000000 0.000000 0.000000
0.000000 0.000000 0.000000
-0.255341 0.193794 -0.750405
-0.235921 -0.093432 -0.702879
0.000000 0.000000 0.000000
0.000000 0.000000 0.000000
-0.207372 -0.077455 0.001102
0.051085 -0.180968 -0.916342
-0.003533 -0.099167 -0.457619
0.000000 0.000000 0.000000
-0.262009 0.184053 -0.942693
0.000000 0.000000 0.000000
-0.253314 0.144320 -0.871457
-0.253314 -0.110844 -0.323913
0.000000 0.000000 0.000000
0.001956 0.033845 -0.916342
0.000000 0.000000 0.000000
0.000000 0.000000 0.000000
0.000000 0.000000 0.000000
0.000000 0.000000 0.000000
-0.235921 -0.110137 -0.523506
0.000000 0.000000 0.000000
0.000000 0.000000 0.000000
-0.253314 -0.018747 0.017846
-0.137762 -0.206228 0.373862
-0.253314 0.040506 -0.549806
0.000000 0.000000 0.000000
0.000000 0.000000 0.000000
-0.195581 -0.009071 -0.933734
0.000000 0.000000 0.000000
0.000000 0.000000 0.000000
0.000000 0.000000 0.000000
-0.120275 -0.028274 -0.457619
0.000000 0.000000 0.000000
0.044893 -0.143289 -0.483708
-0.195543 -0.223118 0.231550
0.000000 0.000000 0.000000
0.000000 0.000000 0.000000
-0.182410 -0.206228 -0.013847
0.000000 0.000000 0.000000
0.000000 0.000000 0.000000
-0.000621 -0.206228 -0.099173
0.042305 -0.207371 -0.255434
-0.246056 0.193794 -0.520027
-0.253314 0.030529 -0.950073
0.000000 0.000000 0.000000
-0.087468 -0.193184 -0.108775
0.000000 0.000000 0.000000
0.000000 0.000000 0.000000
0.000000 0.000000 0.000000
0.000000 0.000000 0.000000
-0.253314 -0.147522 -0.199735
0.000000 0.000000 0.000000
-0.235921 -0.119734 0.021069
0.111005 -0.193184 -0.717687
-0.235921 -0.155563 0.348264
0.000000 0.000000 0.000000
-0.039156 -0.101728 -0.916342
0.000000 0.000000 0.000000
0.000000 0.000000 0.000000
-0.005329 -0.193184 -0.682349
0.237037 -0.223622 -0.780014
0.000000 0.000000 0.000000
-0.109496 -0.153646 -0.024987
0.000000 0.000000 0.000000
0.000000 0.000000 0.000000
-0.168459 -0.206228 0.061536
-0.253314 -0.159311 -0.404155
-0.197654 0.193790 -0.691307
0.000000 0.000000 0.000000
0.000000 0.000000 0.000000
0.000000 0.000000 0.000000
-0.253314 -0.064789 0.123617
0.000000 0.000000 0.000000
0.000000 0.000000 0.000000
0.000000 0.000000 0.000000
-0.107196 0.199130 -0.756339
-0.138928 -0.209936 -0.951126
0.000000 0.000000 0.000000
0.000000 0.000000 0.000000
0.000000 0.000000 0.000000
-0.253314 -0.154545 -0.576340
0.000000 0.000000 0.000000
-0.253314 -0.039070 -0.611224
0.000000 0.000000 0.000000
-0.235921 0.039739 -0.203696
0.000000 0.000000 0.000000
0.033656 -0.206228 -0.613241
-0.233065 0.193794 -0.801650
0.000000 0.000000 0.000000
0.000000 0.000000 0.000000
-0.239714 -0.223622 -0.671569
0.000000 0.000000 0.000000
-0.203189 -0.206228 -0.230386
0.000000 0.000000 0.000000
0.000000 0.000000 0.000000
-0.253314 -0.070664 0.214005
0.000000 0.000000 0.000000
0.000000 0.000000 0.000000
-0.235921 -0.147694 -0.019045
0.000000 0.000000 0.000000
0.041897 -0.193184 -0.833583
0.000000 0.000000 0.000000
0.000000 0.000000 0.000000
0.000000 0.000000 0.000000
0.000000 0.000000 0.000000
0.000000 0.000000 0.000000
0.000000 0.000000 0.000000
0.000000 0.000000 0.000000
-0.235921 -0.032885 -0.734451
0.196269 -0.193184 -0.836980
-0.193815 -0.113550 -0.457619
0.186129 -0.223622 -0.923862
0.000000 0.000000 0.000000
0.000000 0.000000 0.000000
-0.045350 -0.223622 -0.343687
0.000000 0.000000 0.000000
0.000000 0.000000 0.000000
-0.235921 -0.086298 0.347293
-0.064814 -0.172516 -0.916342
0.000000 0.000000 0.000000
0.000000 0.000000 0.000000
-0.224077 -0.206228 -0.301779
0.000000 0.000000 0.000000
0.000000 0.000000 0.000000
0.000000 0.000000 0.000000
0.000000 0.000000 0.000000
0.207543 -0.206228 -0.637310
0.000000 0.000000 0.000000
0.003078 -0.032310 -0.483708
-0.235921 0.035316 -0.049846
0.000000 0.000000 0.000000
0.000000 0.000000 0.000000
0.000000 0.000000 0.000000
-0.208291 -0.068504 -0.483708
-0.262009 0.183571 -0.422199
0.000000 0.000000 0.000000
0.000000 0.000000 0.000000
-0.153827 0.226893 -0.900814
0.000000 0.000000 0.000000
0.166816 -0.091175 -0.933734
0.000000 0.000000 0.000000
0.000000 0.000000 0.000000
0.000000 0.000000 0.000000
0.063348 0.043066 -0.933734
0.000000 0.000000 0.000000
0.000000 0.000000 0.000000
0.000000 0.000000 0.000000
-0.235921 -0.171823 -0.799983
-0.253314 0.133248 -0.145852
0.000000 0.000000 0.000000
0.251063 -0.188579 -0.892325
0.000000 0.000000 0.000000
0.000000 0.000000 0.000000
-0.191051 -0.206228 -0.582322
0.000000 0.000000 0.000000
-0.198548 0.044807 -0.916342
0.000000 0.000000 0.000000
0.000000 0.000000 0.000000
0.000000 0.000000 0.000000
-0.072193 -0.206228 -0.171628
0.164138 -0.206228 -0.868416
0.000000 0.000000 0.000000
0.000000 0.000000 0.000000
-0.235921 -0.219930 -0.405259
0.000000 0.000000 0.000000
0.000000 0.000000 0.000000
0.000000 0.000000 0.000000
0.000000 0.000000 0.000000
0.000000 0.000000 0.000000
0.000000 0.000000 0.000000
0.000000 0.000000 0.000000
0.000000 0.000000 0.000000
-0.084112 -0.082215 -0.457619
-0.235921 -0.160730 -0.725605
0.000000 0.000000 0.000000
-0.106488 -0.024361 -0.933734
0.114905 -0.206228 -0.524929
-0.253314 -0.007327 -0.377639
0.117531 -0.206228 -0.770463
0.000000 0.000000 0.000000
0.000000 0.000000 0.000000
0.000000 0.000000 0.000000
0.000000 0.000000 0.000000
-0.103143 -0.102964 -0.933734
-0.235921 0.125787 -0.629272
-0.253314 -0.141815 -0.134160
0.000000 0.000000 0.000000
-0.253314 -0.058079 -0.105941
-0.007931 -0.223622 -0.859703
0.073557 -0.193184 -0.417076
0.000000 0.000000 0.000000
0.000000 0.000000 0.000000
-0.201763 0.053308 -0.457619
-0.253314 0.026944 -0.813631
0.000000 0.000000 0.000000
0.200409 -0.193184 -0.691930
0.000000 0.000000 0.000000
-0.173447 -0.206228 -0.843008
0.000000 0.000000 0.000000
0.000000 0.000000 0.000000
-0.247904 -0.223622 0.111541
0.000000 0.000000 0.000000
-0.235507 -0.206228 0.275453
-0.128354 -0.206228 -0.338945
-0.204096 -0.206228 -0.065741
-0.235921 -0.109813 -0.902155
0.000000 0.000000 0.000000
0.000000 0.000000 0.000000
0.000000 0.000000 0.000000
-0.253314 -0.091975 -0.226639
0.000000 0.000000 0.000000
0.000000 0.000000 0.000000
0.000000 0.000000 0.000000
0.000000 0.000000 0.000000
-0.253314 0.139004 -0.235545
0.000000 0.000000 0.000000
0.000000 0.000000 0.000000
-0.186335 0.215151 -0.825526
0.000000 0.000000 0.000000
0.028347 -0.223622 -0.893102
0.000000 0.000000 0.000000
-0.073377 -0.206228 0.133742
0.003361 -0.193184 -0.310256
0.000000 0.000000 0.000000
0.000000 0.000000 0.000000
0.188257 -0.206228 -0.571232
-0.081248 -0.005323 -0.483708
-0.253314 -0.196833 0.675110
0.000000 0.000000 0.000000
-0.128054 -0.193184 -0.461434
0.000000 0.000000 0.000000
0.000000 0.000000 0.000000
0.000000 0.000000 0.000000
-0.179254 -0.193184 -0.161903
0.000000 0.000000 0.000000
0.000000 0.000000 0.000000
0.000000 0.000000 0.000000
0.000000 0.000000 0.000000
0.000000 0.000000 0.000000
0.000000 0.000000 0.000000
-0.052915 0.193794 -0.916090
0.000000 0.000000 0.000000
0.000000 0.000000 0.000000
0.000000 0.000000 0.000000
0.000000 0.000000 0.000000
0.097098 -0.206228 -0.647556
0.000000 0.000000 0.000000
0.000000 0.000000 0.000000
-0.180604 0.167705 -0.906284
-0.000550 -0.164835 -0.933734
-0.107867 -0.223622 -0.879424
0.000000 0.000000 0.000000
0.000000 0.000000 0.000000
0.000000 0.000000 0.000000
0.000000 0.000000 0.000000
-0.086577 -0.193184 -0.240900
0.000000 0.000000 0.000000
-0.241787 -0.223622 -0.360697
-0.059063 -0.206228 -0.421699
0.000000 0.000000 0.000000
-0.090083 0.195021 -0.808535
0.000000 0.000000 0.000000
0.093275 -0.159078 -0.933734
0.000000 0.000000 0.000000
-0.074222 -0.206228 0.079096
0.000000 0.000000 0.000000
0.000000 0.000000 0.000000
-0.235921 -0.121109 0.095700
0.000000 0.000000 0.000000
-0.136522 -0.137076 -0.916342
0.000000 0.000000 0.000000
0.000000 0.000000 0.000000
-0.262009 0.193380 -0.612564
0.000000 0.000000 0.000000
-0.133756 -0.206228 0.271577
0.000000 0.000000 0.000000
0.000000 0.000000 0.000000
-0.228655 0.167705 -0.482863
0.000000 0.000000 0.000000
0.000000 0.000000 0.000000
-0.262009 0.187205 -0.834285
-0.166950 -0.065174 -0.457619
0.000000 0.000000 0.000000
0.000000 0.000000 0.000000
0.000000 0.000000 0.000000
0.000000 0.000000 0.000000
0.000000 0.000000 0.000000
0.000000 0.000000 0.000000
0.000000 0.000000 0.000000
-0.235921 0.009529 -0.617898
0.000000 0.000000 0.000000
-0.235921 -0.173940 -0.086659
-0.253314 0.039451 -0.497589
0.000000 0.000000 0.000000
-0.235921 -0.022399 -0.783547
0.000000 0.000000 0.000000
-0.227225 0.214210 -0.585388
0.000000 0.000000 0.000000
-0.235921 0.014841 -0.704687
0.000000 0.000000 0.000000
-0.151532 -0.206228 0.421214
0.000000 0.000000 0.000000
0.000000 0.000000 0.000000
-0.008943 -0.193184 -0.418243
-0.235921 0.085867 -0.885780
0.000000 0.000000 0.000000
-0.253314 0.066169 -0.733688
0.000000 0.000000 0.000000
-0.253314 -0.139425 0.560458
-0.253314 -0.140008 -0.489367
0.000000 0.000000 0.000000
-0.235921 -0.200424 -0.884044
-0.132775 -0.206228 -0.412619
0.000000 0.000000 0.000000
0.000000 0.000000 0.000000
0.000000 0.000000 0.000000
-0.210552 0.167705 -0.743956
-0.253314 -0.213521 -0.438930
0.107509 -0.206228 -0.892057
0.109275 -0.223622 -0.314108
-0.043068 -0.223622 -0.898602
0.044181 -0.221681 -0.951126
0.000000 0.000000 0.000000
0.000000 0.000000 0.000000
-0.253314 0.158026 -0.703201
0.000000 0.000000 0.000000
0.000000 0.000000 0.000000
-0.160647 -0.206228 0.150150
0.000000 0.000000 0.000000
0.000000 0.000000 0.000000
0.000000 0.000000 0.000000
-0.253314 0.140613 -0.449944
0.000000 0.000000 0.000000
-0.253314 0.043253 -0.129101
-0.253314 -0.029567 -0.845294
0.000000 0.000000 0.000000
0.000000 0.000000 0.000000
-0.018315 -0.206228 -0.148176
-0.235921 -0.043976 0.175621
-0.235921 0.056090 -0.595992
-0.020074 -0.206228 -0.811159
0.000000 0.000000 0.000000
0.000000 0.000000 0.000000
-0.116382 0.119672 -0.933734
-0.064633 -0.206228 0.016692
-0.253314 -0.078168 -0.010055
0.000000 0.000000 0.000000
-0.115733 0.051458 -0.483708
-0.121494 -0.206228 -0.848248
0.000000 0.000000 0.000000
0.000000 0.000000 0.000000
0.047295 -0.206228 -0.479703
-0.192056 -0.206228 0.502582
0.000000 0.000000 0.000000
