0.516372 -0.267966 -0.013925
-0.497144 -0.529814 0.024730
0.407154 -0.607743 -0.185310
-0.112733 0.014900 -0.162829
0.145118 0.139788 -0.010667
-0.279042 0.154275 -0.162829
-0.030587 -0.857075 -0.088142
-0.002226 -0.319152 0.170177
0.494293 -0.857075 0.145249
-0.108829 -0.538840 -0.185310
-0.437763 -0.827015 0.149151
0.348804 -0.083139 0.021798
0.000000 0.000000 0.000000
-0.364468 -0.083139 0.092338
0.163510 -0.718561 0.149151
-0.399808 -0.857075 -0.120535
0.000000 0.000000 0.000000
0.195057 -0.323467 -0.094609
0.000000 0.000000 0.000000
-0.329675 -0.276330 -0.159884
0.270533 -0.708138 -0.185310
0.405538 -0.497489 0.149151
-0.171598 -0.589793 0.149151
-0.019929 -0.083139 0.096836
0.521715 0.158007 0.156323
0.509344 -0.037249 -0.185310
-0.497144 -0.228495 0.088883
0.231124 0.130443 -0.144770
0.516372 -0.661523 -0.092312
0.000000 0.000000 0.000000
0.058325 -0.491244 -0.185310
0.151971 0.081092 0.139015
-0.121021 -0.302514 -0.091780
-0.300667 -0.406708 0.170177
-0.432521 -0.059645 -0.185310
0.000000 0.000000 0.000000
-0.497144 -0.170006 0.030651
0.379011 -0.857075 -0.084367
0.000000 0.000000 0.000000
0.389016 -0.448003 -0.112166
0.245533 -0.202486 0.142149
0.521452 -0.053666 0.152908
-0.139990 -0.856666 0.163722
-0.395076 -0.551152 -0.185310
0.116969 -0.083139 -0.137474
-0.095530 -0.752207 -0.185310
-0.171698 -0.322865 -0.035869
0.000000 0.000000 0.000000
0.292995 -0.857075 -0.063753
0.068457 -0.143949 -0.136479
-0.077406 0.228600 0.008641
-0.258348 -0.083139 -0.024222
0.000000 0.000000 0.000000
-0.198951 -0.207070 0.170177
0.516372 -0.367624 0.035192
0.195057 -0.402351 0.090193
-0.021396 -0.083139 0.001429
-0.036726 -0.448003 0.019431
-0.497144 -0.300321 -0.109029
0.000000 0.000000 0.000000
0.066562 -0.257409 0.034007
0.516372 -0.216664 0.050880
0.048975 -0.549512 0.149151
0.520751 -0.619438 0.159702
0.374477 -0.201947 -0.144770
-0.286536 -0.445387 -0.126093
-0.005646 0.179891 -0.162829
0.157309 -0.143949 -0.115644
0.000000 0.000000 0.000000
-0.497144 -0.701685 -0.134741
0.399909 -0.322923 0.055917
-0.497144 -0.751494 0.145230
-0.165520 0.039393 0.170177
-0.354297 -0.195947 0.028594
0.516372 -0.053002 -0.052513
-0.222374 -0.221295 0.062974
0.295321 -0.857075 0.118414
0.156439 -0.034914 0.028911
0.000000 0.000000 0.000000
-0.210059 -0.139166 -0.142273
0.374617 -0.450269 -0.185310
0.334888 -0.079915 -0.185310
0.000000 0.000000 0.000000
0.516372 -0.503154 0.054238
-0.080713 -0.143949 0.016553
-0.409485 -0.385740 -0.022525
0.293932 -0.373328 0.067997
0.000000 0.000000 0.000000
0.337186 -0.646253 0.170177
0.000000 0.000000 0.000000
0.093323 -0.857075 0.115313
0.351157 0.071723 0.139015
0.516372 -0.300949 -0.137053
0.000000 0.000000 0.000000
-0.199089 -0.434150 0.170177
-0.437486 -0.477947 0.149151
-0.207363 -0.857075 -0.052320
0.073414 -0.795013 -0.185310
0.000000 0.000000 0.000000
0.066562 -0.428987 -0.028145
-0.497144 -0.413318 -0.132088
0.077978 0.234405 0.139015
0.514471 -0.823716 -0.185310
-0.121021 -0.294283 0.060289
0.516372 0.031375 -0.099227
0.000000 0.000000 0.000000
0.347009 -0.178254 0.011028
-0.306994 -0.698661 0.149151
0.000000 0.000000 0.000000
0.397685 -0.330563 -0.120378
-0.222374 -0.399272 0.016193
-0.220844 -0.083139 0.087310
-0.329058 -0.857075 0.113971
0.436139 -0.332124 0.170177
-0.010982 0.079456 0.149151
0.031299 0.037040 -0.117217
0.015887 -0.292165 -0.096668
0.247331 -0.083139 0.089567
-0.358810 -0.440855 0.038708
0.000000 0.000000 0.000000
-0.016073 -0.715754 0.149151
-0.293027 0.032365 -0.101563
0.260089 -0.448003 -0.104030
0.516372 -0.815382 0.012592
0.000000 0.000000 0.000000
0.117238 -0.148884 0.077392
-0.261422 -0.713411 -0.185310
0.516372 -0.486876 -0.109436
-0.020247 -0.083139 -0.081948
0.000000 0.000000 0.000000
0.293932 -0.252171 -0.033944
-0.227293 0.021767 -0.162829
0.031299 0.058525 0.010971
0.276583 -0.562933 0.149151
-0.171698 -0.430549 0.013136
-0.171698 -0.219644 0.009687
-0.085464 -0.388487 -0.132203
0.198105 0.282114 0.170177
0.297271 -0.298816 0.170177
0.000000 0.000000 0.000000
-0.390357 -0.261362 0.170177
-0.019014 -0.553980 -0.185310
0.516372 -0.213887 -0.080294
-0.358810 -0.162013 -0.071741
-0.223791 -0.302809 -0.178366
0.225288 -0.539405 -0.185310
0.241797 -0.123213 0.022660
-0.303620 -0.314945 0.021192
0.354500 0.038112 -0.144770
-0.163810 0.172310 -0.162829
0.117238 -0.314416 0.110840
-0.426831 -0.147491 -0.081919
0.000000 0.000000 0.000000
-0.051653 -0.147804 0.170177
0.398286 -0.733734 0.149151
-0.497144 -0.800888 -0.005672
0.516372 -0.339811 -0.051048
0.406630 -0.152747 0.149151
0.066562 -0.285257 -0.140717
-0.090769 -0.083139 -0.093395
0.000000 0.000000 0.000000
-0.497144 -0.359075 0.147181
0.000000 0.000000 0.000000
-0.060691 -0.174629 -0.144770
0.376258 -0.034914 0.143506
0.072975 -0.448003 0.127316
-0.492652 0.013947 -0.185310
0.353264 0.172466 0.149151
-0.497144 -0.636212 0.039252
-0.409485 -0.259707 -0.154033
0.195057 -0.402450 -0.017568
0.152133 -0.034914 -0.052943
-0.432195 -0.613660 0.170177
0.119319 -0.084259 0.149151
0.000000 0.000000 0.000000
0.101733 -0.034914 -0.014705
0.160489 -0.857075 -0.148212
0.000000 0.000000 0.000000
0.344608 -0.371832 -0.016409
0.471952 0.047045 0.062596
-0.034789 -0.364934 -0.082810
0.293932 -0.176132 -0.138460
-0.144893 -0.719564 0.170177
-0.000151 0.165718 0.009744
-0.121021 -0.384947 0.110017
-0.252945 -0.228776 -0.054890
0.519161 -0.415171 0.149151
0.103943 -0.650378 -0.185310
-0.497144 -0.559919 -0.123591
0.397685 -0.256758 -0.085051
-0.150990 -0.611194 -0.185310
-0.061692 -0.857075 0.065970
0.000000 0.000000 0.000000
0.000000 0.000000 0.000000
0.413924 0.015236 -0.021442
-0.297436 -0.534037 0.149151
0.406316 -0.448003 0.029074
0.000000 0.000000 0.000000
0.195057 -0.222087 0.058421
0.158946 0.228600 0.070281
0.472274 -0.133500 0.069045
-0.497144 -0.166114 -0.152759
0.015887 -0.148237 0.067851
0.000000 0.000000 0.000000
-0.386060 -0.392553 -0.154905
0.000000 0.000000 0.000000
0.000000 0.000000 0.000000
0.109855 0.103106 -0.144770
0.293653 -0.753515 0.149151
-0.167441 -0.427212 -0.144770
0.153254 -0.559682 0.149151
-0.497144 -0.790609 -0.185049
0.015790 -0.073654 -0.185310
0.286182 -0.306177 -0.178726
-0.460161 -0.277666 -0.014658
0.266317 -0.034914 -0.101051
0.240578 -0.397741 0.142149
-0.121010 -0.113830 0.149151
-0.222760 -0.857075 0.046353
-0.144303 -0.501452 0.149151
0.094352 -0.857075 -0.023991
0.000000 0.000000 0.000000
0.321282 -0.124323 0.170177
0.000000 0.000000 0.000000
-0.409485 -0.343177 0.100446
-0.238894 -0.848357 -0.185310
0.232706 0.074083 0.170177
0.000000 0.000000 0.000000
0.439696 -0.857075 0.071733
0.117238 -0.233299 -0.053963
0.000000 0.000000 0.000000
0.000000 0.000000 0.000000
0.516372 -0.412211 -0.028187
0.375304 -0.239619 0.170177
-0.207780 -0.034914 -0.071285
-0.034789 -0.256473 -0.033169
-0.085464 -0.222914 -0.024163
0.000000 0.000000 0.000000
0.056224 0.248869 -0.057658
-0.409485 -0.268054 0.081094
-0.359338 -0.083139 -0.018845
-0.309472 -0.083139 -0.142607
0.500753 -0.239545 0.170177
0.516372 -0.613985 0.033388
0.397685 -0.224459 0.007380
-0.323958 -0.147970 0.096957
0.117238 -0.399992 0.065938
0.066562 -0.229133 0.136359
-0.497144 -0.397038 0.017942
0.000000 0.000000 0.000000
0.269132 -0.846580 -0.185310
-0.182449 -0.333188 0.149151
0.376951 -0.554189 0.170177
-0.274192 -0.525048 -0.185310
-0.034789 -0.255512 0.069988
0.405083 -0.083139 -0.103774
0.117238 -0.391896 -0.128390
0.061383 -0.000416 0.170177
0.015887 -0.361635 0.030076
-0.303620 -0.362992 -0.044634
-0.018032 -0.834786 0.170177
0.472274 -0.392249 -0.164676
-0.035325 0.056245 -0.162829
0.444255 -0.083139 0.087169
0.000000 0.000000 0.000000
-0.241756 -0.425260 0.050395
0.194444 -0.857075 0.055898
0.440994 -0.722570 -0.185310
0.472274 -0.168812 -0.172283
-0.384921 -0.725135 -0.185310
0.000000 0.000000 0.000000
-0.062399 -0.076414 0.170177
0.000000 0.000000 0.000000
0.380722 -0.813010 -0.185310
-0.351174 -0.857075 -0.004737
-0.017374 -0.448003 0.133952
0.050394 0.248869 0.031835
0.000000 0.000000 0.000000
-0.354297 -0.353105 0.103108
-0.044577 -0.631187 -0.185310
-0.085464 -0.240827 0.124709
-0.253827 -0.811375 0.149151
-0.303620 -0.203669 0.113134
-0.130674 -0.857075 -0.155811
0.472274 -0.288933 0.059467
-0.085249 -0.315086 -0.172116
0.328272 -0.857075 0.043543
-0.413081 -0.014078 -0.089289
0.015887 -0.383594 -0.107013
0.117238 -0.315064 0.058871
-0.261518 -0.369255 -0.152380
0.516372 -0.745446 0.149043
0.093665 0.025025 0.016088
0.015887 -0.155645 -0.055267
0.455267 -0.506325 -0.185310
-0.358810 -0.290009 -0.058201
0.000000 0.000000 0.000000
0.259821 -0.301749 0.057934
0.000000 0.000000 0.000000
0.031299 0.133076 -0.060611
0.093665 0.127989 0.063139
0.387234 -0.143949 -0.081013
0.074080 -0.643181 0.149151
-0.249859 -0.452644 -0.050653
0.175608 -0.259284 0.170177
0.000000 0.000000 0.000000
0.161516 0.082005 -0.158463
0.167914 -0.224447 -0.107219
0.000000 0.000000 0.000000
-0.303089 -0.111976 0.170177
0.299992 -0.529794 -0.185310
0.305653 -0.448003 0.006899
0.202344 0.183410 0.170177
-0.085464 -0.383266 0.005455
0.187894 -0.034914 0.133120
-0.299051 -0.168047 -0.152380
0.413924 0.100810 -0.109287
0.293932 -0.366499 -0.091821
0.516372 -0.554681 -0.053607
0.160207 -0.452673 0.170177
-0.207917 -0.139166 0.002204
-0.332577 -0.798835 -0.185310
0.516372 -0.058810 0.038754
0.000000 0.000000 0.000000
0.163376 -0.460833 -0.185310
-0.116170 0.228600 -0.109755
-0.091614 -0.034914 0.082775
-0.497144 -0.619659 -0.072632
-0.406821 -0.734796 0.149151
0.000000 0.000000 0.000000
0.000000 0.000000 0.000000
0.413924 0.063287 0.062382
-0.409485 -0.245319 -0.039986
0.066562 -0.332359 -0.045647
-0.303620 -0.167948 -0.010605
0.340858 -0.448003 0.106989
0.012087 -0.034914 0.041435
-0.415357 -0.857075 0.036461
0.037521 0.146579 0.170177
0.338757 -0.034914 0.105240
0.000000 0.000000 0.000000
0.516372 -0.766608 -0.108097
0.100542 -0.857075 -0.106072
-0.011048 -0.857075 -0.183445
-0.497144 -0.559675 0.136812
-0.469193 -0.470459 -0.185310
0.000000 0.000000 0.000000
0.000000 0.000000 0.000000
0.516372 -0.729192 0.061879
0.134576 -0.186671 0.149151
-0.252945 -0.427213 0.114141
0.000000 0.000000 0.000000
-0.106188 -0.034914 -0.007277
0.293932 -0.164635 -0.030584
-0.460161 -0.346612 -0.081065
-0.001355 -0.412934 0.170177
-0.126798 -0.139166 0.087183
0.000000 0.000000 0.000000
-0.363248 -0.439839 0.170177
-0.409485 -0.168827 0.130863
-0.222374 -0.322916 0.086419
0.293932 -0.154791 0.092868
0.000000 0.000000 0.000000
0.154721 -0.143949 -0.047241
0.076075 -0.170715 0.170177
-0.087365 -0.762758 0.149151
-0.130552 -0.857075 -0.008778
0.347009 -0.282898 0.090808
0.397685 -0.423893 0.111139
-0.040901 0.013266 0.120954
-0.261551 -0.034914 -0.115520
0.516372 -0.515151 0.143151
-0.229589 -0.356337 -0.063453
0.031299 0.145105 0.085081
0.000000 0.000000 0.000000
0.293932 -0.231403 0.069365
-0.321992 0.003097 -0.009196
0.000000 0.000000 0.000000
-0.236642 -0.656491 0.149151
-0.217289 -0.143544 0.149151
0.249225 -0.034914 -0.032839
-0.006963 -0.717448 -0.185310
-0.252945 -0.186492 -0.094798
0.239691 0.040608 -0.144770
-0.495908 -0.857075 0.075150
-0.252945 -0.277637 0.137937
-0.422600 -0.315731 -0.168332
-0.366680 -0.451545 -0.105255
0.000000 0.000000 0.000000
0.015887 -0.209334 0.042566
0.449891 0.023518 0.170177
0.359056 -0.372306 0.149151
0.185521 -0.083139 -0.153578
0.437686 -0.143949 -0.034578
0.000000 0.000000 0.000000
-0.090962 -0.078815 -0.185310
0.037658 -0.034914 -0.097310
0.000000 0.000000 0.000000
0.413924 0.154512 0.100214
0.000000 0.000000 0.000000
0.516372 -0.577739 -0.152058
0.226607 -0.495615 0.149151
-0.497144 -0.841137 -0.079457
-0.073597 -0.448003 0.070657
0.364613 -0.034914 -0.115509
0.167914 -0.238826 -0.035609
0.000000 0.000000 0.000000
-0.303620 -0.408662 0.072092
0.195057 -0.318256 -0.011371
-0.180119 -0.034914 0.030741
0.000000 0.000000 0.000000
0.064464 -0.771501 0.149151
0.195057 -0.402431 -0.087225
0.056846 -0.083139 0.039206
0.237402 -0.661796 0.149151
-0.497144 -0.472327 -0.050901
0.187364 -0.835857 0.149151
-0.171698 -0.208914 -0.115143
-0.123874 -0.448003 -0.078271
0.000000 0.000000 0.000000
-0.121021 -0.157419 -0.119805
-0.453468 -0.451545 0.069991
-0.010603 -0.448003 -0.122595
0.032744 -0.092205 0.170177
-0.188373 -0.037964 0.170177
0.000000 0.000000 0.000000
-0.091585 -0.316177 0.170177
0.117238 -0.357861 -0.036344
0.000000 0.000000 0.000000
0.504796 -0.131089 0.149151
0.066562 -0.234569 -0.093294
0.399909 -0.314866 -0.025098
0.015887 -0.288764 0.086941
0.482535 -0.237128 -0.185310
0.204597 -0.857075 -0.046653
0.117212 0.148141 0.139015
-0.083775 -0.627662 0.149151
-0.300288 -0.625639 -0.185310
-0.285858 -0.083139 0.052217
0.269122 -0.007911 0.149151
-0.034789 -0.179822 -0.070963
0.000000 0.000000 0.000000
0.245733 -0.424017 0.048446
0.000000 0.000000 0.000000
0.000000 0.000000 0.000000
0.344608 -0.285586 0.012066
0.000000 0.000000 0.000000
0.000000 0.000000 0.000000
-0.358810 -0.442861 -0.040041
-0.341076 -0.617120 0.170177
-0.411273 -0.153972 -0.134635
-0.210550 -0.500303 0.149151
-0.460161 -0.111879 -0.022595
0.000000 0.000000 0.000000
-0.034789 -0.233529 -0.100625
0.009966 -0.448003 -0.029113
0.135883 -0.777938 0.149151
0.245733 -0.240390 -0.144428
0.344608 -0.186239 -0.069553
0.066562 -0.148505 0.002368
0.452003 -0.288579 -0.069031
-0.484298 -0.525402 -0.185310
-0.171698 -0.343638 0.053405
0.139421 -0.753603 -0.185310
-0.222374 -0.281013 0.010246
0.238894 -0.123213 -0.146543
0.000000 0.000000 0.000000
0.272479 -0.448003 0.137343
0.472274 -0.415653 0.071843
0.293932 -0.258735 -0.094940
-0.272245 -0.592137 0.170177
0.325115 -0.401916 -0.144770
0.093665 0.015780 -0.140328
-0.171698 -0.339060 -0.129005
0.354012 -0.743933 -0.185310
-0.358810 -0.361548 -0.078832
0.405337 -0.052781 -0.185310
0.450586 -0.405510 -0.014174
0.000000 0.000000 0.000000
0.206580 -0.123213 0.124614
0.066562 -0.363454 -0.096820
0.031299 0.057302 0.102179
0.066562 -0.360794 0.126180
-0.171774 -0.715553 -0.185310
0.324017 -0.083139 -0.061991
0.087693 -0.291793 0.170177
0.000000 0.000000 0.000000
0.000000 0.000000 0.000000
-0.497144 -0.071987 -0.152397
0.051578 0.084192 -0.176856
0.472274 -0.112326 0.004538
0.224780 -0.318148 0.170177
0.000000 0.000000 0.000000
0.005300 -0.307093 -0.158719
-0.019006 0.228600 -0.068429
-0.277236 -0.052451 0.149151
-0.084690 0.149621 -0.162829
0.111028 -0.378509 0.170177
-0.377012 0.017587 -0.159093
-0.171515 -0.443219 0.087897
-0.394794 -0.549607 0.149151
0.263182 -0.034914 0.034195
-0.222374 -0.253922 -0.129295
-0.051186 -0.034914 -0.120202
-0.172602 0.085362 -0.162829
-0.460161 -0.338822 0.047473
-0.171698 -0.196711 0.109428
0.399909 -0.276631 0.105534
0.015887 -0.199667 -0.033309
0.000000 0.000000 0.000000
0.513134 -0.673174 -0.185310
0.155125 -0.448003 0.027134
0.293932 -0.334394 -0.010624
-0.497144 -0.642369 0.129523
0.000000 0.000000 0.000000
-0.460161 -0.290379 0.135495
-0.322410 0.106056 -0.113572
0.455575 -0.034914 0.039781
-0.171698 -0.409475 -0.084465
-0.070679 -0.397360 0.170177
-0.085464 -0.299682 -0.034259
0.432242 -0.857075 -0.176812
-0.497144 -0.169724 -0.052022
0.000000 0.000000 0.000000
0.093665 0.074720 -0.053938
0.011920 -0.221274 -0.144770
0.246996 -0.451414 -0.185310
0.082618 0.096458 0.139015
0.303937 -0.448003 -0.145533
0.458818 -0.857075 -0.054214
0.516372 -0.407957 -0.130421
-0.034789 -0.347729 0.047708
0.269628 0.167634 0.139015
0.089689 -0.034914 0.086742
0.117238 -0.230072 0.104261
-0.121021 -0.222951 0.083505
-0.122928 -0.857075 0.095235
0.000000 0.000000 0.000000
0.345380 -0.822149 0.170177
0.000000 0.000000 0.000000
-0.352398 -0.031321 0.026190
0.093665 0.191224 -0.009764
0.341762 -0.448003 -0.046702
-0.358810 -0.204169 -0.133878
-0.303620 -0.232213 0.012780
0.000000 0.000000 0.000000
0.000000 0.000000 0.000000
0.000000 0.000000 0.000000
-0.409485 -0.182411 0.045072
0.000000 0.000000 0.000000
0.000000 0.000000 0.000000
-0.034789 -0.409669 0.109524
-0.303620 -0.252004 -0.032541
-0.034789 -0.218624 0.127062
-0.358810 -0.274205 0.040848
0.471952 -0.018194 -0.014086
0.471952 -0.027319 -0.128672
0.464600 0.120554 0.066646
0.000000 0.000000 0.000000
-0.215777 -0.736017 0.149151
0.245733 -0.234133 -0.072750
-0.110117 0.023418 0.120954
-0.303620 -0.324713 0.100712
0.368381 -0.146994 -0.144770
0.080630 0.165788 -0.094094
0.516372 0.051446 0.098676
0.000000 0.000000 0.000000
-0.252945 -0.204397 0.005476
-0.140296 -0.034914 -0.118367
0.117238 -0.186724 0.009768
0.132316 -0.295972 -0.171583
0.195057 -0.296806 0.081483
0.516372 -0.099931 -0.143756
0.000000 0.000000 0.000000
0.472274 -0.206742 -0.008107
-0.465623 -0.707271 -0.185310
0.450586 -0.379055 -0.088644
-0.085464 -0.338201 0.095138
0.000000 0.000000 0.000000
-0.358810 -0.323642 -0.123709
-0.074460 -0.527538 0.149151
-0.117271 -0.195490 0.149151
0.152917 0.016887 0.170177
0.451620 -0.383827 0.170177
0.000000 0.000000 0.000000
0.472274 -0.110625 -0.087881
0.253392 -0.317861 -0.087721
0.000000 0.000000 0.000000
0.000000 0.000000 0.000000
0.000000 0.000000 0.000000
0.344608 -0.281758 -0.108119
-0.444582 -0.451545 -0.002450
0.000000 0.000000 0.000000
0.000000 0.000000 0.000000
-0.409485 -0.410332 0.113651
-0.049006 -0.857075 -0.011662
-0.255899 -0.067082 -0.185310
0.397685 -0.380476 0.000637
0.085339 -0.448003 -0.112301
0.347009 -0.412618 0.039786
0.012472 -0.605635 0.149151
0.315347 -0.501812 0.149151
-0.322410 0.070096 -0.079029
0.450586 -0.196434 0.121066
0.420218 -0.094377 0.149151
-0.438902 0.043652 -0.159093
-0.497144 -0.755824 -0.090960
0.464600 0.062377 -0.006372
-0.277766 -0.857075 -0.034347
0.093665 0.056307 0.066518
-0.497144 -0.221838 -0.031600
-0.409485 -0.286225 0.010973
0.516372 -0.792609 0.108328
-0.354939 -0.776300 0.149151
0.000000 0.000000 0.000000
-0.333238 -0.034914 -0.154143
-0.497144 -0.131534 -0.091328
0.212820 -0.448003 -0.045160
0.457379 -0.664038 0.149151
0.031299 0.096623 -0.088165
0.000000 0.000000 0.000000
0.365714 -0.143949 0.120434
0.015887 -0.433512 0.072218
0.157689 -0.628186 0.149151
-0.121021 -0.369241 -0.078870
-0.066263 -0.448003 -0.172404
0.015887 -0.211646 0.110748
-0.320957 -0.448003 -0.179497
0.000000 0.000000 0.000000
0.000000 0.000000 0.000000
0.061704 0.136411 -0.018111
0.300543 -0.034914 -0.021344
-0.252945 -0.296038 -0.054754
0.276664 -0.034914 -0.155801
-0.497144 -0.549574 -0.049406
0.241330 -0.614048 -0.185310
0.516372 -0.574381 0.098250
-0.070165 -0.251497 -0.144770
0.096220 -0.708059 0.149151
0.413924 -0.008492 -0.113131
0.000000 0.000000 0.000000
0.000000 0.000000 0.000000
-0.288237 -0.857075 0.067551
0.151885 -0.448003 -0.106186
-0.357323 -0.671022 0.149151
-0.224773 -0.854417 0.170177
0.235903 -0.857075 -0.118639
0.000000 0.000000 0.000000
0.516372 -0.481847 -0.034614
-0.303620 -0.260360 -0.110631
-0.171698 -0.159106 -0.067089
0.179103 -0.375286 0.149151
0.303472 -0.222325 0.149151
0.331190 0.096263 -0.144770
0.000000 0.000000 0.000000
0.000000 0.000000 0.000000
0.450586 -0.181709 -0.079137
0.399909 -0.439188 -0.044285
-0.460161 -0.206561 -0.094868
-0.214108 -0.571851 -0.185310
0.075756 -0.079900 -0.185310
0.413924 -0.010658 0.085323
0.000000 0.000000 0.000000
-0.437875 -0.416218 -0.134635
0.000000 0.000000 0.000000
0.000000 0.000000 0.000000
-0.252945 -0.353962 0.125032
-0.252945 -0.144855 0.082726
0.066562 -0.176756 0.102288
0.370878 -0.034914 -0.021937
0.450586 -0.254861 -0.124336
0.199792 -0.181015 -0.151770
-0.198566 -0.857075 -0.129778
0.061057 -0.083139 -0.041036
0.049268 -0.601059 -0.185310
0.344608 -0.333490 -0.072225
0.257517 0.228600 0.134279
0.253392 -0.373855 -0.052749
0.444660 -0.573352 0.149151
0.159149 -0.016769 -0.144770
-0.497144 -0.643575 -0.174956
-0.460161 -0.253809 0.039342
0.000000 0.000000 0.000000
-0.497144 -0.413626 0.101004
0.516372 -0.703653 -0.006716
0.234311 -0.782229 -0.185310
0.433499 -0.828418 0.149151
-0.042396 -0.143949 0.092112
0.000000 0.000000 0.000000
-0.497144 -0.685906 -0.063652
0.000000 0.000000 0.000000
0.000000 0.000000 0.000000
0.015887 -0.147293 0.137915
-0.497144 -0.295296 0.080775
0.066562 -0.170273 -0.069133
0.516372 -0.358288 0.116317
0.454644 -0.444002 -0.126421
-0.217583 -0.448003 -0.114179
-0.409134 -0.361902 0.170177
-0.001265 -0.038797 0.149151
-0.034789 -0.194873 0.008753
-0.433294 -0.857075 -0.033131
0.210284 -0.123213 -0.060721
0.452003 -0.310828 -0.004700
0.471952 -0.012182 0.112510
0.284737 -0.071689 0.149151
0.464760 0.142595 0.149151
0.000000 0.000000 0.000000
0.399909 -0.204493 0.103866
0.000000 0.000000 0.000000
-0.292005 -0.010893 -0.064117
-0.143072 -0.281956 0.149151
0.000000 0.000000 0.000000
-0.152476 -0.484291 -0.185310
0.106756 -0.509366 0.149151
0.516372 -0.171056 0.001473
-0.153910 -0.083139 -0.072653
