0.000000 0.000000 0.000000
0.000000 0.000000 0.000000
0.626225 0.208019 0.539814
-0.117493 0.209413 0.178533
0.000000 0.000000 0.000000
0.086325 0.182504 0.734655
0.000000 0.000000 0.000000
-0.385582 0.185604 0.786230
0.000000 0.000000 0.000000
0.000000 0.000000 0.000000
0.000000 0.000000 0.000000
0.000000 0.000000 0.000000
-0.408458 0.165223 0.387723
0.126247 0.209413 -0.071594
0.000000 0.000000 0.000000
0.000000 0.000000 0.000000
0.419963 0.182504 0.255191
0.000000 0.000000 0.000000
0.000000 0.000000 0.000000
-0.069039 0.115095 0.593581
0.000000 0.000000 0.000000
0.000000 0.000000 0.000000
0.000000 0.000000 0.000000
0.326917 0.182504 0.655919
0.000000 0.000000 0.000000
0.114478 0.182504 0.398490
0.000000 0.000000 0.000000
0.000000 0.000000 0.000000
0.000000 0.000000 0.000000
0.000000 0.000000 0.000000
0.000000 0.000000 0.000000
0.000000 0.000000 0.000000
0.000000 0.000000 0.000000
-0.079344 0.209413 0.383112
-0.193388 0.079754 0.254518
-0.381941 0.108692 0.631256
0.239314 0.016517 0.631256
0.626225 0.204077 0.243726
0.000000 0.000000 0.000000
-0.316029 0.088225 0.292192
0.000000 0.000000 0.000000
0.000000 0.000000 0.000000
0.163354 0.182504 0.162676
0.000000 0.000000 0.000000
0.498796 0.182504 0.764921
0.000000 0.000000 0.000000
-0.151604 0.209413 0.720658
0.000000 0.000000 0.000000
0.000000 0.000000 0.000000
0.374196 0.209413 0.041732
0.000000 0.000000 0.000000
0.000000 0.000000 0.000000
-0.035713 0.209413 0.135766
0.000000 0.000000 0.000000
0.000000 0.000000 0.000000
0.000000 0.000000 0.000000
0.436306 0.182504 0.467753
0.000000 0.000000 0.000000
-0.247590 0.209413 0.479030
0.249862 0.209413 0.727459
0.000000 0.000000 0.000000
0.000000 0.000000 0.000000
0.000000 0.000000 0.000000
0.000000 0.000000 0.000000
-0.244901 0.008764 0.631256
0.000000 0.000000 0.000000
0.000000 0.000000 0.000000
0.000000 0.000000 0.000000
0.000000 0.000000 0.000000
0.214550 0.169914 0.631256
0.000000 0.000000 0.000000
-0.133792 0.209413 0.310264
0.000000 0.000000 0.000000
0.000000 0.000000 0.000000
0.082278 0.102888 0.593581
0.000000 0.000000 0.000000
0.000000 0.000000 0.000000
-0.303951 0.209413 0.627667
0.000000 0.000000 0.000000
0.000000 0.000000 0.000000
-0.267089 0.209413 0.344236
0.031003 0.183461 0.259266
0.000000 0.000000 0.000000
0.000000 0.000000 0.000000
0.000000 0.000000 0.000000
0.000000 0.000000 0.000000
0.249488 0.132855 0.230728
-0.231138 0.182504 0.027303
0.000000 0.000000 0.000000
0.038642 0.209413 0.518810
0.000000 0.000000 0.000000
0.000000 0.000000 0.000000
-0.417304 0.015777 0.481730
0.000000 0.000000 0.000000
0.000000 0.000000 0.000000
0.289159 0.182504 0.453565
0.000000 0.000000 0.000000
0.566702 0.182504 0.365487
0.000000 0.000000 0.000000
0.000000 0.000000 0.000000
0.000000 0.000000 0.000000
0.000000 0.000000 0.000000
-0.397665 0.209413 0.551111
0.000000 0.000000 0.000000
0.000000 0.000000 0.000000
-0.234076 0.209413 0.592898
0.461677 0.182504 0.634445
0.000000 0.000000 0.000000
-0.264334 0.209413 0.190663
0.000000 0.000000 0.000000
-0.062965 0.014789 0.593581
-0.039144 0.209413 0.650116
0.000000 0.000000 0.000000
0.000000 0.000000 0.000000
0.011224 0.209413 0.197864
0.000000 0.000000 0.000000
0.000000 0.000000 0.000000
0.000000 0.000000 0.000000
0.000000 0.000000 0.000000
0.077469 0.209413 0.054903
0.000000 0.000000 0.000000
-0.095528 0.165223 0.520374
0.161992 0.136321 0.254518
0.000000 0.000000 0.000000
0.000000 0.000000 0.000000
0.000000 0.000000 0.000000
0.326136 0.182504 0.347041
0.000000 0.000000 0.000000
0.000000 0.000000 0.000000
-0.407111 0.194383 0.250399
0.000000 0.000000 0.000000
0.517223 0.182504 0.242033
0.595809 0.209413 0.775344
0.000000 0.000000 0.000000
0.000000 0.000000 0.000000
-0.395988 0.017717 0.306976
0.000000 0.000000 0.000000
0.238724 0.102643 0.515932
0.000000 0.000000 0.000000
-0.003219 0.182504 -0.054282
-0.395988 0.035728 0.438501
0.000000 0.000000 0.000000
0.166274 0.182504 0.497639
-0.254028 0.209413 0.780463
0.000000 0.000000 0.000000
0.000000 0.000000 0.000000
0.000000 0.000000 0.000000
0.000000 0.000000 0.000000
0.000000 0.000000 0.000000
-0.017997 0.209413 0.780037
0.000000 0.000000 0.000000
0.327563 0.182504 0.161139
0.000000 0.000000 0.000000
0.000000 0.000000 0.000000
0.000000 0.000000 0.000000
0.000000 0.000000 0.000000
0.366764 0.209413 0.785427
0.000000 0.000000 0.000000
0.000000 0.000000 0.000000
0.107986 0.045029 0.593581
0.151856 0.209413 0.618398
0.569442 0.182504 0.648539
0.000000 0.000000 0.000000
0.000000 0.000000 0.000000
0.185028 0.209413 0.045105
0.000000 0.000000 0.000000
0.000000 0.000000 0.000000
-0.157450 0.209413 0.440853
0.000000 0.000000 0.000000
-0.315144 0.209413 0.405121
0.000000 0.000000 0.000000
-0.288278 0.123027 0.631256
-0.333496 -0.020981 0.631256
-0.101863 0.209413 0.263732
0.000000 0.000000 0.000000
0.000000 0.000000 0.000000
-0.144429 0.182504 0.069250
-0.125567 0.166924 0.631256
0.000000 0.000000 0.000000
0.000000 0.000000 0.000000
0.000000 0.000000 0.000000
0.000000 0.000000 0.000000
-0.380202 0.130715 0.495021
0.000000 0.000000 0.000000
0.000000 0.000000 0.000000
0.000000 0.000000 0.000000
0.000000 0.000000 0.000000
0.486230 0.182504 0.380383
0.447835 0.182504 0.189705
-0.227175 0.086383 0.593581
0.000000 0.000000 0.000000
-0.018522 0.209413 0.457293
0.000000 0.000000 0.000000
0.000000 0.000000 0.000000
0.000000 0.000000 0.000000
0.195675 0.209413 0.332011
-0.104499 -0.044560 0.631256
0.444141 0.209413 0.574357
0.270726 0.209413 0.537598
0.000000 0.000000 0.000000
-0.200706 0.165223 0.329532
-0.190358 0.209413 0.509582
0.000000 0.000000 0.000000
0.562924 0.182504 0.449513
0.000000 0.000000 0.000000
0.000000 0.000000 0.000000
0.000000 0.000000 0.000000
0.000000 0.000000 0.000000
0.000000 0.000000 0.000000
0.000000 0.000000 0.000000
0.249488 0.178418 0.197650
0.000000 0.000000 0.000000
0.000000 0.000000 0.000000
0.000000 0.000000 0.000000
0.071473 0.183461 0.602175
0.000000 0.000000 0.000000
0.000000 0.000000 0.000000
0.000000 0.000000 0.000000
0.000000 0.000000 0.000000
0.000000 0.000000 0.000000
0.000000 0.000000 0.000000
0.000000 0.000000 0.000000
0.000000 0.000000 0.000000
0.000000 0.000000 0.000000
0.000000 0.000000 0.000000
0.000000 0.000000 0.000000
-0.385774 -0.003477 0.593581
0.000000 0.000000 0.000000
-0.122701 0.065141 0.292192
0.000000 0.000000 0.000000
0.000000 0.000000 0.000000
-0.092137 0.191561 0.786230
0.000000 0.000000 0.000000
0.013039 0.048070 0.631256
-0.268501 0.209413 0.274020
0.000000 0.000000 0.000000
0.000000 0.000000 0.000000
0.000000 0.000000 0.000000
-0.315055 0.209413 0.562444
0.000000 0.000000 0.000000
-0.400100 0.182504 0.645557
0.000000 0.000000 0.000000
0.000000 0.000000 0.000000
0.000000 0.000000 0.000000
0.017370 0.181369 0.357085
-0.337464 0.182504 0.697722
0.000000 0.000000 0.000000
0.238724 0.101992 0.567366
0.000000 0.000000 0.000000
0.153028 0.082970 0.593581
0.000000 0.000000 0.000000
0.000000 0.000000 0.000000
0.000000 0.000000 0.000000
0.000000 0.000000 0.000000
0.000000 0.000000 0.000000
0.129325 0.209413 0.304732
0.000000 0.000000 0.000000
0.000000 0.000000 0.000000
0.000000 0.000000 0.000000
0.000000 0.000000 0.000000
0.000000 0.000000 0.000000
-0.077675 0.209413 0.010843
0.000000 0.000000 0.000000
-0.179153 0.133481 0.631256
0.000000 0.000000 0.000000
0.041782 0.111977 0.254518
0.000000 0.000000 0.000000
-0.132316 0.209413 0.575965
0.353179 0.209413 0.526553
0.000000 0.000000 0.000000
0.000000 0.000000 0.000000
-0.305652 0.182504 0.102529
0.000000 0.000000 0.000000
0.000000 0.000000 0.000000
0.000000 0.000000 0.000000
0.000000 0.000000 0.000000
0.000000 0.000000 0.000000
0.582490 0.209413 0.313511
0.576757 0.209413 0.155628
0.000000 0.000000 0.000000
0.000000 0.000000 0.000000
0.000000 0.000000 0.000000
0.000000 0.000000 0.000000
0.000000 0.000000 0.000000
0.172907 0.209413 0.762513
0.200404 0.182504 0.415663
0.455133 0.182504 0.717749
0.249488 0.129553 0.327044
-0.072494 0.165223 0.333490
0.000000 0.000000 0.000000
0.000000 0.000000 0.000000
0.000000 0.000000 0.000000
0.000000 0.000000 0.000000
0.000000 0.000000 0.000000
0.519958 0.209413 0.639012
-0.343818 0.165223 0.317746
0.000000 0.000000 0.000000
0.545925 0.209413 0.560655
0.000000 0.000000 0.000000
0.000000 0.000000 0.000000
-0.342001 0.165223 0.504904
0.000000 0.000000 0.000000
0.000000 0.000000 0.000000
-0.003421 0.209413 0.073197
0.000000 0.000000 0.000000
-0.000879 0.151591 0.593581
0.000000 0.000000 0.000000
0.071272 0.182504 0.452634
0.000000 0.000000 0.000000
0.000000 0.000000 0.000000
0.000000 0.000000 0.000000
0.000000 0.000000 0.000000
0.000000 0.000000 0.000000
0.000000 0.000000 0.000000
0.000000 0.000000 0.000000
-0.355202 0.209413 0.172385
0.000000 0.000000 0.000000
0.378516 0.209413 0.645807
0.404829 0.209413 0.394419
-0.179619 0.182504 0.243981
0.000000 0.000000 0.000000
0.000000 0.000000 0.000000
0.000000 0.000000 0.000000
-0.058628 0.133092 0.292192
0.000000 0.000000 0.000000
0.000000 0.000000 0.000000
0.000000 0.000000 0.000000
0.000000 0.000000 0.000000
0.000000 0.000000 0.000000
0.000000 0.000000 0.000000
0.000000 0.000000 0.000000
0.000000 0.000000 0.000000
-0.324612 0.197943 0.786230
-0.164048 0.209413 0.359263
-0.015448 0.209413 0.368598
-0.372485 0.209413 0.449718
0.260250 0.182504 0.138355
0.000000 0.000000 0.000000
0.164826 0.182504 0.691848
-0.379842 0.070721 0.530701
0.175216 0.209413 0.241861
-0.207504 0.182504 0.125738
-0.063734 0.209413 0.735480
0.000000 0.000000 0.000000
0.000000 0.000000 0.000000
0.000000 0.000000 0.000000
0.000000 0.000000 0.000000
-0.395988 0.075788 0.363825
0.000000 0.000000 0.000000
0.000000 0.000000 0.000000
-0.321124 0.045710 0.593581
0.141213 0.209413 -0.003736
0.000000 0.000000 0.000000
0.000000 0.000000 0.000000
0.000000 0.000000 0.000000
0.000000 0.000000 0.000000
-0.379842 -0.006887 0.369734
0.000000 0.000000 0.000000
0.027452 0.109809 0.631256
0.000000 0.000000 0.000000
-0.239768 0.165223 0.417733
-0.209057 0.182504 0.674681
0.231890 0.209413 0.501524
0.000000 0.000000 0.000000
0.000000 0.000000 0.000000
0.000000 0.000000 0.000000
0.000000 0.000000 0.000000
0.000000 0.000000 0.000000
0.000000 0.000000 0.000000
0.365864 0.209413 0.445601
0.000000 0.000000 0.000000
0.138584 -0.008542 0.631256
0.000000 0.000000 0.000000
0.000000 0.000000 0.000000
0.000000 0.000000 0.000000
0.000000 0.000000 0.000000
0.000000 0.000000 0.000000
0.626225 0.197332 0.697106
-0.043418 0.209413 0.567099
0.238724 0.068374 0.456857
0.000000 0.000000 0.000000
-0.393953 0.209413 0.376951
0.000000 0.000000 0.000000
-0.275203 0.165223 0.557262
0.000000 0.000000 0.000000
0.125265 0.182504 0.539195
-0.223813 -0.042392 0.593581
0.000000 0.000000 0.000000
0.000000 0.000000 0.000000
0.238724 0.127622 0.431126
0.321050 0.209413 0.273179
-0.379134 0.065827 0.254518
0.000000 0.000000 0.000000
0.000000 0.000000 0.000000
0.000000 0.000000 0.000000
-0.112409 0.052917 0.631256
0.000000 0.000000 0.000000
-0.022708 0.183461 0.267078
0.016711 0.209413 0.712273
0.000000 0.000000 0.000000
0.123989 0.209413 0.459825
-0.278184 0.209413 0.729601
0.000000 0.000000 0.000000
0.000000 0.000000 0.000000
0.000000 0.000000 0.000000
0.000000 0.000000 0.000000
0.000000 0.000000 0.000000
0.000000 0.000000 0.000000
0.000000 0.000000 0.000000
0.000000 0.000000 0.000000
0.488929 0.209413 0.488446
-0.396348 0.126731 0.434170
0.268906 0.209413 0.637830
0.268654 0.209413 0.376390
0.000000 0.000000 0.000000
0.000000 0.000000 0.000000
-0.168085 0.165223 0.593670
0.000000 0.000000 0.000000
0.000000 0.000000 0.000000
0.000000 0.000000 0.000000
0.626225 0.188003 0.373795
0.000000 0.000000 0.000000
0.000000 0.000000 0.000000
0.090611 0.144815 0.254518
0.000000 0.000000 0.000000
0.000000 0.000000 0.000000
0.000000 0.000000 0.000000
0.000000 0.000000 0.000000
0.517025 0.182504 0.329853
0.000000 0.000000 0.000000
0.001459 0.165223 0.516533
0.000000 0.000000 0.000000
0.000000 0.000000 0.000000
0.000000 0.000000 0.000000
0.000000 0.000000 0.000000
0.000000 0.000000 0.000000
-0.140300 -0.023050 0.593581
0.000000 0.000000 0.000000
-0.121165 0.165223 0.386818
0.215495 0.209413 0.120450
0.000000 0.000000 0.000000
0.000000 0.000000 0.000000
0.000000 0.000000 0.000000
0.000000 0.000000 0.000000
0.000000 0.000000 0.000000
0.000000 0.000000 0.000000
0.000000 0.000000 0.000000
0.287126 0.209413 -0.000743
-0.114201 0.209413 0.630927
0.000000 0.000000 0.000000
0.180636 0.209413 -0.043276
0.000000 0.000000 0.000000
0.000000 0.000000 0.000000
0.000000 0.000000 0.000000
0.380414 0.182504 0.716482
0.000000 0.000000 0.000000
0.000000 0.000000 0.000000
0.000000 0.000000 0.000000
-0.390707 0.157237 0.593581
0.000000 0.000000 0.000000
0.000000 0.000000 0.000000
0.000000 0.000000 0.000000
0.000000 0.000000 0.000000
0.000000 0.000000 0.000000
-0.171259 0.184928 0.786230
0.000000 0.000000 0.000000
0.000000 0.000000 0.000000
0.000000 0.000000 0.000000
0.333813 0.209413 0.216131
0.000000 0.000000 0.000000
0.000000 0.000000 0.000000
0.317409 0.182504 0.075566
0.000000 0.000000 0.000000
0.112949 0.209413 0.114228
0.000000 0.000000 0.000000
0.000000 0.000000 0.000000
-0.069251 0.182504 0.073940
0.000000 0.000000 0.000000
0.000000 0.000000 0.000000
0.000000 0.000000 0.000000
0.072325 0.182504 0.212635
-0.320280 0.209413 0.280634
0.002233 0.182504 0.024383
0.000000 0.000000 0.000000
0.000000 0.000000 0.000000
0.000000 0.000000 0.000000
-0.254317 0.114687 0.254518
0.389491 0.182504 0.584774
0.000000 0.000000 0.000000
0.000000 0.000000 0.000000
0.000000 0.000000 0.000000
0.000000 0.000000 0.000000
0.000000 0.000000 0.000000
0.208465 0.209413 0.578645
0.000000 0.000000 0.000000
0.000000 0.000000 0.000000
-0.244371 0.039725 0.292192
0.559091 0.182504 0.720996
0.000000 0.000000 0.000000
0.196660 0.099125 0.631256
0.000000 0.000000 0.000000
-0.065658 0.182504 0.213780
0.000000 0.000000 0.000000
0.429492 0.183138 0.786230
0.000000 0.000000 0.000000
0.000000 0.000000 0.000000
0.000000 0.000000 0.000000
0.000000 0.000000 0.000000
0.000000 0.000000 0.000000
-0.088162 0.182504 0.660627
0.113485 0.209413 0.198563
-0.112496 0.148641 0.292192
0.470148 0.209413 0.421497
0.000000 0.000000 0.000000
0.000000 0.000000 0.000000
0.000000 0.000000 0.000000
0.000000 0.000000 0.000000
0.000000 0.000000 0.000000
-0.090081 0.209413 0.461927
0.059492 0.209413 -0.084838
0.000000 0.000000 0.000000
0.332698 0.209413 0.591228
0.000000 0.000000 0.000000
0.238724 0.051029 0.566317
-0.007828 0.120259 0.292192
0.000000 0.000000 0.000000
0.000000 0.000000 0.000000
-0.151719 0.165223 0.492916
0.000000 0.000000 0.000000
0.237543 0.209413 -0.030383
-0.394116 0.138022 0.292192
0.000000 0.000000 0.000000
0.000000 0.000000 0.000000
0.000000 0.000000 0.000000
0.000000 0.000000 0.000000
0.000000 0.000000 0.000000
0.000000 0.000000 0.000000
0.000000 0.000000 0.000000
0.043194 0.209413 0.654470
0.000000 0.000000 0.000000
0.015091 0.165223 0.429823
0.000000 0.000000 0.000000
-0.207168 0.209413 0.427249
0.000000 0.000000 0.000000
0.000000 0.000000 0.000000
0.000000 0.000000 0.000000
0.000000 0.000000 0.000000
0.000000 0.000000 0.000000
0.107768 0.182504 0.646781
0.000000 0.000000 0.000000
-0.355971 0.165223 0.438897
0.268590 0.182504 0.577728
0.000000 0.000000 0.000000
-0.292726 0.152803 0.254518
-0.407111 0.194791 0.190388
0.042656 0.182504 0.779584
0.000000 0.000000 0.000000
0.000000 0.000000 0.000000
0.000000 0.000000 0.000000
0.000000 0.000000 0.000000
0.417743 0.209413 0.314185
0.000000 0.000000 0.000000
0.000000 0.000000 0.000000
0.000000 0.000000 0.000000
0.065133 0.182504 -0.043806
0.073659 0.182504 0.357448
0.000000 0.000000 0.000000
0.000000 0.000000 0.000000
0.000000 0.000000 0.000000
0.215739 0.183461 0.282472
0.000000 0.000000 0.000000
-0.134089 0.119623 0.593581
-0.286904 0.165223 0.447914
0.000000 0.000000 0.000000
0.000000 0.000000 0.000000
-0.384195 0.047316 0.631256
-0.254617 0.209413 0.086808
-0.395744 0.182504 0.724144
0.000000 0.000000 0.000000
-0.186571 -0.042880 0.631256
0.000000 0.000000 0.000000
0.000000 0.000000 0.000000
0.000000 0.000000 0.000000
0.040844 -0.010500 0.631256
0.000000 0.000000 0.000000
0.177470 0.041541 0.631256
-0.159840 0.119274 0.254518
0.000000 0.000000 0.000000
-0.379842 -0.004173 0.538006
0.000000 0.000000 0.000000
0.000000 0.000000 0.000000
0.000000 0.000000 0.000000
0.389368 0.182504 0.344900
0.308508 0.182504 0.513931
0.000000 0.000000 0.000000
0.000000 0.000000 0.000000
-0.196352 0.038642 0.593581
0.000000 0.000000 0.000000
-0.197104 0.209413 0.073512
-0.005633 -0.007341 0.593581
0.000000 0.000000 0.000000
0.000000 0.000000 0.000000
0.000000 0.000000 0.000000
0.505688 0.182504 0.588107
0.000000 0.000000 0.000000
0.330245 0.182504 0.410792
0.000000 0.000000 0.000000
0.568718 0.209413 0.414385
0.276343 0.182504 0.778976
0.000000 0.000000 0.000000
-0.045526 0.079238 0.631256
0.085963 0.182504 0.007662
0.000000 0.000000 0.000000
0.508222 0.182504 0.694214
-0.252347 0.159917 0.292192
0.000000 0.000000 0.000000
0.000000 0.000000 0.000000
0.000000 0.000000 0.000000
0.000000 0.000000 0.000000
-0.396348 0.153090 0.527839
-0.281591 0.165223 0.379614
0.000000 0.000000 0.000000
-0.026554 0.181369 0.404762
0.263623 0.209413 0.249870
-0.380202 0.125421 0.350923
0.000000 0.000000 0.000000
0.000000 0.000000 0.000000
-0.190870 0.165223 0.456865
0.000000 0.000000 0.000000
0.000000 0.000000 0.000000
-0.013192 0.181369 0.304753
0.000000 0.000000 0.000000
0.000000 0.000000 0.000000
0.238724 0.155593 0.483125
-0.186615 0.182504 0.182718
0.000000 0.000000 0.000000
0.000000 0.000000 0.000000
0.000000 0.000000 0.000000
0.000000 0.000000 0.000000
0.000000 0.000000 0.000000
0.000000 0.000000 0.000000
0.000000 0.000000 0.000000
0.000000 0.000000 0.000000
0.000000 0.000000 0.000000
0.000000 0.000000 0.000000
0.000000 0.000000 0.000000
0.000000 0.000000 0.000000
0.000000 0.000000 0.000000
0.207165 0.150015 0.292192
-0.037779 0.182504 0.690506
-0.166400 0.171012 0.292192
-0.341508 0.165223 0.592909
0.000000 0.000000 0.000000
-0.261736 0.182504 0.649134
-0.167505 0.209413 0.547452
0.000000 0.000000 0.000000
0.000000 0.000000 0.000000
0.000000 0.000000 0.000000
0.164610 0.182504 0.103109
-0.395988 -0.025080 0.419023
0.517570 0.209413 0.156833
-0.126161 0.182504 -0.010958
0.000000 0.000000 0.000000
-0.217885 0.209413 0.365108
0.000000 0.000000 0.000000
0.000000 0.000000 0.000000
0.000000 0.000000 0.000000
0.249488 0.159593 0.542771
-0.291859 0.181369 0.502653
0.588910 0.182504 0.498643
0.000000 0.000000 0.000000
-0.217872 0.165223 0.502786
0.000000 0.000000 0.000000
0.000000 0.000000 0.000000
0.000000 0.000000 0.000000
-0.220173 0.182504 0.749136
-0.336922 0.209413 0.351787
0.000000 0.000000 0.000000
0.120753 0.182504 0.062949
0.000000 0.000000 0.000000
0.000000 0.000000 0.000000
0.000000 0.000000 0.000000
-0.098227 0.165223 0.565384
0.000000 0.000000 0.000000
0.564260 0.182504 0.202010
0.000000 0.000000 0.000000
-0.408527 0.165223 0.462923
0.000000 0.000000 0.000000
0.000000 0.000000 0.000000
-0.007335 0.209413 0.605973
0.610719 0.182504 0.425637
0.000000 0.000000 0.000000
0.000000 0.000000 0.000000
0.000000 0.000000 0.000000
-0.297038 0.209413 0.462338
0.000000 0.000000 0.000000
0.303193 0.182504 0.729269
0.000000 0.000000 0.000000
0.000000 0.000000 0.000000
0.398837 0.209413 0.182161
0.000000 0.000000 0.000000
0.000000 0.000000 0.000000
-0.347805 0.182504 0.246547
0.000000 0.000000 0.000000
0.000000 0.000000 0.000000
-0.183977 0.209413 0.616581
0.000000 0.000000 0.000000
-0.395988 -0.055504 0.556669
0.378425 0.209413 0.286110
-0.278997 0.052969 0.631256
0.000000 0.000000 0.000000
-0.384440 0.086190 0.580411
0.000000 0.000000 0.000000
0.000000 0.000000 0.000000
0.128011 0.134444 0.593581
0.000000 0.000000 0.000000
0.000000 0.000000 0.000000
