0.135253 -0.030838 0.481076
-0.219808 0.151616 0.787872
0.000000 0.000000 0.000000
-0.039226 0.486774 0.099402
0.274330 -0.014225 -0.240116
0.000000 0.000000 0.000000
0.166462 -0.259480 0.044295
-0.247316 0.060636 0.223968
0.135253 0.257723 0.442774
0.000000 0.000000 0.000000
0.161838 0.484283 -0.366115
0.135253 -0.062866 -0.343808
0.281411 -0.017226 0.124840
-0.134060 0.486774 0.543991
0.058835 0.157549 0.787872
0.185372 0.185488 -0.057861
-0.247316 0.118030 -0.117231
-0.247316 -0.151042 0.459413
-0.247316 0.370240 0.432193
0.000000 0.000000 0.000000
0.000000 0.000000 0.000000
0.115186 0.486774 0.761267
0.211437 -0.178967 0.610442
0.135253 -0.100779 0.076644
0.055757 -0.201173 0.787872
-0.155124 0.486774 -0.236709
0.000000 0.000000 0.000000
0.269128 -0.178967 0.312076
0.227596 -0.178967 -0.257213
0.199306 0.106537 0.404547
0.171542 0.247872 -0.342590
-0.247316 0.385992 -0.081692
0.161838 0.475147 0.283911
0.000000 0.000000 0.000000
0.135253 0.209490 0.186382
-0.247316 0.474344 0.803552
0.000000 0.000000 0.000000
-0.247316 0.328327 0.089129
0.000000 0.000000 0.000000
0.135253 -0.009718 0.641637
-0.247316 -0.160793 -0.108802
0.135253 0.160640 0.193766
0.150087 0.486774 0.444807
0.138023 0.486774 -0.080189
0.000000 0.000000 0.000000
0.166462 -0.231973 0.266226
0.000000 0.000000 0.000000
-0.247316 -0.088515 0.721400
0.135253 0.323439 0.652871
0.000000 0.000000 0.000000
0.000000 0.000000 0.000000
0.199400 0.122212 -0.107511
-0.093871 0.486774 0.320090
-0.247316 0.123899 0.481307
0.147568 -0.114860 -0.057544
0.135253 0.128617 0.276517
0.000000 0.000000 0.000000
0.245020 -0.141950 0.787872
0.053001 0.486774 0.631037
0.000000 0.000000 0.000000
0.000000 0.000000 0.000000
-0.094067 0.028481 0.787872
0.000000 0.000000 0.000000
0.000000 0.000000 0.000000
-0.037100 0.414443 0.787872
0.000000 0.000000 0.000000
0.135253 0.041687 -0.140436
0.135253 0.364228 -0.153059
-0.111254 0.402694 0.787872
-0.247316 0.019121 0.052372
-0.194418 0.486774 0.191056
-0.247316 0.315545 0.639372
0.036699 0.486774 -0.226349
0.000000 0.000000 0.000000
0.308294 -0.114860 0.192100
0.000000 0.000000 0.000000
-0.247316 0.192304 0.317930
0.135253 0.410483 0.159448
0.288490 -0.178967 0.473247
0.298647 -0.178967 -0.029189
-0.065061 0.486774 -0.057327
0.232497 0.120994 -0.297244
0.166462 -0.239862 -0.153792
-0.247316 0.149069 0.095822
0.256576 -0.014225 -0.021498
0.000000 0.000000 0.000000
-0.247316 0.356602 0.222442
0.252772 -0.095212 0.614633
0.135253 -0.042640 0.283682
0.015753 0.486774 0.407592
0.208381 -0.285079 0.736464
0.000000 0.000000 0.000000
0.000000 0.000000 0.000000
0.246675 -0.095212 0.406039
0.000000 0.000000 0.000000
-0.247316 0.037474 0.393826
0.011941 0.486774 0.223447
0.293067 -0.095212 -0.189739
0.149735 0.346243 0.032633
0.228483 -0.008978 0.292640
0.095109 -0.032418 0.787872
0.000000 0.000000 0.000000
0.206006 0.092413 0.074462
0.166462 -0.238590 -0.346848
0.000000 0.000000 0.000000
0.000000 0.000000 0.000000
-0.247316 0.004558 0.693550
0.211429 0.031248 -0.396424
0.000000 0.000000 0.000000
0.135253 0.162902 0.610820
0.000000 0.000000 0.000000
0.135253 0.401155 -0.366302
0.135253 0.092310 0.028549
-0.247316 0.206065 -0.131281
0.000000 0.000000 0.000000
0.304002 -0.153951 0.152305
0.000000 0.000000 0.000000
0.135253 0.026429 0.206363
-0.235018 0.486774 0.044875
0.000000 0.000000 0.000000
0.161838 0.473222 0.602818
0.000000 0.000000 0.000000
0.000000 0.000000 0.000000
-0.241977 0.486774 0.565576
0.000000 0.000000 0.000000
0.135253 0.206435 -0.192909
0.000000 0.000000 0.000000
0.000000 0.000000 0.000000
0.000000 0.000000 0.000000
0.142305 0.349042 0.356554
0.105847 0.274844 0.787872
0.000000 0.000000 0.000000
0.161838 0.463169 -0.216379
0.135253 0.097218 -0.287477
-0.080366 0.247119 0.787872
0.172213 -0.178967 -0.084516
0.000000 0.000000 0.000000
0.086310 0.486774 0.097258
-0.009104 0.486774 -0.193108
-0.247316 0.470474 0.341128
-0.176360 0.486774 0.710892
0.000000 0.000000 0.000000
0.000000 0.000000 0.000000
0.048956 0.486774 0.733643
0.000000 0.000000 0.000000
0.000000 0.000000 0.000000
-0.247316 -0.042537 0.575883
-0.247316 -0.002536 -0.141571
0.172600 -0.178967 0.377564
-0.247316 0.328797 0.780829
0.000000 0.000000 0.000000
0.135253 0.306570 -0.008294
-0.197550 0.486774 -0.098812
-0.212025 0.486774 0.453925
0.279401 -0.095212 -0.332092
0.000000 0.000000 0.000000
0.000000 0.000000 0.000000
-0.247316 -0.072306 0.146071
-0.029850 0.486774 0.532889
0.198492 -0.095212 0.285648
0.135253 0.240032 0.109106
0.000000 0.000000 0.000000
0.263564 -0.095212 0.045242
0.220154 0.175426 -0.268728
0.155270 -0.114860 -0.209012
-0.247316 0.142823 0.606890
-0.067783 0.486774 0.232119
-0.247316 -0.151455 0.025704
0.135253 0.383034 0.504794
0.135253 0.041406 0.545310
0.000000 0.000000 0.000000
0.190919 0.160470 0.010161
-0.146960 0.449314 0.029329
0.000000 0.000000 0.000000
0.000000 0.000000 0.000000
0.276406 -0.178967 0.539496
-0.247316 0.210946 -0.022136
0.049196 0.449314 -0.019901
-0.095380 -0.111833 0.787872
-0.247316 0.270757 0.495146
0.135253 0.209556 0.358214
-0.247316 0.190090 0.652128
-0.015882 0.486774 -0.272836
0.297670 -0.178967 0.707350
0.000000 0.000000 0.000000
-0.063659 0.449314 0.648003
0.135253 0.006562 0.082144
0.000000 0.000000 0.000000
0.256307 0.015987 -0.124045
0.210127 0.073821 0.193605
-0.247316 -0.150417 0.372965
0.000000 0.000000 0.000000
0.160078 -0.114860 0.708177
0.000000 0.000000 0.000000
0.135253 0.292968 0.223251
0.000000 0.000000 0.000000
0.136502 -0.114860 0.506216
0.135253 0.406594 0.694931
0.135253 0.073962 0.379984
0.018647 0.486774 0.096538
0.000000 0.000000 0.000000
0.000000 0.000000 0.000000
0.092835 0.449314 -0.288350
0.271745 -0.178967 -0.386759
-0.247316 -0.037859 0.283307
0.135253 -0.013106 -0.018055
0.000000 0.000000 0.000000
0.000000 0.000000 0.000000
-0.247316 0.249772 0.192082
0.000000 0.000000 0.000000
0.251052 -0.095212 -0.049781
0.199853 -0.178967 0.115670
0.171946 -0.249276 0.787872
0.000000 0.000000 0.000000
0.135253 -0.026155 -0.259043
0.157224 -0.114860 0.191881
0.000000 0.000000 0.000000
0.000000 0.000000 0.000000
0.078566 0.486774 0.273845
-0.096016 0.449314 0.452299
0.258581 -0.095212 0.494213
0.000000 0.000000 0.000000
0.000000 0.000000 0.000000
0.149813 0.314408 -0.396424
0.000000 0.000000 0.000000
0.035147 0.046242 0.787872
0.135253 0.129732 0.715175
-0.247316 0.033946 0.109386
0.171963 -0.180305 0.736464
0.074370 0.366645 0.787872
-0.107995 0.449314 -0.145358
0.244388 0.068551 -0.187965
0.103569 0.449314 -0.124499
0.135253 -0.087213 0.590117
0.135253 0.253581 0.262846
0.161169 0.294664 -0.253110
0.303941 -0.114860 -0.131376
-0.219878 0.039905 0.787872
0.000000 0.000000 0.000000
0.000000 0.000000 0.000000
-0.247316 0.218882 0.435121
-0.235106 0.449314 0.145134
0.157837 0.449314 0.041423
0.000000 0.000000 0.000000
0.135253 0.132118 0.462803
-0.163277 -0.085460 0.787872
-0.021080 0.449314 0.319238
-0.247316 0.195566 0.580577
0.302501 -0.267358 0.787872
0.000000 0.000000 0.000000
-0.163535 0.449314 0.279795
-0.200011 0.486774 0.609801
0.082325 0.449314 0.530977
0.000000 0.000000 0.000000
-0.047782 0.130884 0.787872
-0.247316 0.368386 0.035740
-0.117599 0.449314 0.128801
0.135253 0.270125 0.550770
0.218519 -0.095212 -0.290301
-0.245133 0.262345 0.787872
0.000000 0.000000 0.000000
-0.247316 -0.182832 0.727548
-0.045903 0.449314 -0.120203
0.204399 0.099663 -0.043436
0.000000 0.000000 0.000000
0.000000 0.000000 0.000000
0.000000 0.000000 0.000000
0.000000 0.000000 0.000000
0.000000 0.000000 0.000000
0.000000 0.000000 0.000000
0.258763 -0.095212 -0.391833
-0.012059 0.486774 0.017854
0.000000 0.000000 0.000000
-0.247316 0.407071 0.664813
0.294003 -0.110672 0.322637
-0.247316 0.144537 0.187387
-0.186664 0.459443 0.814454
-0.247316 -0.058398 -0.078632
0.100681 0.449314 0.363347
0.135253 0.188828 0.087909
0.135253 0.129491 -0.091885
0.248178 -0.178967 0.200295
0.000000 0.000000 0.000000
0.244957 -0.017226 0.237091
-0.247316 0.251907 0.079122
-0.088540 0.486774 0.577320
0.000000 0.000000 0.000000
0.000000 0.000000 0.000000
0.191604 0.157382 0.343369
0.000000 0.000000 0.000000
0.000000 0.000000 0.000000
-0.247316 -0.161781 0.620794
0.000000 0.000000 0.000000
0.000000 0.000000 0.000000
0.000000 0.000000 0.000000
0.162299 0.289569 -0.095593
0.000000 0.000000 0.000000
0.135253 0.403016 0.234683
0.000000 0.000000 0.000000
-0.247316 0.095560 0.311477
-0.247316 0.395033 0.534471
0.210492 0.218034 -0.146533
0.182623 -0.178967 0.478360
0.135253 0.398202 -0.274948
0.135253 0.161448 -0.379524
0.000000 0.000000 0.000000
0.258902 -0.095212 0.711412
0.085729 -0.112465 0.787872
0.192408 0.153753 -0.348159
0.166462 -0.192670 0.533694
0.135253 0.146309 -0.207685
0.304002 -0.155251 0.050341
0.000000 0.000000 0.000000
0.135253 -0.055669 -0.161695
0.145812 0.486774 0.218212
0.000000 0.000000 0.000000
0.000000 0.000000 0.000000
0.242797 -0.088277 0.127018
-0.188873 0.486774 0.372543
0.000000 0.000000 0.000000
0.000000 0.000000 0.000000
0.135253 -0.032821 0.393009
0.000000 0.000000 0.000000
-0.247316 0.019620 -0.044484
-0.247316 0.365075 0.717843
0.000000 0.000000 0.000000
-0.247316 0.292491 0.300717
0.135253 0.196343 -0.300229
0.191354 0.158506 0.146264
-0.030055 -0.060351 0.787872
0.185440 0.185187 0.245451
-0.247316 0.044924 0.575850
-0.076894 0.486774 0.760580
0.007333 0.486774 0.281494
0.000000 0.000000 0.000000
0.004523 0.262199 0.787872
0.247776 -0.178967 -0.171302
0.135253 -0.069722 0.717460
-0.014494 0.486774 0.464865
0.076651 0.449314 0.218857
-0.156603 0.292856 0.787872
0.228468 -0.008912 0.101101
0.227508 -0.004578 0.388493
-0.119332 0.486774 -0.136850
0.000000 0.000000 0.000000
0.062464 0.472947 0.814454
0.206394 -0.095212 0.036521
0.000000 0.000000 0.000000
0.135253 0.305186 0.137516
-0.247316 0.294412 -0.147043
-0.247316 -0.064548 0.001648
0.169991 0.254872 0.046159
0.135253 0.209695 -0.026083
-0.131901 0.449314 -0.065768
0.213605 0.058139 -0.282683
0.000000 0.000000 0.000000
0.227626 -0.005108 -0.316912
0.000000 0.000000 0.000000
0.135253 0.383685 0.596648
0.005289 0.449314 0.694800
0.000000 0.000000 0.000000
-0.105043 0.486774 0.482034
0.135253 -0.062372 -0.100286
0.135253 0.037680 0.292347
-0.247316 -0.049029 0.428751
-0.232172 0.449314 -0.035306
0.196320 -0.178967 0.024835
-0.247316 0.267097 0.715986
0.000000 0.000000 0.000000
0.000000 0.000000 0.000000
0.208634 0.080561 0.290530
-0.247316 -0.177618 0.540867
0.135253 0.226441 -0.123905
0.135253 0.193625 0.770077
0.035717 0.486774 -0.357917
0.020252 0.486774 -0.105618
0.135253 -0.110619 0.338887
-0.062161 0.321887 0.787872
0.000000 0.000000 0.000000
-0.247316 0.483121 0.687858
0.000000 0.000000 0.000000
0.000000 0.000000 0.000000
0.000000 0.000000 0.000000
0.275410 -0.017226 0.025183
-0.247316 0.098235 -0.005824
-0.247316 0.114605 0.701186
0.000000 0.000000 0.000000
-0.192693 0.486774 -0.016697
-0.207984 0.486774 0.285221
0.000000 0.000000 0.000000
0.000000 0.000000 0.000000
0.000000 0.000000 0.000000
-0.017636 0.486044 0.814454
0.135253 -0.097691 -0.010439
0.161838 0.461310 0.530777
0.135253 0.083802 0.119709
0.000000 0.000000 0.000000
0.000000 0.000000 0.000000
0.000000 0.000000 0.000000
0.000000 0.000000 0.000000
0.000000 0.000000 0.000000
0.135253 0.266644 0.728426
0.135253 0.410225 -0.028068
0.135253 0.064630 -0.053956
0.204223 -0.095212 -0.144993
0.135253 0.044144 0.786655
-0.247316 0.313398 0.562964
0.135253 0.275570 0.356729
-0.217984 0.405021 0.787872
0.000000 0.000000 0.000000
0.135253 0.402580 0.436545
0.087398 0.449314 -0.362559
0.036112 0.449314 0.511779
0.313249 -0.126841 0.594726
0.000000 0.000000 0.000000
0.000000 0.000000 0.000000
0.000000 0.000000 0.000000
0.000000 0.000000 0.000000
0.000000 0.000000 0.000000
0.000000 0.000000 0.000000
0.000000 0.000000 0.000000
-0.068384 0.486774 -0.196582
0.000000 0.000000 0.000000
0.135253 0.325359 0.280606
0.174956 -0.101020 0.417561
0.270097 -0.178967 0.397860
0.000000 0.000000 0.000000
0.135253 0.075813 0.643548
0.275760 -0.014225 0.270940
-0.101771 0.486774 0.697167
0.163045 0.286206 -0.166927
-0.129414 0.102674 0.787872
0.313249 -0.142845 -0.438597
-0.005931 0.449314 0.576510
0.141326 -0.114860 -0.275520
-0.196663 0.449314 -0.162176
0.190281 0.115401 -0.396424
0.130658 0.486774 0.682893
0.000000 0.000000 0.000000
-0.085284 0.486774 0.412524
0.137521 0.486774 0.132560
-0.064967 0.449314 0.032804
0.236342 -0.178967 -0.024724
-0.008814 -0.133697 0.787872
0.000000 0.000000 0.000000
0.000000 0.000000 0.000000
0.158107 -0.155420 0.787872
0.000000 0.000000 0.000000
0.084393 0.449314 0.445287
-0.247316 0.136267 0.401926
-0.118765 0.171385 0.787872
0.310973 -0.144827 -0.251175
0.229065 0.136122 -0.190613
0.000000 0.000000 0.000000
0.000000 0.000000 0.000000
-0.247316 0.438444 0.221256
0.226442 -0.095212 0.198844
0.209972 0.220331 -0.285484
-0.192094 -0.017405 0.787872
0.000000 0.000000 0.000000
-0.154294 -0.165475 0.787872
0.135253 0.158705 0.531234
0.135253 0.364883 0.097281
0.000000 0.000000 0.000000
0.081283 0.449314 0.686336
-0.110056 0.449314 0.369205
0.149240 0.454651 0.814454
0.031113 0.449314 -0.163164
0.000000 0.000000 0.000000
0.135253 -0.091411 0.664764
-0.247316 -0.121784 0.202641
0.000000 0.000000 0.000000
-0.247316 0.016113 0.632681
0.216191 -0.178967 0.702529
0.095821 0.486774 0.020566
-0.137146 0.449314 0.744098
-0.180314 0.449314 0.572493
0.228993 -0.213762 0.787872
0.000000 0.000000 0.000000
-0.132253 0.449314 0.207509
0.214047 -0.095212 0.553003
0.000000 0.000000 0.000000
-0.153727 0.449314 0.643527
0.276501 -0.178967 0.634933
0.166462 -0.252977 0.349970
0.304106 -0.144827 0.776854
0.177333 0.221750 0.290072
0.135253 0.149361 0.386122
0.000000 0.000000 0.000000
0.000000 0.000000 0.000000
0.000000 0.000000 0.000000
0.214344 -0.178967 -0.334054
0.081975 0.486774 0.579037
0.135253 0.044832 0.442941
0.032183 0.449314 0.455456
-0.247316 0.156211 -0.069368
0.000000 0.000000 0.000000
0.000000 0.000000 0.000000
-0.247316 -0.067769 0.786593
0.000000 0.000000 0.000000
0.313249 -0.122144 0.423119
-0.247316 -0.069511 0.355683
0.135253 0.106203 -0.353119
0.000000 0.000000 0.000000
0.000000 0.000000 0.000000
0.142278 -0.114860 0.247375
0.000000 0.000000 0.000000
0.000000 0.000000 0.000000
-0.156157 0.449314 0.472017
-0.247316 0.350887 0.356953
0.000000 0.000000 0.000000
-0.098395 0.449314 -0.238331
0.221569 0.022210 0.037215
0.135253 -0.040417 0.180081
0.000000 0.000000 0.000000
0.000000 0.000000 0.000000
-0.247316 0.419881 0.077739
0.150281 0.449314 -0.430015
0.216767 0.043876 0.131828
0.270973 -0.016759 -0.396424
0.000000 0.000000 0.000000
0.047857 0.486774 0.356649
-0.246012 0.449314 0.410974
-0.139871 0.486774 -0.058110
0.209969 0.220343 -0.210485
0.212852 -0.108419 0.756355
-0.048424 0.449314 0.159040
0.000000 0.000000 0.000000
0.166461 -0.251417 0.705453
-0.003124 0.449314 -0.330325
-0.247316 0.237160 0.379312
0.166462 -0.196966 0.163468
-0.084390 0.449314 0.281841
-0.247316 0.471088 -0.147348
0.000000 0.000000 0.000000
0.190262 -0.178967 0.304544
0.139377 0.486774 -0.279286
0.000000 0.000000 0.000000
0.166461 -0.207717 -0.264064
-0.115166 0.486774 0.079879
0.000000 0.000000 0.000000
0.166462 -0.266020 0.533145
0.000000 0.000000 0.000000
-0.247316 -0.082197 0.069509
0.000000 0.000000 0.000000
0.306162 -0.114860 0.528925
0.231469 -0.088277 0.336945
-0.035733 0.449314 0.423783
-0.036627 0.486774 0.702324
0.000000 0.000000 0.000000
0.000000 0.000000 0.000000
0.177068 0.222946 0.223802
-0.247316 0.003302 0.520359
0.000000 0.000000 0.000000
0.000000 0.000000 0.000000
0.190521 0.162264 -0.225499
-0.247316 -0.077759 0.636798
0.306477 -0.114860 -0.009125
0.000000 0.000000 0.000000
0.235975 -0.095212 -0.223385
0.135253 0.243998 -0.255476
-0.247316 0.371816 0.143514
0.124480 0.486774 -0.161920
0.282499 -0.095212 0.254832
-0.080499 0.449314 0.539785
0.000000 0.000000 0.000000
-0.134323 0.463851 0.814454
0.294003 -0.100539 0.103599
-0.247316 0.290090 0.017779
0.000000 0.000000 0.000000
0.145452 0.349740 -0.219088
-0.036306 0.449314 -0.238459
-0.247316 -0.063020 0.516250
-0.208620 0.449314 0.751501
-0.247316 0.314150 -0.086809
-0.247316 0.298245 0.432230
0.135253 0.390150 0.311225
0.000000 0.000000 0.000000
0.131894 0.486774 0.343797
-0.184267 0.449314 0.103193
0.000000 0.000000 0.000000
0.166462 -0.240573 -0.024475
0.191564 0.157554 0.093358
0.116645 0.486774 -0.022362
0.313249 -0.128974 -0.384519
0.000000 0.000000 0.000000
-0.247316 -0.152002 0.125869
0.000000 0.000000 0.000000
0.135253 0.341043 -0.306762
0.000000 0.000000 0.000000
0.075688 0.449314 0.152770
0.000000 0.000000 0.000000
0.135253 0.006710 -0.333969
0.000000 0.000000 0.000000
0.000000 0.000000 0.000000
0.160871 0.449314 0.381360
0.112544 0.449314 0.614311
-0.247316 0.362280 0.299383
-0.028560 0.486774 0.620440
0.000000 0.000000 0.000000
0.135253 0.109047 0.562798
-0.247316 0.437585 0.478567
-0.247316 0.060507 -0.101102
0.205411 0.095095 0.025276
-0.220889 -0.118875 0.787872
0.229296 -0.014303 -0.079750
0.267186 -0.178967 -0.104547
-0.103014 0.486774 0.012892
0.135253 0.083649 -0.193756
0.000000 0.000000 0.000000
0.000000 0.000000 0.000000
0.029662 -0.048619 0.787872
0.223863 0.011864 0.183550
0.000000 0.000000 0.000000
0.000000 0.000000 0.000000
0.103362 0.105888 0.787872
0.242601 -0.014225 -0.181416
0.000000 0.000000 0.000000
0.000000 0.000000 0.000000
0.172375 0.244117 -0.038643
-0.247316 0.438371 0.293463
0.004572 0.449314 0.764111
0.000000 0.000000 0.000000
0.000000 0.000000 0.000000
-0.247316 0.056547 0.491560
0.000000 0.000000 0.000000
0.000000 0.000000 0.000000
-0.247316 -0.019689 0.094662
0.135253 0.348078 0.727520
-0.168420 0.368659 0.787872
0.000000 0.000000 0.000000
-0.022021 0.449314 -0.060213
0.135253 -0.090739 0.442565
-0.247316 -0.010870 0.760179
0.135253 0.243651 0.612744
0.004247 0.449314 0.046094
-0.247316 0.089087 0.065135
0.135253 0.443564 0.108563
-0.247316 0.198830 0.147649
0.000000 0.000000 0.000000
0.000000 0.000000 0.000000
0.313249 -0.136714 0.661410
0.135253 0.251027 -0.406427
0.000000 0.000000 0.000000
-0.037131 0.449314 0.237709
0.000000 0.000000 0.000000
0.215945 0.047581 -0.102406
0.000000 0.000000 0.000000
0.218192 0.037447 -0.228478
-0.211607 0.449314 0.525465
0.000000 0.000000 0.000000
0.000000 0.000000 0.000000
0.304002 -0.206519 0.776227
0.194086 -0.095212 0.501971
0.135253 0.300625 0.073639
-0.126359 -0.021293 0.787872
0.000000 0.000000 0.000000
-0.120554 0.486774 0.182002
-0.247316 -0.000681 0.221319
0.263074 -0.178967 0.123278
-0.247316 -0.118252 0.571678
0.023577 0.486774 0.560644
0.136080 0.347663 -0.045799
0.263570 -0.095212 -0.120531
0.304002 -0.177679 -0.334932
-0.158494 0.218877 0.787872
0.000000 0.000000 0.000000
0.283972 -0.016045 0.191812
0.134198 0.352239 0.194090
0.000000 0.000000 0.000000
0.166462 -0.203737 0.071445
0.135253 -0.049507 0.115384
-0.247316 0.268669 -0.050600
0.135253 0.424303 0.763488
-0.001977 0.202635 0.787872
0.000000 0.000000 0.000000
0.187728 -0.178967 -0.213582
0.203615 -0.088277 -0.053333
0.185145 -0.095212 0.101422
-0.247316 0.106174 0.558759
0.135253 -0.074838 -0.225229
0.196659 0.134574 0.204075
0.203912 -0.095212 0.653735
-0.089236 0.449314 -0.025440
0.000000 0.000000 0.000000
0.000000 0.000000 0.000000
0.000000 0.000000 0.000000
-0.092325 -0.174628 0.787872
0.061326 0.449314 0.758805
0.000000 0.000000 0.000000
0.304002 -0.176379 -0.199275
0.000000 0.000000 0.000000
0.000000 0.000000 0.000000
0.046261 0.449314 -0.269399
0.174956 -0.110999 -0.327752
0.135253 0.026732 -0.202220
-0.231288 0.449314 0.608277
0.135253 0.086112 0.322695
0.000000 0.000000 0.000000
0.003007 0.449314 0.185992
0.135253 0.142845 0.139833
-0.247316 0.059525 0.719201
0.000000 0.000000 0.000000
-0.119326 0.449314 0.615388
0.135253 -0.011025 0.732111
-0.247316 -0.140474 0.685474
0.135253 0.129266 -0.030504
0.000000 0.000000 0.000000
0.194354 0.144968 0.277895
0.135253 0.083305 0.500559
-0.247316 0.256613 0.570000
0.175341 0.230733 0.150047
-0.247316 0.038546 0.289619
-0.247316 0.194197 0.487083
0.000000 0.000000 0.000000
0.051391 0.449314 0.066312
0.181634 -0.178967 0.240503
