-0.159512 0.044368 -0.078600
-0.184428 0.042405 -0.079255
-0.382188 -0.007238 -0.184194
-0.279359 -0.041579 0.162307
-0.164439 -0.041579 -0.088557
-0.329527 0.021654 0.018682
-0.043679 0.021654 0.142500
-0.346644 -0.041579 -0.021156
-0.056976 0.016113 -0.160525
-0.223552 0.018013 -0.220031
-0.259550 0.018087 0.166216
0.000000 0.000000 0.000000
-0.121869 -0.035628 0.105690
-0.401137 -0.041579 0.103187
0.001292 0.021654 -0.007675
-0.385191 -0.041579 -0.095599
-0.277130 -0.041579 0.010219
-0.281669 -0.004816 -0.132535
-0.165768 0.021654 0.054721
-0.284940 -0.041579 -0.154744
-0.056631 -0.041579 -0.093822
-0.339112 0.021654 -0.088859
-0.404180 0.013457 0.006601
-0.031707 -0.041579 0.066742
-0.148051 0.021256 0.195207
-0.278578 0.007046 0.059536
-0.364351 0.002737 0.109560
0.068016 0.021654 0.121091
-0.058128 -0.041579 -0.025608
-0.136884 -0.038897 -0.185800
-0.256564 0.028416 -0.026237
-0.306594 0.002929 0.191667
-0.139795 0.047905 -0.143482
-0.104250 0.021654 -0.011522
-0.222263 -0.041579 0.097001
-0.162372 -0.041579 0.014367
-0.194292 0.040149 -0.144720
0.051850 -0.000387 0.040758
-0.308969 0.018541 -0.223138
-0.380822 -0.036230 0.172296
-0.229649 -0.014800 0.218613
-0.395451 -0.041579 0.031547
-0.326552 -0.041579 -0.072013
-0.241386 -0.041579 -0.093836
-0.415890 0.021018 -0.108223
0.016668 -0.029582 0.116700
-0.314768 -0.041579 0.106731
-0.057522 -0.041579 0.065304
-0.112578 0.021654 0.114010
-0.289321 0.019672 0.110738
0.000000 0.000000 0.000000
0.000000 0.000000 0.000000
-0.096335 0.004726 0.180404
-0.067172 -0.021994 0.125383
-0.343030 0.021654 -0.147797
-0.122377 -0.015603 -0.181793
-0.041095 0.021654 -0.076267
-0.395619 -0.004319 -0.045646
-0.196558 -0.041219 0.125833
-0.034386 0.021654 0.057992
-0.156020 0.010229 -0.198295
0.013481 -0.041579 -0.053990
-0.357053 -0.041579 0.046347
-0.340742 0.012760 0.095156
-0.316523 0.021654 -0.077107
-0.121633 -0.041579 -0.062765
-0.361825 -0.041579 -0.144498
-0.264986 0.021654 -0.151613
-0.379576 -0.011336 0.032037
-0.216700 -0.041579 -0.196358
-0.333701 0.021654 -0.127929
-0.072954 -0.013769 0.144867
0.000000 0.000000 0.000000
-0.210892 0.013487 0.121329
-0.178951 0.021654 -0.015191
0.000000 0.000000 0.000000
-0.274241 -0.031039 -0.228959
-0.237124 0.021654 -0.107454
-0.214777 -0.041579 -0.024634
-0.108814 0.024595 -0.099714
-0.223983 0.033674 0.033381
-0.328693 -0.038489 0.209804
-0.267338 0.021654 -0.004229
0.005620 0.024595 -0.062652
-0.062892 -0.031121 -0.161599
-0.173195 0.021654 0.128169
-0.085261 0.021654 0.052893
-0.419880 -0.039054 -0.046596
-0.332753 -0.004816 -0.170448
-0.233349 -0.041579 -0.123082
0.081517 0.035663 0.025354
0.014762 0.021654 0.093039
-0.326681 -0.015478 0.148027
-0.342590 -0.007597 0.064187
-0.349095 -0.041579 -0.170533
-0.405504 0.019359 -0.037689
-0.265506 -0.009504 0.202757
-0.315854 0.008271 0.152670
-0.181625 -0.016020 0.179406
-0.110358 -0.041579 -0.128231
0.000000 0.000000 0.000000
-0.404848 -0.000975 0.067106
-0.341171 0.021654 -0.004925
0.000000 0.000000 0.000000
-0.203968 0.021654 0.194114
-0.050976 0.021654 -0.009567
-0.277278 -0.043891 -0.048713
-0.247438 0.044448 -0.176799
-0.392059 -0.041579 0.130654
-0.109354 -0.044521 0.025983
-0.030393 -0.041579 0.008125
-0.081643 0.021654 0.125289
0.027503 0.015342 0.150343
-0.181252 -0.041579 -0.144374
-0.216347 0.034235 -0.042918
-0.270336 -0.039579 0.198565
-0.422337 -0.009920 -0.096179
0.000000 0.000000 0.000000
-0.269394 -0.041579 0.134282
-0.227171 -0.041579 0.031795
0.004529 0.029007 0.029622
-0.302802 -0.041579 0.015929
0.046444 0.011905 -0.021126
-0.422658 -0.015463 0.063041
-0.269995 0.021654 0.010213
-0.259937 0.011028 0.214965
-0.169129 0.021654 0.101903
-0.352740 -0.015562 -0.207855
-0.154966 -0.044521 0.060639
0.007506 0.029007 0.040833
-0.408509 -0.018615 -0.146590
-0.306722 -0.004441 0.098835
0.000000 0.000000 0.000000
0.000000 0.000000 0.000000
-0.362135 -0.041579 0.126886
-0.168619 -0.041579 0.076601
-0.130578 0.029007 -0.047686
-0.112741 0.021654 -0.142438
-0.281842 -0.041579 -0.097165
-0.259226 0.001063 0.134935
-0.212342 0.021654 0.071587
-0.422658 -0.029626 -0.010468
0.000000 0.000000 0.000000
-0.272251 0.021654 0.082028
0.000000 0.000000 0.000000
0.000000 0.000000 0.000000
-0.077134 -0.041579 -0.040362
-0.160588 0.021654 -0.115832
0.073326 -0.000404 -0.011206
-0.000778 -0.041579 0.067354
-0.143282 0.029007 0.016730
-0.306676 -0.041579 -0.096292
-0.343572 0.007682 -0.050132
-0.139856 -0.017472 0.154421
-0.342921 -0.041579 0.181213
-0.077151 0.025416 -0.052590
0.005562 -0.041579 -0.093319
-0.304265 -0.041579 0.044150
-0.198359 0.024595 -0.179468
-0.176108 -0.019900 -0.206518
-0.087188 0.015708 -0.167388
-0.228761 -0.036304 0.166323
-0.202115 -0.041579 -0.071988
-0.384183 0.010074 -0.133368
-0.304744 0.021654 0.054651
0.000000 0.000000 0.000000
-0.060088 0.019195 0.162951
-0.019486 0.021654 -0.114092
-0.153285 -0.044521 -0.023861
-0.229874 0.003348 0.165480
0.051730 0.021654 0.065854
-0.274736 0.021654 -0.065961
-0.022744 -0.017304 0.137361
-0.129534 0.024595 0.069502
-0.406189 -0.041579 0.071193
-0.324701 -0.041579 -0.195732
-0.313164 0.010710 -0.023361
-0.220025 0.036526 -0.015360
0.001216 0.021654 0.135862
0.044546 0.021654 -0.055716
-0.262282 -0.041579 0.066791
-0.300611 0.023125 -0.162562
0.004242 0.021654 0.010923
-0.011996 -0.035083 0.097191
-0.353216 0.021654 -0.188742
-0.351986 0.003081 -0.029770
-0.064303 0.024595 -0.113839
-0.108913 -0.041579 -0.014479
-0.032972 0.024595 -0.035808
-0.268156 0.024595 -0.207460
0.000000 0.000000 0.000000
-0.096944 -0.040868 0.085620
-0.253736 0.034889 0.041477
-0.369485 0.005958 -0.079263
-0.384767 0.020519 -0.022030
-0.057464 0.021654 0.027588
-0.293446 -0.029682 0.223893
-0.037462 0.021654 0.106438
-0.380944 -0.017412 0.074656
-0.236409 -0.041579 -0.165753
-0.346581 -0.005878 0.164464
-0.263428 0.021654 -0.130654
-0.160256 0.024595 -0.158016
-0.202181 0.021654 0.160832
-0.032517 -0.041579 -0.048359
-0.089408 -0.023783 -0.168670
0.000000 0.000000 0.000000
-0.243720 0.021654 -0.061541
-0.200244 0.021654 -0.125082
-0.332272 -0.041579 0.146958
-0.419676 -0.039209 0.028752
-0.083769 0.024595 0.084554
-0.040134 -0.041579 -0.131123
0.004565 -0.041579 -0.012488
-0.187370 -0.041579 0.004471
-0.302010 0.007435 0.018820
-0.422658 -0.032711 -0.069760
-0.197311 0.021654 0.031637
-0.274319 -0.041579 -0.196199
-0.242787 -0.041579 -0.042646
-0.007125 -0.041579 0.028494
-0.397777 -0.010218 -0.005609
-0.147156 -0.003957 0.188573
0.037879 0.024595 0.018868
-0.274262 0.019142 0.135910
-0.376125 -0.041579 -0.048380
-0.163898 0.021654 -0.056803
-0.304490 0.011287 -0.115501
-0.161786 -0.030448 0.134364
-0.177162 0.015308 0.213301
-0.392759 -0.041579 -0.020420
-0.393549 0.021654 -0.075441
-0.035803 0.024595 -0.147185
-0.148049 0.021654 0.068595
0.000000 0.000000 0.000000
-0.180000 -0.041579 -0.181906
-0.211966 0.021654 -0.077852
-0.016986 0.021654 0.023713
-0.141290 0.024595 -0.019856
-0.337626 -0.041579 0.012347
-0.286679 -0.041579 0.087460
-0.192667 -0.005244 0.211125
-0.123120 0.021654 0.163548
-0.221275 0.032046 0.011787
-0.353394 -0.041579 -0.112863
-0.381858 0.012864 0.039515
-0.202690 -0.041579 0.051581
0.000000 0.000000 0.000000
-0.390278 -0.011596 0.119265
0.103433 0.035459 0.028806
-0.375501 0.021654 -0.170627
-0.226137 0.021654 -0.148997
-0.237923 0.011113 0.095189
-0.075782 -0.044521 0.026558
-0.170139 0.021654 0.171678
-0.233191 0.032326 -0.192212
-0.369226 0.010908 0.066796
-0.346310 -0.041579 0.085037
-0.140752 0.024595 -0.090954
-0.305278 -0.041579 -0.052323
-0.149418 -0.041579 -0.116825
-0.084110 -0.041579 -0.076770
0.021640 0.021654 -0.083614
-0.092576 0.021654 0.017481
-0.370090 0.021654 -0.114497
-0.030141 0.021654 -0.066476
-0.422265 -0.001552 0.031624
-0.305350 -0.041579 0.183379
0.000018 0.021654 -0.032833
-0.371677 0.021654 -0.050522
-0.136082 0.021654 0.138293
-0.274492 -0.006758 0.167977
-0.259454 -0.041579 0.095242
-0.318839 -0.019035 0.186941
0.051617 0.021654 0.092240
0.000000 0.000000 0.000000
-0.362526 -0.003348 0.000636
-0.273286 0.021654 -0.102128
-0.378959 -0.038577 -0.184014
-0.240329 0.021654 0.066375
-0.188438 0.018829 -0.208745
-0.253425 0.021654 0.104870
-0.292472 -0.006192 0.134769
-0.362759 -0.041579 0.010714
0.000000 0.000000 0.000000
-0.367606 0.018564 0.019705
-0.101432 0.021654 -0.043633
0.000000 0.000000 0.000000
-0.240145 -0.041579 -0.007730
0.054334 -0.000376 0.007816
-0.232472 -0.041579 0.126750
-0.274861 0.021654 0.030131
-0.359012 -0.023238 0.153062
-0.114565 -0.017998 0.144687
0.000000 0.000000 0.000000
0.000000 0.000000 0.000000
-0.177032 -0.041579 -0.064789
-0.408047 0.015089 -0.146743
-0.422658 0.004880 -0.017246
-0.072273 -0.041579 -0.130371
0.065550 0.035267 -0.001922
0.000000 0.000000 0.000000
-0.239712 0.031677 0.008722
-0.320401 -0.016504 -0.222246
-0.224825 -0.017082 -0.222047
-0.039505 0.021654 -0.107936
-0.176552 -0.044521 -0.036366
-0.303042 0.021654 0.026373
-0.324308 0.012824 0.116939
0.065408 0.021654 0.153802
-0.084987 0.021654 -0.081383
-0.236629 0.021654 0.142000
-0.115894 0.021654 0.043362
0.037985 0.021654 0.116458
-0.030930 -0.041579 -0.076825
-0.298837 -0.015884 0.195996
-0.172204 0.024595 0.011685
0.000000 0.000000 0.000000
0.000000 0.000000 0.000000
-0.187028 0.021654 0.079332
-0.025631 -0.003363 0.151921
-0.071067 0.021654 0.092974
-0.397874 0.003682 -0.108321
-0.136513 0.024595 -0.001998
-0.336979 0.013010 -0.216130
-0.120747 0.017092 -0.179905
-0.203115 -0.041579 -0.111326
-0.331036 0.018235 0.070783
-0.190304 0.021654 -0.043800
-0.107278 -0.041579 0.055745
-0.332743 -0.011053 0.105591
0.049244 0.029159 0.026950
0.001455 0.024595 -0.108595
-0.398815 -0.041579 -0.138482
-0.225288 0.024595 -0.163022
0.000000 0.000000 0.000000
-0.142320 0.021654 -0.178640
-0.238644 0.018210 0.192650
-0.137855 -0.041579 0.014472
-0.400741 -0.018602 0.051464
-0.264551 -0.000446 -0.228959
-0.417606 -0.040485 -0.096432
-0.355756 -0.006528 0.035033
0.000000 0.000000 0.000000
0.000000 0.000000 0.000000
-0.257060 -0.041579 0.038005
-0.145122 0.021654 0.096250
-0.126776 -0.007547 0.173331
0.080324 0.024595 0.056068
-0.211026 -0.021215 0.188033
-0.317955 -0.041579 -0.163564
-0.372868 -0.041579 0.072224
-0.270976 -0.044521 -0.017111
-0.330326 -0.011343 0.204609
0.000000 0.000000 0.000000
0.023386 -0.018078 0.145202
-0.355850 -0.041579 -0.073856
-0.007004 0.021654 0.011355
-0.310016 0.021654 -0.192923
-0.403836 -0.010324 0.096863
-0.123439 -0.044521 -0.032390
-0.112644 0.021654 -0.070246
-0.197060 -0.029830 0.156381
-0.074386 0.024595 -0.021825
-0.287330 0.021654 -0.024657
0.025067 0.024595 -0.018350
-0.172042 0.021654 -0.085746
-0.245971 -0.037764 -0.225220
-0.311019 -0.004816 -0.138170
-0.092355 0.021654 -0.121578
-0.135339 -0.041579 -0.078747
-0.306164 -0.041579 0.136294
-0.092639 -0.041579 -0.101951
-0.215807 0.018689 0.216548
-0.266855 0.003392 0.105429
0.035942 -0.041579 -0.061158
-0.320582 -0.000509 0.047437
-0.416364 -0.029041 0.103261
0.000000 0.000000 0.000000
0.000000 0.000000 0.000000
-0.147340 -0.041579 0.091249
0.000000 0.000000 0.000000
-0.001651 0.021654 0.061596
-0.403982 -0.002981 -0.069025
-0.389679 -0.041579 -0.158139
-0.255074 0.034889 -0.040508
0.000000 0.000000 0.000000
-0.121567 0.029007 0.011345
-0.199478 0.021654 0.000422
-0.142830 0.024595 0.042909
0.032469 0.024595 0.048643
0.000000 0.000000 0.000000
-0.010672 0.024595 -0.086883
-0.290246 -0.041579 0.113449
-0.255421 -0.025137 0.219860
-0.234997 -0.044521 0.060544
-0.183920 0.024595 -0.152050
-0.213783 0.021654 0.039556
-0.344854 -0.041579 -0.046483
-0.232406 0.021654 -0.034241
-0.359166 -0.018098 0.179660
-0.130515 0.024595 -0.117765
-0.060032 0.021654 0.052461
-0.054066 -0.041579 -0.001412
-0.009946 -0.041579 -0.044283
-0.068367 -0.037162 0.091194
-0.063807 0.021654 -0.065736
-0.267354 -0.041579 -0.121761
-0.196560 -0.041579 0.083833
-0.023182 -0.041579 -0.011259
-0.364483 -0.041579 0.171890
-0.357960 -0.002530 0.137727
-0.021078 -0.041579 -0.110551
-0.434307 -0.016899 -0.004830
-0.264983 0.021654 -0.180959
-0.327948 0.004191 0.000862
-0.422724 0.008065 -0.074091
-0.271890 -0.008551 0.226962
0.000000 0.000000 0.000000
-0.379059 -0.020772 0.102494
-0.243545 -0.030259 0.194408
-0.239153 -0.044521 0.018164
-0.229567 0.009473 0.120782
-0.299586 -0.002534 0.220304
-0.293519 0.005861 0.044145
-0.127858 -0.041579 -0.141861
-0.045508 -0.028605 0.109407
-0.076952 0.021654 -0.141779
-0.171883 -0.041579 0.041012
-0.233682 0.021654 0.039191
-0.207258 -0.041579 -0.155880
0.000000 0.000000 0.000000
-0.311196 0.021654 -0.048309
-0.196490 -0.035265 -0.213319
-0.383905 -0.020314 0.149824
-0.164288 -0.044521 -0.011537
0.015662 -0.041579 0.045260
-0.242526 0.021654 0.031241
-0.416505 -0.004930 -0.126028
-0.030813 0.024595 0.002223
-0.158119 0.024595 -0.029401
-0.243781 -0.041579 -0.200893
-0.307843 0.019312 0.090370
-0.060766 0.024595 0.068842
-0.215779 -0.041579 0.002046
0.012184 0.024595 -0.021121
-0.342657 -0.041579 -0.137925
-0.027827 -0.021988 -0.164859
-0.103065 0.021654 0.067249
-0.217246 -0.044521 -0.052229
-0.090678 0.021654 0.151024
0.000000 0.000000 0.000000
-0.321969 0.021654 -0.104130
-0.325683 -0.041579 -0.019303
-0.078702 -0.041579 -0.011554
-0.065520 -0.041579 -0.068534
-0.322067 -0.004822 0.076859
-0.190372 -0.044521 0.032358
0.025909 0.024595 -0.001057
-0.111362 0.024595 0.088324
-0.366136 -0.041579 0.099804
-0.304150 -0.001927 -0.165496
-0.157401 -0.041579 -0.168885
-0.035100 -0.041579 0.043516
-0.380438 -0.041579 0.144895
0.055911 0.034872 -0.026612
-0.390683 -0.041579 -0.062934
-0.218593 0.021654 -0.118580
-0.286707 0.020009 -0.140331
-0.241020 -0.003348 0.196881
-0.243750 0.031642 -0.011480
-0.249465 -0.041579 0.152019
-0.346084 0.018473 0.048869
-0.339690 -0.031339 -0.214707
-0.144769 -0.041579 -0.050499
-0.292088 -0.008512 0.152502
-0.284541 -0.041579 -0.071766
-0.100974 -0.041579 -0.153156
-0.174309 0.021654 -0.187086
0.000000 0.000000 0.000000
-0.281592 0.009748 0.192582
-0.287538 0.021654 -0.190833
-0.200684 0.022489 -0.021413
0.000000 0.000000 0.000000
-0.215417 0.021654 0.146845
0.000000 0.000000 0.000000
-0.130141 -0.041579 0.043831
-0.217615 0.021654 0.102595
-0.357241 -0.013504 0.084104
-0.180216 0.011054 0.188828
-0.248533 0.001098 0.151946
0.067760 0.034517 0.043202
-0.184319 0.021654 0.151187
-0.410993 -0.015991 0.015647
-0.152398 -0.021229 -0.196717
-0.422658 -0.014871 -0.028935
-0.072590 0.021654 0.005934
-0.084017 0.029007 -0.007131
-0.022134 0.021654 0.085876
-0.200899 0.021654 -0.100083
-0.355357 0.021654 -0.101067
-0.187199 0.024595 -0.061679
-0.326584 0.001068 0.026104
-0.178196 0.021654 -0.128112
-0.167056 -0.039358 0.116706
-0.040582 -0.016669 0.136960
-0.301691 -0.041579 -0.206487
-0.212901 0.021654 -0.195654
-0.095128 -0.041579 0.007350
-0.041006 0.024595 -0.123105
-0.196479 -0.006724 -0.213740
-0.197357 0.036320 -0.121664
-0.157648 0.030919 -0.003198
-0.082664 -0.041579 0.055526
-0.214534 0.002645 0.195442
-0.169858 -0.024490 0.152895
-0.037398 0.021654 0.043196
-0.137137 0.024595 -0.152273
-0.136025 -0.044521 -0.010754
-0.378295 -0.003589 -0.023052
-0.031070 0.021654 -0.018762
0.000000 0.000000 0.000000
-0.233967 -0.041579 -0.068659
-0.001239 0.021654 -0.129744
-0.062100 0.021654 0.110110
-0.122356 0.024595 -0.032322
-0.294085 0.021654 -0.002830
-0.183675 0.024595 -0.114947
-0.290379 0.021654 -0.101659
-0.366261 0.021279 -0.005736
0.000000 0.000000 0.000000
-0.325946 0.007821 -0.145345
-0.327460 0.023125 -0.178630
-0.152297 -0.041579 -0.143423
-0.372967 -0.041579 -0.127661
-0.035759 0.004828 -0.162774
-0.370535 -0.013075 0.059473
0.002381 -0.020196 0.134154
-0.246322 0.021654 -0.206557
-0.405643 0.021654 -0.128618
-0.406485 -0.041579 -0.000305
-0.351949 -0.041579 -0.194740
-0.232289 0.021654 -0.175569
-0.302340 -0.027192 -0.226534
-0.387286 0.003454 -0.089534
-0.304864 -0.013416 0.168051
-0.050977 0.024595 -0.046740
0.002444 0.021654 0.109188
-0.326486 0.000291 0.172785
-0.147071 0.021654 -0.072529
-0.366642 0.009104 -0.198116
-0.373001 0.021654 -0.144839
-0.132984 0.021654 -0.065747
-0.100721 -0.041579 -0.044034
-0.257836 -0.041579 -0.062210
-0.351987 0.021654 -0.037502
-0.277278 -0.042460 0.033238
-0.040565 -0.040694 -0.156801
-0.049317 -0.002137 0.160798
-0.285517 -0.041579 0.179849
-0.242676 0.021654 -0.124943
-0.080027 -0.041579 -0.151760
0.065671 -0.000327 0.024197
0.000000 0.000000 0.000000
0.026293 0.021654 -0.060027
-0.203142 0.021654 -0.060994
-0.289140 -0.041579 -0.178172
-0.150459 0.021654 -0.135785
-0.002990 -0.003271 0.148067
-0.337773 0.004197 -0.015050
-0.079668 0.024595 0.031494
-0.420288 -0.021234 0.039320
-0.354664 0.021654 -0.119747
-0.310569 -0.008190 0.120278
-0.316094 -0.021467 0.217751
-0.385331 -0.002548 0.099433
0.047987 0.025093 -0.004265
-0.156883 0.021654 0.031063
-0.110397 0.021654 -0.116765
0.000000 0.000000 0.000000
-0.190381 0.024595 0.057706
-0.324639 -0.037938 -0.218730
-0.299551 -0.000288 0.079771
-0.129801 0.010466 0.194222
-0.353128 0.021654 -0.062927
-0.291057 -0.041579 -0.032350
-0.196770 0.021654 0.102063
-0.136004 -0.041579 0.071206
-0.014421 0.021654 -0.050280
-0.335137 0.021654 -0.025005
-0.261958 -0.041579 -0.154620
0.024953 -0.041579 -0.081866
-0.227817 0.021654 0.162894
-0.403363 -0.041579 -0.079618
-0.281685 0.005818 0.215713
-0.355118 -0.041579 0.148494
-0.148024 0.021654 -0.050568
-0.063693 0.021654 -0.087006
-0.159063 -0.014719 0.169783
-0.396822 0.016082 -0.165760
-0.398254 0.021654 -0.097754
-0.204909 -0.041579 -0.133799
-0.209723 -0.041579 0.030507
-0.111536 -0.041579 -0.089794
0.000000 0.000000 0.000000
-0.224238 0.021739 -0.061880
0.017540 0.021654 -0.042560
-0.136854 -0.025668 0.134189
-0.161758 -0.041215 -0.193806
-0.303098 -0.041579 -0.118233
-0.323296 -0.041579 0.167279
-0.168389 0.024595 0.081258
-0.302589 -0.041579 0.071934
-0.256564 0.031849 0.018916
-0.070896 -0.004804 0.165139
0.073065 0.011306 0.043161
-0.148271 0.021654 0.119823
-0.377185 -0.023323 0.124340
-0.284216 -0.002112 0.117995
-0.389277 0.014450 0.020425
-0.021424 0.021654 -0.131375
0.000000 0.000000 0.000000
-0.017807 0.019997 0.146698
0.046444 0.009983 0.016492
-0.124046 -0.041579 -0.168541
0.000000 0.000000 0.000000
-0.421045 -0.037595 0.055588
-0.161868 -0.000451 0.204425
0.020390 0.024595 0.023503
-0.050110 0.021654 0.084145
0.024570 0.021654 0.067416
-0.146115 -0.041579 0.033936
-0.291759 -0.041579 0.201913
-0.192054 -0.041579 -0.014846
-0.210683 -0.041579 -0.176449
-0.414473 -0.026471 0.087351
-0.248124 0.013619 -0.227348
-0.294725 0.021654 -0.057732
0.077029 0.021654 0.079084
0.000000 0.000000 0.000000
0.054168 0.021654 0.130659
-0.283620 0.014969 -0.124595
-0.103446 0.021654 0.008415
-0.389636 -0.041579 0.087950
-0.414765 -0.031811 -0.131649
0.000000 0.000000 0.000000
-0.255195 -0.019641 -0.228833
-0.176765 0.024595 -0.035415
-0.395413 -0.012799 -0.168415
-0.403940 -0.030458 0.139775
-0.255983 0.009907 0.074920
0.032127 -0.041579 -0.040258
-0.375460 0.000601 -0.049387
-0.333963 -0.041579 -0.104306
-0.254358 0.021654 -0.092526
-0.346736 -0.015568 0.116299
-0.198588 -0.041579 -0.046541
-0.291223 0.015079 0.147812
-0.221935 0.023206 0.059146
-0.091535 -0.041579 0.036583
-0.197078 0.009476 0.173237
-0.237876 0.021654 -0.018059
0.009721 -0.036888 0.098130
0.070579 0.021654 0.100306
-0.139777 0.024595 -0.030870
-0.205632 0.024595 -0.145142
-0.069071 -0.041579 -0.110500
-0.035318 0.024595 0.019608
-0.292069 0.021654 -0.209863
-0.129464 0.021654 -0.133957
-0.225722 -0.037500 -0.220686
-0.064916 0.029007 -0.007957
0.013708 -0.041579 -0.030848
-0.202675 0.012610 0.141074
-0.095090 0.024595 -0.145943
-0.006430 0.024595 0.042676
-0.100452 -0.007131 -0.172690
-0.182861 -0.041579 -0.113446
-0.001038 -0.041579 -0.068266
-0.078574 0.021654 -0.100239
-0.255149 0.031705 0.056308
-0.115597 -0.041579 0.009214
-0.010544 0.024595 -0.019249
-0.093288 -0.044521 -0.057675
-0.061898 -0.041579 0.045533
-0.116461 0.029007 0.023672
0.000000 0.000000 0.000000
-0.133858 0.021654 0.103138
-0.250680 -0.002050 0.171701
-0.367007 -0.034296 0.187174
0.000000 0.000000 0.000000
0.046425 0.021654 -0.037442
-0.079311 -0.031019 0.106808
-0.015678 -0.022977 0.124890
-0.106118 -0.009886 0.160905
-0.275776 0.021654 -0.040961
-0.222639 -0.041579 -0.086944
-0.078928 -0.007152 -0.165187
-0.253539 0.024595 -0.167171
0.032904 -0.041579 -0.012918
-0.249932 0.005706 0.115686
-0.283211 -0.041579 0.049698
-0.358846 0.010276 0.083753
-0.152077 -0.041611 -0.064127
-0.261477 -0.044521 -0.038186
0.000000 0.000000 0.000000
-0.192928 0.024595 -0.079831
-0.395959 0.021654 -0.054848
-0.029508 0.021654 -0.089825
-0.142882 0.021654 0.163112
-0.398813 -0.007624 -0.026422
-0.383135 -0.041579 0.046732
-0.305474 -0.041579 -0.072075
-0.402490 -0.016406 0.032438
-0.313384 0.012515 0.133546
-0.012866 -0.041579 0.047351
0.097748 0.021654 0.051551
