0.000000 0.000000 0.000000
0.215332 -0.641168 0.707310
0.000000 0.000000 0.000000
0.000000 0.000000 0.000000
-0.281535 0.063439 0.800031
-0.241932 -0.639556 0.729683
0.271941 0.056859 0.711937
-0.240050 -0.263584 0.730152
0.114468 0.071374 0.370373
0.219474 -0.268793 0.695771
-0.069529 -0.006626 0.624612
0.000000 0.000000 0.000000
0.000000 0.000000 0.000000
-0.035807 -0.038602 0.706699
0.000000 0.000000 0.000000
0.279305 0.068659 0.801248
0.000000 0.000000 0.000000
0.000000 0.000000 0.000000
0.000000 0.000000 0.000000
0.000000 0.000000 0.000000
0.069758 -0.009980 0.448488
0.000000 0.000000 0.000000
0.202863 0.060380 0.795803
0.000000 0.000000 0.000000
0.000000 0.000000 0.000000
0.238867 -0.428461 0.709393
-0.279049 0.060346 0.582587
0.273455 0.057847 0.478745
-0.216676 -0.426348 0.730152
0.150883 -0.040031 0.621878
0.000000 0.000000 0.000000
0.000000 0.000000 0.000000
-0.241932 -0.079941 0.729363
0.000000 0.000000 0.000000
0.238867 -0.125966 0.728571
0.215413 -0.033076 0.354918
0.037439 0.071374 0.532878
0.000000 0.000000 0.000000
0.126372 -0.040031 0.719421
0.000000 0.000000 0.000000
-0.106897 -0.018774 0.443599
0.000000 0.000000 0.000000
0.000000 0.000000 0.000000
-0.101521 0.058273 0.788935
0.000000 0.000000 0.000000
0.000000 0.000000 0.000000
0.000000 0.000000 0.000000
0.000000 0.000000 0.000000
0.000000 0.000000 0.000000
0.142127 0.053784 0.632995
-0.138624 0.071374 0.547394
0.000000 0.000000 0.000000
0.215413 -0.036459 0.511614
0.000000 0.000000 0.000000
-0.226057 -0.040031 0.515393
0.000000 0.000000 0.000000
0.000000 0.000000 0.000000
0.044436 0.056508 0.781144
0.000000 0.000000 0.000000
0.000000 0.000000 0.000000
0.000000 0.000000 0.000000
0.000000 0.000000 0.000000
0.000000 0.000000 0.000000
-0.202726 0.071374 0.706089
0.000000 0.000000 0.000000
-0.034663 0.071374 0.652807
-0.186858 -0.025042 0.624612
0.000000 0.000000 0.000000
0.112047 -0.009980 0.309417
0.234908 0.071374 0.305702
0.000000 0.000000 0.000000
0.000000 0.000000 0.000000
0.031876 -0.010729 0.582837
0.225207 -0.040031 0.660006
0.000000 0.000000 0.000000
0.155469 0.053784 0.494842
0.000000 0.000000 0.000000
0.000000 0.000000 0.000000
0.000000 0.000000 0.000000
0.000000 0.000000 0.000000
0.000000 0.000000 0.000000
0.000000 0.000000 0.000000
0.218792 -0.040031 0.227732
0.000000 0.000000 0.000000
0.000000 0.000000 0.000000
0.000000 0.000000 0.000000
-0.156368 -0.033280 0.706699
0.000013 0.071374 0.423247
-0.021973 -0.018774 0.396157
0.000000 0.000000 0.000000
-0.153066 0.071374 0.613085
0.233074 0.036235 0.576680
0.000000 0.000000 0.000000
0.000000 0.000000 0.000000
-0.234550 -0.514975 0.730152
0.000000 0.000000 0.000000
0.196730 0.071374 0.425650
0.000000 0.000000 0.000000
0.145296 0.071374 0.744878
0.000000 0.000000 0.000000
0.000000 0.000000 0.000000
0.000000 0.000000 0.000000
0.000000 0.000000 0.000000
0.000000 0.000000 0.000000
0.000000 0.000000 0.000000
0.000000 0.000000 0.000000
0.000000 0.000000 0.000000
0.000000 0.000000 0.000000
0.000000 0.000000 0.000000
0.238867 -0.538286 0.704194
0.000000 0.000000 0.000000
-0.241932 -0.323159 0.703190
-0.204417 -0.161180 0.692714
-0.043959 -0.009980 0.526139
-0.142751 0.053784 0.491267
0.180233 -0.021252 0.443216
0.000000 0.000000 0.000000
0.000000 0.000000 0.000000
0.000000 0.000000 0.000000
0.087880 -0.040031 0.720038
0.000000 0.000000 0.000000
0.188973 0.002916 0.680369
0.000000 0.000000 0.000000
0.000000 0.000000 0.000000
0.000000 0.000000 0.000000
0.000000 0.000000 0.000000
-0.054365 0.053784 0.543485
-0.015198 0.063830 0.803584
-0.113801 0.053784 0.692533
0.031332 0.071374 0.719102
0.000000 0.000000 0.000000
0.000000 0.000000 0.000000
0.000000 0.000000 0.000000
0.059408 0.071374 0.631979
0.000000 0.000000 0.000000
0.000000 0.000000 0.000000
0.000000 0.000000 0.000000
0.000000 0.000000 0.000000
0.000000 0.000000 0.000000
0.000000 0.000000 0.000000
0.000000 0.000000 0.000000
0.000000 0.000000 0.000000
0.000000 0.000000 0.000000
0.180233 0.018795 0.342515
-0.124913 -0.018774 0.536245
0.000000 0.000000 0.000000
0.000000 0.000000 0.000000
0.040202 -0.009980 0.307004
0.000000 0.000000 0.000000
0.000000 0.000000 0.000000
0.000000 0.000000 0.000000
-0.183489 0.069189 0.802960
0.000000 0.000000 0.000000
0.208761 -0.214613 0.694194
0.000000 0.000000 0.000000
-0.241893 0.071374 0.719505
0.000000 0.000000 0.000000
0.000000 0.000000 0.000000
0.091907 0.017034 0.582837
-0.235699 -0.011021 0.689109
0.000000 0.000000 0.000000
0.000000 0.000000 0.000000
0.000000 0.000000 0.000000
0.000000 0.000000 0.000000
0.189333 0.071374 0.575378
0.210449 -0.352260 0.698203
0.106553 -0.009980 0.523521
0.013755 0.071374 0.590789
0.000000 0.000000 0.000000
0.000000 0.000000 0.000000
0.087982 0.053784 0.684644
0.000000 0.000000 0.000000
0.000000 0.000000 0.000000
0.000000 0.000000 0.000000
-0.218881 0.071374 0.650145
-0.182237 0.071374 0.569272
0.129649 0.053784 0.562461
0.000000 0.000000 0.000000
0.224144 -0.060497 0.689704
0.000000 0.000000 0.000000
0.092461 0.071374 0.474695
0.062880 -0.040031 0.614943
0.113437 -0.018774 0.387349
0.140516 -0.018774 0.510803
0.232050 0.071374 0.660302
0.000000 0.000000 0.000000
0.000000 0.000000 0.000000
0.000000 0.000000 0.000000
0.000000 0.000000 0.000000
0.000000 0.000000 0.000000
0.000000 0.000000 0.000000
0.238824 -0.000612 0.730152
0.000000 0.000000 0.000000
0.000000 0.000000 0.000000
0.000000 0.000000 0.000000
0.273192 0.071374 0.399145
0.000000 0.000000 0.000000
0.000000 0.000000 0.000000
-0.057787 0.053784 0.469001
0.000000 0.000000 0.000000
-0.194176 -0.009980 0.569403
-0.236068 0.003628 0.454087
0.233074 -0.026965 0.588511
-0.066831 -0.009980 0.427666
-0.079506 0.025941 0.724359
0.000000 0.000000 0.000000
-0.011662 0.053784 0.491444
0.000000 0.000000 0.000000
0.000000 0.000000 0.000000
0.000000 0.000000 0.000000
0.000000 0.000000 0.000000
0.233074 0.001691 0.462160
0.000000 0.000000 0.000000
-0.138947 0.053784 0.661725
-0.124178 0.003895 0.612885
0.000000 0.000000 0.000000
-0.236068 0.028760 0.532535
0.000000 0.000000 0.000000
0.000000 0.000000 0.000000
0.000000 0.000000 0.000000
0.000000 0.000000 0.000000
0.000000 0.000000 0.000000
0.000000 0.000000 0.000000
0.000000 0.000000 0.000000
0.179708 -0.018774 0.284754
0.000000 0.000000 0.000000
0.000000 0.000000 0.000000
0.000000 0.000000 0.000000
0.109409 0.066132 0.806033
0.000000 0.000000 0.000000
0.000000 0.000000 0.000000
0.171814 -0.018774 0.574702
0.085224 0.071374 0.423851
-0.015893 -0.020251 0.624612
0.000000 0.000000 0.000000
0.215413 0.020667 0.397113
0.006124 -0.018774 0.468318
0.000000 0.000000 0.000000
0.000000 0.000000 0.000000
0.000000 0.000000 0.000000
0.000000 0.000000 0.000000
0.014299 0.012785 0.724359
0.000000 0.000000 0.000000
0.180233 0.020396 0.515666
0.048540 0.071374 0.452548
0.278994 0.069090 0.624499
0.000000 0.000000 0.000000
-0.042114 0.053784 0.745966
0.000000 0.000000 0.000000
0.000000 0.000000 0.000000
0.273907 0.058172 0.352467
0.000000 0.000000 0.000000
0.000000 0.000000 0.000000
0.000000 0.000000 0.000000
-0.279236 0.070792 0.674255
0.000000 0.000000 0.000000
0.000000 0.000000 0.000000
0.000000 0.000000 0.000000
-0.215939 -0.556797 0.705874
-0.096389 -0.040031 0.712425
-0.241932 -0.367698 0.703247
0.000000 0.000000 0.000000
0.033559 0.071374 0.389802
0.000000 0.000000 0.000000
0.000000 0.000000 0.000000
0.000000 0.000000 0.000000
-0.232304 -0.188990 0.730152
-0.233290 -0.008477 0.730152
0.000000 0.000000 0.000000
0.000000 0.000000 0.000000
-0.181087 -0.009980 0.501401
0.000000 0.000000 0.000000
-0.213640 0.032857 0.606290
0.135433 -0.009980 0.441612
0.086070 0.053784 0.561984
0.000000 0.000000 0.000000
-0.112443 0.071374 0.596029
-0.196091 -0.010717 0.676275
0.155379 0.053784 0.413438
-0.206774 -0.081564 0.690319
0.198519 0.071374 0.731209
0.000000 0.000000 0.000000
0.043110 -0.009980 0.520139
0.000000 0.000000 0.000000
0.000000 0.000000 0.000000
0.000000 0.000000 0.000000
0.000000 0.000000 0.000000
0.000000 0.000000 0.000000
-0.070846 -0.009980 0.362487
0.000000 0.000000 0.000000
0.000000 0.000000 0.000000
0.000000 0.000000 0.000000
0.000000 0.000000 0.000000
0.000000 0.000000 0.000000
0.225920 0.071374 0.510545
0.000000 0.000000 0.000000
0.000000 0.000000 0.000000
0.000000 0.000000 0.000000
0.024198 0.020228 0.624612
-0.039976 0.031723 0.582837
0.199167 -0.086160 0.706387
0.215413 0.013271 0.629432
0.000000 0.000000 0.000000
0.000000 0.000000 0.000000
0.140093 -0.018774 0.325407
-0.236068 0.010627 0.639871
0.056062 -0.018774 0.376865
0.171983 0.053784 0.656696
0.000000 0.000000 0.000000
0.224480 -0.494403 0.730152
0.232553 -0.247713 0.730152
-0.107307 0.071374 0.653607
-0.224489 0.071374 0.767472
0.000000 0.000000 0.000000
0.000000 0.000000 0.000000
0.268407 0.071374 0.539531
0.000000 0.000000 0.000000
0.000000 0.000000 0.000000
0.147382 0.011780 0.624612
0.000000 0.000000 0.000000
0.233074 0.023598 0.275946
0.000000 0.000000 0.000000
-0.167175 0.018316 0.724359
0.000000 0.000000 0.000000
-0.241384 -0.466630 0.701534
0.000000 0.000000 0.000000
0.000000 0.000000 0.000000
0.088562 0.053784 0.747061
0.000000 0.000000 0.000000
-0.206525 -0.233553 0.702089
-0.236068 -0.003264 0.578245
0.000000 0.000000 0.000000
0.138808 0.037185 0.706699
0.000000 0.000000 0.000000
0.000000 0.000000 0.000000
0.000000 0.000000 0.000000
0.000000 0.000000 0.000000
0.000000 0.000000 0.000000
0.000000 0.000000 0.000000
0.000000 0.000000 0.000000
0.000000 0.000000 0.000000
0.000000 0.000000 0.000000
0.000000 0.000000 0.000000
0.000000 0.000000 0.000000
0.000000 0.000000 0.000000
0.211660 -0.329844 0.730152
0.000000 0.000000 0.000000
0.000000 0.000000 0.000000
0.000000 0.000000 0.000000
0.194785 0.053784 0.346433
0.029594 -0.022013 0.724359
0.000000 0.000000 0.000000
0.000000 0.000000 0.000000
0.238867 -0.188986 0.694521
0.233074 -0.017474 0.303239
0.000000 0.000000 0.000000
0.000000 0.000000 0.000000
0.000000 0.000000 0.000000
-0.180264 -0.018774 0.418054
-0.003783 -0.009980 0.556323
0.000000 0.000000 0.000000
0.000000 0.000000 0.000000
0.192546 0.035462 0.445836
0.000000 0.000000 0.000000
-0.019385 -0.009980 0.334552
0.000000 0.000000 0.000000
-0.069837 -0.009980 0.573957
0.000000 0.000000 0.000000
0.000000 0.000000 0.000000
0.000000 0.000000 0.000000
0.000000 0.000000 0.000000
0.174726 -0.006982 0.724359
0.000000 0.000000 0.000000
-0.282103 0.068439 0.734261
0.000000 0.000000 0.000000
-0.077086 0.053784 0.587665
0.172108 0.071374 0.361540
0.000000 0.000000 0.000000
0.000000 0.000000 0.000000
-0.230438 0.040649 0.700836
0.000000 0.000000 0.000000
0.000000 0.000000 0.000000
-0.188250 0.053784 0.512540
0.000000 0.000000 0.000000
0.005142 0.053784 0.682830
0.000000 0.000000 0.000000
0.105428 0.006498 0.706698
0.000000 0.000000 0.000000
-0.165480 0.053784 0.738118
0.000000 0.000000 0.000000
0.000000 0.000000 0.000000
0.000000 0.000000 0.000000
0.000000 0.000000 0.000000
-0.085159 0.053784 0.513483
0.000000 0.000000 0.000000
0.000000 0.000000 0.000000
0.230167 0.034381 0.689492
0.000000 0.000000 0.000000
0.000000 0.000000 0.000000
0.000000 0.000000 0.000000
0.000000 0.000000 0.000000
-0.102801 -0.009980 0.485880
0.000000 0.000000 0.000000
0.000000 0.000000 0.000000
0.000000 0.000000 0.000000
0.178994 0.036291 0.624612
0.004777 0.054031 0.760865
0.106706 -0.007432 0.624612
0.000000 0.000000 0.000000
-0.028193 0.071374 0.709129
0.000000 0.000000 0.000000
0.217191 0.071374 0.614188
0.000000 0.000000 0.000000
-0.130172 0.071374 0.736179
0.000000 0.000000 0.000000
0.089311 -0.018774 0.575202
0.000000 0.000000 0.000000
0.000000 0.000000 0.000000
-0.024119 0.071374 0.595381
0.260442 0.053784 0.262122
0.000000 0.000000 0.000000
0.224029 0.071374 0.375312
-0.236068 -0.006934 0.495931
-0.208003 -0.284303 0.709217
0.000000 0.000000 0.000000
0.121958 0.053784 0.506386
0.000000 0.000000 0.000000
0.000000 0.000000 0.000000
0.117731 0.042386 0.607021
0.000000 0.000000 0.000000
0.000000 0.000000 0.000000
0.000000 0.000000 0.000000
0.203686 0.000031 0.243576
0.194699 -0.021706 0.476881
0.000000 0.000000 0.000000
-0.046067 0.071374 0.421639
0.000000 0.000000 0.000000
0.000000 0.000000 0.000000
0.000000 0.000000 0.000000
0.000000 0.000000 0.000000
-0.004926 0.053784 0.545384
0.000000 0.000000 0.000000
0.136513 0.071374 0.676551
0.000000 0.000000 0.000000
0.000000 0.000000 0.000000
0.056676 0.041561 0.706699
0.246091 0.071374 0.443537
-0.236605 0.071374 0.589663
0.225554 -0.574528 0.730152
0.056465 0.071374 0.589775
-0.152178 -0.018774 0.577280
0.000000 0.000000 0.000000
0.000000 0.000000 0.000000
-0.073290 0.071374 0.707261
0.000000 0.000000 0.000000
0.207836 -0.040031 0.722292
0.000000 0.000000 0.000000
0.233074 -0.026031 0.427654
0.233074 0.002968 0.666691
0.000000 0.000000 0.000000
-0.087609 0.034807 0.624612
0.000000 0.000000 0.000000
0.000000 0.000000 0.000000
0.233074 0.025519 0.431785
0.000000 0.000000 0.000000
0.000000 0.000000 0.000000
-0.226302 -0.406468 0.699781
0.000000 0.000000 0.000000
0.201311 -0.159790 0.713318
0.209550 0.031015 0.709965
0.180233 0.013349 0.380706
0.000000 0.000000 0.000000
0.177575 0.053784 0.696049
0.000000 0.000000 0.000000
0.000000 0.000000 0.000000
0.000000 0.000000 0.000000
0.000000 0.000000 0.000000
0.000000 0.000000 0.000000
0.000000 0.000000 0.000000
-0.222176 -0.040031 0.460568
0.000000 0.000000 0.000000
0.000000 0.000000 0.000000
0.000000 0.000000 0.000000
0.000000 0.000000 0.000000
-0.130506 -0.040031 0.619079
0.000000 0.000000 0.000000
-0.034226 0.017038 0.724359
-0.213680 -0.479237 0.729377
0.000000 0.000000 0.000000
0.000000 0.000000 0.000000
0.000000 0.000000 0.000000
0.000000 0.000000 0.000000
0.000000 0.000000 0.000000
0.000000 0.000000 0.000000
-0.107622 0.071374 0.449439
0.000000 0.000000 0.000000
-0.116032 0.005029 0.706699
-0.142677 0.057925 0.787604
-0.190948 -0.020775 0.724359
0.147635 0.071374 0.454494
0.000000 0.000000 0.000000
0.000000 0.000000 0.000000
0.000000 0.000000 0.000000
-0.218227 0.071374 0.547068
0.000000 0.000000 0.000000
0.000000 0.000000 0.000000
0.000000 0.000000 0.000000
0.000000 0.000000 0.000000
0.000000 0.000000 0.000000
0.000000 0.000000 0.000000
0.000000 0.000000 0.000000
0.000000 0.000000 0.000000
0.000000 0.000000 0.000000
0.135119 -0.009980 0.266760
0.000000 0.000000 0.000000
0.000000 0.000000 0.000000
0.000000 0.000000 0.000000
0.193358 -0.021706 0.397573
0.000000 0.000000 0.000000
0.000000 0.000000 0.000000
-0.218407 -0.034549 0.598577
0.000000 0.000000 0.000000
0.000000 0.000000 0.000000
0.000000 0.000000 0.000000
0.000000 0.000000 0.000000
0.000000 0.000000 0.000000
0.000000 0.000000 0.000000
0.203424 0.071374 0.466773
0.000000 0.000000 0.000000
0.000000 0.000000 0.000000
0.000000 0.000000 0.000000
0.203686 0.020967 0.543972
0.000000 0.000000 0.000000
0.182508 0.071374 0.528171
0.000000 0.000000 0.000000
0.233056 -0.385921 0.730152
0.000000 0.000000 0.000000
-0.240230 -0.127570 0.730152
0.173314 0.033375 0.724359
0.139417 0.014959 0.582837
-0.031872 0.034595 0.624612
0.265887 0.071374 0.578792
0.000000 0.000000 0.000000
0.000000 0.000000 0.000000
0.190878 -0.004850 0.605753
0.000000 0.000000 0.000000
0.000000 0.000000 0.000000
-0.034513 -0.009980 0.468031
0.000000 0.000000 0.000000
0.000000 0.000000 0.000000
0.078456 0.023914 0.624612
0.000000 0.000000 0.000000
0.000000 0.000000 0.000000
0.000000 0.000000 0.000000
0.215413 0.018988 0.359018
-0.082421 0.053784 0.750195
0.043654 0.053784 0.658893
0.002141 0.053784 0.629844
-0.164029 0.025645 0.606290
0.136130 0.053784 0.344252
0.000000 0.000000 0.000000
0.000000 0.000000 0.000000
0.000000 0.000000 0.000000
0.203686 0.034233 0.301898
-0.174508 0.053784 0.637092
0.000000 0.000000 0.000000
0.111258 0.071374 0.715565
0.000000 0.000000 0.000000
-0.234308 0.035462 0.483079
0.000000 0.000000 0.000000
0.000000 0.000000 0.000000
0.237234 0.053784 0.728386
0.000000 0.000000 0.000000
0.009368 0.020376 0.582837
0.149367 0.071374 0.784096
0.000000 0.000000 0.000000
0.000000 0.000000 0.000000
0.000000 0.000000 0.000000
0.000000 0.000000 0.000000
-0.145771 -0.018774 0.474949
0.000000 0.000000 0.000000
-0.218478 -0.003104 0.537686
0.000000 0.000000 0.000000
0.215413 -0.033608 0.551573
0.000000 0.000000 0.000000
0.000000 0.000000 0.000000
0.000000 0.000000 0.000000
0.112652 -0.009980 0.478712
0.000000 0.000000 0.000000
-0.206170 0.026002 0.730152
0.059980 0.029536 0.582837
0.000000 0.000000 0.000000
-0.096684 0.002022 0.582837
0.000000 0.000000 0.000000
-0.193885 0.053784 0.668805
0.000000 0.000000 0.000000
0.000000 0.000000 0.000000
-0.154098 0.053784 0.703394
0.000000 0.000000 0.000000
0.000000 0.000000 0.000000
0.000000 0.000000 0.000000
-0.281117 0.062817 0.626813
0.000000 0.000000 0.000000
0.000000 0.000000 0.000000
0.000000 0.000000 0.000000
0.000000 0.000000 0.000000
0.000000 0.000000 0.000000
0.000000 0.000000 0.000000
0.000000 0.000000 0.000000
0.148503 -0.009980 0.388770
0.000000 0.000000 0.000000
0.000000 0.000000 0.000000
0.000000 0.000000 0.000000
0.000000 0.000000 0.000000
0.000417 -0.018774 0.515181
0.000000 0.000000 0.000000
0.000000 0.000000 0.000000
0.000000 0.000000 0.000000
0.000000 0.000000 0.000000
0.063883 0.053784 0.514719
0.215413 0.028351 0.492383
0.000000 0.000000 0.000000
0.000000 0.000000 0.000000
0.000000 0.000000 0.000000
0.000000 0.000000 0.000000
-0.236068 -0.029802 0.653229
0.000000 0.000000 0.000000
0.000000 0.000000 0.000000
-0.070042 0.071374 0.657370
0.150337 0.071374 0.601362
-0.141894 0.053784 0.581077
0.000000 0.000000 0.000000
0.223345 -0.040031 0.278405
0.000000 0.000000 0.000000
0.000000 0.000000 0.000000
0.010371 -0.037764 0.607021
0.000000 0.000000 0.000000
0.000000 0.000000 0.000000
0.000000 0.000000 0.000000
0.154847 0.071374 0.538643
0.000000 0.000000 0.000000
0.000000 0.000000 0.000000
0.025917 -0.009980 0.351024
0.174275 -0.018774 0.336368
0.000000 0.000000 0.000000
-0.202920 -0.109794 0.721547
0.000000 0.000000 0.000000
0.000000 0.000000 0.000000
-0.126247 0.033271 0.724359
0.051345 -0.002953 0.624612
0.000000 0.000000 0.000000
0.000000 0.000000 0.000000
-0.128925 -0.018774 0.411361
-0.134976 0.038460 0.624612
-0.039629 -0.021706 0.599641
0.017590 -0.018774 0.392512
0.000000 0.000000 0.000000
0.069175 0.014334 0.724359
0.000000 0.000000 0.000000
-0.198337 -0.018774 0.464945
0.000000 0.000000 0.000000
0.000000 0.000000 0.000000
0.000000 0.000000 0.000000
-0.082392 -0.030086 0.607021
0.225382 -0.012379 0.700836
0.000000 0.000000 0.000000
0.030931 -0.018774 0.544604
-0.191522 0.071374 0.754278
-0.231807 -0.116173 0.691326
0.000000 0.000000 0.000000
-0.205178 -0.149295 0.730152
0.213865 -0.130288 0.691737
0.000000 0.000000 0.000000
0.000000 0.000000 0.000000
0.000000 0.000000 0.000000
0.000000 0.000000 0.000000
-0.061036 -0.006449 0.706698
0.000000 0.000000 0.000000
0.090562 0.053784 0.386062
0.000000 0.000000 0.000000
-0.024290 0.053784 0.445675
0.233074 -0.014955 0.495253
0.000000 0.000000 0.000000
0.000000 0.000000 0.000000
0.000000 0.000000 0.000000
0.000000 0.000000 0.000000
-0.240428 -0.215652 0.694224
-0.200888 0.023150 0.690409
0.206207 0.039846 0.663158
0.000000 0.000000 0.000000
0.094594 -0.018774 0.355293
0.000000 0.000000 0.000000
0.230105 -0.286464 0.730152
0.000000 0.000000 0.000000
0.000000 0.000000 0.000000
0.233074 -0.019360 0.627295
0.063117 -0.018774 0.334169
0.000000 0.000000 0.000000
-0.059023 0.071374 0.771793
-0.234304 0.063285 0.802584
0.277619 0.061716 0.663164
0.000000 0.000000 0.000000
0.116779 0.053784 0.439179
0.233074 0.048826 0.477662
0.189731 0.018535 0.595294
0.000000 0.000000 0.000000
0.110480 0.071374 0.534241
0.230690 0.053784 0.334401
-0.059018 0.048004 0.624612
0.160334 -0.018774 0.475986
-0.076707 -0.018774 0.513140
-0.241932 -0.574868 0.727917
0.000000 0.000000 0.000000
0.000000 0.000000 0.000000
0.073458 -0.009980 0.499992
0.000000 0.000000 0.000000
-0.006625 -0.018774 0.431414
