0.090353 0.022753 -0.466672
-0.159349 0.013504 -0.060975
-0.456877 -0.084060 -0.027971
-0.126657 -0.029144 -0.009657
-0.104280 -0.110661 0.021883
-0.156031 0.129406 -0.845595
-0.073059 -0.005898 -0.276637
0.000000 0.000000 0.000000
-0.218368 -0.107629 0.349793
0.028729 0.039168 0.070825
0.000000 0.000000 0.000000
0.131521 0.133476 -0.972332
-0.158013 0.062842 -0.556806
-0.163105 0.011653 0.347170
0.133102 0.087624 -0.770584
0.059107 0.084529 -0.064333
-0.239895 0.058557 0.048894
0.000000 0.000000 0.000000
-0.163709 -0.048292 0.114864
-0.698374 -0.063300 -0.014355
0.000000 0.000000 0.000000
-0.466420 -0.288872 -0.017777
-0.228793 -0.113796 -0.348938
-0.337807 -0.092689 0.013645
-0.045016 -0.193405 0.195191
0.000000 0.000000 0.000000
0.022941 -0.040571 0.149248
-0.060459 0.139978 -0.923423
0.000000 0.000000 0.000000
-0.111329 0.138898 0.003423
-0.062378 0.082011 -0.745886
-0.083659 -0.109493 -0.363578
-0.057807 -0.144760 -0.160277
-0.159926 -0.042243 -0.184119
-0.010904 0.067758 -0.625055
-0.148215 0.005843 -0.410752
0.049132 -0.088797 -0.308847
-0.250788 -0.098994 -0.029716
-0.415288 0.013504 0.020396
0.000000 0.000000 0.000000
0.000000 0.000000 0.000000
-0.015865 -0.006320 0.284763
-0.002730 0.041960 -0.080250
-0.029803 0.005953 -0.345715
0.104677 0.123728 0.022066
-0.567923 -0.008899 -0.014537
-0.292821 0.051775 -0.051004
0.000000 0.000000 0.000000
-0.044914 -0.012613 0.006449
-0.033873 -0.043801 -0.125201
0.006935 0.120999 -0.040765
-0.158487 0.052784 0.501788
-0.049131 0.029918 -0.516678
-0.250970 -0.023890 0.063647
0.108880 0.057328 -0.626057
0.000000 0.000000 0.000000
-0.217240 -0.036339 -0.300033
0.000000 0.000000 0.000000
-0.044321 0.036155 -0.472917
0.065550 0.123209 -0.898966
-0.111472 -0.085698 -0.375494
-0.176746 -0.077986 0.264769
0.000000 0.000000 0.000000
-0.357947 -0.049874 -0.069534
-0.162047 0.078600 -0.704418
0.000000 0.000000 0.000000
0.000000 0.000000 0.000000
-0.156646 -0.004661 0.244444
-0.083176 -0.219283 -0.247700
-0.537603 -0.042436 0.030707
-0.164823 0.073964 -0.071852
-0.023438 0.062990 -0.662196
-0.118523 -0.103871 -0.285339
0.000000 0.000000 0.000000
-0.163619 0.148011 -0.965330
0.017612 -0.037339 -0.220749
-0.112698 0.004637 -0.307467
-0.430228 -0.081299 0.045484
0.050409 -0.028785 -0.258387
-0.110151 -0.016139 0.204647
-0.489656 -0.182051 -0.000603
-0.061649 0.054058 -0.544907
-0.159486 -0.083774 -0.082056
-0.104706 -0.040571 0.349724
-0.118927 0.004125 0.043955
-0.234241 -0.045707 0.002116
-0.036458 0.116311 -0.828683
0.017124 0.143125 -0.967639
-0.380332 -0.024043 -0.053403
-0.146719 -0.106857 0.000769
-0.483794 -0.008548 0.000001
-0.057681 -0.121222 0.098556
-0.162465 -0.049688 -0.136964
0.004776 -0.080157 -0.376223
-0.209395 0.111484 -0.007172
-0.022928 -0.107578 -0.056193
-0.164039 -0.028939 0.052898
-0.018467 -0.076061 0.073953
-0.322197 0.013504 0.015231
-0.081675 0.100349 -0.826576
-0.071282 -0.070503 0.264773
-0.254566 -0.036085 -0.078196
-0.090770 0.134112 -0.033535
-0.047377 0.094189 0.049076
-0.101766 0.054178 -0.623425
0.026096 0.080586 -0.739618
0.136987 0.111997 -0.877825
0.000000 0.000000 0.000000
-0.093823 0.011767 -0.089458
0.000000 0.000000 0.000000
-0.146066 0.050671 -0.496958
-0.339387 -0.009435 0.044832
0.000000 0.000000 0.000000
0.073206 0.039057 -0.556890
-0.232990 -0.031582 0.306492
-0.086864 -0.062110 0.099349
-0.617523 -0.063300 0.021449
-0.088846 -0.259585 0.236983
-0.017653 -0.079249 -0.276889
-0.144375 0.064573 0.065051
0.012548 -0.047522 0.043955
0.000000 0.000000 0.000000
0.000000 0.000000 0.000000
-0.422859 -0.086254 -0.056361
0.000000 0.000000 0.000000
-0.161683 0.016421 0.420569
-0.046356 0.035872 0.071574
-0.131159 -0.121676 0.333824
-0.094187 0.001401 0.288072
-0.082583 0.000677 -0.388019
0.000000 0.000000 0.000000
0.000000 0.000000 0.000000
-0.152009 -0.000805 -0.268636
0.000000 0.000000 0.000000
-0.566480 -0.070810 -0.042398
-0.268889 -0.097682 0.038468
0.024999 0.015548 -0.409385
0.016368 0.113754 0.032786
-0.287575 -0.096328 -0.050158
-0.193929 -0.059314 -0.340802
0.036428 0.102505 -0.836061
0.032938 -0.056868 -0.134822
-0.064237 -0.040699 -0.056361
0.000000 0.000000 0.000000
0.000000 0.000000 0.000000
-0.383423 -0.033737 0.042681
-0.289341 -0.041115 -0.026841
-0.369392 -0.088727 0.044395
-0.077872 0.075114 -0.074835
-0.458679 0.013504 -0.033844
-0.163128 -0.024107 0.190073
0.000000 0.000000 0.000000
-0.042176 -0.039923 0.196973
-0.004216 -0.104138 0.024864
-0.215842 -0.061535 0.317040
-0.082651 -0.058535 -0.127488
0.000000 0.000000 0.000000
0.083391 0.071669 -0.700383
-0.071220 -0.033029 -0.352337
0.000000 0.000000 0.000000
-0.178707 -0.106964 0.275924
-0.075979 0.041647 -0.043349
-0.081546 -0.058476 -0.280038
0.054076 0.002205 -0.056361
0.046310 -0.029239 -0.343732
-0.105145 0.139532 -0.903966
-0.172010 -0.004867 0.079438
-0.044914 -0.093180 0.010582
-0.160619 -0.099349 -0.282624
-0.090371 0.018277 0.363820
0.058609 0.090773 -0.784440
-0.171630 -0.050635 0.318537
-0.069197 0.059508 -0.006003
0.055885 -0.030341 0.086622
-0.395842 -0.051502 -0.006386
-0.334895 0.055458 0.008394
-0.158929 0.094775 0.046554
-0.077851 -0.291725 -0.247932
-0.059319 -0.024266 -0.201193
-0.321881 -0.040149 -0.001243
-0.097101 -0.091378 -0.075529
0.000000 0.000000 0.000000
-0.066712 -0.063300 0.003586
-0.452846 -0.082328 0.044710
-0.138958 -0.054844 -0.324531
-0.024251 -0.223470 -0.230580
0.000000 0.000000 0.000000
-0.124295 -0.043112 0.182942
0.025877 0.028510 -0.510484
0.126615 0.106364 -0.046510
-0.023371 -0.014001 -0.260434
0.004380 -0.022787 -0.091002
-0.203590 -0.081779 -0.076529
-0.181161 -0.063300 0.011912
-0.219439 -0.068465 0.078279
-0.621508 -0.023169 -0.023165
-0.053893 -0.038635 0.127688
-0.173377 -0.111884 -0.346243
-0.138632 0.091817 -0.789035
0.038415 0.063225 -0.624417
-0.517732 0.006102 0.024037
0.001735 -0.125520 -0.321960
-0.491547 -0.080154 0.026130
-0.006003 0.124167 -0.875174
-0.119439 0.097196 -0.712090
-0.120332 0.038543 -0.453669
-0.111715 -0.098811 0.358576
-0.092587 0.144388 -0.985180
-0.270624 0.021645 0.002211
-0.476678 -0.233476 -0.028148
-0.319532 -0.009789 -0.067089
-0.505985 -0.068863 -0.056383
-0.100017 0.032626 -0.528591
-0.015755 0.003868 0.043955
-0.026852 -0.000696 -0.056361
-0.104617 -0.043422 -0.193983
-0.452279 -0.021704 0.003202
0.000000 0.000000 0.000000
-0.069380 -0.043343 0.043955
0.010562 -0.024151 0.216654
-0.093379 -0.117598 0.286766
0.000000 0.000000 0.000000
-0.269009 -0.063395 -0.085413
0.076517 0.000380 -0.386708
-0.068365 -0.117890 -0.093486
0.000000 0.000000 0.000000
-0.041807 0.138814 -0.001851
-0.281282 0.079392 -0.025563
-0.083608 0.084775 -0.671465
-0.206443 -0.036104 0.080511
-0.007512 -0.005071 -0.305934
-0.063847 -0.121519 -0.306621
-0.084666 0.019894 -0.002102
-0.483794 -0.043614 -0.022849
-0.434126 -0.085708 -0.005956
-0.218640 -0.102677 -0.287186
-0.214345 -0.083845 -0.313393
-0.381460 0.035896 -0.037771
-0.017256 0.076944 -0.723595
0.000000 0.000000 0.000000
-0.661183 -0.063433 -0.022124
-0.328545 -0.093359 -0.046227
-0.054129 -0.194326 -0.201087
0.000000 0.000000 0.000000
-0.087819 0.034585 0.071866
0.000000 0.000000 0.000000
-0.147425 -0.083445 0.069917
-0.257293 -0.043785 0.034376
0.000000 0.000000 0.000000
-0.223404 0.063828 -0.062297
-0.110223 -0.063300 0.027994
0.000000 0.000000 0.000000
0.004997 0.053317 -0.567737
-0.138958 -0.088030 0.298386
-0.319375 -0.063300 0.034726
-0.002674 -0.063300 -0.073892
-0.185972 -0.049729 -0.042854
-0.136860 0.081130 -0.634580
-0.518111 -0.013076 -0.039622
0.081621 0.109217 -0.865595
0.000000 0.000000 0.000000
-0.146656 -0.021830 -0.090784
0.132275 0.072589 -0.704430
-0.520368 -0.079580 -0.009229
-0.108825 -0.030557 0.293911
0.092732 0.033920 -0.076770
-0.127627 -0.012473 -0.056361
0.048467 -0.037882 -0.094432
-0.065002 -0.118101 -0.026976
0.121456 0.030609 -0.519716
-0.223348 -0.046614 -0.050238
0.000000 0.000000 0.000000
-0.039321 0.149514 -0.984015
-0.434050 -0.243972 -0.025618
-0.066315 -0.062412 -0.374823
-0.168673 -0.075399 0.355089
-0.078841 -0.030478 0.153811
-0.456698 -0.136431 -0.010965
-0.057785 -0.017706 -0.230662
-0.562119 -0.055965 0.032187
-0.207022 0.000341 -0.079182
-0.152747 0.119772 -0.911296
0.000000 0.000000 0.000000
-0.021409 -0.019399 0.225044
-0.126112 -0.123644 -0.341480
0.060648 0.136033 0.002206
0.013598 0.101761 -0.784261
-0.182398 -0.071306 -0.302692
-0.127747 0.019537 -0.367141
0.000000 0.000000 0.000000
-0.130649 0.138898 -0.020868
-0.056627 -0.251166 -0.230580
-0.041261 0.047176 -0.592612
-0.071076 0.054561 0.035269
0.034117 -0.087454 -0.060626
-0.158168 -0.005550 -0.351652
-0.124899 -0.058222 -0.056361
-0.198669 -0.102770 0.036911
-0.454013 -0.022943 -0.031165
0.000000 0.000000 0.000000
-0.121656 -0.033341 -0.238340
-0.106350 0.090987 0.051317
-0.060164 -0.086365 -0.083453
-0.162395 0.103770 -0.757159
0.073163 0.136281 -0.984675
-0.030168 0.010231 -0.430056
0.000000 0.000000 0.000000
-0.294644 0.055288 0.035621
-0.002599 -0.025807 0.079281
-0.057832 0.127540 -0.869721
0.009602 -0.018600 -0.056361
-0.222303 -0.044201 0.349247
-0.115711 -0.018141 0.083849
0.096378 0.123587 -0.928823
-0.038175 -0.010269 0.075750
-0.062641 -0.142775 0.145287
0.000000 0.000000 0.000000
-0.003267 -0.046879 -0.178775
-0.163877 -0.003023 0.297197
-0.053920 -0.011529 0.321908
0.079742 -0.042098 -0.357232
-0.227231 -0.095620 0.275257
0.034862 0.068278 -0.685464
0.000000 0.000000 0.000000
-0.066859 0.070458 -0.615028
-0.161594 0.134540 -0.026876
-0.126252 -0.108679 -0.048100
-0.015780 0.068341 0.063625
-0.076131 -0.212205 0.220767
-0.057401 0.096102 -0.031282
0.017973 -0.005509 -0.360796
0.003430 0.028055 -0.455971
-0.185097 -0.099638 0.310670
0.012349 0.133594 -0.923836
-0.107375 0.007946 -0.420006
-0.011727 -0.050393 0.271158
-0.051119 -0.005370 -0.093352
-0.369125 0.019774 0.005760
-0.059376 -0.121793 0.055468
0.078705 0.049248 -0.601730
-0.243641 -0.063300 -0.033063
-0.089101 0.044636 -0.581439
0.024567 0.000995 0.043955
-0.191785 -0.046854 0.274963
-0.190062 -0.069685 0.043955
-0.103963 -0.032768 0.133906
-0.005821 -0.046741 0.110843
-0.229318 -0.039440 -0.355215
0.000000 0.000000 0.000000
0.018771 -0.112059 -0.291953
-0.341479 -0.063300 -0.029659
-0.113953 0.002712 0.384568
0.078674 0.094282 0.043780
-0.055977 -0.010621 0.250137
-0.142888 0.048164 -0.596961
-0.387246 -0.089106 0.015300
0.000000 0.000000 0.000000
0.000000 0.000000 0.000000
-0.201141 -0.032369 -0.086693
-0.260310 0.090471 0.020059
-0.163994 0.026573 -0.446948
-0.166459 -0.050669 -0.369601
-0.582936 -0.027869 0.021391
-0.149904 -0.064242 0.338948
0.110030 0.102170 -0.834588
-0.086074 0.020960 -0.477264
-0.122219 0.057153 -0.079143
-0.441161 -0.063300 -0.042285
-0.329284 0.034639 -0.047303
-0.254178 0.022171 -0.069258
0.000000 0.000000 0.000000
0.000000 0.000000 0.000000
-0.193994 0.035663 0.064927
0.000000 0.000000 0.000000
-0.477695 -0.043509 0.039411
-0.171661 -0.027609 -0.315517
0.000000 0.000000 0.000000
0.000000 0.000000 0.000000
0.015282 -0.040276 -0.361780
0.000000 0.000000 0.000000
-0.031222 -0.093657 0.063756
-0.143020 -0.063300 0.057168
-0.666665 -0.038885 0.006438
-0.101194 -0.025817 -0.314070
-0.304280 -0.044739 0.059065
-0.284599 -0.063300 0.003536
-0.123568 0.126566 -0.941931
-0.100768 -0.009135 0.332438
-0.040716 -0.037016 -0.295700
-0.240783 -0.099719 0.012090
-0.091751 -0.063300 -0.035469
-0.026496 -0.112983 -0.360075
0.006974 -0.101576 -0.022441
-0.139630 0.021517 0.467310
-0.067417 0.103700 0.018876
-0.589718 -0.053897 -0.014574
0.089284 0.082135 -0.746435
-0.116409 -0.073564 0.264370
-0.044914 0.061274 -0.050925
-0.158786 -0.088786 -0.350522
-0.026033 0.003905 0.325770
-0.198606 -0.102775 -0.035365
-0.069535 0.093599 -0.715800
0.000000 0.000000 0.000000
-0.184979 0.102727 -0.045989
-0.297399 -0.040444 -0.055994
-0.210108 -0.082050 -0.374319
-0.110201 0.111706 -0.779553
0.075224 0.030313 -0.518417
0.000000 0.000000 0.000000
-0.368526 -0.002600 0.038147
0.032602 -0.078651 -0.091167
0.000000 0.000000 0.000000
0.000000 0.000000 0.000000
-0.044914 -0.073669 -0.034450
-0.486006 -0.112636 0.001230
-0.159317 -0.031777 -0.232278
0.025808 -0.062528 0.097513
-0.100814 -0.125438 -0.331891
-0.101063 -0.026746 0.254953
-0.297532 0.009778 0.054057
-0.058618 0.019338 -0.393324
0.049132 -0.046374 -0.309750
-0.384020 -0.089339 -0.052931
-0.039804 0.100040 -0.057194
-0.057310 0.009871 0.043955
-0.155481 -0.104991 -0.057380
-0.357973 -0.045689 0.008613
-0.101929 0.109834 -0.868308
0.046476 0.014981 -0.450953
-0.113169 -0.040305 -0.109543
-0.466812 0.012340 0.026588
-0.144202 -0.099216 0.043955
0.065166 0.010214 -0.429980
-0.113647 -0.027804 -0.164358
-0.414411 0.019924 -0.024270
-0.007769 0.048339 -0.540836
-0.026505 -0.056053 0.043955
-0.272454 0.012886 0.051457
-0.166392 -0.113936 0.346045
-0.459578 -0.209122 -0.003264
-0.071642 -0.097769 0.059181
-0.121754 0.024058 0.074259
-0.270624 0.039365 -0.031341
-0.044914 0.030022 -0.006825
-0.064186 -0.049213 -0.168504
-0.119879 -0.059878 -0.279457
-0.164039 -0.040005 -0.077112
-0.098756 -0.257844 -0.245677
0.002820 -0.049981 -0.283880
0.035689 0.013504 -0.088497
-0.112648 0.088688 -0.677316
-0.124654 -0.033462 -0.135157
0.000000 0.000000 0.000000
-0.302128 0.044791 -0.000884
0.103010 0.072962 -0.067325
-0.235938 -0.074120 0.043955
-0.349543 0.019774 -0.031024
0.086151 0.121734 -0.037272
-0.306721 -0.094941 0.030100
-0.417047 -0.040066 -0.051026
0.072868 0.067868 -0.658334
-0.013171 -0.047700 0.162756
-0.155040 -0.063300 0.013345
-0.133420 -0.035317 0.217241
-0.367951 0.036256 0.028107
0.000000 0.000000 0.000000
-0.129205 0.028140 0.392016
0.000000 0.000000 0.000000
-0.149883 0.129041 0.024679
0.067717 -0.003149 -0.343842
-0.024244 0.008089 -0.083984
-0.155285 -0.063300 -0.016718
-0.141813 -0.101682 -0.316375
0.000000 0.000000 0.000000
0.000000 0.000000 0.000000
-0.137294 -0.026836 0.321949
-0.024980 0.121004 -0.917459
0.000000 0.000000 0.000000
-0.423961 -0.039299 0.038445
-0.033557 0.107026 -0.788963
-0.242116 0.098594 -0.029531
-0.144616 -0.052542 0.270133
-0.201521 0.061942 0.056448
-0.519475 0.006007 -0.008677
-0.005078 0.105578 -0.849582
0.108996 0.040202 -0.561929
-0.312386 -0.062330 -0.080338
-0.015120 0.015565 -0.393752
-0.499954 -0.268823 -0.028097
-0.623024 -0.063529 -0.029867
-0.045750 -0.097394 -0.281662
-0.182802 0.047573 -0.076324
-0.017433 -0.035856 -0.227271
-0.484027 -0.024811 -0.053626
0.043156 0.042791 -0.573319
-0.261219 -0.057577 0.075806
-0.028599 -0.034455 -0.354195
-0.058394 -0.033163 0.288314
-0.054448 -0.013744 -0.319970
-0.068371 0.061292 -0.654723
0.000000 0.000000 0.000000
0.000000 0.000000 0.000000
0.000000 0.000000 0.000000
-0.218447 -0.118504 0.311200
0.049132 -0.066532 -0.349319
0.000000 0.000000 0.000000
0.033538 -0.089387 -0.278346
-0.048760 0.085237 -0.687140
-0.475020 -0.082745 0.007380
-0.006150 -0.058873 -0.125998
-0.115630 0.105602 -0.053493
0.000000 0.000000 0.000000
-0.000291 0.013504 0.070038
-0.066749 0.041961 -0.082596
-0.020129 -0.038991 -0.056361
-0.200918 -0.076403 0.293873
-0.162950 0.040442 0.472146
0.000000 0.000000 0.000000
-0.115067 -0.063300 -0.082676
-0.022176 0.128766 0.023909
0.032686 -0.045172 -0.186283
-0.111093 -0.042062 -0.363274
0.000000 0.000000 0.000000
-0.548644 -0.063300 -0.005707
0.000000 0.000000 0.000000
-0.550909 -0.016880 0.022347
0.035815 -0.009227 -0.304613
-0.057047 -0.051692 0.085164
-0.083257 0.105052 -0.053877
0.060312 -0.019890 -0.297522
-0.002156 -0.010385 -0.339344
0.000000 0.000000 0.000000
-0.533290 -0.050719 -0.048949
0.018866 -0.042437 0.185913
-0.014240 0.097834 -0.756084
-0.063602 -0.002198 -0.056361
0.076656 0.101948 -0.809768
-0.027139 -0.248188 -0.249389
-0.645953 -0.029078 -0.000504
0.030337 0.035609 -0.541721
-0.518175 -0.079779 0.015794
-0.123979 0.105325 -0.746081
-0.052889 -0.112522 0.280151
-0.213688 -0.047419 0.029887
0.000000 0.000000 0.000000
-0.116366 0.121450 -0.820011
-0.133971 -0.024412 0.265221
-0.197209 -0.117667 -0.326845
-0.147756 0.025759 -0.086278
0.082957 -0.031716 -0.317499
0.000000 0.000000 0.000000
-0.097086 -0.000997 -0.034588
-0.420822 -0.010404 -0.044216
-0.024713 0.142076 -0.946646
-0.343930 -0.065424 0.060108
-0.232705 -0.054505 0.274489
0.015425 0.060505 -0.651262
0.056406 0.022955 -0.486042
-0.153754 -0.032187 0.290244
-0.076056 0.048354 -0.514170
-0.192326 0.103408 0.031018
0.000000 0.000000 0.000000
0.000000 0.000000 0.000000
-0.148117 0.120498 -0.803391
0.000000 0.000000 0.000000
0.000000 0.000000 0.000000
-0.057351 -0.097953 -0.056361
-0.028873 -0.042787 -0.095547
0.002366 0.082558 -0.695367
-0.132131 -0.032427 0.038831
-0.076196 -0.063300 0.064100
-0.193496 -0.077576 0.355608
0.000000 0.000000 0.000000
0.000000 0.000000 0.000000
-0.554387 -0.030218 -0.039642
0.000000 0.000000 0.000000
-0.108422 -0.082682 0.070835
0.026861 0.113857 -0.886012
-0.304007 0.013504 -0.028021
-0.131500 0.006615 0.296408
-0.257039 0.069805 -0.048553
-0.052060 -0.210189 -0.233737
-0.458263 -0.179253 -0.003238
-0.138958 -0.054692 -0.353591
-0.157948 0.036743 -0.538504
-0.440915 0.013504 0.006332
-0.065601 0.013672 -0.445196
0.000000 0.000000 0.000000
-0.124179 -0.117215 0.286268
-0.443071 -0.063300 0.024177
-0.164039 -0.051377 0.076395
0.036793 -0.000960 0.073634
-0.022226 -0.012129 0.256711
-0.034183 -0.005118 -0.295289
-0.135551 -0.017606 -0.200656
0.000000 0.000000 0.000000
0.004042 0.110680 -0.819759
-0.126070 0.156825 -0.971862
-0.229463 0.025476 0.060765
-0.148363 -0.049215 0.156087
-0.175414 -0.084837 -0.375199
-0.029964 -0.063300 -0.073511
0.043092 0.132671 -0.031235
-0.120766 -0.053167 0.085499
-0.044914 -0.132265 -0.127874
0.000000 0.000000 0.000000
0.000000 0.000000 0.000000
-0.322649 0.060925 -0.027263
-0.145229 0.100707 -0.057418
0.000000 0.000000 0.000000
-0.074152 -0.063300 -0.082398
-0.030770 -0.068322 -0.375766
0.128562 0.122513 -0.920574
-0.075901 -0.015245 0.221990
0.000000 0.000000 0.000000
-0.076765 0.135220 0.020354
-0.096333 0.058883 -0.552561
-0.144337 -0.081390 -0.286622
-0.138958 -0.038654 -0.294258
-0.350627 -0.046108 0.043955
0.019134 0.079082 0.056940
-0.044914 -0.028009 -0.023840
-0.138517 0.020479 -0.475147
-0.223580 -0.067475 -0.280246
-0.147684 0.138022 -0.880666
0.131923 0.096304 -0.806571
-0.110583 -0.016936 -0.089672
-0.197308 -0.091203 -0.341370
-0.184966 -0.084651 0.065077
-0.044914 -0.123187 -0.075547
0.000000 0.000000 0.000000
-0.170685 -0.065121 -0.278197
-0.100143 -0.111027 -0.014643
-0.064373 0.093168 -0.794978
-0.048490 -0.060251 0.266897
-0.047738 -0.201820 0.232621
-0.165490 -0.083108 0.288519
-0.357181 -0.009163 -0.054051
0.000000 0.000000 0.000000
-0.197564 -0.027651 0.319820
-0.183199 -0.118960 -0.301919
-0.235033 -0.063300 -0.072797
-0.089631 0.011544 0.032900
0.119571 0.065165 -0.671766
-0.315053 0.038730 0.040618
-0.176982 -0.041025 0.349499
0.026578 0.136958 0.014458
0.000000 0.000000 0.000000
0.000000 0.000000 0.000000
0.000000 0.000000 0.000000
-0.028672 -0.033437 -0.172839
-0.114709 -0.008319 -0.348436
-0.164866 -0.074718 0.044898
-0.454638 -0.268722 -0.015607
-0.339582 0.019774 0.037139
0.048616 0.136690 -0.951655
-0.030074 0.071435 -0.075072
-0.033200 0.114840 -0.890334
-0.182357 -0.103952 -0.000651
-0.407308 -0.087652 -0.025313
-0.400351 -0.067133 0.043955
-0.618219 -0.020414 0.010863
0.041179 0.083381 -0.714185
-0.166531 -0.051253 -0.335740
0.000000 0.000000 0.000000
-0.030789 -0.122302 -0.308511
-0.160273 -0.027036 0.322338
-0.089955 -0.033620 -0.237109
-0.143358 0.040151 0.439323
0.000000 0.000000 0.000000
-0.500855 -0.021016 0.032672
-0.064525 -0.000429 0.291632
-0.051183 -0.020811 -0.075233
0.000000 0.000000 0.000000
-0.138958 -0.027144 -0.324215
-0.136781 0.063633 -0.665027
0.000000 0.000000 0.000000
-0.351101 0.042712 -0.020179
-0.635317 -0.063300 0.003913
-0.110217 0.068639 -0.590049
-0.151987 0.001462 0.378777
-0.164820 -0.125289 0.309330
-0.193801 -0.049076 -0.015941
0.074870 0.056205 -0.632342
-0.473537 -0.064179 -0.056361
-0.044914 0.093504 0.002995
-0.280156 -0.096865 -0.011525
-0.081861 0.115683 -0.894045
-0.144988 0.013504 0.059958
-0.044914 -0.163919 0.163405
0.040300 -0.026294 -0.056361
-0.511519 -0.063173 0.040248
-0.062196 -0.119704 0.016291
0.012881 0.059227 -0.596831
-0.281956 -0.021835 -0.070167
-0.280654 -0.032091 0.066612
-0.173145 0.127667 0.004231
-0.044914 0.025014 -0.050950
-0.173014 -0.007235 -0.092206
0.052132 0.084243 -0.755710
-0.162311 -0.088425 0.338111
-0.181196 -0.041697 -0.290895
-0.125334 -0.003664 0.356514
0.000761 -0.089376 0.055257
0.000000 0.000000 0.000000
-0.080975 -0.029003 -0.171876
-0.292054 0.019774 -0.050738
-0.355045 -0.072368 -0.057483
-0.489206 -0.156792 0.002476
0.000000 0.000000 0.000000
-0.033738 -0.058168 0.116694
-0.335481 -0.049563 -0.056361
-0.095873 0.080791 -0.740520
-0.126514 0.115471 -0.893113
-0.047059 -0.063300 -0.102719
0.000000 0.000000 0.000000
