-0.005683 0.257353 0.864337
0.000000 0.000000 0.000000
0.000000 0.000000 0.000000
-0.513087 0.288480 -0.112404
-0.382293 0.083695 0.406839
0.000000 0.000000 0.000000
0.000000 0.000000 0.000000
0.000000 0.000000 0.000000
-0.360643 -0.141959 -0.083263
0.000000 0.000000 0.000000
-0.410068 0.284437 -0.581070
0.000000 0.000000 0.000000
0.000000 0.000000 0.000000
-0.361840 0.284208 0.686388
0.000000 0.000000 0.000000
0.000000 0.000000 0.000000
0.000000 0.000000 0.000000
-0.429797 0.085428 -0.336916
-0.439054 0.114372 0.125225
-0.255547 0.009162 0.688419
-0.336745 -0.208110 0.229761
0.000000 0.000000 0.000000
-0.250148 0.117804 -0.742578
0.000000 0.000000 0.000000
0.000000 0.000000 0.000000
0.000000 0.000000 0.000000
-0.482204 0.296085 0.328182
0.000000 0.000000 0.000000
0.000000 0.000000 0.000000
0.000000 0.000000 0.000000
-0.294152 -0.111687 0.531882
0.000000 0.000000 0.000000
-0.194091 0.194024 0.807487
0.000000 0.000000 0.000000
-0.440469 0.111767 -0.093893
-0.230474 0.301558 -0.835347
-0.469053 0.298181 -0.374537
0.000000 0.000000 0.000000
0.000000 0.000000 0.000000
-0.377215 0.112153 -0.520644
-0.388302 -0.054096 0.174918
0.000000 0.000000 0.000000
0.000000 0.000000 0.000000
0.000000 0.000000 0.000000
0.000000 0.000000 0.000000
-0.390849 0.228211 0.510075
-0.507364 0.284208 0.104037
0.000000 0.000000 0.000000
0.000000 0.000000 0.000000
0.000000 0.000000 0.000000
-0.190838 -0.075942 0.700337
-0.316430 0.171318 0.662424
0.000000 0.000000 0.000000
0.000000 0.000000 0.000000
0.000000 0.000000 0.000000
0.000000 0.000000 0.000000
0.000000 0.000000 0.000000
0.000000 0.000000 0.000000
0.000000 0.000000 0.000000
-0.136515 0.286597 0.930310
0.000000 0.000000 0.000000
0.000000 0.000000 0.000000
-0.413027 -0.065279 -0.217821
0.000000 0.000000 0.000000
0.000000 0.000000 0.000000
0.000000 0.000000 0.000000
-0.376407 -0.081660 0.354042
-0.463856 0.203073 -0.235672
-0.420267 0.012530 0.025698
0.000000 0.000000 0.000000
0.000000 0.000000 0.000000
-0.320905 -0.000498 0.486916
-0.454305 0.138231 0.264055
0.000000 0.000000 0.000000
-0.342413 0.180172 -0.621755
0.000000 0.000000 0.000000
-0.114810 0.016266 0.815629
-0.463394 0.217647 -0.029298
-0.251085 0.295152 0.792175
0.000000 0.000000 0.000000
0.000000 0.000000 0.000000
0.000000 0.000000 0.000000
0.000000 0.000000 0.000000
0.000000 0.000000 0.000000
0.000000 0.000000 0.000000
0.000000 0.000000 0.000000
-0.351815 -0.150413 -0.156888
0.000000 0.000000 0.000000
-0.346494 -0.163116 0.158278
0.000000 0.000000 0.000000
0.000000 0.000000 0.000000
0.000000 0.000000 0.000000
0.000000 0.000000 0.000000
0.000000 0.000000 0.000000
0.000000 0.000000 0.000000
-0.345129 0.073076 0.582402
0.000000 0.000000 0.000000
-0.337142 0.291402 -0.721170
-0.381705 -0.000261 -0.439241
0.000000 0.000000 0.000000
0.000000 0.000000 0.000000
0.000000 0.000000 0.000000
0.000000 0.000000 0.000000
0.000000 0.000000 0.000000
-0.335105 -0.035797 -0.518607
-0.207240 0.068717 0.770896
-0.107408 0.159968 0.817804
0.000000 0.000000 0.000000
0.000000 0.000000 0.000000
-0.313487 0.124196 -0.654204
-0.401433 -0.125469 0.059061
-0.349897 0.300189 0.593383
-0.433158 -0.029473 -0.139557
-0.442466 0.101677 0.036871
-0.413547 0.201279 -0.372039
0.000000 0.000000 0.000000
0.000000 0.000000 0.000000
-0.417591 0.053038 -0.209182
-0.412733 -0.003029 0.320779
0.000000 0.000000 0.000000
0.000000 0.000000 0.000000
0.000000 0.000000 0.000000
0.000000 0.000000 0.000000
0.000000 0.000000 0.000000
0.000000 0.000000 0.000000
0.011063 0.293704 0.955832
-0.410680 0.241982 0.412372
-0.386881 -0.106259 0.258113
-0.453927 0.263124 0.206533
0.000000 0.000000 0.000000
0.000000 0.000000 0.000000
-0.394346 -0.045547 -0.335522
-0.219740 -0.058904 0.610473
0.000000 0.000000 0.000000
-0.271497 0.249090 -0.694752
-0.493761 0.284208 -0.246222
0.000000 0.000000 0.000000
-0.388293 0.235940 -0.471392
0.000000 0.000000 0.000000
-0.422731 0.065090 0.192643
-0.030788 0.119152 0.872503
-0.423238 0.216845 0.341764
0.000000 0.000000 0.000000
-0.301375 -0.126048 0.399126
0.000000 0.000000 0.000000
0.000000 0.000000 0.000000
0.000000 0.000000 0.000000
-0.211863 0.237971 -0.790731
0.000000 0.000000 0.000000
0.000000 0.000000 0.000000
0.000000 0.000000 0.000000
0.000000 0.000000 0.000000
0.000000 0.000000 0.000000
0.000000 0.000000 0.000000
0.000000 0.000000 0.000000
-0.313081 -0.030195 0.579787
0.000000 0.000000 0.000000
-0.438602 -0.032858 -0.047412
-0.269802 0.192639 0.731067
-0.261897 0.083933 0.647815
0.000000 0.000000 0.000000
0.000000 0.000000 0.000000
0.000000 0.000000 0.000000
0.000000 0.000000 0.000000
0.000000 0.000000 0.000000
-0.404786 0.051265 -0.417521
0.000000 0.000000 0.000000
-0.332188 0.138095 0.563245
-0.296708 0.052654 -0.577126
-0.151505 0.007495 0.718359
0.000000 0.000000 0.000000
-0.483184 0.304217 0.013603
0.000000 0.000000 0.000000
-0.319778 0.245952 0.660191
0.000000 0.000000 0.000000
-0.348061 0.184847 -0.546722
-0.459699 0.209158 0.068580
0.000000 0.000000 0.000000
0.000000 0.000000 0.000000
0.000000 0.000000 0.000000
-0.087926 0.247436 0.844305
-0.426307 0.044452 -0.064323
0.000000 0.000000 0.000000
0.000000 0.000000 0.000000
0.000000 0.000000 0.000000
0.000000 0.000000 0.000000
0.000000 0.000000 0.000000
0.084047 0.256708 0.844462
0.000000 0.000000 0.000000
0.000000 0.000000 0.000000
0.000000 0.000000 0.000000
0.000000 0.000000 0.000000
-0.391073 0.159043 -0.430318
0.000000 0.000000 0.000000
0.000000 0.000000 0.000000
-0.443295 -0.001835 0.118840
0.000000 0.000000 0.000000
-0.199460 0.191545 -0.800068
-0.449116 0.175418 -0.141232
0.000000 0.000000 0.000000
-0.155699 0.294071 -0.907360
0.000000 0.000000 0.000000
0.000000 0.000000 0.000000
0.000000 0.000000 0.000000
0.000000 0.000000 0.000000
0.000000 0.000000 0.000000
-0.339894 -0.086938 0.453671
-0.344748 -0.103607 -0.290513
0.000000 0.000000 0.000000
0.000000 0.000000 0.000000
0.000000 0.000000 0.000000
-0.387078 -0.004102 0.271584
-0.420394 0.157805 0.424485
-0.508311 0.286472 0.187102
-0.468032 0.177418 0.184739
0.000000 0.000000 0.000000
0.000000 0.000000 0.000000
-0.265888 0.032979 -0.684932
0.000000 0.000000 0.000000
0.000000 0.000000 0.000000
0.000000 0.000000 0.000000
-0.265169 0.097546 0.717631
0.000000 0.000000 0.000000
-0.454482 0.099640 -0.237508
-0.328392 -0.136236 0.303453
-0.355426 -0.212540 -0.047473
0.000000 0.000000 0.000000
0.000000 0.000000 0.000000
-0.429895 0.305921 0.470413
-0.123466 0.027802 0.751563
0.000000 0.000000 0.000000
-0.186393 -0.015371 0.745861
0.000000 0.000000 0.000000
0.000000 0.000000 0.000000
0.000000 0.000000 0.000000
0.000000 0.000000 0.000000
-0.180811 0.140859 0.760576
-0.247676 0.283445 -0.728566
0.000000 0.000000 0.000000
-0.171420 0.306423 0.851004
-0.315448 0.011232 -0.601548
-0.322152 0.286992 -0.623861
0.000000 0.000000 0.000000
-0.351107 -0.213563 0.102009
-0.387510 0.127077 0.503678
-0.453929 0.259382 -0.203367
0.000000 0.000000 0.000000
-0.388356 -0.013932 0.415032
-0.443965 0.149500 -0.312732
0.000000 0.000000 0.000000
0.000000 0.000000 0.000000
-0.396474 -0.121858 0.151550
-0.320856 0.058015 -0.533017
0.000000 0.000000 0.000000
0.000000 0.000000 0.000000
0.000000 0.000000 0.000000
0.000000 0.000000 0.000000
0.000000 0.000000 0.000000
0.000000 0.000000 0.000000
-0.263964 0.254724 0.708582
0.000000 0.000000 0.000000
-0.217403 0.083058 0.708046
-0.266016 0.020273 0.603302
-0.434802 0.142616 0.353350
-0.382617 -0.129533 -0.223928
0.000000 0.000000 0.000000
-0.357114 0.206484 0.591408
0.000000 0.000000 0.000000
0.000000 0.000000 0.000000
-0.264308 0.104122 -0.651824
-0.425884 0.012387 -0.278952
0.000000 0.000000 0.000000
0.000000 0.000000 0.000000
-0.358509 0.077128 -0.457058
-0.354454 -0.119631 -0.371023
0.000000 0.000000 0.000000
0.000000 0.000000 0.000000
-0.448309 0.273689 -0.305110
0.000000 0.000000 0.000000
-0.363323 -0.148352 -0.007473
0.000000 0.000000 0.000000
0.000000 0.000000 0.000000
-0.400449 0.071868 0.312203
0.000000 0.000000 0.000000
-0.005128 0.173563 0.846826
0.000000 0.000000 0.000000
0.000000 0.000000 0.000000
-0.124928 0.101384 0.844456
-0.412039 0.297345 -0.429213
0.000000 0.000000 0.000000
0.000000 0.000000 0.000000
-0.428639 0.286750 -0.495001
-0.144197 0.297288 -0.826786
0.000000 0.000000 0.000000
0.000000 0.000000 0.000000
0.000000 0.000000 0.000000
0.000000 0.000000 0.000000
-0.476142 0.167336 -0.060597
0.000000 0.000000 0.000000
0.000000 0.000000 0.000000
0.000000 0.000000 0.000000
0.000000 0.000000 0.000000
0.000000 0.000000 0.000000
0.000000 0.000000 0.000000
0.000000 0.000000 0.000000
0.000000 0.000000 0.000000
0.000000 0.000000 0.000000
-0.379187 -0.083478 -0.152633
0.000000 0.000000 0.000000
0.000000 0.000000 0.000000
0.000000 0.000000 0.000000
0.000000 0.000000 0.000000
0.000000 0.000000 0.000000
-0.457397 0.175225 0.027555
0.000000 0.000000 0.000000
-0.202641 0.272611 0.774451
0.000000 0.000000 0.000000
0.069614 0.295272 0.896452
0.053233 0.212648 0.845338
-0.462084 0.248749 -0.088769
0.000000 0.000000 0.000000
0.000000 0.000000 0.000000
0.000000 0.000000 0.000000
-0.426502 -0.075316 -0.003594
-0.342850 0.081833 -0.588956
0.000000 0.000000 0.000000
-0.470470 0.094444 -0.029409
0.000000 0.000000 0.000000
-0.240126 -0.135385 0.586373
0.000000 0.000000 0.000000
-0.273327 -0.040413 0.549384
0.000000 0.000000 0.000000
-0.231485 0.185633 -0.734059
0.000000 0.000000 0.000000
-0.292240 0.294310 -0.781568
-0.426252 0.108300 0.237207
-0.034259 0.302720 0.879908
-0.348642 0.038263 0.453785
-0.043995 0.114723 0.816931
0.000000 0.000000 0.000000
0.000000 0.000000 0.000000
-0.405303 0.290581 0.547966
0.000000 0.000000 0.000000
0.000000 0.000000 0.000000
0.000000 0.000000 0.000000
-0.455245 0.052732 -0.136413
0.000000 0.000000 0.000000
0.000000 0.000000 0.000000
0.000000 0.000000 0.000000
0.000000 0.000000 0.000000
0.000000 0.000000 0.000000
-0.224396 0.189261 0.743938
-0.360595 -0.108706 0.213343
-0.331713 -0.175020 0.343834
0.000000 0.000000 0.000000
-0.318967 0.284208 0.749553
0.000000 0.000000 0.000000
-0.343491 -0.034932 0.399253
0.000000 0.000000 0.000000
0.000000 0.000000 0.000000
0.000000 0.000000 0.000000
0.000000 0.000000 0.000000
0.000000 0.000000 0.000000
0.000000 0.000000 0.000000
-0.365581 0.275152 -0.527664
-0.418916 0.052885 0.359220
0.000000 0.000000 0.000000
-0.390040 -0.069366 -0.070855
-0.403560 -0.025554 0.094977
0.000000 0.000000 0.000000
-0.471688 0.140870 0.097224
-0.279499 0.186504 -0.666229
0.000000 0.000000 0.000000
-0.459046 0.244222 0.134596
0.000000 0.000000 0.000000
0.000000 0.000000 0.000000
0.000000 0.000000 0.000000
-0.399312 -0.053992 0.303161
-0.349618 -0.034799 -0.381475
-0.421927 -0.041147 0.222410
-0.432893 0.231494 -0.304791
0.000000 0.000000 0.000000
-0.311310 0.049927 0.632006
0.000000 0.000000 0.000000
0.000000 0.000000 0.000000
0.000000 0.000000 0.000000
0.000000 0.000000 0.000000
0.000000 0.000000 0.000000
-0.460066 0.061696 0.098862
0.000000 0.000000 0.000000
0.000000 0.000000 0.000000
0.000000 0.000000 0.000000
-0.358463 0.248493 -0.585018
0.000000 0.000000 0.000000
-0.287891 -0.013442 -0.545739
0.000000 0.000000 0.000000
0.000000 0.000000 0.000000
0.000000 0.000000 0.000000
0.000000 0.000000 0.000000
0.000000 0.000000 0.000000
-0.434915 0.255157 0.304130
0.000000 0.000000 0.000000
-0.075589 0.178133 0.870600
0.000000 0.000000 0.000000
-0.433817 0.107457 -0.173663
0.000000 0.000000 0.000000
-0.319659 0.140931 -0.590776
-0.493694 0.290339 -0.174425
-0.377443 0.284208 -0.645514
-0.290875 -0.144106 0.494094
0.000000 0.000000 0.000000
0.000000 0.000000 0.000000
0.000000 0.000000 0.000000
-0.304851 0.032173 0.554237
-0.432439 0.303230 0.377386
0.000000 0.000000 0.000000
0.000000 0.000000 0.000000
0.000000 0.000000 0.000000
-0.398923 0.169514 -0.483919
0.000000 0.000000 0.000000
-0.299890 0.135362 0.619467
0.000000 0.000000 0.000000
0.000000 0.000000 0.000000
-0.495836 0.300058 0.249373
-0.458376 0.276239 0.144005
0.000000 0.000000 0.000000
0.000000 0.000000 0.000000
-0.284197 -0.095529 0.476771
-0.440249 0.036443 0.247011
-0.402330 0.124903 -0.357745
-0.293094 0.301325 -0.687203
-0.153296 0.207939 -0.835611
0.000000 0.000000 0.000000
0.000000 0.000000 0.000000
0.000000 0.000000 0.000000
0.000000 0.000000 0.000000
0.000000 0.000000 0.000000
0.000000 0.000000 0.000000
-0.157190 0.205485 0.835765
0.000000 0.000000 0.000000
0.000000 0.000000 0.000000
-0.397428 -0.011338 -0.211004
0.000000 0.000000 0.000000
0.000000 0.000000 0.000000
0.000000 0.000000 0.000000
0.000000 0.000000 0.000000
-0.222030 0.020999 0.738396
-0.411805 0.006252 -0.115834
0.000000 0.000000 0.000000
-0.460125 0.206964 0.255474
0.000000 0.000000 0.000000
0.000000 0.000000 0.000000
-0.425276 -0.064099 0.085150
0.000000 0.000000 0.000000
-0.280055 0.150069 -0.707898
0.000000 0.000000 0.000000
0.000000 0.000000 0.000000
-0.190658 0.296000 -0.788828
-0.376339 -0.170076 0.098712
0.000000 0.000000 0.000000
0.000000 0.000000 0.000000
-0.251157 0.136084 0.688971
-0.335044 0.086689 0.523292
0.000000 0.000000 0.000000
-0.094751 0.082184 0.790937
0.000000 0.000000 0.000000
-0.390542 -0.076183 0.032781
-0.433890 0.257046 -0.369512
-0.441844 0.154756 -0.194616
-0.360510 -0.165031 0.240175
0.000000 0.000000 0.000000
0.000000 0.000000 0.000000
0.000000 0.000000 0.000000
0.000000 0.000000 0.000000
-0.254929 0.037536 -0.627402
0.000000 0.000000 0.000000
0.000000 0.000000 0.000000
0.000000 0.000000 0.000000
0.000000 0.000000 0.000000
0.000000 0.000000 0.000000
0.000000 0.000000 0.000000
0.000000 0.000000 0.000000
0.000000 0.000000 0.000000
0.000000 0.000000 0.000000
0.000000 0.000000 0.000000
0.000000 0.000000 0.000000
0.000000 0.000000 0.000000
0.000000 0.000000 0.000000
-0.480117 0.238953 0.025965
-0.431813 0.060269 0.047524
0.000000 0.000000 0.000000
-0.439254 0.145247 0.208121
0.000000 0.000000 0.000000
0.000000 0.000000 0.000000
-0.343236 -0.082773 -0.447343
-0.305815 0.248193 -0.646034
0.000000 0.000000 0.000000
0.000000 0.000000 0.000000
-0.342244 -0.189161 0.049919
0.000000 0.000000 0.000000
0.000000 0.000000 0.000000
0.000000 0.000000 0.000000
0.000000 0.000000 0.000000
0.000000 0.000000 0.000000
0.000000 0.000000 0.000000
-0.498171 0.305728 -0.047856
0.000000 0.000000 0.000000
-0.239168 -0.046837 0.672054
-0.422074 0.204330 -0.422284
0.000000 0.000000 0.000000
-0.331695 0.021916 -0.477394
-0.231102 0.148294 0.773995
-0.161963 0.052419 0.798642
-0.098799 0.305726 0.878966
0.000000 0.000000 0.000000
-0.381248 0.008533 -0.312111
-0.175255 0.256234 0.821922
0.000000 0.000000 0.000000
0.000000 0.000000 0.000000
0.000000 0.000000 0.000000
-0.199771 0.022491 0.690027
-0.373036 -0.063672 0.238816
-0.334835 -0.036112 0.522085
0.000000 0.000000 0.000000
-0.167128 0.057710 0.733983
-0.388427 -0.063885 0.124121
0.000000 0.000000 0.000000
-0.404933 -0.001827 0.182540
-0.385601 0.193343 0.463536
-0.297807 0.062186 -0.654125
-0.367513 0.010109 0.378789
0.000000 0.000000 0.000000
0.000000 0.000000 0.000000
-0.357684 0.279840 0.549843
-0.348555 -0.210397 0.165139
-0.263696 -0.097805 0.592059
0.000000 0.000000 0.000000
-0.410446 0.013656 -0.165180
-0.243042 -0.125252 0.519241
-0.361237 -0.123441 0.335666
0.000000 0.000000 0.000000
-0.461987 0.100640 0.165602
0.000000 0.000000 0.000000
-0.450071 0.298854 0.269148
0.000000 0.000000 0.000000
-0.230350 0.284208 0.837964
-0.419142 0.143026 0.302720
0.000000 0.000000 0.000000
0.000000 0.000000 0.000000
0.000000 0.000000 0.000000
-0.293048 0.215303 0.698136
0.000000 0.000000 0.000000
0.000000 0.000000 0.000000
0.019070 0.151039 0.880717
0.000000 0.000000 0.000000
-0.386837 -0.087696 -0.293092
0.000000 0.000000 0.000000
0.000000 0.000000 0.000000
0.000000 0.000000 0.000000
-0.229102 0.065550 -0.680798
0.000000 0.000000 0.000000
0.013988 0.305273 0.895912
-0.357693 0.020664 0.517376
0.000000 0.000000 0.000000
-0.450121 0.031263 0.146763
0.000000 0.000000 0.000000
-0.371817 -0.012037 0.456590
-0.380241 0.280982 0.495458
0.000000 0.000000 0.000000
0.000000 0.000000 0.000000
0.000000 0.000000 0.000000
0.000000 0.000000 0.000000
0.000000 0.000000 0.000000
-0.126170 0.285458 -0.856789
0.000000 0.000000 0.000000
0.000000 0.000000 0.000000
-0.408561 -0.101610 -0.106320
-0.471206 0.263734 -0.148043
0.000000 0.000000 0.000000
0.000000 0.000000 0.000000
0.000000 0.000000 0.000000
0.000000 0.000000 0.000000
0.000000 0.000000 0.000000
0.000000 0.000000 0.000000
-0.132334 0.297434 0.839280
-0.372715 0.221883 0.553797
-0.226129 -0.013522 0.636491
0.000000 0.000000 0.000000
0.000000 0.000000 0.000000
-0.334769 0.286555 0.639768
0.000000 0.000000 0.000000
0.000000 0.000000 0.000000
-0.462850 0.255281 0.081143
0.000000 0.000000 0.000000
0.000000 0.000000 0.000000
-0.386795 -0.011623 -0.258054
-0.432842 0.146495 -0.241633
0.000000 0.000000 0.000000
-0.444141 0.293813 0.422926
0.000000 0.000000 0.000000
-0.452705 0.215267 -0.175064
0.000000 0.000000 0.000000
0.000000 0.000000 0.000000
0.000000 0.000000 0.000000
0.000000 0.000000 0.000000
0.000000 0.000000 0.000000
0.000000 0.000000 0.000000
0.000000 0.000000 0.000000
-0.325138 -0.030910 0.447421
0.000000 0.000000 0.000000
0.000000 0.000000 0.000000
-0.430525 -0.034726 0.155408
0.000000 0.000000 0.000000
0.000000 0.000000 0.000000
0.000000 0.000000 0.000000
0.000000 0.000000 0.000000
0.000000 0.000000 0.000000
-0.331614 -0.025201 -0.434230
0.000000 0.000000 0.000000
-0.182738 0.145963 0.810575
-0.466139 0.116678 -0.136646
0.000000 0.000000 0.000000
-0.295418 0.119764 0.681925
-0.517104 0.290775 0.050106
-0.043383 0.227098 0.879833
0.000000 0.000000 0.000000
-0.340575 0.306394 -0.657366
-0.447460 0.163398 0.140030
-0.405301 -0.125409 0.005098
-0.145985 -0.005924 0.782167
-0.453410 0.217507 0.172467
-0.420340 0.031283 0.101274
0.000000 0.000000 0.000000
0.000000 0.000000 0.000000
-0.365341 0.030904 -0.404148
0.000000 0.000000 0.000000
-0.348970 -0.064689 -0.341425
0.000000 0.000000 0.000000
0.000000 0.000000 0.000000
-0.445669 0.246867 -0.252962
-0.273128 -0.012250 0.650030
0.000000 0.000000 0.000000
-0.301957 0.216195 0.647447
-0.399746 0.294440 0.599756
-0.235986 0.165703 -0.769529
0.000000 0.000000 0.000000
0.000000 0.000000 0.000000
-0.238288 0.304523 -0.776584
0.000000 0.000000 0.000000
0.042262 0.256391 0.879319
-0.399547 0.129567 0.377668
0.000000 0.000000 0.000000
-0.082271 0.286201 0.919137
0.000000 0.000000 0.000000
0.000000 0.000000 0.000000
0.000000 0.000000 0.000000
0.000000 0.000000 0.000000
0.000000 0.000000 0.000000
-0.138454 0.158376 0.846682
-0.321043 -0.083758 0.401777
0.000000 0.000000 0.000000
-0.205405 0.284208 -0.853595
-0.364229 -0.202813 -0.003308
0.000000 0.000000 0.000000
-0.438023 -0.036454 0.042055
0.000000 0.000000 0.000000
0.000000 0.000000 0.000000
-0.461240 0.047152 -0.035333
-0.472879 0.199613 0.127672
0.000000 0.000000 0.000000
0.000000 0.000000 0.000000
0.000000 0.000000 0.000000
0.000000 0.000000 0.000000
-0.069930 0.087501 0.854343
0.000000 0.000000 0.000000
0.000000 0.000000 0.000000
0.000000 0.000000 0.000000
-0.351640 0.256117 0.604608
-0.387843 -0.154424 -0.046537
-0.360711 -0.080853 -0.407457
0.000000 0.000000 0.000000
0.000000 0.000000 0.000000
0.000000 0.000000 0.000000
0.000000 0.000000 0.000000
-0.464310 0.294151 0.102658
0.000000 0.000000 0.000000
0.000000 0.000000 0.000000
0.000000 0.000000 0.000000
0.000000 0.000000 0.000000
-0.408038 0.181202 0.384442
-0.397899 0.124307 -0.474624
0.000000 0.000000 0.000000
0.000000 0.000000 0.000000
0.000000 0.000000 0.000000
-0.356207 -0.061765 0.317240
0.000000 0.000000 0.000000
-0.436240 0.015715 -0.237026
-0.248920 0.222959 -0.757640
0.000000 0.000000 0.000000
-0.225191 -0.096172 0.571022
0.000000 0.000000 0.000000
0.000000 0.000000 0.000000
-0.460323 0.292456 -0.432959
0.000000 0.000000 0.000000
0.000000 0.000000 0.000000
0.000000 0.000000 0.000000
-0.431994 0.203102 0.293944
0.000000 0.000000 0.000000
0.000000 0.000000 0.000000
-0.344437 0.090275 -0.499955
-0.341000 0.229221 -0.626928
0.000000 0.000000 0.000000
0.000000 0.000000 0.000000
-0.115569 0.294965 -0.889867
-0.396540 0.092849 0.467932
0.000000 0.000000 0.000000
0.000000 0.000000 0.000000
