-0.199621 -0.153183 -0.099647
0.286582 -0.042424 0.199519
-0.164511 -0.153183 0.013665
0.000000 0.000000 0.000000
0.000000 0.000000 0.000000
0.000000 0.000000 0.000000
-0.092568 -0.153183 0.508350
-0.162069 -0.048614 0.340868
0.000000 0.000000 0.000000
-0.157204 -0.153183 -0.458310
-0.153148 -0.048614 0.039764
0.010956 -0.048614 -0.178350
-0.004719 0.049803 0.228141
0.168328 -0.153183 -0.263982
0.202121 -0.153183 -0.666652
0.000000 0.000000 0.000000
0.000000 0.000000 0.000000
0.000000 0.000000 0.000000
0.233964 0.002470 -0.051363
-0.304744 -0.118806 0.400510
0.000000 0.000000 0.000000
0.045655 -0.153183 0.246725
-0.304744 -0.099827 -0.243422
0.000000 0.000000 0.000000
-0.097390 0.049805 -0.019832
0.000000 0.000000 0.000000
0.000000 0.000000 0.000000
0.028230 0.049805 0.085397
-0.304744 0.003653 0.162302
0.000000 0.000000 0.000000
-0.243234 -0.042789 -0.201158
0.000000 0.000000 0.000000
-0.073248 -0.048614 0.028959
0.000000 0.000000 0.000000
0.117168 -0.153183 -0.006436
-0.108880 -0.048614 0.297221
-0.304324 0.009400 -0.004718
0.141534 -0.048614 -0.521754
-0.042331 -0.153183 -0.680979
0.000000 0.000000 0.000000
0.000000 0.000000 0.000000
-0.304744 -0.024940 0.502570
0.000000 0.000000 0.000000
0.000000 0.000000 0.000000
0.000000 0.000000 0.000000
0.092456 -0.041229 -0.187840
-0.009595 0.049805 -0.088679
0.012570 -0.153183 0.456897
-0.049065 -0.153183 -0.220847
-0.179684 -0.153183 0.231751
0.000000 0.000000 0.000000
0.000000 0.000000 0.000000
0.000000 0.000000 0.000000
0.000000 0.000000 0.000000
0.083296 -0.153183 -0.455872
0.239952 0.022141 -0.223698
0.000000 0.000000 0.000000
0.218101 -0.151826 0.242763
0.000000 0.000000 0.000000
0.000000 0.000000 0.000000
0.133889 -0.048200 -0.022255
0.000000 0.000000 0.000000
0.038570 -0.048614 0.226713
0.000000 0.000000 0.000000
-0.139135 0.048392 0.128638
0.218101 -0.074684 -0.389741
0.000000 0.000000 0.000000
0.000000 0.000000 0.000000
0.000000 0.000000 0.000000
0.000000 0.000000 0.000000
-0.197542 -0.153183 0.607991
0.000000 0.000000 0.000000
0.094880 -0.153183 -0.811924
-0.136011 -0.048614 -0.350006
-0.159795 -0.153183 0.331636
-0.166358 -0.048614 -0.075546
-0.233559 0.049387 0.264553
-0.042664 -0.153183 0.081989
-0.115240 -0.153183 -0.289089
-0.304744 -0.140288 -0.100364
0.000000 0.000000 0.000000
0.218101 -0.090427 0.080137
-0.304744 -0.134394 0.130181
0.159647 -0.153183 0.367885
0.000000 0.000000 0.000000
0.000000 0.000000 0.000000
0.000000 0.000000 0.000000
0.000000 0.000000 0.000000
0.037302 -0.048614 -0.358167
0.000000 0.000000 0.000000
0.218101 -0.114306 -0.068037
0.000000 0.000000 0.000000
0.000000 0.000000 0.000000
0.103072 -0.153183 0.110329
0.000000 0.000000 0.000000
-0.290953 0.024461 0.357802
-0.223028 -0.177788 -0.330454
0.069633 -0.153183 -0.098827
-0.304744 -0.122678 0.277535
0.118460 -0.048313 -0.272520
0.000000 0.000000 0.000000
0.000000 0.000000 0.000000
-0.304744 -0.142027 0.526390
0.000000 0.000000 0.000000
0.000000 0.000000 0.000000
0.000000 0.000000 0.000000
0.000000 0.000000 0.000000
0.000000 0.000000 0.000000
0.000000 0.000000 0.000000
0.000000 0.000000 0.000000
0.000000 0.000000 0.000000
0.000000 0.000000 0.000000
-0.179111 -0.153183 -0.640530
-0.189820 -0.048614 0.182409
-0.304591 -0.153183 -0.411297
-0.054108 -0.153183 -0.723903
0.218101 -0.081782 -0.179832
0.218101 -0.129283 -0.526479
-0.304744 -0.051722 -0.108182
-0.007804 -0.048614 -0.108077
0.032885 -0.048614 0.094531
0.006980 -0.153183 -0.369647
0.000000 0.000000 0.000000
0.000000 0.000000 0.000000
0.144634 -0.048144 0.149177
0.112230 0.127900 0.013814
0.000000 0.000000 0.000000
-0.056886 -0.153183 -0.537120
0.174895 -0.048219 -0.654393
0.000000 0.000000 0.000000
-0.204642 -0.153183 -0.162031
0.152123 -0.153183 0.445017
0.191124 -0.153183 -0.398008
0.000000 0.000000 0.000000
-0.078491 -0.153183 0.600470
0.000000 0.000000 0.000000
0.000000 0.000000 0.000000
-0.304744 -0.119967 0.025360
-0.065327 -0.153183 -0.076749
-0.184604 0.049805 0.099799
0.000000 0.000000 0.000000
-0.041561 -0.153183 -0.381256
-0.113668 -0.048614 -0.199044
0.083206 -0.153183 -0.610168
0.000000 0.000000 0.000000
0.218101 -0.148088 0.372557
0.264272 -0.011809 -0.414077
0.000000 0.000000 0.000000
0.082777 0.010684 -0.042401
-0.304744 -0.072770 0.282419
0.000000 0.000000 0.000000
-0.060663 -0.040852 0.135548
-0.174531 0.049803 0.241528
-0.243234 0.000846 0.424949
-0.243234 -0.031947 -0.001705
-0.054602 -0.153183 0.348753
0.000000 0.000000 0.000000
0.000000 0.000000 0.000000
-0.227945 -0.048614 0.232003
0.000000 0.000000 0.000000
-0.133307 0.049803 0.345658
0.000000 0.000000 0.000000
-0.202908 -0.153183 0.434437
0.000000 0.000000 0.000000
0.000000 0.000000 0.000000
0.000000 0.000000 0.000000
0.246084 0.041926 -0.273353
0.234550 0.005246 0.129115
-0.186740 -0.153183 0.116463
0.000000 0.000000 0.000000
-0.216623 -0.153183 0.501488
0.131256 -0.153183 0.329512
0.000000 0.000000 0.000000
0.000000 0.000000 0.000000
0.057279 -0.153183 -0.548523
0.000000 0.000000 0.000000
0.082777 0.029359 0.183551
-0.154502 -0.048614 0.398498
0.000000 0.000000 0.000000
-0.270157 -0.153183 -0.539086
0.000000 0.000000 0.000000
0.143663 -0.153183 -0.166149
-0.034586 -0.048614 0.390055
0.000000 0.000000 0.000000
0.000000 0.000000 0.000000
0.124452 -0.047991 -0.396941
0.000000 0.000000 0.000000
-0.151279 -0.153183 -0.346624
0.000000 0.000000 0.000000
0.010843 -0.153183 -0.606150
0.178798 -0.153183 -0.791986
0.067797 -0.153183 -0.316277
-0.231936 -0.153183 -0.264079
0.093721 -0.153183 0.506998
0.000000 0.000000 0.000000
-0.071712 -0.153183 0.217656
0.000000 0.000000 0.000000
0.076759 -0.153183 -0.717265
0.000000 0.000000 0.000000
0.178302 0.021913 -0.172009
0.137888 -0.177788 0.182235
0.243717 0.032254 -0.122590
0.000000 0.000000 0.000000
0.000000 0.000000 0.000000
0.000000 0.000000 0.000000
0.000000 0.000000 0.000000
0.000000 0.000000 0.000000
0.049149 -0.048614 -0.473468
0.229444 -0.010177 -0.580028
-0.304744 -0.044408 0.560122
-0.243234 -0.027404 0.107713
0.218101 -0.146658 0.008808
0.237306 0.013376 0.084845
-0.078837 0.049805 0.055691
0.193277 -0.048614 0.254887
-0.220932 -0.048614 -0.309277
0.018462 -0.153183 -0.009413
0.218101 -0.092051 0.170005
0.000000 0.000000 0.000000
-0.304744 -0.007258 0.207607
-0.155935 -0.153183 -0.132576
0.000000 0.000000 0.000000
0.218101 -0.091213 -0.623479
0.000000 0.000000 0.000000
0.000000 0.000000 0.000000
0.182615 -0.153183 -0.072307
0.090203 -0.153183 0.357067
0.218101 -0.058757 -0.296022
-0.078424 0.049803 0.192072
0.037334 -0.048614 -0.021945
0.090948 -0.022385 -0.114118
0.157943 -0.048614 0.070249
-0.243234 -0.015703 0.325340
0.040363 -0.048614 0.336128
0.000000 0.000000 0.000000
-0.304744 -0.024586 0.044438
-0.064840 -0.048614 -0.260103
0.230511 -0.008396 -0.121797
0.043858 -0.153183 -0.221802
0.000000 0.000000 0.000000
-0.300259 0.018555 0.446627
0.000000 0.000000 0.000000
0.107950 -0.048614 0.224306
0.000000 0.000000 0.000000
0.000000 0.000000 0.000000
0.000000 0.000000 0.000000
0.000000 0.000000 0.000000
0.190689 -0.153183 -0.209503
-0.141791 0.049805 0.068877
0.218101 -0.056092 -0.466629
0.012533 -0.153183 0.312627
0.000000 0.000000 0.000000
0.000000 0.000000 0.000000
0.014903 -0.153183 0.154883
0.101837 -0.048614 -0.308158
0.082777 0.015697 -0.351016
0.000000 0.000000 0.000000
0.164741 -0.048614 -0.616596
-0.302604 -0.153183 0.666528
0.030488 0.049805 -0.002245
0.082998 0.010625 0.092167
-0.119320 -0.153183 -0.703496
0.000000 0.000000 0.000000
0.150870 -0.153183 -0.567850
-0.117844 -0.153183 0.142403
-0.300411 -0.153183 -0.205873
0.000000 0.000000 0.000000
0.000000 0.000000 0.000000
0.000000 0.000000 0.000000
0.264891 0.098863 -0.183646
0.000000 0.000000 0.000000
0.152493 -0.048614 -0.117244
0.000000 0.000000 0.000000
-0.027897 -0.153183 -0.128171
0.188848 -0.153183 0.102936
0.073731 0.049288 -0.141885
-0.245692 -0.153183 -0.426761
0.248039 0.048777 -0.354255
0.000000 0.000000 0.000000
0.026080 -0.048614 -0.271424
0.109198 0.095451 -0.078436
0.000000 0.000000 0.000000
-0.060751 -0.153183 -0.018395
0.000000 0.000000 0.000000
0.000000 0.000000 0.000000
0.000000 0.000000 0.000000
0.002649 -0.153183 -0.475155
-0.116482 -0.153183 0.402398
-0.137405 -0.153183 -0.541129
0.000000 0.000000 0.000000
0.000000 0.000000 0.000000
-0.243234 -0.015429 0.154631
0.000000 0.000000 0.000000
-0.030678 -0.048614 0.262163
0.000000 0.000000 0.000000
-0.258093 -0.153183 -0.091791
0.000000 0.000000 0.000000
0.123669 -0.153183 0.252130
0.000000 0.000000 0.000000
-0.247941 -0.153183 0.311679
0.000000 0.000000 0.000000
0.000000 0.000000 0.000000
-0.304744 -0.147225 0.611716
-0.230469 -0.153183 0.012626
0.000000 0.000000 0.000000
-0.075152 0.042403 0.291544
0.000000 0.000000 0.000000
0.000000 0.000000 0.000000
0.000000 0.000000 0.000000
-0.108669 -0.048614 0.190769
0.276057 0.026278 0.021548
-0.263704 0.025199 0.094172
-0.175542 -0.048614 0.283088
-0.098199 -0.153183 0.273387
0.146570 -0.153183 -0.352983
-0.149794 -0.048614 0.494658
0.218101 -0.102410 -0.797299
0.000000 0.000000 0.000000
0.162804 -0.153183 -0.498961
-0.202225 0.049803 0.164017
-0.260374 -0.153183 0.066133
0.000000 0.000000 0.000000
0.087883 0.000686 -0.258776
0.000000 0.000000 0.000000
0.000000 0.000000 0.000000
-0.229661 -0.048614 -0.065128
0.000000 0.000000 0.000000
0.102737 -0.153183 -0.683152
0.261180 0.087248 -0.023572
0.182881 -0.048479 -0.223801
0.173286 -0.048373 -0.021602
-0.268529 -0.153183 0.195524
-0.303158 0.013791 0.274294
0.000000 0.000000 0.000000
0.000000 0.000000 0.000000
0.033426 -0.153183 -0.712374
0.180783 -0.048614 -0.331150
0.014314 -0.153183 0.546734
0.000000 0.000000 0.000000
0.000000 0.000000 0.000000
-0.095877 -0.048614 -0.060590
0.000000 0.000000 0.000000
0.000000 0.000000 0.000000
0.223057 -0.030822 0.034385
-0.065528 -0.048614 -0.130904
0.000000 0.000000 0.000000
-0.066962 -0.153183 -0.299522
-0.203106 -0.048614 0.418722
0.000000 0.000000 0.000000
-0.177326 -0.048614 -0.245214
0.218101 -0.095747 -0.719250
0.062786 -0.048614 0.049567
0.000000 0.000000 0.000000
0.000000 0.000000 0.000000
-0.304744 -0.079146 -0.029192
0.000000 0.000000 0.000000
-0.304744 -0.125163 -0.334744
-0.034968 -0.048614 -0.392462
0.000000 0.000000 0.000000
-0.251103 -0.153183 0.569164
-0.070552 -0.048614 0.434804
0.049127 -0.153183 0.066362
0.000000 0.000000 0.000000
-0.039479 -0.048614 -0.334812
0.000000 0.000000 0.000000
0.218101 -0.137352 -0.306882
0.000000 0.000000 0.000000
-0.226353 0.049805 0.035915
-0.135628 -0.048614 0.125419
-0.304744 -0.139250 0.466673
-0.088230 0.043122 -0.077644
-0.146775 -0.153183 -0.220721
0.000000 0.000000 0.000000
0.000000 0.000000 0.000000
-0.146263 -0.153183 0.558772
0.088561 -0.048614 0.137577
0.218101 -0.075596 -0.570894
0.082777 0.009394 -0.179858
-0.211409 0.049803 0.337902
0.178453 0.098985 -0.172009
-0.201685 -0.048614 -0.137965
-0.002527 -0.153183 0.385533
0.000000 0.000000 0.000000
-0.106561 -0.153183 -0.627493
0.090293 -0.048614 0.297516
0.020493 -0.001002 0.135549
0.000000 0.000000 0.000000
0.218101 -0.132378 -0.133613
-0.050390 -0.048614 -0.023349
0.078111 -0.048614 -0.537054
0.000000 0.000000 0.000000
-0.032883 -0.048614 0.204094
0.000000 0.000000 0.000000
0.000000 0.000000 0.000000
-0.304744 -0.076757 0.177805
-0.151116 -0.048614 -0.002470
0.206835 -0.153183 -0.591734
0.000000 0.000000 0.000000
0.000000 0.000000 0.000000
0.000000 0.000000 0.000000
0.000000 0.000000 0.000000
0.000000 0.000000 0.000000
0.000000 0.000000 0.000000
0.079115 -0.153183 -0.387784
0.001461 -0.048614 -0.501696
0.000000 0.000000 0.000000
0.000000 0.000000 0.000000
-0.243234 0.033231 0.219088
0.000000 0.000000 0.000000
0.000000 0.000000 0.000000
0.000000 0.000000 0.000000
0.019215 -0.153183 -0.170501
-0.304744 -0.043946 0.111263
-0.304744 -0.078221 -0.176021
-0.199384 -0.048614 0.095676
0.000000 0.000000 0.000000
0.179067 -0.048429 -0.085827
0.000000 0.000000 0.000000
0.216708 -0.043553 -0.244188
0.207287 -0.153183 -0.460252
0.000000 0.000000 0.000000
0.005138 -0.153183 0.112683
-0.243234 -0.047438 0.489665
0.000000 0.000000 0.000000
0.000000 0.000000 0.000000
0.000000 0.000000 0.000000
0.000000 0.000000 0.000000
0.000000 0.000000 0.000000
-0.241738 -0.153183 -0.485010
0.218101 -0.093117 0.287684
0.000000 0.000000 0.000000
-0.216681 -0.164149 0.181006
0.056343 -0.133413 -0.848628
-0.280213 -0.153183 -0.039017
0.084452 -0.029675 -0.404859
0.050101 0.049805 -0.078241
0.000000 0.000000 0.000000
-0.304744 -0.068033 0.446351
0.000000 0.000000 0.000000
-0.023423 -0.153183 0.259099
0.000000 0.000000 0.000000
-0.007134 -0.048614 0.040929
-0.093498 -0.153183 -0.164671
0.000000 0.000000 0.000000
-0.010220 -0.048614 0.324123
0.036290 0.049803 0.163407
0.000000 0.000000 0.000000
0.116079 -0.153183 -0.505613
0.000000 0.000000 0.000000
0.000000 0.000000 0.000000
0.218101 -0.049685 -0.521097
0.000000 0.000000 0.000000
-0.094322 -0.153183 -0.435688
-0.009418 -0.153183 -0.272390
0.227117 -0.017002 -0.354245
0.000000 0.000000 0.000000
-0.152971 -0.153183 0.056845
0.000000 0.000000 0.000000
0.068104 -0.153183 0.445137
-0.153516 -0.153183 0.482447
0.000000 0.000000 0.000000
0.088417 0.060866 0.059890
0.000000 0.000000 0.000000
-0.073275 0.049557 0.124807
0.004115 -0.153183 -0.774153
0.218101 -0.144045 0.306483
0.000000 0.000000 0.000000
-0.243234 -0.024054 0.277725
-0.015736 -0.153183 0.204278
0.000000 0.000000 0.000000
0.137253 -0.048614 -0.453365
0.000000 0.000000 0.000000
0.218101 -0.081697 -0.001020
-0.200251 -0.153183 -0.566703
0.062471 -0.153183 0.015579
-0.055919 -0.153183 -0.788010
0.000000 0.000000 0.000000
0.025264 -0.153183 -0.066883
0.218101 -0.122365 0.052117
0.000000 0.000000 0.000000
0.000000 0.000000 0.000000
0.000000 0.000000 0.000000
0.000000 0.000000 0.000000
0.218101 -0.108650 -0.240840
0.093203 0.063972 -0.004116
0.081110 -0.048614 -0.053053
0.049875 -0.048614 -0.221114
-0.117119 0.003721 0.135549
-0.046807 -0.153183 0.543789
-0.071186 -0.153183 -0.479303
-0.144036 0.049803 0.192021
0.000000 0.000000 0.000000
0.000000 0.000000 0.000000
-0.022115 0.049805 0.037690
-0.293976 -0.153183 -0.285855
0.000000 0.000000 0.000000
-0.180548 0.049805 -0.009335
-0.044675 -0.048614 -0.198569
0.000000 0.000000 0.000000
0.081543 0.014775 0.247906
0.091721 -0.153183 -0.196373
0.000000 0.000000 0.000000
0.104753 -0.048614 -0.600919
0.189803 -0.153183 -0.730162
0.000000 0.000000 0.000000
-0.120871 -0.153183 0.231600
0.000000 0.000000 0.000000
0.000000 0.000000 0.000000
-0.006400 -0.153183 -0.330378
0.082777 -0.001152 0.019492
0.218035 -0.137208 -0.830591
0.000000 0.000000 0.000000
0.021399 -0.048614 0.159445
0.000000 0.000000 0.000000
-0.304744 -0.027060 0.333844
0.000000 0.000000 0.000000
-0.025640 -0.048614 -0.292380
0.218101 -0.147233 0.456099
0.000000 0.000000 0.000000
0.000000 0.000000 0.000000
-0.304744 -0.095330 0.226138
0.000000 0.000000 0.000000
0.000000 0.000000 0.000000
0.000000 0.000000 0.000000
-0.050864 -0.153183 0.468121
0.037658 -0.153183 -0.654626
0.186267 -0.048377 -0.418032
-0.095234 -0.048614 0.378710
0.000000 0.000000 0.000000
0.000000 0.000000 0.000000
0.125395 -0.048614 -0.214236
0.000000 0.000000 0.000000
0.000000 0.000000 0.000000
0.000000 0.000000 0.000000
-0.298738 -0.153183 0.370407
-0.229448 -0.153183 0.360344
-0.236503 -0.153183 -0.376815
0.000000 0.000000 0.000000
-0.168746 -0.153183 -0.047345
-0.285806 -0.153183 -0.151919
-0.250220 -0.153183 0.232697
0.095995 -0.153183 0.196424
0.000000 0.000000 0.000000
0.000000 0.000000 0.000000
0.000000 0.000000 0.000000
0.000000 0.000000 0.000000
-0.136253 -0.048614 0.242406
0.000000 0.000000 0.000000
0.000000 0.000000 0.000000
0.000000 0.000000 0.000000
0.000000 0.000000 0.000000
0.262140 0.090972 -0.239853
0.000000 0.000000 0.000000
0.000000 0.000000 0.000000
0.000000 0.000000 0.000000
0.122659 -0.153183 -0.753297
-0.181717 0.007418 0.135548
0.106502 0.044060 -0.200281
0.027578 -0.048614 -0.416340
0.000000 0.000000 0.000000
-0.121843 -0.153183 -0.058098
0.000000 0.000000 0.000000
-0.304744 -0.080822 -0.299121
-0.298440 -0.153183 -0.590802
0.000000 0.000000 0.000000
-0.279195 0.025199 0.205955
0.000000 0.000000 0.000000
0.146864 -0.048117 0.208011
0.000000 0.000000 0.000000
-0.006748 0.041991 0.134596
0.000000 0.000000 0.000000
-0.243234 0.012074 0.381185
0.000000 0.000000 0.000000
0.000000 0.000000 0.000000
-0.304744 -0.078273 0.064168
0.000000 0.000000 0.000000
0.000000 0.000000 0.000000
-0.201730 -0.153183 -0.687353
-0.086542 -0.153183 -0.354202
0.086313 -0.153183 0.155483
-0.249806 -0.153183 0.630270
-0.097852 -0.153183 -0.760242
-0.243234 0.015160 -0.046709
0.000000 0.000000 0.000000
-0.304744 -0.091047 0.590301
0.076547 -0.153183 0.301578
0.259691 0.081360 -0.143329
0.000000 0.000000 0.000000
0.163438 -0.153183 -0.623169
0.000000 0.000000 0.000000
0.000000 0.000000 0.000000
-0.274133 0.025199 0.037791
-0.174896 -0.153183 -0.270826
0.000000 0.000000 0.000000
0.000000 0.000000 0.000000
0.000000 0.000000 0.000000
0.143143 -0.033304 -0.172009
0.000000 0.000000 0.000000
0.000000 0.000000 0.000000
0.082777 -0.027309 -0.487059
0.000000 0.000000 0.000000
0.000000 0.000000 0.000000
0.143944 -0.153183 0.134623
0.229286 -0.003755 -0.176857
0.000000 0.000000 0.000000
0.000000 0.000000 0.000000
0.111968 -0.153183 -0.258811
-0.103437 0.049803 0.243098
-0.168985 -0.048614 -0.292681
-0.147682 -0.048614 -0.161205
0.000000 0.000000 0.000000
0.000000 0.000000 0.000000
0.146220 -0.153183 0.066586
-0.243234 -0.042475 0.053068
0.000000 0.000000 0.000000
0.218101 -0.146720 0.181315
0.000000 0.000000 0.000000
0.197284 -0.048475 0.108045
0.150774 -0.048614 0.294006
0.015464 -0.048614 0.289234
-0.223852 -0.153183 -0.616641
0.000000 0.000000 0.000000
0.000000 0.000000 0.000000
0.133424 -0.144249 -0.848628
0.165359 -0.153183 0.020232
0.000000 0.000000 0.000000
0.127676 -0.153183 -0.073906
0.155276 -0.048614 0.012432
-0.304744 -0.087207 0.357551
0.142759 0.049341 -0.172009
0.218101 -0.100154 -0.434921
0.105589 -0.047998 0.056392
0.256945 0.073090 -0.089546
0.000000 0.000000 0.000000
0.000000 0.000000 0.000000
0.210967 -0.047272 0.210534
0.000000 0.000000 0.000000
0.000000 0.000000 0.000000
0.000000 0.000000 0.000000
0.003260 -0.153183 -0.416642
0.000000 0.000000 0.000000
0.218101 -0.066967 -0.673190
0.000000 0.000000 0.000000
0.000000 0.000000 0.000000
-0.095338 -0.153183 0.068292
-0.165759 -0.153183 -0.179697
-0.229968 -0.048614 -0.254262
-0.017457 -0.048614 -0.235411
0.224558 -0.025787 -0.628993
0.114412 -0.153183 0.405502
-0.082881 -0.048614 0.091784
0.000000 0.000000 0.000000
-0.075724 -0.048614 0.231824
0.083408 -0.015200 0.169482
0.115341 -0.048614 -0.078082
-0.073512 -0.153183 0.399347
-0.198338 -0.153183 -0.401080
0.000000 0.000000 0.000000
0.000000 0.000000 0.000000
0.000000 0.000000 0.000000
0.000000 0.000000 0.000000
0.070002 -0.153183 -0.140742
0.241006 0.048622 -0.173030
0.002357 0.049805 -0.154795
0.000000 0.000000 0.000000
0.238064 0.017571 -0.450674
-0.174814 -0.153183 0.381872
0.187792 -0.048396 0.177107
-0.014932 0.049805 -0.029957
0.000000 0.000000 0.000000
0.061265 -0.048614 -0.122979
-0.265379 0.025199 0.301863
0.231364 -0.003940 -0.295751
0.000000 0.000000 0.000000
-0.304744 -0.128182 0.181083
0.003098 -0.153183 0.049832
-0.130195 0.049803 0.288856
0.000000 0.000000 0.000000
0.000000 0.000000 0.000000
-0.195874 -0.153183 0.061406
-0.102369 -0.153183 0.326115
-0.189757 -0.153183 0.657314
-0.164148 -0.153183 -0.586711
0.000000 0.000000 0.000000
0.000000 0.000000 0.000000
-0.249043 -0.153183 -0.199767
0.000000 0.000000 0.000000
0.000000 0.000000 0.000000
-0.304744 -0.108688 -0.384471
0.000000 0.000000 0.000000
0.000000 0.000000 0.000000
0.000000 0.000000 0.000000
-0.196561 -0.036376 0.135549
0.000000 0.000000 0.000000
0.000000 0.000000 0.000000
0.000000 0.000000 0.000000
0.086526 -0.002625 -0.308477
0.218101 -0.134084 0.130179
0.000000 0.000000 0.000000
-0.275570 -0.153183 0.267982
0.216562 -0.043968 -0.049564
0.000000 0.000000 0.000000
0.136328 -0.048575 -0.573144
0.000000 0.000000 0.000000
-0.297737 0.021078 0.402191
-0.201899 -0.048614 -0.009994
-0.296161 -0.153183 0.716950
0.000000 0.000000 0.000000
-0.243234 -0.044425 0.363094
-0.056442 0.048013 -0.113331
0.226023 -0.021221 0.161345
-0.071688 -0.153183 0.164561
0.000000 0.000000 0.000000
0.218101 -0.104961 -0.349617
-0.304744 -0.105091 -0.073521
-0.300029 -0.153183 0.088086
0.176374 -0.048381 -0.276972
