0.292936 0.313650 0.358068
-0.043926 0.090678 0.349855
0.137347 -0.364320 0.482586
0.078846 0.163762 -0.206979
0.141064 -0.749414 0.460211
-0.114059 -0.103756 -0.062160
-0.101876 0.308830 0.133596
0.027846 0.302246 0.617711
-0.198606 0.313782 -0.232721
0.112346 -0.020051 0.564154
0.007010 -0.646196 0.539951
0.169055 0.236562 0.184071
0.000000 0.000000 0.000000
0.020412 0.083903 0.031772
0.001567 -0.269466 0.519639
-0.051199 -0.099450 0.159619
0.271513 0.083901 0.405880
-0.029348 0.313782 0.331347
0.057155 0.299707 -0.043593
0.127826 -0.544139 0.450728
0.257533 0.307842 0.587813
0.172380 0.084325 0.015218
0.086783 -0.125521 0.415584
0.000000 0.000000 0.000000
-0.001558 -0.758946 0.507977
0.000000 0.000000 0.000000
-0.146375 0.097977 -0.104407
0.000128 -0.449465 0.514268
0.106617 0.083903 0.216758
0.177204 0.148721 0.544957
0.000000 0.000000 0.000000
0.018567 -0.802670 0.583084
-0.139736 0.313782 -0.033020
-0.000252 -0.103756 0.371721
0.232726 0.305347 0.084937
-0.018266 -0.713519 0.445620
-0.008727 0.027287 0.481221
0.139478 0.313782 0.451069
0.055203 0.299707 0.143953
-0.076762 0.097977 0.173324
0.038528 -0.294739 0.583935
-0.056031 0.083903 -0.242189
0.017819 0.156596 0.580294
0.141573 0.286538 -0.176860
0.198094 0.162223 0.292445
0.101970 0.083903 0.424911
0.128975 0.299708 0.291045
0.104356 0.200270 -0.057391
0.124067 -0.222852 0.541788
0.090190 -0.398464 0.415351
0.271103 0.309717 0.220844
0.096614 -0.522044 0.568371
0.140523 0.203463 0.077588
-0.089055 0.030944 0.024403
-0.012653 -0.051740 0.466569
0.304888 0.084552 0.509745
-0.072948 0.299703 -0.150278
-0.014092 0.083903 -0.281270
0.071587 0.083903 -0.095111
0.174445 0.002996 0.464352
0.097134 -0.653351 0.441270
0.012541 -0.122952 0.560596
0.272166 0.218741 0.477167
-0.027915 -0.002876 0.246512
-0.058276 0.313782 0.198409
0.000000 0.000000 0.000000
-0.011022 0.312233 0.472655
0.196339 0.313366 -0.037720
-0.041685 0.083903 -0.134287
0.153145 0.065628 0.443943
0.343706 0.309014 0.492269
0.021945 -0.545073 0.432959
0.125618 0.257442 0.562942
0.092301 -0.265097 0.423227
0.000000 0.000000 0.000000
0.040192 -0.816845 0.468150
0.088908 0.083903 0.310148
0.246421 0.239902 0.373002
0.002890 -0.349821 0.438063
-0.139465 -0.009988 -0.098984
0.000000 0.000000 0.000000
0.000000 0.000000 0.000000
-0.014920 -0.193105 0.442835
-0.167977 0.065642 -0.221820
0.150612 -0.103753 0.506555
-0.079157 -0.078998 0.055279
0.090302 0.083903 0.095477
0.248154 0.313782 0.478003
-0.024652 0.313782 0.025938
0.064172 -0.697433 0.577065
0.120150 0.299708 0.054306
0.000000 0.000000 0.000000
0.128336 -0.804920 0.557723
0.045118 0.313782 -0.191322
-0.012740 0.002243 0.358898
0.078766 0.083903 0.518914
0.140493 -0.453915 0.494334
0.125052 -0.683007 0.545467
0.133588 -0.152712 0.468565
0.172574 0.313314 0.607304
0.144889 0.028200 0.446154
-0.062827 -0.006692 0.116223
0.122640 -0.341859 0.536463
0.055485 -0.426626 0.579391
-0.225638 0.304936 -0.328278
0.212911 0.275404 0.293363
0.011521 -0.078284 0.556788
0.005322 0.083903 0.224918
0.000000 0.000000 0.000000
0.008393 -0.602828 0.436590
0.170471 0.128402 0.189354
0.025762 0.056526 0.431933
0.082102 0.253860 -0.140444
0.086858 0.313782 0.365956
0.026674 0.299707 0.243435
0.013413 -0.351090 0.563849
0.000000 0.000000 0.000000
-0.022788 -0.102367 0.265650
0.171713 0.083903 0.345872
0.140510 0.273259 -0.078497
-0.089757 0.097977 -0.153109
0.119048 -0.622753 0.562361
0.202334 0.212865 0.529636
-0.066635 0.097977 -0.017575
0.152513 0.299709 0.170867
0.046099 0.097977 -0.001427
0.093930 -0.274753 0.569089
-0.067855 0.299703 -0.250014
0.129535 -0.607453 0.453432
0.043326 0.059746 0.582648
0.146237 0.280476 -0.130372
0.014042 0.083903 0.138812
-0.034899 0.299704 -0.070789
-0.140513 -0.008578 -0.173706
0.074411 -0.796167 0.418902
0.241371 0.272967 0.542234
0.082308 -0.021018 0.416782
0.140101 0.141526 0.021587
-0.173033 0.308045 -0.131960
0.212616 0.083901 0.548680
0.005358 0.083903 -0.240435
0.097652 0.083901 -0.201744
0.206294 0.042286 0.434294
-0.131993 -0.080963 -0.141908
0.244701 0.162692 0.373463
0.201841 0.299709 0.379031
0.135694 -0.276993 0.476419
-0.055576 0.083903 0.075266
-0.021409 0.299704 0.102356
0.153448 0.184400 0.125822
0.116085 0.153626 -0.122420
0.092427 0.133026 0.569491
0.052604 0.313782 0.300213
0.000497 -0.093006 0.406929
-0.052754 0.044332 0.171376
0.197900 0.083897 0.272422
0.040014 0.251656 0.568963
0.148412 -0.789244 0.518068
0.000000 0.000000 0.000000
0.017922 -0.550453 0.580676
0.000000 0.000000 0.000000
0.068905 0.313782 0.493561
0.010203 -0.214211 0.551871
0.000000 0.000000 0.000000
0.043593 0.299707 0.050977
0.059337 0.247441 -0.225405
-0.003788 -0.539071 0.499653
0.028086 0.313782 -0.119339
0.154827 0.257451 0.015723
0.050263 -0.192448 0.425370
0.179020 0.089860 0.094376
0.099434 0.215263 0.563716
0.115701 -0.124764 0.563255
0.131967 0.124351 -0.059210
0.000000 0.000000 0.000000
0.215852 0.283212 0.166655
0.317195 0.313482 0.427768
-0.111336 0.313782 -0.204978
-0.098637 0.313782 0.013131
0.266543 0.163220 0.439094
0.240288 0.145060 0.515301
0.160851 0.272842 0.099073
0.230983 0.097975 0.335554
0.006617 -0.704243 0.538486
0.184179 0.299709 0.231069
-0.119273 -0.025518 -0.026026
-0.143971 0.088567 -0.023516
0.008711 0.083903 0.307641
0.003617 -0.461293 0.437869
0.038808 -0.361911 0.428440
0.083426 0.313782 0.562332
0.159749 0.083901 0.560885
-0.065693 0.083903 -0.299048
0.112264 0.018235 0.497735
0.104657 -0.071497 0.469343
0.092717 0.313782 -0.126472
0.000000 0.000000 0.000000
0.018168 0.313782 0.407125
-0.004645 -0.129474 0.496453
0.000000 0.000000 0.000000
0.127343 0.083901 -0.131687
0.243388 0.281514 0.277581
0.000000 0.000000 0.000000
0.074512 -0.730597 0.418874
0.000000 0.000000 0.000000
0.013881 -0.002103 0.565596
0.007969 0.081100 0.543533
0.171161 0.299708 0.500990
-0.110853 0.054098 -0.063012
-0.096266 0.313782 0.061320
-0.027439 0.299703 -0.201787
-0.043679 0.299705 0.268698
0.131805 -0.332759 0.461909
0.211927 0.242013 0.344072
0.106692 -0.219346 0.456390
0.330736 0.310399 0.568803
0.096815 -0.472628 0.440076
-0.106749 0.299703 -0.081447
0.142998 -0.309351 0.509802
0.086001 0.313782 0.202708
0.000000 0.000000 0.000000
0.066545 -0.494601 0.576428
0.022656 0.299707 0.539393
0.149118 0.299708 0.339937
0.018062 0.083903 -0.063760
0.116829 -0.563929 0.514776
0.020360 0.097977 -0.168254
-0.034332 0.065689 0.276947
-0.003252 0.299704 -0.027237
0.123683 0.313782 -0.017220
-0.148228 0.045607 -0.139466
0.136074 0.083903 0.270242
0.180150 0.313782 0.030296
-0.026868 -0.035938 0.307852
0.271030 0.263435 0.432808
0.103998 0.278825 -0.195221
0.124469 0.299708 0.106784
0.000000 0.000000 0.000000
0.242178 0.313782 0.338416
-0.120384 0.097977 0.030152
0.211761 0.299709 0.441387
0.233376 0.097977 0.477001
0.115511 0.097977 0.063270
-0.174042 0.313782 -0.297262
0.300787 0.273767 0.518379
0.113068 -0.752006 0.563963
0.140748 -0.690178 0.491677
0.113125 -0.025065 0.500949
-0.041585 -0.060107 0.208374
-0.000404 0.299704 0.083954
0.060005 0.083903 0.370561
0.128676 -0.393095 0.558990
0.022092 -0.280568 0.432918
0.197227 0.238089 0.234828
0.218150 0.135580 0.330974
0.068843 -0.371693 0.575812
-0.003183 0.039277 0.393431
0.083176 0.208801 -0.136439
0.079619 0.282823 0.609378
0.111244 -0.708850 0.493931
0.108707 -0.808962 0.484463
-0.177900 0.083903 -0.159976
0.128730 0.313782 0.403932
0.000000 0.000000 0.000000
0.084387 -0.516044 0.416227
0.052894 -0.609178 0.580087
0.113433 0.313782 0.586051
-0.018567 0.041427 0.443811
0.031505 -0.664772 0.430398
-0.023162 0.313782 0.394222
0.004553 0.083899 0.400371
0.000000 0.000000 0.000000
0.000000 0.000000 0.000000
-0.015150 -0.252160 0.457249
0.266293 0.155046 0.484243
-0.095025 -0.012284 0.061586
0.109153 0.226895 -0.039488
0.074259 0.083903 0.469902
0.021062 -0.016005 0.429300
0.100697 0.083903 -0.032337
-0.043781 0.083903 -0.068507
0.169004 0.134115 0.129500
0.000000 0.000000 0.000000
-0.120546 0.097977 -0.246142
0.198859 0.083903 0.397631
0.151914 0.065606 0.507411
-0.007114 0.097977 0.467990
-0.014099 -0.500632 0.461173
-0.080690 0.313782 -0.034622
0.232496 0.279923 0.250829
0.152272 0.202049 0.012633
0.157381 0.022739 0.505946
0.000000 0.000000 0.000000
0.202692 0.050015 0.493805
0.132101 -0.807839 0.439871
0.073047 0.299708 0.433038
0.091288 0.083903 0.150150
0.091942 -0.599192 0.421892
0.000000 0.000000 0.000000
0.000000 0.000000 0.000000
0.113634 -0.630642 0.502852
0.163437 0.266478 0.163103
0.086337 0.313782 -0.079809
-0.108991 0.086704 0.107032
-0.034284 0.097977 -0.194649
-0.003398 0.313782 0.188770
0.183881 0.273357 0.545106
-0.003570 -0.358552 0.500467
0.205726 0.299707 0.591813
0.196561 0.164735 0.232340
0.023405 -0.772471 0.432568
-0.109273 -0.082743 -0.002737
0.186754 0.096316 0.149583
0.000000 0.000000 0.000000
-0.141482 0.299703 -0.256149
-0.015299 -0.125175 0.442936
0.051976 -0.567749 0.580333
0.000000 0.000000 0.000000
0.081323 0.026965 0.417046
0.104565 0.040333 0.566239
0.067558 -0.816845 0.568676
0.016894 -0.816845 0.521460
0.000000 0.000000 0.000000
0.074869 -0.205230 0.574196
-0.065082 0.313782 -0.199410
0.091055 -0.328750 0.418580
0.048409 -0.449048 0.425867
0.216083 0.313782 0.208987
0.066707 0.094235 -0.252278
0.066117 -0.087785 0.576541
-0.088634 0.026349 0.084679
0.212091 0.313782 0.528467
-0.122269 0.313782 -0.113093
0.085542 0.151783 -0.173591
0.052577 0.083903 0.196238
0.285115 0.279345 0.401986
0.072564 0.097977 -0.153852
0.248919 0.208947 0.427699
0.189369 0.313782 0.133206
0.040987 -0.020655 0.583274
0.000000 0.000000 0.000000
0.000000 0.000000 0.000000
-0.065393 -0.039914 0.168652
0.106520 -0.489413 0.476299
0.035300 0.083903 0.099654
0.077026 0.313782 0.097373
0.135346 0.160457 -0.049408
-0.065116 0.083903 0.031581
0.203101 0.216773 0.272144
0.282964 0.303774 0.278434
0.132206 -0.402853 0.463400
0.005917 -0.036018 0.372773
-0.000814 -0.184210 0.510754
0.125205 0.313782 0.526631
-0.008347 -0.633796 0.482642
0.168194 0.083903 0.222982
0.000000 0.000000 0.000000
-0.009266 0.097977 0.055952
0.123565 -0.433928 0.539916
0.121119 -0.162855 0.530785
-0.069316 0.097977 0.245251
0.128640 0.259430 -0.021143
0.006273 -0.533378 0.537202
0.143667 0.313782 -0.044599
-0.003686 0.097977 -0.015706
0.130747 0.299708 0.234537
0.000000 0.000000 0.000000
-0.202613 0.092510 -0.242372
0.000000 0.000000 0.000000
-0.009432 -0.103624 0.315492
0.094996 0.313782 -0.186226
-0.046758 0.313782 0.145608
0.132879 0.104011 -0.005323
0.000000 0.000000 0.000000
0.124183 0.169321 0.546410
0.127823 0.083903 0.384546
-0.137078 0.313782 -0.173924
0.026609 0.299707 0.023820
0.000000 0.000000 0.000000
0.122029 0.227606 -0.100240
0.028313 -0.140267 0.431251
-0.020113 0.299703 -0.129271
0.082856 0.223919 -0.192007
0.120804 -0.500679 0.529611
0.098296 0.313782 0.489850
0.000000 0.000000 0.000000
0.294592 0.299710 0.489756
0.017458 0.313782 0.340270
0.023362 0.097977 0.493915
0.081449 0.083903 0.033039
0.060018 -0.746125 0.578178
0.000000 0.000000 0.000000
0.180601 0.307713 -0.114894
0.015463 -0.163954 0.571502
0.046079 0.083903 0.329417
0.034901 0.313782 0.465633
-0.004284 -0.320736 0.497804
-0.111999 0.047749 -0.012907
0.080245 0.299707 0.018723
0.182352 0.313782 0.311707
0.009804 -0.406419 0.436211
-0.062036 -0.075344 0.119176
0.155904 -0.737844 0.515595
0.048074 0.313782 0.199534
0.162560 0.201221 0.549072
-0.127100 -0.065674 -0.105996
0.139029 -0.816845 0.477859
0.081214 0.299708 0.263765
0.000000 0.000000 0.000000
0.114344 -0.392139 0.505501
0.053933 0.186788 0.570056
0.187222 0.313782 0.107301
0.117056 -0.713176 0.443902
0.107734 0.299708 0.156575
-0.130165 0.083903 -0.178991
0.063329 0.313782 -0.150509
-0.008192 0.097977 -0.096322
0.000000 0.000000 0.000000
0.116510 0.280453 -0.120835
-0.018205 0.018697 0.282751
-0.060058 0.071026 0.126557
-0.010072 -0.807827 0.476201
-0.033175 0.060768 0.226885
0.179285 0.161204 0.167867
-0.038364 -0.103756 0.209757
0.001037 -0.041984 0.517660
0.080748 0.083903 0.258186
0.105899 -0.460649 0.565883
0.109219 -0.192658 0.486371
0.181796 0.299708 0.455462
0.018769 -0.481360 0.583839
-0.058217 0.313782 -0.111271
0.134522 -0.042941 0.448932
0.170759 0.274713 0.059766
0.243904 0.313485 0.154582
-0.109267 0.097977 -0.074697
0.028412 -0.068088 0.431223
0.011538 0.313782 -0.173124
-0.129246 -0.036230 -0.062061
0.078915 0.097975 0.574754
0.202557 0.299707 0.011208
0.215718 0.313782 0.323951
0.060488 0.083903 -0.038306
0.285446 0.204946 0.509645
0.264851 0.313782 0.524594
-0.090568 0.309970 0.175795
0.074537 0.273697 -0.168680
-0.048232 -0.002391 0.170692
-0.010677 0.038949 0.323786
0.008230 0.299705 0.275501
0.245989 0.313782 0.371199
0.268954 0.129178 0.502470
0.013878 -0.604598 0.565582
0.109530 0.093471 0.550337
0.261735 0.083901 0.532154
0.124044 -0.113033 0.442421
0.089472 0.126319 -0.112938
0.157115 0.138577 0.085131
0.250685 0.126128 0.423112
0.045796 0.083903 -0.214170
0.242476 0.111692 0.374060
0.189499 0.097977 0.312154
0.000000 0.000000 0.000000
0.003537 0.313782 0.135912
0.111192 0.065665 0.493735
0.222027 0.183527 0.345336
0.106483 -0.665499 0.476162
-0.076401 0.097977 -0.197592
0.114738 -0.074471 0.506967
0.012539 0.299706 -0.067135
0.000897 0.069658 0.354044
0.141910 0.196334 -0.017786
0.000000 0.000000 0.000000
0.048560 0.083903 0.408675
0.159760 0.112669 0.040577
0.142114 0.094015 -0.075499
0.186881 0.083903 0.472426
0.054516 0.142923 0.579649
0.145893 0.083903 0.172650
-0.087746 -0.039141 0.023224
0.071972 0.236471 0.574972
0.183986 0.115062 0.239792
0.052774 -0.581479 0.424698
0.111339 -0.111042 0.494285
0.230137 0.282451 0.357650
0.111778 0.313782 0.317545
0.141275 -0.406756 0.510264
-0.059384 0.027823 0.132457
-0.029772 0.097977 0.138926
0.000000 0.000000 0.000000
-0.022345 0.299705 0.229302
-0.136492 0.083903 -0.283424
-0.037147 0.299704 -0.012857
0.000000 0.000000 0.000000
-0.099291 0.007709 -0.019863
0.047079 0.083903 0.290225
0.000000 0.000000 0.000000
0.264057 0.313782 0.432289
0.183463 0.083897 0.186131
0.026325 -0.649353 0.587206
0.251722 0.191956 0.383785
0.054603 0.313782 0.555542
-0.168557 0.097977 -0.213094
0.165259 0.229830 0.115521
0.036483 0.104902 0.569910
0.156524 0.168023 0.049628
0.134134 0.313782 0.209416
-0.135302 0.035743 -0.083942
-0.150352 0.313782 -0.086886
0.210719 0.120085 0.285180
0.028509 -0.248826 0.586619
0.105275 -0.370102 0.456771
0.000000 0.000000 0.000000
0.000000 0.000000 0.000000
-0.010490 -0.576368 0.474644
0.000000 0.000000 0.000000
0.306539 0.313782 0.526836
0.000000 0.000000 0.000000
0.161747 0.313782 0.372297
0.097696 -0.580244 0.568081
0.187651 0.286500 0.199090
-0.001926 0.299706 0.435533
0.006500 0.083903 0.186360
-0.016903 0.299703 -0.243719
0.004019 -0.570571 0.528791
0.095731 0.168576 -0.089583
0.112147 -0.265451 0.497301
0.154825 0.299708 0.567994
0.132193 0.083903 0.107617
0.141655 -0.598408 0.498668
0.087633 0.313275 0.631363
0.100466 -0.766149 0.453704
0.104443 0.299708 -0.044196
-0.060845 0.313782 0.092013
0.030069 0.313782 0.111489
0.000000 0.000000 0.000000
0.268347 0.267863 0.500206
0.238720 0.191093 0.515721
0.000000 0.000000 0.000000
0.176882 0.280381 -0.015166
-0.162665 0.029107 -0.182813
0.018023 -0.719261 0.581053
0.057877 0.131552 -0.230853
0.202502 0.263114 0.254516
0.026048 0.299707 0.169199
-0.019112 0.097977 0.019021
0.093671 -0.169382 0.428342
0.233049 0.091055 0.299437
0.158628 -0.027269 0.495088
0.000000 0.000000 0.000000
-0.188265 0.304996 -0.188799
0.102891 -0.433252 0.462755
-0.064515 0.299704 0.033722
0.206239 0.125486 0.524423
-0.071525 0.097977 -0.097000
0.118719 0.160610 -0.003789
0.101477 0.037229 0.457473
0.000000 0.000000 0.000000
0.156516 0.097977 0.487716
0.121377 -0.731474 0.531750
0.001112 0.097977 -0.141148
0.165566 0.299709 0.258953
-0.060694 0.299704 -0.004188
0.097931 -0.337615 0.568018
0.180111 0.313589 -0.070553
0.009783 -0.772585 0.550301
0.084976 -0.064633 0.416068
-0.017726 -0.536690 0.447637
0.291234 0.083901 0.467268
0.276441 0.283375 0.557492
0.121012 -0.766407 0.525408
0.000000 0.000000 0.000000
0.003401 -0.492765 0.526484
0.037206 0.097977 0.445883
0.292243 0.278671 0.455610
0.114977 0.292951 0.548877
0.052806 0.170755 -0.249780
0.127862 0.097977 0.141997
0.187673 0.205824 0.205168
0.098523 0.276594 -0.079162
0.135713 -0.231234 0.476493
0.120527 -0.116855 0.528576
0.223108 0.083903 0.447702
0.286611 0.165264 0.517654
0.161295 0.313782 0.117093
0.050798 0.313782 0.386312
-0.043363 0.083903 0.300816
0.061375 -0.816845 0.523617
0.131201 0.306557 0.621044
0.122734 0.097977 0.505168
0.125562 -0.062270 0.560612
0.254022 0.263748 0.392363
-0.148395 -0.039201 -0.131251
0.137895 0.097977 0.326322
0.227735 0.313715 0.122890
0.120929 0.299708 0.011126
0.000000 0.000000 0.000000
0.150282 0.083901 -0.020491
0.005275 0.003685 0.398764
-0.070204 0.299705 0.231147
0.000000 0.000000 0.000000
0.107853 -0.550452 0.481275
0.151910 0.247151 0.065704
0.174037 0.230791 0.148280
-0.135615 0.302203 0.007691
0.110534 -0.304915 0.491280
0.082860 0.299708 0.406786
0.022913 -0.505367 0.432699
0.105012 -0.176252 0.566120
0.257851 0.284862 0.316265
0.207693 0.299707 0.053147
0.077617 0.274909 0.573501
0.000000 0.000000 0.000000
0.180985 0.084010 0.057841
-0.107457 0.097977 -0.018404
0.143409 0.224243 0.033978
0.135338 -0.641931 0.475091
0.100574 0.140778 -0.071505
-0.083580 -0.041995 0.102938
0.000000 0.000000 0.000000
-0.151717 0.083903 -0.059903
0.061547 0.083903 0.541741
0.000000 0.000000 0.000000
0.060253 0.313782 -0.006757
0.062855 -0.238544 0.421996
0.138928 -0.528033 0.488491
-0.087939 0.313782 -0.280361
-0.012859 0.083903 -0.046873
0.122403 -0.280719 0.535580
-0.054165 -0.023562 0.209220
0.001120 -0.051950 0.409257
0.103804 0.261286 -0.059450
0.158422 0.097977 0.380636
0.049259 0.020138 0.581058
0.125068 0.299708 0.370592
-0.077883 0.052849 0.060032
-0.214442 0.310523 -0.286512
0.000848 0.299707 0.507253
0.048691 0.313782 0.510182
-0.130380 0.079596 -0.135887
0.004875 -0.377021 0.531984
0.220991 0.170593 0.535041
-0.093175 -0.017491 0.002963
0.281140 0.313782 0.405492
0.000000 0.000000 0.000000
0.141766 0.299708 -0.098523
0.215462 0.313782 0.247667
0.000000 0.000000 0.000000
0.129215 0.083897 0.029260
0.186191 0.313782 0.338774
0.046949 0.299707 0.275675
-0.092367 0.299703 -0.231847
0.201509 0.313782 0.171342
-0.095467 0.097977 0.061395
0.109729 -0.748245 0.488280
0.001956 0.025787 0.521091
-0.079885 0.083903 0.213022
-0.191270 0.313782 -0.334896
0.201797 0.299708 0.489179
0.000000 0.000000 0.000000
-0.013516 -0.157566 0.463349
-0.009562 -0.432852 0.478104
0.134173 0.083903 0.412916
0.051015 0.313782 0.337711
-0.047267 0.299703 -0.226512
0.266560 0.094909 0.493540
0.121467 -0.816845 0.520124
0.230449 0.083903 0.419307
-0.105388 0.299703 -0.180485
0.135999 -0.655384 0.511679
0.158083 0.110572 0.537327
-0.225580 0.313782 -0.370827
0.229840 0.313782 0.563933
0.160761 0.313545 -0.148246
0.000000 0.000000 0.000000
0.339267 0.299707 0.531593
0.173674 0.299708 0.406535
0.258674 0.313782 0.300704
0.000000 0.000000 0.000000
-0.003375 -0.667680 0.501195
0.027528 0.299707 -0.236862
0.177156 0.313782 0.525339
-0.152244 0.299702 -0.322142
0.035751 -0.392004 0.584680
0.238663 0.299709 0.403706
0.092196 0.123969 -0.157152
0.130184 0.261413 0.039002
-0.029644 0.299704 0.046670
0.063803 0.287662 -0.208738
0.064215 -0.300040 0.421631
0.125439 0.178781 -0.080698
-0.003235 0.060310 0.501717
0.010315 0.299706 0.375521
-0.087605 0.299704 0.095221
0.000000 0.000000 0.000000
0.142271 0.313782 0.041521
-0.117690 0.299703 -0.148174
-0.000034 0.097977 0.432333
0.266536 0.126128 0.457248
0.008275 0.083903 -0.199812
-0.048785 0.313782 -0.164905
0.026630 0.299707 0.575298
0.239572 0.313782 0.264060
0.174876 0.267878 0.205795
-0.121120 0.074016 -0.101330
-0.118149 0.313782 -0.280008
-0.080492 0.050995 0.104676
0.142693 0.292044 -0.023117
0.000000 0.000000 0.000000
0.063283 0.193025 -0.210678
-0.012544 -0.289032 0.466975
-0.006363 0.045366 0.354908
0.125264 0.083903 0.469595
0.019920 -0.764858 0.588130
0.200633 0.299702 0.271554
0.000000 0.000000 0.000000
0.135194 0.313782 0.084830
