0.000000 0.000000 0.000000
0.614469 -0.626314 -0.407097
0.000000 0.000000 0.000000
0.000000 0.000000 0.000000
0.000000 0.000000 0.000000
0.418053 -0.130025 -0.005175
0.000000 0.000000 0.000000
0.000000 0.000000 0.000000
0.684954 -0.075598 -0.417523
0.000000 0.000000 0.000000
0.000000 0.000000 0.000000
0.000000 0.000000 0.000000
0.468583 0.141020 -0.204206
0.000000 0.000000 0.000000
0.000000 0.000000 0.000000
0.000000 0.000000 0.000000
0.000000 0.000000 0.000000
0.622256 -0.344643 -0.414407
0.000000 0.000000 0.000000
0.367072 -0.025992 0.064180
0.683278 -0.127254 -0.204897
0.000000 0.000000 0.000000
0.000000 0.000000 0.000000
0.000000 0.000000 0.000000
0.000000 0.000000 0.000000
0.000000 0.000000 0.000000
0.000000 0.000000 0.000000
0.000000 0.000000 0.000000
0.000000 0.000000 0.000000
0.493918 -0.068628 -0.274253
0.000000 0.000000 0.000000
0.000000 0.000000 0.000000
0.000000 0.000000 0.000000
0.167707 -0.130025 0.073995
0.000000 0.000000 0.000000
0.000000 0.000000 0.000000
0.000000 0.000000 0.000000
0.000000 0.000000 0.000000
0.655845 0.086125 -0.279660
0.000000 0.000000 0.000000
0.000000 0.000000 0.000000
0.528777 0.016652 -0.091048
0.000000 0.000000 0.000000
0.000000 0.000000 0.000000
0.000000 0.000000 0.000000
0.383011 0.154145 0.000938
0.000000 0.000000 0.000000
0.000000 0.000000 0.000000
0.614469 -0.561545 -0.408037
0.000000 0.000000 0.000000
0.000000 0.000000 0.000000
0.000000 0.000000 0.000000
0.000000 0.000000 0.000000
0.000000 0.000000 0.000000
0.000000 0.000000 0.000000
0.000000 0.000000 0.000000
0.620221 -0.205463 -0.364404
0.000000 0.000000 0.000000
0.350859 0.083422 -0.123625
0.000000 0.000000 0.000000
0.512246 0.044449 -0.203829
0.000000 0.000000 0.000000
0.000000 0.000000 0.000000
0.428624 -0.130025 -0.229938
0.670397 -0.009810 -0.290867
0.000000 0.000000 0.000000
0.674383 -0.130025 -0.297672
0.000000 0.000000 0.000000
0.000000 0.000000 0.000000
0.000000 0.000000 0.000000
0.000000 0.000000 0.000000
0.000000 0.000000 0.000000
0.000000 0.000000 0.000000
0.000000 0.000000 0.000000
0.460811 -0.092433 -0.031706
0.624162 0.040835 -0.163547
0.000000 0.000000 0.000000
0.000000 0.000000 0.000000
0.000000 0.000000 0.000000
0.000000 0.000000 0.000000
0.278027 0.166171 -0.045896
0.000000 0.000000 0.000000
0.000000 0.000000 0.000000
0.000000 0.000000 0.000000
0.538661 -0.130025 -0.152610
0.000000 0.000000 0.000000
0.000000 0.000000 0.000000
0.382063 -0.005745 -0.204856
0.000000 0.000000 0.000000
0.310083 -0.130025 0.057750
0.000000 0.000000 0.000000
0.308780 -0.130025 -0.079743
0.000000 0.000000 0.000000
0.000000 0.000000 0.000000
0.000000 0.000000 0.000000
0.000000 0.000000 0.000000
0.000000 0.000000 0.000000
0.580239 -0.048172 -0.371264
0.000000 0.000000 0.000000
0.000000 0.000000 0.000000
0.000000 0.000000 0.000000
0.496847 0.142470 -0.079668
0.564993 0.078877 -0.268051
0.000000 0.000000 0.000000
0.000000 0.000000 0.000000
0.000000 0.000000 0.000000
0.558873 -0.059959 -0.203461
0.000000 0.000000 0.000000
0.000000 0.000000 0.000000
0.000000 0.000000 0.000000
0.000000 0.000000 0.000000
0.659475 -0.508313 -0.414407
0.000000 0.000000 0.000000
0.000000 0.000000 0.000000
0.000000 0.000000 0.000000
0.000000 0.000000 0.000000
0.603795 0.131614 -0.166235
0.000000 0.000000 0.000000
0.000000 0.000000 0.000000
0.000000 0.000000 0.000000
0.000000 0.000000 0.000000
0.000000 0.000000 0.000000
0.000000 0.000000 0.000000
0.000000 0.000000 0.000000
0.000000 0.000000 0.000000
0.000000 0.000000 0.000000
0.430476 0.063498 -0.002169
0.000000 0.000000 0.000000
0.000000 0.000000 0.000000
0.000000 0.000000 0.000000
0.000000 0.000000 0.000000
0.000000 0.000000 0.000000
0.000000 0.000000 0.000000
0.000000 0.000000 0.000000
0.000000 0.000000 0.000000
0.000000 0.000000 0.000000
0.000000 0.000000 0.000000
0.000000 0.000000 0.000000
0.656024 -0.125469 -0.396512
0.000000 0.000000 0.000000
0.000000 0.000000 0.000000
0.000000 0.000000 0.000000
0.000000 0.000000 0.000000
0.000000 0.000000 0.000000
0.632016 0.012236 -0.234721
0.000000 0.000000 0.000000
0.000000 0.000000 0.000000
0.000000 0.000000 0.000000
0.000000 0.000000 0.000000
0.000000 0.000000 0.000000
0.000000 0.000000 0.000000
0.000000 0.000000 0.000000
0.422284 -0.062593 -0.204539
0.000000 0.000000 0.000000
0.307901 0.122993 0.052586
0.000000 0.000000 0.000000
0.378727 0.156475 -0.178084
0.619318 -0.068628 -0.282975
0.601403 -0.078143 -0.146984
0.000000 0.000000 0.000000
0.000000 0.000000 0.000000
0.000000 0.000000 0.000000
0.000000 0.000000 0.000000
0.623931 -0.444455 -0.364404
0.000000 0.000000 0.000000
0.000000 0.000000 0.000000
0.000000 0.000000 0.000000
0.000000 0.000000 0.000000
0.000000 0.000000 0.000000
0.483362 0.083422 -0.149634
0.000000 0.000000 0.000000
0.000000 0.000000 0.000000
0.000000 0.000000 0.000000
0.000000 0.000000 0.000000
0.000000 0.000000 0.000000
0.000000 0.000000 0.000000
0.000000 0.000000 0.000000
0.000000 0.000000 0.000000
0.333978 0.121081 -0.039568
0.000000 0.000000 0.000000
0.561851 -0.130025 -0.388072
0.000000 0.000000 0.000000
0.000000 0.000000 0.000000
0.430740 -0.130025 -0.119648
0.000000 0.000000 0.000000
0.663461 -0.286068 -0.364404
0.000000 0.000000 0.000000
0.000000 0.000000 0.000000
0.000000 0.000000 0.000000
0.000000 0.000000 0.000000
0.000000 0.000000 0.000000
0.000000 0.000000 0.000000
0.000000 0.000000 0.000000
0.000000 0.000000 0.000000
0.000000 0.000000 0.000000
0.000000 0.000000 0.000000
0.000000 0.000000 0.000000
0.000000 0.000000 0.000000
0.000000 0.000000 0.000000
0.000000 0.000000 0.000000
0.684197 -0.047484 -0.342165
0.000000 0.000000 0.000000
0.000000 0.000000 0.000000
0.000000 0.000000 0.000000
0.000000 0.000000 0.000000
0.000000 0.000000 0.000000
0.000000 0.000000 0.000000
0.594255 -0.130025 -0.236392
0.000000 0.000000 0.000000
0.000000 0.000000 0.000000
0.000000 0.000000 0.000000
0.233058 -0.130025 -0.027367
0.000000 0.000000 0.000000
0.000000 0.000000 0.000000
0.000000 0.000000 0.000000
0.000000 0.000000 0.000000
0.000000 0.000000 0.000000
0.390799 0.154343 -0.100521
0.000000 0.000000 0.000000
0.000000 0.000000 0.000000
0.000000 0.000000 0.000000
0.000000 0.000000 0.000000
0.670249 -0.621147 -0.358554
0.665341 -0.043509 -0.190703
0.000000 0.000000 0.000000
0.000000 0.000000 0.000000
0.468920 -0.130025 -0.304774
0.000000 0.000000 0.000000
0.000000 0.000000 0.000000
0.000000 0.000000 0.000000
0.000000 0.000000 0.000000
0.000000 0.000000 0.000000
0.534345 -0.080043 -0.095521
0.000000 0.000000 0.000000
0.000000 0.000000 0.000000
0.000000 0.000000 0.000000
0.000000 0.000000 0.000000
0.000000 0.000000 0.000000
0.000000 0.000000 0.000000
0.453924 0.144539 -0.037721
0.000000 0.000000 0.000000
0.000000 0.000000 0.000000
0.000000 0.000000 0.000000
0.000000 0.000000 0.000000
0.000000 0.000000 0.000000
0.000000 0.000000 0.000000
0.000000 0.000000 0.000000
0.000000 0.000000 0.000000
0.652586 -0.210687 -0.414407
0.536797 -0.093628 -0.203635
0.000000 0.000000 0.000000
0.000000 0.000000 0.000000
0.000000 0.000000 0.000000
0.000000 0.000000 0.000000
0.000000 0.000000 0.000000
0.000000 0.000000 0.000000
0.000000 0.000000 0.000000
0.000000 0.000000 0.000000
0.000000 0.000000 0.000000
0.000000 0.000000 0.000000
0.000000 0.000000 0.000000
0.000000 0.000000 0.000000
0.233973 -0.130025 0.136505
0.000000 0.000000 0.000000
0.000000 0.000000 0.000000
0.000000 0.000000 0.000000
0.000000 0.000000 0.000000
0.486223 0.069974 -0.054464
0.000000 0.000000 0.000000
0.425044 -0.040011 0.003120
0.550554 -0.130025 -0.300354
0.543988 0.083422 -0.137331
0.000000 0.000000 0.000000
0.475453 -0.130025 -0.099826
0.224617 0.083422 0.067225
0.000000 0.000000 0.000000
0.332246 -0.081479 0.105241
0.000000 0.000000 0.000000
0.000000 0.000000 0.000000
0.000000 0.000000 0.000000
0.501388 -0.048172 -0.344105
0.000000 0.000000 0.000000
0.000000 0.000000 0.000000
0.000000 0.000000 0.000000
0.000000 0.000000 0.000000
0.465872 -0.013763 -0.036456
0.000000 0.000000 0.000000
0.000000 0.000000 0.000000
0.000000 0.000000 0.000000
0.000000 0.000000 0.000000
0.000000 0.000000 0.000000
0.000000 0.000000 0.000000
0.000000 0.000000 0.000000
0.000000 0.000000 0.000000
0.000000 0.000000 0.000000
0.000000 0.000000 0.000000
0.550793 0.081793 -0.203524
0.372120 -0.130025 -0.034782
0.000000 0.000000 0.000000
0.000000 0.000000 0.000000
0.000000 0.000000 0.000000
0.000000 0.000000 0.000000
0.601022 -0.026116 -0.234982
0.000000 0.000000 0.000000
0.000000 0.000000 0.000000
0.000000 0.000000 0.000000
0.438111 0.036811 -0.204414
0.000000 0.000000 0.000000
0.575531 -0.006529 -0.128155
0.548889 -0.048172 -0.295633
0.000000 0.000000 0.000000
0.356281 -0.130025 0.044128
0.000000 0.000000 0.000000
0.483271 -0.130025 -0.199708
0.000000 0.000000 0.000000
0.000000 0.000000 0.000000
0.000000 0.000000 0.000000
0.000000 0.000000 0.000000
0.000000 0.000000 0.000000
0.000000 0.000000 0.000000
0.000000 0.000000 0.000000
0.625879 0.117515 -0.225772
0.000000 0.000000 0.000000
0.000000 0.000000 0.000000
0.000000 0.000000 0.000000
0.000000 0.000000 0.000000
0.000000 0.000000 0.000000
0.664472 -0.398994 -0.400469
0.531379 0.123447 -0.203843
0.000000 0.000000 0.000000
0.534872 0.012535 -0.235498
0.000000 0.000000 0.000000
0.000000 0.000000 0.000000
0.298952 0.083422 0.020040
0.000000 0.000000 0.000000
0.000000 0.000000 0.000000
0.000000 0.000000 0.000000
0.000000 0.000000 0.000000
0.482102 0.023385 -0.235915
0.000000 0.000000 0.000000
0.438699 -0.024039 -0.236275
0.000000 0.000000 0.000000
0.000000 0.000000 0.000000
0.000000 0.000000 0.000000
0.383747 0.083422 -0.068414
0.000000 0.000000 0.000000
0.000000 0.000000 0.000000
0.614469 -0.485116 -0.389547
0.000000 0.000000 0.000000
0.000000 0.000000 0.000000
0.000000 0.000000 0.000000
0.497747 0.070474 -0.235778
0.000000 0.000000 0.000000
0.000000 0.000000 0.000000
0.576067 -0.091152 -0.421529
0.000000 0.000000 0.000000
0.000000 0.000000 0.000000
0.650232 -0.382463 -0.364404
0.376330 -0.130025 -0.153585
0.663023 0.117515 -0.225242
0.000000 0.000000 0.000000
0.000000 0.000000 0.000000
0.000000 0.000000 0.000000
0.399036 0.113788 -0.025754
0.000000 0.000000 0.000000
0.684089 -0.076182 -0.307744
0.000000 0.000000 0.000000
0.000000 0.000000 0.000000
0.000000 0.000000 0.000000
0.000000 0.000000 0.000000
0.000000 0.000000 0.000000
0.000000 0.000000 0.000000
0.353975 0.083422 0.016105
0.000000 0.000000 0.000000
0.000000 0.000000 0.000000
0.000000 0.000000 0.000000
0.000000 0.000000 0.000000
0.262727 0.127976 0.050686
0.430595 0.150245 -0.127163
0.000000 0.000000 0.000000
0.000000 0.000000 0.000000
0.291311 -0.130025 -0.002793
0.000000 0.000000 0.000000
0.000000 0.000000 0.000000
0.000000 0.000000 0.000000
0.000000 0.000000 0.000000
0.000000 0.000000 0.000000
0.149919 -0.130025 0.155675
0.000000 0.000000 0.000000
0.000000 0.000000 0.000000
0.000000 0.000000 0.000000
0.683357 0.007294 -0.214919
0.000000 0.000000 0.000000
0.000000 0.000000 0.000000
0.000000 0.000000 0.000000
0.000000 0.000000 0.000000
0.000000 0.000000 0.000000
0.000000 0.000000 0.000000
0.000000 0.000000 0.000000
0.626642 -0.055082 -0.378211
0.000000 0.000000 0.000000
0.000000 0.000000 0.000000
0.496712 -0.130025 -0.240394
0.653889 -0.053135 -0.245950
0.000000 0.000000 0.000000
0.000000 0.000000 0.000000
0.000000 0.000000 0.000000
0.000000 0.000000 0.000000
0.000000 0.000000 0.000000
0.435795 0.111281 -0.173550
0.000000 0.000000 0.000000
0.000000 0.000000 0.000000
0.000000 0.000000 0.000000
0.527595 0.139635 -0.132105
0.000000 0.000000 0.000000
0.000000 0.000000 0.000000
0.000000 0.000000 0.000000
0.000000 0.000000 0.000000
0.000000 0.000000 0.000000
0.000000 0.000000 0.000000
0.000000 0.000000 0.000000
0.000000 0.000000 0.000000
0.000000 0.000000 0.000000
0.000000 0.000000 0.000000
0.528161 -0.048172 -0.376277
0.000000 0.000000 0.000000
0.000000 0.000000 0.000000
0.000000 0.000000 0.000000
0.000000 0.000000 0.000000
0.000000 0.000000 0.000000
0.000000 0.000000 0.000000
0.000000 0.000000 0.000000
0.000000 0.000000 0.000000
0.000000 0.000000 0.000000
0.000000 0.000000 0.000000
0.503974 -0.068628 -0.216723
0.447067 0.083422 -0.109604
0.000000 0.000000 0.000000
0.000000 0.000000 0.000000
0.000000 0.000000 0.000000
0.000000 0.000000 0.000000
0.000000 0.000000 0.000000
0.307494 0.162225 0.022246
0.000000 0.000000 0.000000
0.000000 0.000000 0.000000
0.000000 0.000000 0.000000
0.000000 0.000000 0.000000
0.000000 0.000000 0.000000
0.651767 -0.562340 -0.364404
0.000000 0.000000 0.000000
0.000000 0.000000 0.000000
0.000000 0.000000 0.000000
0.585086 -0.043626 -0.264776
0.000000 0.000000 0.000000
0.683280 0.066738 -0.234312
0.000000 0.000000 0.000000
0.000000 0.000000 0.000000
0.000000 0.000000 0.000000
0.000000 0.000000 0.000000
0.000000 0.000000 0.000000
0.000000 0.000000 0.000000
0.000000 0.000000 0.000000
0.307202 0.083422 -0.067632
0.000000 0.000000 0.000000
0.684571 -0.112546 -0.368919
0.000000 0.000000 0.000000
0.000000 0.000000 0.000000
0.000000 0.000000 0.000000
0.000000 0.000000 0.000000
0.000000 0.000000 0.000000
0.000000 0.000000 0.000000
0.000000 0.000000 0.000000
0.000000 0.000000 0.000000
0.614469 -0.160241 -0.413181
0.000000 0.000000 0.000000
0.611290 -0.130025 -0.316213
0.000000 0.000000 0.000000
0.000000 0.000000 0.000000
0.000000 0.000000 0.000000
0.000000 0.000000 0.000000
0.000000 0.000000 0.000000
0.000000 0.000000 0.000000
0.642960 -0.271212 -0.414407
0.614469 -0.309339 -0.370891
0.000000 0.000000 0.000000
0.670323 -0.607683 -0.414677
0.000000 0.000000 0.000000
0.000000 0.000000 0.000000
0.000000 0.000000 0.000000
0.485102 -0.013102 -0.204043
0.000000 0.000000 0.000000
0.000000 0.000000 0.000000
0.000000 0.000000 0.000000
0.000000 0.000000 0.000000
0.000000 0.000000 0.000000
0.000000 0.000000 0.000000
0.000000 0.000000 0.000000
0.000000 0.000000 0.000000
0.000000 0.000000 0.000000
0.609036 0.076829 -0.203065
0.000000 0.000000 0.000000
0.000000 0.000000 0.000000
0.000000 0.000000 0.000000
0.000000 0.000000 0.000000
0.000000 0.000000 0.000000
0.623793 -0.068059 -0.202949
0.664472 -0.475933 -0.377889
0.000000 0.000000 0.000000
0.400488 0.009484 0.028379
0.000000 0.000000 0.000000
0.000000 0.000000 0.000000
0.622649 -0.130025 -0.168517
0.000000 0.000000 0.000000
0.000000 0.000000 0.000000
0.634473 -0.088171 -0.421068
0.000000 0.000000 0.000000
0.000000 0.000000 0.000000
0.664785 0.083422 -0.195202
0.000000 0.000000 0.000000
0.000000 0.000000 0.000000
0.000000 0.000000 0.000000
0.000000 0.000000 0.000000
0.000000 0.000000 0.000000
0.000000 0.000000 0.000000
0.000000 0.000000 0.000000
0.000000 0.000000 0.000000
0.587339 0.056396 -0.235074
0.000000 0.000000 0.000000
0.000000 0.000000 0.000000
0.000000 0.000000 0.000000
0.455850 0.084153 -0.204274
0.000000 0.000000 0.000000
0.424870 -0.068628 -0.266415
0.000000 0.000000 0.000000
0.000000 0.000000 0.000000
0.000000 0.000000 0.000000
0.288858 -0.130025 0.113129
0.000000 0.000000 0.000000
0.000000 0.000000 0.000000
0.000000 0.000000 0.000000
0.000000 0.000000 0.000000
0.000000 0.000000 0.000000
0.000000 0.000000 0.000000
0.460997 0.106046 -0.236064
0.000000 0.000000 0.000000
0.000000 0.000000 0.000000
0.000000 0.000000 0.000000
0.547810 -0.043626 -0.262000
0.000000 0.000000 0.000000
0.000000 0.000000 0.000000
0.000000 0.000000 0.000000
0.626835 -0.031439 -0.165396
0.000000 0.000000 0.000000
0.000000 0.000000 0.000000
0.000000 0.000000 0.000000
0.000000 0.000000 0.000000
0.000000 0.000000 0.000000
0.000000 0.000000 0.000000
0.000000 0.000000 0.000000
0.000000 0.000000 0.000000
0.000000 0.000000 0.000000
0.000000 0.000000 0.000000
0.541258 0.068055 -0.101074
0.000000 0.000000 0.000000
0.000000 0.000000 0.000000
0.000000 0.000000 0.000000
0.274415 0.127262 -0.004284
0.000000 0.000000 0.000000
0.364627 0.156710 -0.051436
0.000000 0.000000 0.000000
0.000000 0.000000 0.000000
0.000000 0.000000 0.000000
0.000000 0.000000 0.000000
0.000000 0.000000 0.000000
0.000000 0.000000 0.000000
0.000000 0.000000 0.000000
0.000000 0.000000 0.000000
0.000000 0.000000 0.000000
0.000000 0.000000 0.000000
0.000000 0.000000 0.000000
0.385529 -0.130025 -0.090826
0.000000 0.000000 0.000000
0.000000 0.000000 0.000000
0.000000 0.000000 0.000000
0.000000 0.000000 0.000000
0.000000 0.000000 0.000000
0.000000 0.000000 0.000000
0.614469 -0.130374 -0.380044
0.000000 0.000000 0.000000
0.000000 0.000000 0.000000
0.250342 -0.130025 0.084638
0.000000 0.000000 0.000000
0.000000 0.000000 0.000000
0.000000 0.000000 0.000000
0.567015 0.020434 -0.203396
0.000000 0.000000 0.000000
0.000000 0.000000 0.000000
0.000000 0.000000 0.000000
0.000000 0.000000 0.000000
0.493715 -0.113930 -0.061094
0.496641 0.087968 -0.278708
0.388611 0.116616 -0.187873
0.000000 0.000000 0.000000
0.483470 0.144356 -0.119603
0.456060 -0.048172 -0.296873
0.418272 0.152288 -0.193461
0.000000 0.000000 0.000000
0.000000 0.000000 0.000000
0.000000 0.000000 0.000000
0.418917 0.083422 -0.147536
0.000000 0.000000 0.000000
0.000000 0.000000 0.000000
0.000000 0.000000 0.000000
0.000000 0.000000 0.000000
0.000000 0.000000 0.000000
0.000000 0.000000 0.000000
0.562765 0.108207 -0.235262
0.426088 -0.130025 -0.172059
0.000000 0.000000 0.000000
0.542120 -0.128556 -0.101767
0.000000 0.000000 0.000000
0.405104 0.113766 -0.087918
0.000000 0.000000 0.000000
0.000000 0.000000 0.000000
0.000000 0.000000 0.000000
0.000000 0.000000 0.000000
0.000000 0.000000 0.000000
0.000000 0.000000 0.000000
0.000000 0.000000 0.000000
0.000000 0.000000 0.000000
0.000000 0.000000 0.000000
0.000000 0.000000 0.000000
0.389131 0.072660 0.040545
0.664472 -0.179804 -0.368544
0.000000 0.000000 0.000000
0.611397 0.020264 -0.203047
0.000000 0.000000 0.000000
0.000000 0.000000 0.000000
0.215303 -0.130025 0.053983
0.466476 -0.048172 -0.236004
0.000000 0.000000 0.000000
0.000000 0.000000 0.000000
0.000000 0.000000 0.000000
0.397223 0.083422 -0.185427
0.000000 0.000000 0.000000
0.000000 0.000000 0.000000
0.488178 -0.130025 -0.148197
0.409953 0.017831 -0.236482
0.000000 0.000000 0.000000
0.000000 0.000000 0.000000
0.000000 0.000000 0.000000
0.000000 0.000000 0.000000
0.590729 0.031488 -0.139215
0.000000 0.000000 0.000000
0.000000 0.000000 0.000000
0.669565 0.036344 -0.193479
0.000000 0.000000 0.000000
0.000000 0.000000 0.000000
0.494345 0.020527 -0.061652
0.415754 -0.130025 -0.059789
0.429861 0.083422 -0.041586
0.000000 0.000000 0.000000
0.000000 0.000000 0.000000
0.000000 0.000000 0.000000
0.000000 0.000000 0.000000
0.000000 0.000000 0.000000
0.000000 0.000000 0.000000
0.000000 0.000000 0.000000
0.000000 0.000000 0.000000
0.000000 0.000000 0.000000
0.000000 0.000000 0.000000
0.000000 0.000000 0.000000
0.655560 -0.041354 -0.415196
0.000000 0.000000 0.000000
0.643488 -0.130025 -0.239836
0.000000 0.000000 0.000000
0.000000 0.000000 0.000000
0.654321 -0.084619 -0.183460
0.000000 0.000000 0.000000
0.537289 -0.068628 -0.328321
0.592809 -0.045596 -0.311350
0.000000 0.000000 0.000000
0.338331 -0.125892 0.098067
0.000000 0.000000 0.000000
0.000000 0.000000 0.000000
0.000000 0.000000 0.000000
0.000000 0.000000 0.000000
0.494354 0.100213 -0.203970
0.000000 0.000000 0.000000
0.664472 -0.227076 -0.369319
0.000000 0.000000 0.000000
0.000000 0.000000 0.000000
0.000000 0.000000 0.000000
0.324922 0.122797 -0.108956
0.000000 0.000000 0.000000
0.000000 0.000000 0.000000
0.627717 -0.647159 -0.364404
0.000000 0.000000 0.000000
0.000000 0.000000 0.000000
0.374944 -0.073866 0.055740
0.000000 0.000000 0.000000
0.000000 0.000000 0.000000
0.000000 0.000000 0.000000
0.000000 0.000000 0.000000
0.000000 0.000000 0.000000
0.000000 0.000000 0.000000
0.000000 0.000000 0.000000
0.000000 0.000000 0.000000
0.000000 0.000000 0.000000
0.000000 0.000000 0.000000
0.000000 0.000000 0.000000
0.000000 0.000000 0.000000
0.000000 0.000000 0.000000
0.000000 0.000000 0.000000
0.000000 0.000000 0.000000
0.000000 0.000000 0.000000
0.664472 -0.516272 -0.367728
