0.135590 -0.254713 0.027486
0.062725 0.411185 0.012933
-0.409801 0.418944 0.125111
-0.329097 0.220398 0.193459
-0.089308 0.050958 0.111326
-0.178674 0.207923 0.143789
-0.789229 -0.379396 -0.303047
0.000000 0.000000 0.000000
-0.658287 -0.379396 0.129919
-0.824406 0.415265 0.384590
0.000000 0.000000 0.000000
0.000000 0.000000 0.000000
-0.725980 0.194410 -0.149428
0.419434 0.413836 0.012933
-0.199728 -0.379396 0.129257
-0.756039 0.010191 0.245782
-0.243095 -0.118481 0.121578
-0.359332 0.219358 -0.220353
-0.621765 0.418944 0.027879
-0.269044 -0.379396 -0.241465
-0.644572 -0.053250 -0.120808
-0.548501 0.418944 0.410605
0.000000 0.000000 0.000000
-0.212568 -0.041851 0.245782
0.000000 0.000000 0.000000
0.000000 0.000000 0.000000
-0.711028 0.220398 0.107874
-0.750932 -0.373432 0.206282
0.000000 0.000000 0.000000
-0.206738 0.399186 0.412103
0.000000 0.000000 0.000000
0.000000 0.000000 0.000000
-0.037754 -0.283999 -0.040704
-0.213957 -0.085148 -0.139305
-0.755704 -0.164263 -0.020330
0.000000 0.000000 0.000000
-0.794169 0.049037 -0.340498
-0.479983 -0.379396 -0.257311
-0.403102 -0.331334 0.024261
0.000000 0.000000 0.000000
-0.181072 0.038485 0.115370
-0.443981 0.050958 0.189181
0.023620 0.207547 -0.041121
-0.018612 -0.379396 0.115347
-0.824406 0.394675 0.219670
0.000000 0.000000 0.000000
-0.519564 -0.118481 0.137531
-0.211906 0.385679 0.139133
0.249219 0.194410 0.027353
-0.577783 -0.244084 -0.144045
-0.475281 0.194410 -0.018052
0.233217 0.377363 0.120648
0.000000 0.000000 0.000000
0.000000 0.000000 0.000000
0.000000 0.000000 0.000000
-0.579175 0.295272 0.245782
-0.677511 0.069215 0.054514
0.000000 0.000000 0.000000
-0.787400 -0.097701 -0.340498
0.015514 0.300821 0.204430
-0.283649 -0.241578 0.258257
0.001551 -0.283999 -0.134690
0.000000 0.000000 0.000000
0.000000 0.000000 0.000000
-0.746444 -0.175859 -0.129317
0.000000 0.000000 0.000000
-0.791142 -0.373834 -0.047649
-0.599874 0.144019 -0.201263
-0.500698 -0.260719 0.245782
-0.309665 -0.379396 0.139608
0.067960 0.207923 0.152791
0.000000 0.000000 0.000000
-0.662102 -0.130955 0.178177
-0.476726 0.393995 0.156481
-0.260061 0.172190 -0.035492
-0.383656 -0.198790 0.133694
-0.702133 0.219358 -0.291466
0.000000 0.000000 0.000000
-0.493942 0.207923 0.102575
0.047709 -0.287920 0.099379
-0.791142 0.074729 -0.025414
-0.321033 0.282467 0.060750
0.000000 0.000000 0.000000
-0.622337 0.101792 0.258257
0.073672 -0.020615 0.060750
0.000000 0.000000 0.000000
-0.079667 0.135043 0.245782
0.000000 0.000000 0.000000
0.119162 0.313074 -0.009061
0.000000 0.000000 0.000000
-0.100675 0.220398 0.196016
-0.533291 -0.345794 -0.002937
-0.117543 0.175196 -0.121740
-0.213957 -0.196595 -0.188563
0.000000 0.000000 0.000000
-0.599874 -0.017633 -0.278250
-0.776800 -0.196831 0.258257
-0.094098 -0.164378 0.027486
0.000000 0.000000 0.000000
-0.213957 -0.254819 0.005860
-0.653837 -0.244551 -0.352973
-0.549327 0.219358 -0.281390
-0.789874 0.393995 0.018528
-0.319489 0.306834 0.245782
-0.644572 0.042737 -0.024150
-0.117543 0.107881 -0.192204
-0.401027 0.393995 0.410541
-0.351279 -0.379396 -0.056664
0.000000 0.000000 0.000000
-0.454001 0.136315 0.258257
0.000000 0.000000 0.000000
-0.424629 -0.073003 0.245782
0.000000 0.000000 0.000000
-0.683316 0.385679 0.163802
-0.712642 -0.243742 0.060750
0.000000 0.000000 0.000000
0.000000 0.000000 0.000000
0.000000 0.000000 0.000000
-0.666468 0.155234 -0.020330
-0.073062 0.316379 0.060750
-0.759765 0.237958 0.245782
-0.792181 0.181536 0.248199
0.156721 0.127416 -0.041121
0.000000 0.000000 0.000000
-0.066854 -0.118481 0.179706
0.000000 0.000000 0.000000
0.000000 0.000000 0.000000
0.089977 0.038485 0.140506
-0.746444 0.015775 -0.145904
0.000000 0.000000 0.000000
-0.495185 0.050900 0.054514
-0.696433 -0.264248 -0.237874
0.000000 0.000000 0.000000
-0.726199 0.114131 -0.246027
-0.055250 0.393995 0.214379
-0.609612 -0.216375 0.245782
0.285590 0.194410 -0.013410
-0.795300 -0.041626 0.059423
-0.714046 0.418944 0.096358
-0.599874 -0.069148 0.029474
-0.608189 -0.286867 -0.299802
0.000000 0.000000 0.000000
-0.213957 -0.036075 0.007120
0.086177 0.418944 0.231813
0.015514 0.115255 0.089770
0.000000 0.000000 0.000000
-0.184071 -0.260501 -0.145723
0.000000 0.000000 0.000000
0.248065 0.000106 0.060750
-0.365543 -0.046533 0.054514
0.000000 0.000000 0.000000
-0.238509 0.219358 -0.111496
-0.333222 0.038485 0.187404
-0.782825 0.083258 0.119701
-0.816539 0.194410 -0.341121
0.000000 0.000000 0.000000
-0.553493 -0.056358 0.245782
-0.562096 0.393995 0.025864
-0.645873 0.071670 -0.352973
-0.577783 -0.167502 -0.227736
0.000000 0.000000 0.000000
0.297719 0.418944 0.113755
-0.135489 0.149047 0.033724
0.000000 0.000000 0.000000
-0.078270 0.055377 -0.050555
-0.319340 0.115087 0.054514
-0.532018 -0.247982 0.046197
-0.218915 -0.379396 -0.050413
0.000000 0.000000 0.000000
0.000000 0.000000 0.000000
-0.626974 0.219358 -0.141307
-0.599874 -0.164595 -0.018570
-0.507573 -0.287920 0.139469
-0.795300 -0.105539 -0.243347
-0.558127 0.377363 0.177411
-0.391973 0.325524 0.134856
0.000000 0.000000 0.000000
0.326977 0.315533 0.046197
-0.611825 0.269155 0.038048
0.000000 0.000000 0.000000
-0.791142 -0.196859 0.075530
-0.304079 -0.186115 0.046197
-0.235180 0.146678 0.258257
0.000000 0.000000 0.000000
-0.300745 -0.287920 0.139535
0.000000 0.000000 0.000000
-0.107792 -0.331516 0.046197
0.015514 -0.024129 0.151125
-0.336380 0.038485 0.075352
-0.693423 0.418944 0.406383
-0.123682 0.418944 0.018478
0.000000 0.000000 0.000000
-0.723484 -0.261130 -0.086633
-0.422592 -0.379396 0.181932
0.000000 0.000000 0.000000
-0.795300 -0.262758 0.129374
-0.577783 0.105041 -0.069485
0.000000 0.000000 0.000000
-0.061912 0.038485 0.230091
0.235139 -0.162602 0.033724
0.000000 0.000000 0.000000
-0.203246 0.361618 0.280806
0.000000 0.000000 0.000000
-0.594583 0.152829 0.046197
-0.009434 0.345956 0.096493
-0.184071 -0.156947 -0.031385
-0.501730 -0.379396 0.119552
-0.781473 0.219358 -0.022785
-0.569788 0.050958 0.128271
-0.795300 -0.291644 -0.175689
0.000000 0.000000 0.000000
-0.400288 0.130582 0.088659
-0.791204 -0.239315 -0.352973
0.043482 -0.138839 0.027486
0.164076 0.299330 0.060750
0.015514 -0.182655 0.136926
-0.213957 0.069100 -0.067852
-0.484496 0.219358 -0.111211
-0.791142 0.279653 0.112700
-0.644572 0.025508 -0.161075
0.000000 0.000000 0.000000
0.000000 0.000000 0.000000
-0.168836 -0.261724 0.245782
-0.686905 0.220398 0.212619
0.000000 0.000000 0.000000
-0.316715 0.396760 0.012933
-0.644572 -0.154558 -0.273729
0.029460 0.246863 0.060750
-0.326996 0.217944 0.060750
-0.366939 0.194410 -0.112856
-0.588671 0.207923 0.120625
-0.631438 0.393995 0.292302
-0.791142 -0.121016 0.173401
-0.824406 0.203884 -0.235774
0.000000 0.000000 0.000000
-0.822747 0.418944 0.112711
-0.130283 0.418944 0.124448
-0.001118 0.119315 0.178372
0.000000 0.000000 0.000000
-0.284438 -0.128948 0.245782
-0.332378 0.418944 0.176172
-0.192584 0.050958 0.185237
0.098953 0.218726 -0.041121
0.000000 0.000000 0.000000
0.000000 0.000000 0.000000
-0.740060 0.146091 0.054514
0.092572 -0.283999 -0.020469
0.000000 0.000000 0.000000
-0.651471 0.219358 -0.366191
-0.383656 0.132891 0.150701
-0.446165 -0.110741 0.054514
-0.791142 -0.321109 0.081641
0.000000 0.000000 0.000000
-0.775376 0.393995 0.306278
-0.122512 -0.312868 0.152857
-0.730295 -0.052367 -0.020330
0.000000 0.000000 0.000000
0.000000 0.000000 0.000000
-0.789943 -0.304552 0.255381
-0.086217 -0.063192 0.258257
0.000000 0.000000 0.000000
-0.426265 0.251321 0.245782
0.293433 0.093851 0.027486
0.094122 0.393995 0.120383
-0.696148 0.050958 0.146890
-0.439720 0.276623 0.038048
0.157185 -0.283999 -0.061812
-0.367165 -0.165341 0.046197
0.000000 0.000000 0.000000
-0.182269 0.257194 0.038048
0.000000 0.000000 0.000000
0.135289 -0.017897 0.054514
-0.782825 0.276281 0.052147
-0.577783 -0.325963 -0.209448
-0.409926 0.418944 0.296061
0.000000 0.000000 0.000000
-0.281235 0.418944 0.276119
-0.386169 -0.379396 -0.177690
-0.619675 -0.130955 0.072591
-0.383656 -0.036049 0.124269
0.000000 0.000000 0.000000
-0.115015 0.313129 0.245782
-0.696498 0.084694 0.258257
-0.098766 -0.042797 0.033724
-0.213957 0.018160 -0.200074
-0.626020 -0.287920 0.186301
-0.427052 0.393995 0.038236
-0.370014 -0.304552 0.256834
0.000000 0.000000 0.000000
-0.477306 -0.379396 -0.102210
-0.644572 -0.169354 -0.119281
0.000000 0.000000 0.000000
0.000000 0.000000 0.000000
0.000000 0.000000 0.000000
-0.791142 -0.263946 -0.255142
-0.662716 -0.337531 0.046197
0.000000 0.000000 0.000000
0.000000 0.000000 0.000000
-0.391973 -0.180584 0.232486
0.000000 0.000000 0.000000
-0.577783 0.125768 -0.266287
-0.192387 -0.357630 -0.168629
0.196549 0.155967 0.054514
-0.168413 -0.154672 0.245782
-0.698975 -0.169859 -0.352973
0.000000 0.000000 0.000000
-0.791142 -0.080976 -0.104485
-0.643342 -0.087912 -0.352973
-0.344962 -0.018276 0.258257
-0.009434 -0.042679 0.210697
0.080798 0.090312 0.054514
-0.658580 0.021372 0.258257
0.000000 0.000000 0.000000
-0.437022 0.220398 0.124142
0.000000 0.000000 0.000000
0.000000 0.000000 0.000000
-0.339317 0.149782 0.245782
0.000000 0.000000 0.000000
-0.472360 0.207923 0.198975
-0.754062 0.155712 -0.071105
-0.557260 0.194124 0.245782
0.000000 0.000000 0.000000
-0.514298 -0.214569 0.258257
-0.482287 0.341563 0.245782
-0.006341 -0.233963 0.033724
-0.569869 -0.358219 0.195886
-0.755279 0.043445 -0.246039
0.000000 0.000000 0.000000
-0.594416 -0.150918 -0.372355
-0.394819 0.219358 -0.306785
-0.714226 -0.101033 0.033724
-0.757047 -0.103609 0.258257
-0.347073 -0.130955 0.147960
-0.125852 0.418944 0.261847
0.000000 0.000000 0.000000
0.000000 0.000000 0.000000
-0.234374 0.393995 0.031030
-0.045603 0.220398 0.102420
-0.701599 -0.287920 0.173395
0.000000 0.000000 0.000000
-0.795300 0.134562 -0.138172
0.023169 0.055377 -0.111411
0.000000 0.000000 0.000000
0.000000 0.000000 0.000000
-0.317798 0.393995 0.095776
-0.577783 -0.303427 -0.074592
0.000000 0.000000 0.000000
0.000000 0.000000 0.000000
-0.661740 -0.078176 -0.226723
-0.644572 -0.215415 -0.206765
-0.207810 0.233875 0.245782
0.000000 0.000000 0.000000
-0.782825 0.087101 0.205452
0.000000 0.000000 0.000000
0.240244 0.239562 0.054514
0.000000 0.000000 0.000000
0.000000 0.000000 0.000000
0.000000 0.000000 0.000000
-0.791142 -0.242965 0.001221
0.000000 0.000000 0.000000
-0.693080 0.317939 0.060750
0.000000 0.000000 0.000000
-0.258859 -0.366962 0.046197
0.000000 0.000000 0.000000
-0.560912 0.041045 0.245782
-0.608189 0.037386 0.032195
-0.213957 0.092652 0.015751
-0.714734 -0.004806 -0.365447
-0.505910 -0.033656 0.054514
0.000000 0.000000 0.000000
-0.435503 0.012429 0.258257
0.177767 0.050958 0.108986
-0.400288 -0.301538 0.153595
-0.584222 -0.312868 0.083025
-0.213957 0.123725 -0.141182
-0.257485 -0.342625 0.206282
-0.212144 -0.170159 0.060750
-0.471776 0.172190 -0.243109
0.000000 0.000000 0.000000
-0.558033 0.172190 -0.125519
-0.791142 -0.040765 0.171524
0.081624 0.330715 0.060750
-0.675773 -0.283999 0.000951
-0.661932 -0.047476 -0.020330
-0.130119 0.219358 -0.197908
-0.515183 0.285938 0.054514
0.000000 0.000000 0.000000
0.000000 0.000000 0.000000
0.000000 0.000000 0.000000
0.000000 0.000000 0.000000
-0.791142 -0.330910 -0.097240
-0.464067 -0.021177 0.258257
-0.505274 0.169771 0.054514
-0.368896 0.393995 0.247294
0.000000 0.000000 0.000000
0.000000 0.000000 0.000000
0.170990 -0.107950 0.033724
-0.314552 -0.296185 0.046197
0.000000 0.000000 0.000000
-0.791142 -0.014239 -0.087159
0.000000 0.000000 0.000000
0.000000 0.000000 0.000000
-0.382258 0.194410 -0.041947
0.000000 0.000000 0.000000
-0.692243 -0.353755 -0.300997
0.000000 0.000000 0.000000
-0.792181 0.321959 0.255690
0.000000 0.000000 0.000000
-0.782825 0.185863 0.147114
-0.642832 -0.092835 0.258257
0.000000 0.000000 0.000000
-0.408605 -0.243830 0.073152
0.007198 0.389869 0.192889
0.057158 -0.379396 0.050554
-0.439382 0.172190 -0.159951
0.000000 0.000000 0.000000
0.158148 0.393995 0.031804
0.000000 0.000000 0.000000
-0.770906 0.035981 0.060750
-0.009434 -0.166175 0.191621
-0.337919 0.393995 0.353216
-0.060593 0.171466 -0.041121
-0.577783 0.017732 -0.119812
-0.139455 -0.118481 0.136597
-0.511665 0.418944 0.240953
0.000000 0.000000 0.000000
-0.577783 -0.010225 -0.035781
-0.009434 -0.086100 0.090092
-0.748959 0.194410 -0.383346
-0.791142 -0.213789 0.162471
-0.177647 0.194410 -0.042984
-0.650405 0.181700 -0.211807
-0.058530 0.418944 0.086751
-0.568002 -0.379396 -0.066791
0.000000 0.000000 0.000000
-0.531106 0.194410 -0.055599
0.000000 0.000000 0.000000
-0.081877 0.219358 0.022357
-0.031081 0.140857 0.033724
-0.144153 -0.363630 0.206282
-0.640975 0.219358 -0.037481
-0.245342 0.219358 -0.191681
0.000000 0.000000 0.000000
-0.439548 -0.130955 0.180666
-0.410895 -0.379396 0.089662
0.256108 0.418944 0.067494
-0.758917 -0.190481 -0.275438
0.000000 0.000000 0.000000
0.000000 0.000000 0.000000
0.000000 0.000000 0.000000
-0.408605 0.265105 0.183266
-0.608189 -0.232733 -0.039090
-0.730436 -0.130955 0.102925
-0.474420 0.393995 0.344776
-0.287869 0.207923 0.105040
0.000000 0.000000 0.000000
-0.743174 -0.283999 -0.142378
0.000000 0.000000 0.000000
0.000000 0.000000 0.000000
-0.791142 -0.149799 0.032947
-0.418229 0.063716 0.046197
-0.278212 0.064974 0.258257
-0.018063 0.349875 0.258257
0.007198 0.004169 0.067130
-0.657808 0.385679 0.103656
0.051592 0.177778 0.054450
-0.461087 -0.183246 0.046197
-0.162829 0.100808 0.258257
-0.473585 -0.273360 0.060750
-0.100584 -0.283999 -0.151135
-0.274745 -0.047528 0.046197
0.000000 0.000000 0.000000
-0.571008 -0.379396 -0.275522
-0.148272 0.031438 0.027486
0.000000 0.000000 0.000000
0.000000 0.000000 0.000000
0.000000 0.000000 0.000000
0.000000 0.000000 0.000000
-0.714127 0.219358 -0.051908
0.000000 0.000000 0.000000
-0.038965 0.259209 0.245782
-0.644572 -0.150076 -0.186879
-0.572343 0.010024 0.046197
-0.721794 0.369910 0.245782
0.000000 0.000000 0.000000
0.000000 0.000000 0.000000
-0.138129 0.006076 0.245782
-0.739895 0.144471 -0.020330
-0.544476 -0.158001 0.046197
-0.805552 0.219358 -0.137321
-0.213957 -0.194979 -0.113084
-0.590963 0.194410 -0.375766
0.000000 0.000000 0.000000
0.000000 0.000000 0.000000
-0.755924 0.418944 0.172147
-0.795300 -0.024225 -0.204364
-0.704976 -0.025053 0.060750
0.000000 0.000000 0.000000
-0.503306 -0.114293 0.245782
0.000000 0.000000 0.000000
0.000000 0.000000 0.000000
0.000000 0.000000 0.000000
-0.126768 -0.283999 -0.089077
-0.639242 0.008149 -0.352973
-0.277200 0.219358 -0.059419
0.000000 0.000000 0.000000
0.116624 0.468262 -0.059039
-0.791142 0.201503 0.068303
0.000000 0.000000 0.000000
-0.608189 -0.235692 -0.277742
0.339939 0.389703 0.046197
-0.577783 0.034292 -0.210983
0.000000 0.000000 0.000000
0.071622 0.079690 -0.041121
0.000000 0.000000 0.000000
-0.689715 -0.205409 -0.032805
-0.632098 0.125140 -0.150040
-0.162672 -0.119488 0.027486
-0.700819 0.393995 0.026342
0.000000 0.000000 0.000000
-0.192387 -0.330398 0.019942
-0.015491 -0.312868 0.057742
0.000000 0.000000 0.000000
0.000000 0.000000 0.000000
-0.791142 0.134430 -0.335039
-0.805695 -0.368671 -0.211779
0.000000 0.000000 0.000000
0.000000 0.000000 0.000000
-0.746444 -0.051157 -0.085323
-0.795300 -0.180533 -0.201060
-0.313086 -0.287920 0.206676
0.000000 0.000000 0.000000
-0.655807 -0.283999 -0.107267
0.000000 0.000000 0.000000
-0.273846 -0.379396 -0.112618
0.000000 0.000000 0.000000
0.000000 0.000000 0.000000
-0.755298 -0.089612 -0.171626
-0.242079 0.194410 0.025222
0.000000 0.000000 0.000000
0.031758 0.418944 0.083494
0.050173 -0.130955 0.138697
-0.091397 -0.230319 0.027486
-0.670713 0.173218 0.258257
0.000000 0.000000 0.000000
0.000000 0.000000 0.000000
-0.646877 -0.206493 0.027486
0.000000 0.000000 0.000000
-0.015871 0.207923 0.179875
-0.740485 0.029754 -0.020330
-0.132863 0.418944 0.327530
-0.662214 0.178039 0.060750
-0.408605 0.185196 0.203226
-0.363721 0.094048 0.258257
0.000000 0.000000 0.000000
-0.726236 0.076710 -0.364969
-0.167563 0.377363 0.076510
0.015514 0.038088 0.187097
-0.461219 0.128198 0.054514
-0.391973 0.017059 0.159382
-0.065688 0.055377 -0.149534
0.000000 0.000000 0.000000
-0.599874 0.057519 -0.310943
-0.791142 0.283525 0.193837
0.000000 0.000000 0.000000
-0.630592 0.050958 0.201617
-0.671351 0.281991 0.245782
-0.770373 0.173384 -0.218481
-0.720576 0.224620 0.038048
0.000000 0.000000 0.000000
-0.581889 0.377363 0.092581
0.000000 0.000000 0.000000
-0.581375 -0.274610 0.258257
-0.033666 -0.109568 0.027486
0.142649 -0.184923 0.060750
0.000000 0.000000 0.000000
-0.577783 -0.084511 -0.115456
0.000000 0.000000 0.000000
0.235501 -0.086344 0.054514
-0.752412 -0.272564 -0.296626
-0.709814 -0.238199 0.245782
-0.633258 0.345411 0.038048
0.000000 0.000000 0.000000
0.000000 0.000000 0.000000
0.373264 0.181700 0.010136
-0.577783 -0.102766 -0.193820
-0.618091 0.143152 -0.340498
-0.318096 0.172190 -0.270294
0.000000 0.000000 0.000000
0.000000 0.000000 0.000000
-0.145648 0.377363 0.191336
-0.161408 -0.209267 0.027486
-0.383656 0.272405 0.100149
-0.400288 -0.105245 0.222035
0.000000 0.000000 0.000000
-0.599874 -0.351118 0.011934
0.109467 0.228565 0.046197
0.000000 0.000000 0.000000
-0.515759 0.264142 0.245782
-0.312198 -0.331334 0.002120
-0.651932 -0.283999 -0.188776
0.000000 0.000000 0.000000
-0.161154 -0.283999 -0.208420
-0.057832 0.046014 0.027486
-0.723192 -0.319213 0.046197
-0.213957 -0.040620 -0.068771
-0.577559 0.219358 -0.185348
-0.741032 0.038485 0.208304
0.174416 0.418944 0.105152
0.246335 0.344098 0.046893
0.000000 0.000000 0.000000
0.052644 -0.283999 -0.072229
-0.691359 -0.304552 0.249603
0.000000 0.000000 0.000000
-0.721989 0.317439 0.245782
-0.632098 -0.021183 -0.195377
-0.795300 -0.002566 -0.299103
-0.221341 0.018929 0.046197
0.000000 0.000000 0.000000
-0.741242 0.207923 0.161810
-0.461544 -0.357335 0.046197
-0.708015 0.117250 -0.311138
0.000000 0.000000 0.000000
0.000000 0.000000 0.000000
-0.550334 0.107614 0.245782
-0.577783 -0.073662 -0.040510
0.000000 0.000000 0.000000
-0.309179 0.172190 -0.180955
0.000000 0.000000 0.000000
-0.408985 -0.368422 -0.290694
0.000000 0.000000 0.000000
-0.240838 0.385679 0.209477
0.000000 0.000000 0.000000
0.000000 0.000000 0.000000
0.000000 0.000000 0.000000
0.052388 -0.229309 0.060750
0.000000 0.000000 0.000000
0.000000 0.000000 0.000000
-0.579938 -0.379396 0.131697
-0.566374 -0.129172 0.245782
-0.637511 0.377363 0.224449
-0.327765 0.172047 -0.003164
0.000000 0.000000 0.000000
-0.782825 -0.102902 0.101632
-0.341856 -0.114137 0.046197
-0.746444 -0.227246 -0.181038
-0.599395 -0.130955 0.145218
0.241381 -0.283999 -0.023663
0.000000 0.000000 0.000000
-0.213957 -0.292785 -0.060295
-0.657614 -0.287920 0.100847
-0.782825 0.148934 0.198222
0.000000 0.000000 0.000000
-0.483653 0.363082 0.054514
-0.341317 -0.338164 0.195886
0.105793 0.148184 0.033724
-0.383656 -0.069393 0.183890
0.000000 0.000000 0.000000
-0.250172 0.050958 0.103516
-0.503964 -0.360234 0.195886
0.000000 0.000000 0.000000
-0.113781 -0.108218 0.054514
0.000000 0.000000 0.000000
-0.549291 0.117658 0.046197
-0.547937 0.215332 0.060750
-0.262906 0.263958 0.038048
-0.795300 -0.378278 0.024356
-0.070584 -0.312868 0.105543
-0.455072 0.219358 -0.268274
0.000000 0.000000 0.000000
-0.213957 -0.114055 -0.067163
-0.594688 0.220398 0.198532
-0.759877 0.377363 0.119249
-0.643607 0.181700 -0.290282
-0.042535 -0.178290 0.060750
-0.672055 0.418944 0.334027
-0.738835 -0.118481 0.190367
0.000000 0.000000 0.000000
-0.526782 0.359935 0.279668
-0.391973 0.317513 0.230067
-0.213957 0.023837 -0.127512
0.014426 0.127875 -0.041121
-0.791142 0.090105 0.032343
-0.207855 0.051355 0.258257
-0.542391 -0.296235 0.206102
-0.266196 0.253002 0.258257
-0.408605 0.209088 0.060345
0.000000 0.000000 0.000000
0.000000 0.000000 0.000000
0.000000 0.000000 0.000000
-0.228389 -0.225994 0.245782
-0.383656 0.378203 0.187319
-0.213957 -0.098704 0.046161
-0.791142 -0.257118 0.070090
-0.577783 -0.053565 -0.337169
-0.795300 -0.253936 -0.072140
-0.383656 0.350496 0.079972
-0.146638 0.207923 0.077433
0.182292 0.225361 0.038048
0.238975 0.076224 0.054514
-0.400288 0.060634 0.107891
-0.655073 0.117250 -0.051004
0.000000 0.000000 0.000000
0.000000 0.000000 0.000000
-0.437181 -0.279603 0.240901
-0.782825 -0.099062 -0.027578
0.000000 0.000000 0.000000
0.000000 0.000000 0.000000
-0.023937 0.418944 0.147129
-0.263195 -0.254925 0.054514
-0.791142 0.085393 -0.083952
-0.443640 -0.312868 0.124059
0.000000 0.000000 0.000000
-0.701403 -0.165123 0.054514
-0.013304 0.038485 0.121730
0.000000 0.000000 0.000000
-0.633847 -0.014300 0.054514
