0.000000 0.000000 0.000000
-0.644764 -0.054930 -0.585620
0.000000 0.000000 0.000000
-0.714614 0.046634 0.114764
-0.137542 0.299438 -0.313568
0.000000 0.000000 0.000000
-0.665337 -0.335009 -0.078787
0.000000 0.000000 0.000000
0.000000 0.000000 0.000000
-0.688499 0.289134 -0.261527
-0.213593 0.271421 0.198290
0.000000 0.000000 0.000000
0.000000 0.000000 0.000000
0.000000 0.000000 0.000000
-0.847304 -0.085589 -0.163868
0.000000 0.000000 0.000000
-0.800411 -0.343327 0.085696
-0.511626 0.221006 -0.590135
0.000000 0.000000 0.000000
0.000000 0.000000 0.000000
-0.428393 0.294788 -0.074433
0.000000 0.000000 0.000000
0.000000 0.000000 0.000000
0.000000 0.000000 0.000000
0.000000 0.000000 0.000000
-0.921252 0.069070 -0.025279
0.000000 0.000000 0.000000
0.000000 0.000000 0.000000
0.000000 0.000000 0.000000
0.000000 0.000000 0.000000
-0.401648 0.296446 -0.407790
-0.760484 -0.288145 -0.324636
-0.596205 -0.212211 0.192231
0.000000 0.000000 0.000000
0.000000 0.000000 0.000000
-0.707608 0.258232 -0.069883
0.000000 0.000000 0.000000
0.000000 0.000000 0.000000
-0.747905 0.103790 -0.387029
0.000000 0.000000 0.000000
0.000000 0.000000 0.000000
0.000000 0.000000 0.000000
0.000000 0.000000 0.000000
0.000000 0.000000 0.000000
-0.489459 0.017674 -0.703879
-0.452338 0.206812 0.163666
-0.853363 -0.345648 -0.127200
-0.929923 -0.144805 0.027091
-0.469236 0.162088 0.196728
-0.540774 -0.180114 -0.789081
-0.691679 0.225608 -0.514626
-0.706237 -0.321010 -0.297821
-0.435657 0.280635 -0.468748
0.000000 0.000000 0.000000
0.000000 0.000000 0.000000
0.000000 0.000000 0.000000
-0.410704 0.305640 -0.285414
0.000000 0.000000 0.000000
-0.845910 0.187077 -0.192060
0.000000 0.000000 0.000000
0.000000 0.000000 0.000000
0.000000 0.000000 0.000000
-0.753760 -0.094455 -0.356519
0.000000 0.000000 0.000000
0.000000 0.000000 0.000000
0.000000 0.000000 0.000000
0.000000 0.000000 0.000000
0.000000 0.000000 0.000000
0.000000 0.000000 0.000000
0.000000 0.000000 0.000000
-0.664092 -0.300052 -0.517403
-0.262249 0.301403 0.014462
0.000000 0.000000 0.000000
0.000000 0.000000 0.000000
0.000000 0.000000 0.000000
-0.545542 -0.005873 0.202777
0.000000 0.000000 0.000000
-0.751504 -0.234270 0.117663
0.000000 0.000000 0.000000
0.000000 0.000000 0.000000
0.000000 0.000000 0.000000
0.000000 0.000000 0.000000
0.000000 0.000000 0.000000
-0.646608 0.133588 -0.599303
0.000000 0.000000 0.000000
-0.893535 0.063629 -0.082100
0.000000 0.000000 0.000000
-0.252902 0.313041 -0.165102
0.000000 0.000000 0.000000
-0.564892 0.249275 0.049278
-0.784013 -0.188140 -0.285254
-0.927860 -0.267374 0.019613
0.000000 0.000000 0.000000
0.000000 0.000000 0.000000
-0.608095 0.295077 -0.414157
0.000000 0.000000 0.000000
0.000000 0.000000 0.000000
-0.835172 -0.018180 0.062669
0.000000 0.000000 0.000000
-0.665479 -0.113831 0.153491
0.000000 0.000000 0.000000
-0.314387 0.047906 -0.607954
0.000000 0.000000 0.000000
0.000000 0.000000 0.000000
0.000000 0.000000 0.000000
-0.788586 0.142921 0.044545
-0.561674 0.286192 -0.115333
0.000000 0.000000 0.000000
0.000000 0.000000 0.000000
0.000000 0.000000 0.000000
0.000000 0.000000 0.000000
-0.523776 0.099058 -0.678680
0.000000 0.000000 0.000000
-0.531709 0.299919 -0.270478
-0.650178 -0.343703 0.046524
-0.591823 0.142290 0.144031
-0.822059 0.053108 -0.228956
0.000000 0.000000 0.000000
-0.768505 -0.344670 -0.065347
0.000000 0.000000 0.000000
0.000000 0.000000 0.000000
0.000000 0.000000 0.000000
-0.816155 -0.240482 -0.213918
-0.872339 0.205862 -0.059863
0.000000 0.000000 0.000000
0.000000 0.000000 0.000000
0.000000 0.000000 0.000000
0.000000 0.000000 0.000000
0.000000 0.000000 0.000000
-0.777620 0.240729 -0.338278
0.000000 0.000000 0.000000
-0.608448 -0.179953 -0.649129
-0.368184 0.177279 -0.561223
0.000000 0.000000 0.000000
0.000000 0.000000 0.000000
0.000000 0.000000 0.000000
0.000000 0.000000 0.000000
0.000000 0.000000 0.000000
0.000000 0.000000 0.000000
0.000000 0.000000 0.000000
0.000000 0.000000 0.000000
-0.246463 0.298774 -0.357635
0.000000 0.000000 0.000000
-0.124167 0.317350 -0.169291
0.000000 0.000000 0.000000
-0.687075 -0.331819 -0.141704
0.000000 0.000000 0.000000
0.000000 0.000000 0.000000
0.000000 0.000000 0.000000
-0.642499 -0.318813 0.163939
-0.350634 0.270993 0.113350
-0.707397 -0.011312 -0.460127
0.000000 0.000000 0.000000
0.000000 0.000000 0.000000
-0.494992 -0.106851 0.235972
0.000000 0.000000 0.000000
0.000000 0.000000 0.000000
-0.350093 0.087227 0.286749
0.000000 0.000000 0.000000
0.000000 0.000000 0.000000
-0.679061 -0.166119 -0.504367
-0.625641 0.271011 -0.562843
-0.582268 -0.062665 -0.714161
0.000000 0.000000 0.000000
0.000000 0.000000 0.000000
0.000000 0.000000 0.000000
0.000000 0.000000 0.000000
-0.880713 -0.218537 -0.082431
0.000000 0.000000 0.000000
0.000000 0.000000 0.000000
-0.895591 -0.054937 -0.066842
-0.841810 -0.153755 0.070680
0.000000 0.000000 0.000000
0.000000 0.000000 0.000000
-0.722873 -0.209473 -0.409729
0.000000 0.000000 0.000000
-0.426496 -0.117624 -0.732176
0.000000 0.000000 0.000000
0.000000 0.000000 0.000000
0.000000 0.000000 0.000000
0.000000 0.000000 0.000000
-0.654523 0.167821 0.096842
-0.307598 0.206532 0.241393
-0.854259 -0.356714 0.058469
0.000000 0.000000 0.000000
0.000000 0.000000 0.000000
-0.409445 -0.006636 -0.677131
-0.691009 0.293358 -0.375757
0.000000 0.000000 0.000000
0.000000 0.000000 0.000000
-0.595658 0.121651 -0.700424
-0.370907 0.303597 -0.335408
-0.659663 -0.307605 -0.417703
-0.792501 0.268915 -0.184311
0.000000 0.000000 0.000000
-0.713898 0.292624 -0.420487
-0.590747 0.028531 0.177121
-0.795161 0.134340 -0.292126
-0.563954 -0.274495 -0.732378
0.000000 0.000000 0.000000
-0.424627 0.113299 -0.625808
-0.436063 0.215945 -0.561870
0.000000 0.000000 0.000000
0.000000 0.000000 0.000000
0.000000 0.000000 0.000000
0.000000 0.000000 0.000000
-0.450799 0.032665 0.245010
0.000000 0.000000 0.000000
0.000000 0.000000 0.000000
-0.163279 0.309916 0.020814
-0.478219 0.299935 -0.173763
0.000000 0.000000 0.000000
0.000000 0.000000 0.000000
0.000000 0.000000 0.000000
-0.317937 0.245433 -0.474825
0.000000 0.000000 0.000000
0.000000 0.000000 0.000000
0.000000 0.000000 0.000000
-0.252070 0.308461 -0.282615
0.000000 0.000000 0.000000
-0.453169 0.272251 0.040255
0.000000 0.000000 0.000000
0.000000 0.000000 0.000000
0.000000 0.000000 0.000000
0.000000 0.000000 0.000000
0.000000 0.000000 0.000000
0.000000 0.000000 0.000000
-0.890221 -0.356806 -0.040204
-0.688319 0.088939 -0.508891
0.000000 0.000000 0.000000
0.000000 0.000000 0.000000
0.000000 0.000000 0.000000
-0.552360 0.269572 -0.016718
0.000000 0.000000 0.000000
0.000000 0.000000 0.000000
-0.790818 0.011275 -0.289685
0.000000 0.000000 0.000000
-0.775812 0.064480 0.081824
0.000000 0.000000 0.000000
0.000000 0.000000 0.000000
-0.666960 0.040937 -0.548613
0.000000 0.000000 0.000000
-0.355548 0.167983 0.251331
0.000000 0.000000 0.000000
-0.346368 0.295574 -0.009451
-0.372213 0.307231 -0.200880
0.000000 0.000000 0.000000
0.000000 0.000000 0.000000
-0.707757 -0.094667 -0.451646
0.000000 0.000000 0.000000
-0.935529 -0.003624 0.010999
-0.270815 0.211061 -0.492195
0.000000 0.000000 0.000000
0.000000 0.000000 0.000000
0.000000 0.000000 0.000000
0.000000 0.000000 0.000000
0.000000 0.000000 0.000000
-0.861936 0.150518 -0.155522
0.000000 0.000000 0.000000
0.000000 0.000000 0.000000
0.000000 0.000000 0.000000
0.000000 0.000000 0.000000
0.000000 0.000000 0.000000
-0.619103 0.014255 -0.645117
-0.816838 -0.245141 0.086346
-0.746000 -0.049906 0.109400
-0.252300 0.283739 0.124787
-0.556745 0.284812 -0.507735
0.000000 0.000000 0.000000
0.000000 0.000000 0.000000
0.000000 0.000000 0.000000
-0.529037 0.216875 0.111145
0.000000 0.000000 0.000000
-0.755621 -0.186089 -0.344165
0.000000 0.000000 0.000000
-0.592586 -0.098874 0.187842
0.000000 0.000000 0.000000
0.000000 0.000000 0.000000
-0.493539 0.299716 -0.368550
-0.637242 -0.112852 -0.595804
0.000000 0.000000 0.000000
0.000000 0.000000 0.000000
-0.279660 0.309448 -0.083907
0.000000 0.000000 0.000000
0.000000 0.000000 0.000000
0.000000 0.000000 0.000000
-0.852000 -0.224163 -0.141297
0.000000 0.000000 0.000000
-0.872622 0.097138 0.023230
0.000000 0.000000 0.000000
-0.688027 0.222586 0.019588
-0.220028 0.312992 -0.075976
-0.721471 -0.313607 0.126707
0.000000 0.000000 0.000000
0.000000 0.000000 0.000000
-0.848958 0.253014 -0.143597
-0.808096 -0.336156 -0.213987
0.000000 0.000000 0.000000
0.000000 0.000000 0.000000
-0.439701 0.085813 0.242772
0.000000 0.000000 0.000000
0.000000 0.000000 0.000000
-0.649783 0.280078 -0.144120
0.000000 0.000000 0.000000
-0.608845 0.206454 -0.646853
0.000000 0.000000 0.000000
0.000000 0.000000 0.000000
0.000000 0.000000 0.000000
0.000000 0.000000 0.000000
0.000000 0.000000 0.000000
-0.781654 0.282238 -0.278890
0.000000 0.000000 0.000000
0.000000 0.000000 0.000000
0.000000 0.000000 0.000000
0.000000 0.000000 0.000000
0.000000 0.000000 0.000000
-0.620601 0.289456 -0.200925
0.000000 0.000000 0.000000
0.000000 0.000000 0.000000
-0.387962 0.199941 0.205949
-0.726561 0.218571 -0.441827
0.000000 0.000000 0.000000
0.000000 0.000000 0.000000
0.000000 0.000000 0.000000
-0.493402 -0.067813 -0.741470
0.000000 0.000000 0.000000
0.000000 0.000000 0.000000
0.000000 0.000000 0.000000
-0.671354 -0.208680 0.155660
-0.308434 0.130258 -0.563710
-0.358827 0.029552 0.290233
0.000000 0.000000 0.000000
-0.770332 0.219093 -0.020435
-0.858418 -0.005831 -0.148286
0.000000 0.000000 0.000000
-0.815925 -0.149241 -0.222860
-0.627448 -0.265289 -0.601910
0.000000 0.000000 0.000000
-0.795031 -0.098432 -0.270791
-0.361109 0.306379 -0.130627
0.000000 0.000000 0.000000
-0.573635 0.047234 -0.727776
0.000000 0.000000 0.000000
-0.734088 -0.329688 -0.217808
0.000000 0.000000 0.000000
-0.650355 -0.016783 0.152747
-0.167672 0.296437 0.120423
-0.662329 0.288937 -0.492083
0.000000 0.000000 0.000000
-0.532199 0.088261 0.196402
-0.751909 0.017239 -0.370715
-0.472743 0.303259 -0.275380
0.000000 0.000000 0.000000
-0.781436 -0.291576 -0.280984
0.000000 0.000000 0.000000
-0.638205 0.295432 -0.336030
0.000000 0.000000 0.000000
-0.701143 -0.257198 -0.450242
0.000000 0.000000 0.000000
0.000000 0.000000 0.000000
0.000000 0.000000 0.000000
0.000000 0.000000 0.000000
-0.299593 0.257555 0.183845
0.000000 0.000000 0.000000
0.000000 0.000000 0.000000
0.000000 0.000000 0.000000
0.000000 0.000000 0.000000
-0.531417 0.154402 0.168914
-0.496025 0.292272 -0.112420
0.000000 0.000000 0.000000
-0.898052 -0.215275 0.045928
0.000000 0.000000 0.000000
0.000000 0.000000 0.000000
0.000000 0.000000 0.000000
0.000000 0.000000 0.000000
0.000000 0.000000 0.000000
-0.897800 0.142107 -0.080564
0.000000 0.000000 0.000000
0.000000 0.000000 0.000000
-0.279559 0.156208 0.295054
0.000000 0.000000 0.000000
0.000000 0.000000 0.000000
-0.492657 -0.035134 0.231631
-0.598668 -0.298066 -0.473802
-0.702670 0.279614 -0.181896
-0.898956 -0.093138 0.038223
0.000000 0.000000 0.000000
0.000000 0.000000 0.000000
0.000000 0.000000 0.000000
0.000000 0.000000 0.000000
0.000000 0.000000 0.000000
0.000000 0.000000 0.000000
-0.236963 0.256097 -0.424998
-0.633810 0.261580 -0.034320
0.000000 0.000000 0.000000
0.000000 0.000000 0.000000
0.000000 0.000000 0.000000
-0.651574 -0.321221 -0.237862
-0.911527 -0.237245 -0.016962
-0.656426 0.213610 -0.586425
0.000000 0.000000 0.000000
0.000000 0.000000 0.000000
-0.773819 0.256789 -0.109318
-0.780390 0.089232 -0.318490
0.000000 0.000000 0.000000
0.000000 0.000000 0.000000
-0.575392 -0.193946 -0.716197
-0.656070 -0.226342 -0.546328
-0.155278 0.317092 -0.102032
-0.654478 0.069709 0.140543
0.000000 0.000000 0.000000
0.000000 0.000000 0.000000
0.000000 0.000000 0.000000
0.000000 0.000000 0.000000
-0.880105 -0.139811 -0.090994
-0.633363 0.062886 -0.620138
-0.834375 0.134067 -0.210997
0.000000 0.000000 0.000000
0.000000 0.000000 0.000000
-0.466952 -0.158814 -0.762834
-0.487499 0.259353 -0.524109
-0.730597 -0.305666 -0.384824
0.000000 0.000000 0.000000
0.000000 0.000000 0.000000
0.000000 0.000000 0.000000
0.000000 0.000000 0.000000
-0.547539 -0.099892 -0.780619
-0.925514 -0.359733 0.024037
-0.209501 0.180701 -0.487073
-0.552658 0.294912 -0.428559
0.000000 0.000000 0.000000
-0.727954 -0.351090 0.057968
0.000000 0.000000 0.000000
0.000000 0.000000 0.000000
0.000000 0.000000 0.000000
-0.109173 0.310453 -0.257582
-0.817793 0.238690 -0.255001
0.000000 0.000000 0.000000
0.000000 0.000000 0.000000
0.000000 0.000000 0.000000
-0.608656 -0.312477 -0.302920
0.000000 0.000000 0.000000
0.000000 0.000000 0.000000
-0.619735 0.295480 -0.289578
0.000000 0.000000 0.000000
0.000000 0.000000 0.000000
-0.678279 -0.057765 -0.516038
-0.197137 0.312682 -0.231781
0.000000 0.000000 0.000000
0.000000 0.000000 0.000000
0.000000 0.000000 0.000000
-0.428278 -0.038844 0.263262
0.000000 0.000000 0.000000
-0.678545 -0.342246 -0.001541
0.000000 0.000000 0.000000
0.000000 0.000000 0.000000
0.000000 0.000000 0.000000
-0.422024 -0.070749 -0.709645
0.000000 0.000000 0.000000
0.000000 0.000000 0.000000
-0.295557 0.274466 -0.421433
-0.376092 0.228365 -0.523338
-0.722906 0.138324 -0.441938
-0.541229 0.189644 -0.630654
0.000000 0.000000 0.000000
-0.764750 -0.338374 -0.140639
-0.816843 -0.063184 -0.228949
-0.587618 0.245233 -0.587139
-0.675423 0.150603 -0.541286
0.000000 0.000000 0.000000
0.000000 0.000000 0.000000
0.000000 0.000000 0.000000
-0.717577 0.061034 -0.445787
0.000000 0.000000 0.000000
0.000000 0.000000 0.000000
0.000000 0.000000 0.000000
-0.291463 0.311416 -0.219435
0.000000 0.000000 0.000000
0.000000 0.000000 0.000000
0.000000 0.000000 0.000000
-0.406792 0.287822 -0.006433
0.000000 0.000000 0.000000
0.000000 0.000000 0.000000
0.000000 0.000000 0.000000
-0.810073 -0.353804 0.006032
-0.749358 0.202050 -0.393145
-0.872860 -0.067556 -0.112686
-0.633915 -0.309134 -0.371472
0.000000 0.000000 0.000000
0.000000 0.000000 0.000000
0.000000 0.000000 0.000000
0.000000 0.000000 0.000000
0.000000 0.000000 0.000000
-0.854040 0.058035 -0.163267
-0.427711 0.302930 -0.331650
0.000000 0.000000 0.000000
0.000000 0.000000 0.000000
-0.756425 -0.039243 -0.356133
0.000000 0.000000 0.000000
-0.428136 0.254916 0.116765
-0.918836 -0.100871 -0.014502
0.000000 0.000000 0.000000
-0.875007 -0.289189 -0.087675
-0.768651 0.191547 -0.352266
-0.904694 0.046409 0.021996
0.000000 0.000000 0.000000
-0.210881 0.308199 -0.006470
0.000000 0.000000 0.000000
-0.558944 0.157943 -0.660948
0.000000 0.000000 0.000000
0.000000 0.000000 0.000000
-0.329997 0.298187 -0.387837
0.000000 0.000000 0.000000
-0.175742 0.282219 -0.359895
-0.462911 0.169277 -0.609631
-0.902393 0.154726 -0.021346
0.000000 0.000000 0.000000
-0.309386 0.284818 0.078663
0.000000 0.000000 0.000000
-0.838079 -0.301386 -0.162918
-0.903230 -0.166891 -0.040653
-0.741802 0.121921 0.077785
-0.908560 0.005881 -0.045665
0.000000 0.000000 0.000000
0.000000 0.000000 0.000000
-0.559522 0.299262 -0.351507
0.000000 0.000000 0.000000
0.000000 0.000000 0.000000
0.000000 0.000000 0.000000
0.000000 0.000000 0.000000
0.000000 0.000000 0.000000
-0.534592 -0.244123 -0.795926
-0.314769 0.307534 -0.286124
-0.686300 -0.214548 -0.484900
-0.833979 0.067421 0.052314
0.000000 0.000000 0.000000
0.000000 0.000000 0.000000
-0.753679 0.285328 -0.391937
0.000000 0.000000 0.000000
-0.573864 0.296086 -0.224520
-0.734377 -0.035885 -0.402045
-0.593058 0.193392 0.103750
0.000000 0.000000 0.000000
-0.452941 0.056211 -0.667628
0.000000 0.000000 0.000000
-0.720379 -0.145230 0.129157
0.000000 0.000000 0.000000
0.000000 0.000000 0.000000
-0.508862 0.269005 0.017126
-0.374116 0.279599 0.059138
0.000000 0.000000 0.000000
0.000000 0.000000 0.000000
0.000000 0.000000 0.000000
0.000000 0.000000 0.000000
0.000000 0.000000 0.000000
-0.828164 0.228097 -0.062682
-0.232137 0.296297 0.073939
-0.608000 -0.050118 -0.662105
0.000000 0.000000 0.000000
0.000000 0.000000 0.000000
0.000000 0.000000 0.000000
-0.870109 0.089035 -0.132910
0.000000 0.000000 0.000000
0.000000 0.000000 0.000000
0.000000 0.000000 0.000000
-0.792870 -0.163084 0.095153
0.000000 0.000000 0.000000
0.000000 0.000000 0.000000
-0.593758 -0.269724 -0.671178
0.000000 0.000000 0.000000
0.000000 0.000000 0.000000
-0.724532 0.290297 -0.317188
0.000000 0.000000 0.000000
-0.847189 -0.162356 -0.156982
0.000000 0.000000 0.000000
0.000000 0.000000 0.000000
-0.708862 -0.159135 -0.443378
-0.390719 0.058754 -0.637668
0.000000 0.000000 0.000000
0.000000 0.000000 0.000000
0.000000 0.000000 0.000000
0.000000 0.000000 0.000000
-0.904154 -0.313506 0.039281
-0.402438 0.157927 -0.590172
-0.776231 0.000727 0.089471
0.000000 0.000000 0.000000
-0.680969 -0.269836 0.150846
-0.581079 0.091035 0.171527
0.000000 0.000000 0.000000
0.000000 0.000000 0.000000
-0.239808 0.227633 0.253525
-0.634472 0.213557 0.058551
0.000000 0.000000 0.000000
-0.829832 -0.007796 -0.207227
-0.164938 0.315345 -0.043570
0.000000 0.000000 0.000000
-0.797390 -0.081820 0.086815
-0.849297 0.145868 0.012584
0.000000 0.000000 0.000000
-0.587049 -0.121505 -0.698813
-0.672076 0.282991 -0.551698
0.000000 0.000000 0.000000
-0.620445 0.161277 -0.655986
-0.697958 0.171722 -0.496639
0.000000 0.000000 0.000000
0.000000 0.000000 0.000000
0.000000 0.000000 0.000000
0.000000 0.000000 0.000000
0.000000 0.000000 0.000000
-0.594467 -0.155690 0.191133
-0.349819 0.099531 -0.598269
0.000000 0.000000 0.000000
0.000000 0.000000 0.000000
0.000000 0.000000 0.000000
-0.709287 0.169720 0.066702
0.000000 0.000000 0.000000
0.000000 0.000000 0.000000
-0.644178 -0.170944 -0.576067
0.000000 0.000000 0.000000
-0.508730 0.283794 -0.490977
0.000000 0.000000 0.000000
-0.522903 0.045319 0.208490
0.000000 0.000000 0.000000
0.000000 0.000000 0.000000
0.000000 0.000000 0.000000
0.000000 0.000000 0.000000
0.000000 0.000000 0.000000
-0.892787 -0.023641 0.035113
0.000000 0.000000 0.000000
0.000000 0.000000 0.000000
0.000000 0.000000 0.000000
0.000000 0.000000 0.000000
0.000000 0.000000 0.000000
0.000000 0.000000 0.000000
-0.795210 0.203931 -0.298484
0.000000 0.000000 0.000000
-0.478710 0.125945 -0.644361
-0.748743 -0.347618 -0.007523
0.000000 0.000000 0.000000
-0.500255 0.296752 -0.408312
0.000000 0.000000 0.000000
-0.542586 -0.121272 0.213899
0.000000 0.000000 0.000000
0.000000 0.000000 0.000000
0.000000 0.000000 0.000000
-0.553646 -0.049646 -0.761465
0.000000 0.000000 0.000000
0.000000 0.000000 0.000000
-0.409196 0.304484 -0.166493
-0.735913 0.282606 -0.239602
-0.781643 -0.051013 -0.302879
0.000000 0.000000 0.000000
0.000000 0.000000 0.000000
0.000000 0.000000 0.000000
0.000000 0.000000 0.000000
-0.324566 0.214589 -0.513247
0.000000 0.000000 0.000000
0.000000 0.000000 0.000000
-0.696696 -0.008441 0.129255
-0.662819 0.090086 -0.561740
0.000000 0.000000 0.000000
0.000000 0.000000 0.000000
-0.683775 0.112179 0.111518
0.000000 0.000000 0.000000
-0.445232 0.303685 -0.223207
0.000000 0.000000 0.000000
-0.401751 0.131265 0.244921
-0.603965 0.289985 -0.479522
-0.851919 -0.281858 0.067720
0.000000 0.000000 0.000000
0.000000 0.000000 0.000000
-0.771346 0.134156 -0.341366
0.000000 0.000000 0.000000
-0.661627 -0.116082 -0.545068
0.000000 0.000000 0.000000
0.000000 0.000000 0.000000
0.000000 0.000000 0.000000
0.000000 0.000000 0.000000
0.000000 0.000000 0.000000
0.000000 0.000000 0.000000
0.000000 0.000000 0.000000
0.000000 0.000000 0.000000
-0.495716 0.253039 0.080568
0.000000 0.000000 0.000000
0.000000 0.000000 0.000000
0.000000 0.000000 0.000000
-0.630673 -0.328188 -0.128290
-0.883500 -0.002461 -0.096722
-0.792626 -0.225118 -0.264008
-0.349531 0.277588 -0.439110
0.000000 0.000000 0.000000
-0.563829 -0.131335 -0.745925
0.000000 0.000000 0.000000
0.000000 0.000000 0.000000
0.000000 0.000000 0.000000
-0.373595 0.299686 -0.072799
0.000000 0.000000 0.000000
0.000000 0.000000 0.000000
0.000000 0.000000 0.000000
-0.224512 0.221493 -0.462865
0.000000 0.000000 0.000000
-0.809550 0.185249 -0.002721
0.000000 0.000000 0.000000
-0.468825 0.116395 0.217943
-0.662089 -0.014524 -0.553539
0.000000 0.000000 0.000000
-0.137076 0.294564 0.151729
-0.183144 0.285980 0.162611
0.000000 0.000000 0.000000
0.000000 0.000000 0.000000
-0.758806 -0.240152 -0.332560
0.000000 0.000000 0.000000
-0.593143 0.255328 0.011716
0.000000 0.000000 0.000000
0.000000 0.000000 0.000000
-0.592855 0.274427 -0.070248
-0.529422 -0.004522 -0.732146
