-0.477363 0.060106 -0.671805
0.000000 0.000000 0.000000
0.624703 0.227282 -0.737628
0.000000 0.000000 0.000000
0.000000 0.000000 0.000000
0.107283 0.026652 -0.782185
0.000000 0.000000 0.000000
0.000000 0.000000 0.000000
0.000000 0.000000 0.000000
0.000000 0.000000 0.000000
-0.024547 -0.158120 -0.396146
0.000000 0.000000 0.000000
-0.773722 0.216658 -0.558776
-0.226408 0.223004 -0.939709
0.000000 0.000000 0.000000
0.445846 0.004303 -0.619509
0.000000 0.000000 0.000000
0.000000 0.000000 0.000000
0.306665 -0.132907 -0.391792
0.318403 0.221978 -0.908971
-0.192711 0.001691 -0.739124
0.000000 0.000000 0.000000
-0.689000 0.026190 -0.381178
0.000000 0.000000 0.000000
0.000000 0.000000 0.000000
0.000000 0.000000 0.000000
0.000000 0.000000 0.000000
-0.307952 -0.103187 -0.493413
0.000000 0.000000 0.000000
0.000000 0.000000 0.000000
0.000000 0.000000 0.000000
0.826688 0.225681 -0.506703
-0.547828 0.201023 -0.769994
0.157256 0.228235 -0.953097
0.000000 0.000000 0.000000
-0.472437 0.224994 -0.845269
-0.906859 0.223442 -0.313335
0.000000 0.000000 0.000000
0.059655 -0.100943 -0.583537
0.000000 0.000000 0.000000
0.000000 0.000000 0.000000
0.000000 0.000000 0.000000
0.244214 0.038235 -0.768351
0.546037 -0.036189 -0.448129
-0.490984 -0.050763 -0.473390
0.000000 0.000000 0.000000
0.151799 -0.105943 -0.559258
-0.028649 0.118735 -0.887012
0.000000 0.000000 0.000000
0.432611 0.138083 -0.795110
0.000000 0.000000 0.000000
0.000000 0.000000 0.000000
0.661804 0.116449 -0.585815
-0.205623 0.088185 -0.833324
0.000000 0.000000 0.000000
-0.521939 -0.072491 -0.372417
-0.629457 0.076194 -0.559632
-0.266535 -0.155702 -0.307471
0.000000 0.000000 0.000000
-0.317645 0.092467 -0.795327
0.185610 0.032471 -0.776577
0.000000 0.000000 0.000000
0.000000 0.000000 0.000000
0.000000 0.000000 0.000000
-0.146969 -0.098935 -0.575491
0.000000 0.000000 0.000000
0.000000 0.000000 0.000000
-0.854043 0.229132 -0.451036
0.336209 -0.068857 -0.559681
-0.053870 0.016142 -0.774231
0.516811 0.045325 -0.626586
0.000000 0.000000 0.000000
0.000000 0.000000 0.000000
0.000000 0.000000 0.000000
0.000000 0.000000 0.000000
0.000000 0.000000 0.000000
0.553190 0.078667 -0.642690
0.000000 0.000000 0.000000
0.000000 0.000000 0.000000
0.000000 0.000000 0.000000
0.000000 0.000000 0.000000
0.000000 0.000000 0.000000
0.000000 0.000000 0.000000
-0.353977 -0.035616 -0.611590
0.000000 0.000000 0.000000
0.000000 0.000000 0.000000
0.414385 -0.071076 -0.498606
0.000000 0.000000 0.000000
-0.765115 0.112921 -0.438299
0.000000 0.000000 0.000000
0.000000 0.000000 0.000000
-0.468006 -0.092878 -0.368441
0.000000 0.000000 0.000000
0.785290 0.222750 -0.557405
0.055837 0.223896 -0.963454
0.000000 0.000000 0.000000
0.000000 0.000000 0.000000
0.000000 0.000000 0.000000
-0.782975 0.065689 -0.275701
0.000000 0.000000 0.000000
0.236233 -0.039967 -0.655961
0.000000 0.000000 0.000000
0.000000 0.000000 0.000000
0.000000 0.000000 0.000000
0.011167 -0.055360 -0.677908
0.000000 0.000000 0.000000
0.000000 0.000000 0.000000
-0.124257 0.110256 -0.867199
-0.675802 0.177422 -0.642379
-0.034886 -0.123483 -0.524157
0.000000 0.000000 0.000000
-0.166336 -0.149670 -0.404335
0.000000 0.000000 0.000000
0.000000 0.000000 0.000000
0.674257 0.216605 -0.690403
0.000000 0.000000 0.000000
0.000000 0.000000 0.000000
0.000000 0.000000 0.000000
0.420106 -0.085363 -0.457540
-0.673465 0.225630 -0.694775
0.115278 -0.139104 -0.464546
-0.240399 0.114073 -0.850052
0.000000 0.000000 0.000000
0.000000 0.000000 0.000000
0.105724 0.113301 -0.871798
-0.569558 0.083633 -0.632225
-0.287076 0.006625 -0.707925
0.000000 0.000000 0.000000
-0.080784 0.208908 -0.949027
0.000000 0.000000 0.000000
0.000000 0.000000 0.000000
0.756960 0.135459 -0.488896
0.000000 0.000000 0.000000
0.000000 0.000000 0.000000
0.000000 0.000000 0.000000
0.458962 0.227555 -0.854920
-0.599601 0.012430 -0.482768
-0.118332 -0.052121 -0.665383
-0.362211 -0.084592 -0.495317
-0.345710 0.202433 -0.881069
0.300980 0.133325 -0.844415
0.000000 0.000000 0.000000
0.000000 0.000000 0.000000
0.357419 0.040856 -0.722528
0.000000 0.000000 0.000000
0.640789 0.043509 -0.494796
0.126629 -0.039926 -0.688542
0.000000 0.000000 0.000000
-0.347058 -0.129602 -0.371064
-0.498901 0.005491 -0.576873
0.000000 0.000000 0.000000
0.000000 0.000000 0.000000
0.000000 0.000000 0.000000
0.000000 0.000000 0.000000
0.000000 0.000000 0.000000
0.000000 0.000000 0.000000
0.000000 0.000000 0.000000
0.520716 0.217527 -0.809027
0.000000 0.000000 0.000000
-0.830851 0.139501 -0.334028
0.000000 0.000000 0.000000
0.000000 0.000000 0.000000
0.000000 0.000000 0.000000
-0.343223 -0.078756 -0.529494
0.000000 0.000000 0.000000
0.000000 0.000000 0.000000
0.000000 0.000000 0.000000
0.000000 0.000000 0.000000
-0.239656 -0.070430 -0.597018
0.000000 0.000000 0.000000
-0.669223 -0.017851 -0.277955
0.000000 0.000000 0.000000
0.558267 0.012145 -0.542852
-0.678085 0.048736 -0.449339
-0.387490 0.053159 -0.723288
0.216420 0.108225 -0.853764
-0.429892 0.135392 -0.790717
0.000000 0.000000 0.000000
0.000000 0.000000 0.000000
0.000000 0.000000 0.000000
0.521517 0.153464 -0.750565
0.000000 0.000000 0.000000
0.000000 0.000000 0.000000
0.000000 0.000000 0.000000
0.000000 0.000000 0.000000
0.000000 0.000000 0.000000
0.000000 0.000000 0.000000
0.000000 0.000000 0.000000
0.000000 0.000000 0.000000
0.045623 0.041088 -0.807118
-0.717310 0.124132 -0.518562
0.000000 0.000000 0.000000
0.000000 0.000000 0.000000
-0.580974 -0.064369 -0.298529
0.000000 0.000000 0.000000
0.000000 0.000000 0.000000
0.000000 0.000000 0.000000
0.000000 0.000000 0.000000
0.000000 0.000000 0.000000
-0.108852 -0.143396 -0.454690
0.000000 0.000000 0.000000
0.000000 0.000000 0.000000
-0.431145 -0.013672 -0.595604
0.000000 0.000000 0.000000
0.465606 0.087848 -0.721130
0.000000 0.000000 0.000000
0.000000 0.000000 0.000000
0.000000 0.000000 0.000000
0.000000 0.000000 0.000000
-0.263807 -0.135116 -0.411159
0.000000 0.000000 0.000000
0.000000 0.000000 0.000000
0.000000 0.000000 0.000000
0.617488 0.122658 -0.643975
0.000000 0.000000 0.000000
-0.807210 0.154794 -0.426188
-0.228633 -0.111146 -0.506211
0.789139 0.143467 -0.455723
0.000000 0.000000 0.000000
0.000000 0.000000 0.000000
-0.516465 0.127600 -0.723768
0.000000 0.000000 0.000000
0.240490 -0.105083 -0.520351
0.000000 0.000000 0.000000
0.228393 -0.130027 -0.454340
0.000000 0.000000 0.000000
0.000000 0.000000 0.000000
0.090249 -0.164024 -0.364000
0.000000 0.000000 0.000000
0.228733 0.184100 -0.913218
0.308715 -0.002339 -0.687760
-0.391424 -0.131457 -0.316274
0.000000 0.000000 0.000000
-0.227829 0.055480 -0.792323
-0.545726 0.001282 -0.528317
-0.386817 0.140022 -0.812650
0.000000 0.000000 0.000000
0.000000 0.000000 0.000000
0.714554 0.182435 -0.604278
0.000000 0.000000 0.000000
0.317128 -0.109300 -0.470517
-0.597019 -0.019191 -0.410934
0.000000 0.000000 0.000000
0.000000 0.000000 0.000000
-0.149202 0.042760 -0.792659
0.000000 0.000000 0.000000
-0.072255 -0.088411 -0.606940
0.000000 0.000000 0.000000
0.000000 0.000000 0.000000
0.000000 0.000000 0.000000
0.000000 0.000000 0.000000
0.000000 0.000000 0.000000
0.000000 0.000000 0.000000
0.000000 0.000000 0.000000
0.000000 0.000000 0.000000
0.324952 0.101795 -0.804269
0.414913 0.031009 -0.683931
0.000000 0.000000 0.000000
0.000000 0.000000 0.000000
0.000000 0.000000 0.000000
0.171573 -0.073736 -0.620083
0.000000 0.000000 0.000000
-0.364835 -0.107470 -0.430524
0.000000 0.000000 0.000000
0.376881 -0.022704 -0.622283
-0.068841 0.163039 -0.918284
-0.589607 0.133903 -0.673010
0.000000 0.000000 0.000000
0.000000 0.000000 0.000000
0.000000 0.000000 0.000000
0.161307 0.158047 -0.901741
0.000000 0.000000 0.000000
0.394748 -0.032803 -0.590187
0.000000 0.000000 0.000000
0.215396 -0.153244 -0.372779
0.000000 0.000000 0.000000
0.051502 -0.132019 -0.497395
-0.701865 0.163671 -0.590324
0.483371 -0.021987 -0.545091
0.000000 0.000000 0.000000
-0.739250 0.072219 -0.393903
0.000000 0.000000 0.000000
0.000000 0.000000 0.000000
0.000000 0.000000 0.000000
0.000000 0.000000 0.000000
0.036565 0.163291 -0.922503
-0.489456 -0.103653 -0.302549
-0.396504 0.216172 -0.870124
-0.200457 -0.039313 -0.669800
-0.041806 -0.169588 -0.319777
0.000000 0.000000 0.000000
0.377226 0.165693 -0.841517
-0.415574 0.034017 -0.683827
0.000000 0.000000 0.000000
-0.728579 0.036602 -0.322399
0.000000 0.000000 0.000000
0.000000 0.000000 0.000000
0.412844 -0.108585 -0.388273
0.000000 0.000000 0.000000
0.000000 0.000000 0.000000
0.000000 0.000000 0.000000
0.000000 0.000000 0.000000
0.000000 0.000000 0.000000
-0.269435 -0.027823 -0.661070
0.000000 0.000000 0.000000
-0.425602 -0.051752 -0.522900
0.064526 -0.070184 -0.646078
0.000000 0.000000 0.000000
0.563732 0.138148 -0.701215
0.000000 0.000000 0.000000
-0.038402 -0.048106 -0.685780
0.000000 0.000000 0.000000
0.000000 0.000000 0.000000
-0.269069 0.180528 -0.896264
0.000000 0.000000 0.000000
0.000000 0.000000 0.000000
0.047488 0.075827 -0.844237
0.000000 0.000000 0.000000
-0.781199 0.170130 -0.495599
0.000000 0.000000 0.000000
-0.324578 0.005841 -0.688429
0.000000 0.000000 0.000000
0.000000 0.000000 0.000000
0.000000 0.000000 0.000000
-0.161071 0.180080 -0.918666
-0.325189 -0.146072 -0.312570
0.303039 0.066024 -0.775703
0.000000 0.000000 0.000000
0.620706 0.077969 -0.578184
0.000000 0.000000 0.000000
0.000000 0.000000 0.000000
0.000000 0.000000 0.000000
0.000000 0.000000 0.000000
0.000000 0.000000 0.000000
0.307964 -0.031003 -0.642341
0.000000 0.000000 0.000000
0.000000 0.000000 0.000000
0.000000 0.000000 0.000000
0.000000 0.000000 0.000000
0.000000 0.000000 0.000000
0.000000 0.000000 0.000000
0.719095 0.074557 -0.444522
-0.025430 -0.145719 -0.457655
0.000000 0.000000 0.000000
-0.096092 -0.018189 -0.724235
0.000000 0.000000 0.000000
0.000000 0.000000 0.000000
0.000000 0.000000 0.000000
0.199815 -0.022999 -0.702083
0.277101 -0.072033 -0.584084
0.000000 0.000000 0.000000
-0.211868 -0.154831 -0.361739
-0.145637 -0.164200 -0.332903
0.000000 0.000000 0.000000
0.381228 0.093280 -0.772003
0.000000 0.000000 0.000000
-0.553176 0.048614 -0.596913
-0.097385 -0.158753 -0.388859
0.000000 0.000000 0.000000
0.000000 0.000000 0.000000
0.470220 -0.072129 -0.447787
0.000000 0.000000 0.000000
-0.613205 0.186399 -0.706899
0.000000 0.000000 0.000000
-0.275073 -0.083949 -0.556508
0.000000 0.000000 0.000000
0.000000 0.000000 0.000000
0.057963 -0.009612 -0.741848
0.000000 0.000000 0.000000
0.000000 0.000000 0.000000
0.000000 0.000000 0.000000
0.149289 -0.148109 -0.420105
0.572479 0.185850 -0.741970
0.000000 0.000000 0.000000
0.000000 0.000000 0.000000
0.690176 0.076431 -0.485201
0.000000 0.000000 0.000000
0.000000 0.000000 0.000000
-0.639061 0.121334 -0.616774
0.000000 0.000000 0.000000
0.000000 0.000000 0.000000
0.000000 0.000000 0.000000
0.000000 0.000000 0.000000
-0.204525 -0.130633 -0.459823
-0.019353 0.048665 -0.818719
0.057822 -0.151199 -0.432700
0.000000 0.000000 0.000000
-0.776887 0.086549 -0.343377
0.000000 0.000000 0.000000
0.000000 0.000000 0.000000
0.000000 0.000000 0.000000
0.000000 0.000000 0.000000
0.000000 0.000000 0.000000
0.000000 0.000000 0.000000
-0.239213 0.028955 -0.754463
0.000000 0.000000 0.000000
-0.293486 0.127533 -0.841235
0.000000 0.000000 0.000000
0.000000 0.000000 0.000000
-0.013695 0.213595 -0.961115
0.160742 0.085154 -0.838467
-0.091554 0.066971 -0.829055
0.000000 0.000000 0.000000
0.007415 -0.105359 -0.575545
-0.618780 -0.032287 -0.346437
0.214162 -0.089321 -0.568080
-0.545831 -0.026931 -0.464382
-0.662383 0.024254 -0.423393
0.000000 0.000000 0.000000
0.000000 0.000000 0.000000
0.000000 0.000000 0.000000
0.024641 -0.167439 -0.335619
0.364339 -0.082683 -0.502579
-0.488615 0.174559 -0.792592
-0.721982 0.225454 -0.636167
-0.867361 0.197931 -0.363028
0.000000 0.000000 0.000000
-0.467929 -0.027033 -0.540937
0.000000 0.000000 0.000000
0.000000 0.000000 0.000000
-0.622318 0.042285 -0.509790
0.000000 0.000000 0.000000
0.000000 0.000000 0.000000
0.000000 0.000000 0.000000
0.000000 0.000000 0.000000
-0.424257 -0.088754 -0.437014
0.000000 0.000000 0.000000
-0.471709 0.128188 -0.758712
0.000000 0.000000 0.000000
0.569527 0.220869 -0.774394
0.598939 0.002274 -0.463750
0.000000 0.000000 0.000000
0.000000 0.000000 0.000000
-0.717058 0.096258 -0.475051
0.717919 0.148323 -0.557067
-0.318683 0.049926 -0.747753
0.000000 0.000000 0.000000
-0.521581 0.073819 -0.657011
0.458025 0.110711 -0.753121
0.000000 0.000000 0.000000
0.000000 0.000000 0.000000
0.000000 0.000000 0.000000
-0.119806 -0.120595 -0.520487
0.000000 0.000000 0.000000
0.000000 0.000000 0.000000
0.000000 0.000000 0.000000
0.000000 0.000000 0.000000
-0.173233 -0.071306 -0.622599
0.000000 0.000000 0.000000
0.000000 0.000000 0.000000
0.000000 0.000000 0.000000
0.000000 0.000000 0.000000
0.000000 0.000000 0.000000
0.263579 0.093591 -0.822687
0.113363 0.186923 -0.930108
0.000000 0.000000 0.000000
0.441005 0.174374 -0.822962
-0.207736 0.168437 -0.904450
0.000000 0.000000 0.000000
0.000000 0.000000 0.000000
0.000000 0.000000 0.000000
0.000000 0.000000 0.000000
0.000000 0.000000 0.000000
0.000000 0.000000 0.000000
-0.080258 -0.051662 -0.674321
0.000000 0.000000 0.000000
0.000000 0.000000 0.000000
-0.023291 -0.081057 -0.624798
0.000000 0.000000 0.000000
0.000000 0.000000 0.000000
-0.670295 0.083417 -0.517938
0.000000 0.000000 0.000000
0.000000 0.000000 0.000000
-0.395624 0.094239 -0.766513
-0.493139 -0.065746 -0.429748
0.638492 0.170409 -0.678001
0.770861 0.171611 -0.518734
0.000000 0.000000 0.000000
-0.474603 0.026184 -0.624573
-0.401322 -0.114788 -0.377211
0.000000 0.000000 0.000000
-0.316259 -0.055860 -0.595510
0.000000 0.000000 0.000000
0.000000 0.000000 0.000000
0.000000 0.000000 0.000000
0.167928 -0.129858 -0.479997
-0.157727 -0.124727 -0.497707
0.000000 0.000000 0.000000
0.000000 0.000000 0.000000
0.000000 0.000000 0.000000
0.000000 0.000000 0.000000
-0.014301 0.175637 -0.934620
0.000000 0.000000 0.000000
0.000000 0.000000 0.000000
0.000000 0.000000 0.000000
0.155757 -0.012974 -0.721680
0.000000 0.000000 0.000000
0.000000 0.000000 0.000000
0.000000 0.000000 0.000000
0.000000 0.000000 0.000000
0.000000 0.000000 0.000000
0.000000 0.000000 0.000000
0.000000 0.000000 0.000000
-0.676696 0.114913 -0.559095
0.114290 -0.084498 -0.610132
0.000000 0.000000 0.000000
0.478741 0.058875 -0.672922
0.052719 0.118807 -0.883662
-0.602128 0.219927 -0.744560
0.000000 0.000000 0.000000
0.000000 0.000000 0.000000
0.000000 0.000000 0.000000
0.342637 -0.110917 -0.440371
0.000000 0.000000 0.000000
-0.441546 0.077088 -0.722424
0.560921 0.040822 -0.586200
-0.556125 0.161127 -0.726780
0.000000 0.000000 0.000000
0.000000 0.000000 0.000000
0.000000 0.000000 0.000000
-0.433692 -0.120157 -0.305362
0.000000 0.000000 0.000000
0.000000 0.000000 0.000000
0.002997 -0.027162 -0.722114
0.000000 0.000000 0.000000
0.092331 -0.112398 -0.550340
-0.382755 -0.002539 -0.648808
-0.871423 0.168165 -0.299720
-0.196657 -0.094603 -0.565513
0.000000 0.000000 0.000000
-0.797633 0.122512 -0.380290
-0.730508 0.165834 -0.555897
0.000000 0.000000 0.000000
0.000000 0.000000 0.000000
0.000000 0.000000 0.000000
0.000000 0.000000 0.000000
-0.285863 0.214275 -0.914631
0.000000 0.000000 0.000000
0.000000 0.000000 0.000000
-0.855288 0.202508 -0.399947
-0.387343 -0.046083 -0.564104
0.000000 0.000000 0.000000
0.461527 -0.046028 -0.511290
0.359383 0.122702 -0.811819
0.000000 0.000000 0.000000
0.000000 0.000000 0.000000
0.000000 0.000000 0.000000
-0.716283 0.011236 -0.269021
0.106131 0.082655 -0.841695
0.000000 0.000000 0.000000
0.000000 0.000000 0.000000
0.000000 0.000000 0.000000
0.000000 0.000000 0.000000
0.000000 0.000000 0.000000
0.000000 0.000000 0.000000
0.000000 0.000000 0.000000
0.000000 0.000000 0.000000
0.370814 0.223974 -0.888785
-0.507128 0.098547 -0.698402
0.000000 0.000000 0.000000
0.101460 -0.012977 -0.731453
0.095728 -0.126476 -0.513295
0.000000 0.000000 0.000000
-0.127503 0.144224 -0.895036
0.574674 -0.032781 -0.414983
0.000000 0.000000 0.000000
0.000000 0.000000 0.000000
0.000000 0.000000 0.000000
0.302273 0.030259 -0.734335
0.000000 0.000000 0.000000
-0.436656 -0.063802 -0.489221
0.000000 0.000000 0.000000
-0.295468 -0.141722 -0.358358
-0.683846 0.003040 -0.324643
-0.316330 -0.116662 -0.437927
0.486837 0.166687 -0.790816
0.000000 0.000000 0.000000
0.282727 0.182828 -0.894763
0.658051 0.145982 -0.630422
0.000000 0.000000 0.000000
0.000000 0.000000 0.000000
-0.816249 0.209789 -0.495558
-0.545468 0.107820 -0.680347
-0.068293 -0.150944 -0.426467
0.000000 0.000000 0.000000
0.000000 0.000000 0.000000
0.669695 0.088714 -0.533959
0.000000 0.000000 0.000000
0.000000 0.000000 0.000000
-0.145393 0.218314 -0.947129
-0.505334 0.204258 -0.805214
0.532037 -0.017299 -0.506674
0.000000 0.000000 0.000000
-0.150978 -0.036894 -0.689730
0.689567 0.190758 -0.646208
0.000000 0.000000 0.000000
0.000000 0.000000 0.000000
0.000000 0.000000 0.000000
0.000000 0.000000 0.000000
0.000000 0.000000 0.000000
-0.260212 -0.118105 -0.473734
0.518429 0.010662 -0.574856
0.418045 0.067413 -0.729517
0.104187 0.146519 -0.899751
0.000000 0.000000 0.000000
0.000000 0.000000 0.000000
0.000000 0.000000 0.000000
0.000000 0.000000 0.000000
-0.539755 -0.081917 -0.317665
-0.832432 0.163098 -0.383040
0.000000 0.000000 0.000000
0.000000 0.000000 0.000000
-0.241168 -0.006204 -0.705003
0.000000 0.000000 0.000000
0.270626 0.220817 -0.927890
0.000000 0.000000 0.000000
0.000000 0.000000 0.000000
0.252746 0.139457 -0.870822
0.000000 0.000000 0.000000
0.000000 0.000000 0.000000
-0.339834 0.127141 -0.821686
0.000000 0.000000 0.000000
0.135769 -0.157011 -0.385429
-0.191925 0.029191 -0.771237
0.748589 0.187470 -0.565580
0.000000 0.000000 0.000000
0.527340 0.113537 -0.704907
0.000000 0.000000 0.000000
0.000000 0.000000 0.000000
0.000000 0.000000 0.000000
0.000000 0.000000 0.000000
0.000000 0.000000 0.000000
0.000000 0.000000 0.000000
0.000000 0.000000 0.000000
0.000000 0.000000 0.000000
0.000000 0.000000 0.000000
0.042855 -0.113805 -0.548940
0.000000 0.000000 0.000000
0.000000 0.000000 0.000000
-0.215578 0.139965 -0.878981
0.000000 0.000000 0.000000
0.000000 0.000000 0.000000
0.000000 0.000000 0.000000
0.000000 0.000000 0.000000
0.000000 0.000000 0.000000
0.000000 0.000000 0.000000
-0.325320 0.161934 -0.857523
0.000000 0.000000 0.000000
0.000000 0.000000 0.000000
0.000000 0.000000 0.000000
-0.434350 0.193906 -0.838038
0.000000 0.000000 0.000000
0.000000 0.000000 0.000000
0.000000 0.000000 0.000000
0.594982 0.087331 -0.619354
-0.276411 0.067818 -0.788089
0.000000 0.000000 0.000000
0.000000 0.000000 0.000000
-0.556920 -0.045552 -0.401679
0.000000 0.000000 0.000000
0.000000 0.000000 0.000000
-0.513857 0.159363 -0.758536
0.000000 0.000000 0.000000
0.000000 0.000000 0.000000
0.000000 0.000000 0.000000
-0.645855 0.174780 -0.672129
0.347235 -0.047922 -0.595027
0.000000 0.000000 0.000000
-0.723721 0.047974 -0.363104
0.600358 0.169439 -0.705397
0.000000 0.000000 0.000000
0.436476 -0.036754 -0.549911
0.000000 0.000000 0.000000
0.000000 0.000000 0.000000
0.000000 0.000000 0.000000
0.282612 -0.102046 -0.511365
0.719463 0.106248 -0.497103
0.490451 -0.077992 -0.401789
-0.431482 0.012051 -0.639651
0.000000 0.000000 0.000000
-0.576380 -0.059228 -0.339048
0.000000 0.000000 0.000000
0.000000 0.000000 0.000000
0.000000 0.000000 0.000000
-0.219236 -0.138755 -0.423622
0.350002 -0.010879 -0.655120
0.257697 -0.135558 -0.417927
0.290551 -0.084889 -0.546212
0.000000 0.000000 0.000000
-0.086516 -0.130064 -0.498848
0.000000 0.000000 0.000000
0.000000 0.000000 0.000000
0.000000 0.000000 0.000000
-0.097202 -0.165068 -0.344605
0.000000 0.000000 0.000000
0.000000 0.000000 0.000000
0.000000 0.000000 0.000000
0.000000 0.000000 0.000000
0.219264 0.012773 -0.744523
0.000000 0.000000 0.000000
-0.458356 -0.072960 -0.447677
0.000000 0.000000 0.000000
-0.766533 0.138645 -0.473921
0.000000 0.000000 0.000000
0.000000 0.000000 0.000000
0.222703 0.070910 -0.814132
0.000000 0.000000 0.000000
0.000000 0.000000 0.000000
-0.562008 0.138439 -0.700004
-0.516648 -0.026303 -0.503831
0.000000 0.000000 0.000000
0.000000 0.000000 0.000000
0.000000 0.000000 0.000000
0.637375 0.021518 -0.454168
0.589553 0.020318 -0.514232
0.000000 0.000000 0.000000
-0.078884 0.105252 -0.868262
