0.000000 0.000000 0.000000
0.000000 0.000000 0.000000
-0.867285 0.117983 -0.137479
0.000000 0.000000 0.000000
-0.108393 -0.175318 0.009130
0.947553 0.220816 -0.158584
0.000000 0.000000 0.000000
0.454285 -0.128920 -0.250164
-0.560185 -0.080990 0.268551
0.000000 0.000000 0.000000
-0.447717 -0.127835 -0.260763
0.332136 -0.167264 0.055491
-0.902004 0.224172 0.320572
0.000000 0.000000 0.000000
0.948570 0.220493 0.143441
0.000000 0.000000 0.000000
0.756736 0.000443 -0.049315
0.723996 0.049303 -0.384337
0.000000 0.000000 0.000000
0.000000 0.000000 0.000000
0.000000 0.000000 0.000000
-0.375251 -0.162202 0.024741
0.000000 0.000000 0.000000
0.000000 0.000000 0.000000
0.070870 -0.175318 0.193455
-0.646623 -0.070208 -0.032270
0.148381 -0.175318 -0.152591
0.627724 -0.079040 0.058187
-0.192064 -0.173135 -0.168969
-0.794197 0.050992 0.181516
0.000000 0.000000 0.000000
-0.947787 0.222557 0.121924
0.000000 0.000000 0.000000
0.000000 0.000000 0.000000
0.819629 0.157157 0.405677
0.000000 0.000000 0.000000
0.000000 0.000000 0.000000
0.000000 0.000000 0.000000
0.000000 0.000000 0.000000
0.425859 -0.139467 0.219094
0.000000 0.000000 0.000000
0.000000 0.000000 0.000000
0.000000 0.000000 0.000000
-0.614510 -0.065810 -0.219508
0.791105 0.044388 0.189037
0.817867 0.094640 -0.277495
0.000000 0.000000 0.000000
-0.377917 -0.149820 0.224431
0.000000 0.000000 0.000000
0.000000 0.000000 0.000000
0.941525 0.192973 0.051275
0.645744 -0.057027 -0.186534
0.063265 -0.175318 0.018866
0.348964 -0.165288 -0.102979
0.000000 0.000000 0.000000
0.837790 0.074317 -0.083348
0.000000 0.000000 0.000000
0.532202 -0.117307 -0.099150
-0.832400 0.068043 0.037269
0.000000 0.000000 0.000000
0.264949 -0.164085 0.261000
0.000000 0.000000 0.000000
0.000000 0.000000 0.000000
0.000000 0.000000 0.000000
-0.556515 -0.109295 0.071860
-0.043012 -0.175318 -0.143875
0.000000 0.000000 0.000000
0.000000 0.000000 0.000000
-0.396665 -0.151092 -0.158620
0.823764 0.063341 0.102503
0.000000 0.000000 0.000000
0.554057 -0.098051 0.205013
0.000000 0.000000 0.000000
0.906323 0.227026 -0.333563
-0.416095 -0.145158 0.166720
0.153294 -0.164648 -0.327555
-0.235223 -0.173232 0.093813
0.000000 0.000000 0.000000
-0.764327 0.032689 -0.224314
0.000000 0.000000 0.000000
0.487695 -0.135498 -0.032228
-0.657007 -0.049830 0.162525
-0.393345 -0.137396 0.274651
0.592443 -0.061576 -0.303663
0.000000 0.000000 0.000000
0.000000 0.000000 0.000000
0.214129 -0.175318 0.007469
0.000000 0.000000 0.000000
-0.933693 0.221520 0.222423
-0.803612 0.154061 0.427595
-0.916773 0.156051 -0.005767
0.000000 0.000000 0.000000
0.000000 0.000000 0.000000
0.000000 0.000000 0.000000
0.186859 -0.174078 0.124035
-0.080086 -0.175318 0.145322
0.000000 0.000000 0.000000
0.000000 0.000000 0.000000
0.912990 0.223048 0.304556
0.000000 0.000000 0.000000
0.000000 0.000000 0.000000
-0.277573 -0.173334 -0.035049
0.381928 -0.154245 0.174169
0.741708 0.002201 -0.162165
-0.825232 0.125911 0.315243
-0.757600 0.007565 -0.085530
0.249374 -0.165835 -0.250967
0.000000 0.000000 0.000000
0.000000 0.000000 0.000000
0.798185 0.072762 0.263787
0.000000 0.000000 0.000000
0.000000 0.000000 0.000000
0.000000 0.000000 0.000000
0.687621 -0.035517 0.158254
-0.505003 -0.129833 -0.062775
0.000000 0.000000 0.000000
0.490698 -0.132366 0.085743
0.000000 0.000000 0.000000
0.000000 0.000000 0.000000
0.000000 0.000000 0.000000
0.395617 -0.131581 -0.316895
-0.227446 -0.174776 0.025057
0.000000 0.000000 0.000000
0.861337 0.227941 0.438073
0.027373 -0.172826 -0.268009
0.000000 0.000000 0.000000
0.000000 0.000000 0.000000
0.000000 0.000000 0.000000
-0.942741 0.215414 -0.128389
0.000000 0.000000 0.000000
0.000000 0.000000 0.000000
0.000000 0.000000 0.000000
-0.078131 -0.172555 -0.276071
0.637553 -0.073013 -0.055191
0.000000 0.000000 0.000000
0.000000 0.000000 0.000000
0.000000 0.000000 0.000000
0.000000 0.000000 0.000000
-0.874633 0.126621 0.123629
0.814805 0.142343 -0.393814
-0.603923 -0.082390 0.141482
0.000000 0.000000 0.000000
0.000000 0.000000 0.000000
-0.852018 0.127638 -0.257617
0.000000 0.000000 0.000000
-0.738236 -0.011004 0.017205
0.000000 0.000000 0.000000
0.939989 0.185121 -0.027033
0.058222 -0.175318 0.058610
0.872561 0.126941 -0.186337
0.000000 0.000000 0.000000
0.000000 0.000000 0.000000
0.706763 -0.033608 0.037070
0.000000 0.000000 0.000000
-0.106378 -0.173017 0.233001
-0.720488 0.023674 0.291883
0.000000 0.000000 0.000000
-0.059064 -0.175318 0.019905
0.000000 0.000000 0.000000
-0.208321 -0.164718 -0.291023
0.000000 0.000000 0.000000
0.230024 -0.173216 -0.114446
0.000000 0.000000 0.000000
-0.918352 0.168094 0.055256
-0.503932 -0.110319 0.237270
0.494770 -0.089810 -0.356601
-0.846204 0.113431 0.234752
0.000000 0.000000 0.000000
0.881457 0.140718 0.199435
0.000000 0.000000 0.000000
-0.096802 -0.175318 -0.107093
0.794369 0.027456 -0.001330
0.000000 0.000000 0.000000
0.000000 0.000000 0.000000
0.000000 0.000000 0.000000
0.710504 0.003084 -0.266175
0.000000 0.000000 0.000000
-0.939375 0.227044 -0.214586
-0.578006 -0.105719 0.001937
0.592851 -0.087749 -0.171893
-0.275593 -0.169415 0.149127
0.407704 -0.156898 -0.028457
0.340837 -0.150112 -0.273943
-0.707500 -0.015654 -0.187193
0.000000 0.000000 0.000000
0.051653 -0.175318 -0.083797
-0.297550 -0.167055 -0.156840
0.617769 -0.017161 -0.399460
-0.527115 -0.108175 -0.201450
-0.669528 -0.047102 -0.137215
0.000000 0.000000 0.000000
-0.406989 -0.155188 0.069347
-0.645360 -0.035217 0.263856
0.000000 0.000000 0.000000
0.725236 0.008876 0.252455
0.000000 0.000000 0.000000
0.000000 0.000000 0.000000
0.442874 -0.142845 -0.140976
0.610029 -0.059969 0.262461
0.047820 -0.174030 -0.223884
-0.728713 -0.010677 0.084870
0.874133 0.103488 0.018789
0.157408 -0.171190 -0.261358
0.879145 0.155313 -0.266226
0.100261 -0.175318 0.072183
0.849307 0.148137 0.314764
0.000000 0.000000 0.000000
-0.803261 0.056261 -0.166970
-0.570812 -0.102706 -0.091123
0.000000 0.000000 0.000000
0.000000 0.000000 0.000000
-0.748130 0.081588 0.390535
-0.074766 -0.175318 0.094535
0.553342 -0.112311 0.031447
0.000000 0.000000 0.000000
0.000000 0.000000 0.000000
0.000000 0.000000 0.000000
-0.831458 0.070945 -0.059541
-0.457310 -0.132443 -0.186663
-0.800475 0.046965 0.089881
0.265355 -0.169120 0.176761
0.000000 0.000000 0.000000
0.142764 -0.175318 -0.040801
-0.158310 -0.174005 0.158438
0.000000 0.000000 0.000000
0.250083 -0.173325 0.025776
0.000000 0.000000 0.000000
0.782997 0.080080 -0.324726
0.000000 0.000000 0.000000
0.347767 -0.166880 -0.017444
0.904527 0.152639 -0.104543
0.000000 0.000000 0.000000
0.774409 0.019754 0.097946
0.000000 0.000000 0.000000
0.000000 0.000000 0.000000
-0.849150 0.184712 0.376927
0.000000 0.000000 0.000000
0.890052 0.139965 0.129372
0.000000 0.000000 0.000000
0.000000 0.000000 0.000000
-0.110750 -0.173773 -0.210710
0.000000 0.000000 0.000000
-0.397750 -0.157624 -0.060294
-0.724655 -0.003964 0.176121
0.178134 -0.175318 0.053961
0.654028 -0.030159 -0.289619
0.000000 0.000000 0.000000
0.000000 0.000000 0.000000
0.000000 0.000000 0.000000
0.000000 0.000000 0.000000
-0.857906 0.151235 0.288102
0.000000 0.000000 0.000000
0.000000 0.000000 0.000000
0.156236 -0.172425 0.231909
0.000000 0.000000 0.000000
0.546265 -0.103213 -0.190119
0.000000 0.000000 0.000000
0.812009 0.063222 -0.185005
0.762581 0.067054 0.335220
0.000000 0.000000 0.000000
0.000000 0.000000 0.000000
0.000000 0.000000 0.000000
0.000000 0.000000 0.000000
0.000000 0.000000 0.000000
0.000000 0.000000 0.000000
-0.655504 -0.057209 0.091107
-0.181724 -0.175318 -0.053664
-0.357670 -0.151308 -0.235425
0.372840 -0.160380 0.116236
0.000000 0.000000 0.000000
0.336394 -0.162761 -0.178894
0.000000 0.000000 0.000000
0.000000 0.000000 0.000000
0.000000 0.000000 0.000000
0.695767 -0.044244 -0.015120
0.692978 -0.038678 -0.106955
0.000000 0.000000 0.000000
0.395812 -0.148451 -0.204473
0.000000 0.000000 0.000000
0.155296 -0.175318 0.144241
-0.960799 0.219406 0.007731
-0.043429 -0.175318 0.214715
0.000000 0.000000 0.000000
0.000000 0.000000 0.000000
0.000000 0.000000 0.000000
0.000000 0.000000 0.000000
0.000000 0.000000 0.000000
0.940092 0.228023 -0.253441
0.767749 0.040585 -0.252397
0.772378 0.015720 -0.083383
0.000000 0.000000 0.000000
0.000000 0.000000 0.000000
0.234079 -0.163205 -0.296092
-0.911877 0.183126 0.184206
0.000000 0.000000 0.000000
-0.482395 -0.137209 0.044071
0.864407 0.211253 -0.406519
-0.761285 0.075342 0.346847
0.000000 0.000000 0.000000
0.000000 0.000000 0.000000
0.000000 0.000000 0.000000
0.000000 0.000000 0.000000
0.000000 0.000000 0.000000
0.000000 0.000000 0.000000
-0.308915 -0.171386 0.003494
-0.273423 -0.162990 -0.249592
0.572839 -0.102047 0.116138
0.273876 -0.172547 -0.053991
0.493776 -0.115372 0.229286
0.000000 0.000000 0.000000
0.000000 0.000000 0.000000
-0.679771 0.008978 0.350136
0.000000 0.000000 0.000000
-0.158717 -0.175318 0.080752
0.000000 0.000000 0.000000
-0.326948 -0.166663 0.087829
-0.568462 -0.099411 0.119310
-0.010228 -0.175318 -0.042225
-0.229874 -0.173142 -0.121647
0.698897 -0.019080 -0.214444
0.000000 0.000000 0.000000
0.000000 0.000000 0.000000
-0.505893 -0.120885 0.161375
0.678852 0.001163 -0.342401
0.000000 0.000000 0.000000
0.000000 0.000000 0.000000
0.000000 0.000000 0.000000
0.136415 -0.175318 -0.081909
-0.891528 0.134603 -0.053697
-0.849383 0.214886 0.430868
0.000000 0.000000 0.000000
0.338648 -0.154915 0.231759
0.834863 0.085036 0.179770
0.903633 0.179052 0.247765
0.576190 -0.103381 -0.072012
-0.695407 -0.009017 0.240836
0.970331 0.226294 -0.014468
0.000000 0.000000 0.000000
0.424127 -0.151625 0.057591
-0.294765 -0.163119 0.215019
-0.450244 -0.147894 -0.021716
-0.704975 -0.031409 -0.054748
0.000000 0.000000 0.000000
0.000000 0.000000 0.000000
0.000000 0.000000 0.000000
-0.233441 -0.169866 0.211107
0.000000 0.000000 0.000000
-0.794758 0.033309 -0.023483
-0.471036 -0.135404 0.110996
0.526252 -0.100619 -0.264143
-0.880558 0.144633 -0.195928
0.624573 -0.071859 0.164555
0.000000 0.000000 0.000000
-0.353666 -0.161766 -0.123410
0.266370 -0.172529 0.103343
0.000000 0.000000 0.000000
0.000000 0.000000 0.000000
0.000000 0.000000 0.000000
0.494747 -0.128662 0.148519
0.000000 0.000000 0.000000
0.000000 0.000000 0.000000
-0.577202 -0.093137 -0.151542
0.000000 0.000000 0.000000
0.000000 0.000000 0.000000
0.886564 0.228924 0.378937
0.000000 0.000000 0.000000
0.000000 0.000000 0.000000
-0.041616 -0.175318 -0.072330
0.333002 -0.140673 -0.338068
0.665530 0.024858 -0.423805
-0.641170 -0.071777 0.024242
0.000000 0.000000 0.000000
0.856497 0.097363 0.107183
-0.228815 -0.170360 -0.215627
-0.789028 0.065050 0.249821
-0.002898 -0.175318 0.107287
-0.165577 -0.175318 0.016449
0.000000 0.000000 0.000000
0.000000 0.000000 0.000000
0.214062 -0.172498 -0.182787
-0.023632 -0.175318 -0.216626
0.000000 0.000000 0.000000
0.000000 0.000000 0.000000
0.032777 -0.175318 -0.152565
-0.540854 -0.090850 -0.258813
-0.754391 0.011457 0.135514
-0.759868 0.015028 -0.132203
-0.899800 0.179266 -0.250592
0.000000 0.000000 0.000000
0.000000 0.000000 0.000000
0.963021 0.228350 -0.080905
-0.323539 -0.150911 0.277468
0.005592 -0.175318 0.164025
-0.935792 0.193062 -0.062487
0.000000 0.000000 0.000000
-0.278138 -0.172328 0.070893
-0.883251 0.125001 0.057084
0.836010 0.141355 -0.340521
0.831448 0.222514 0.491304
0.000000 0.000000 0.000000
0.666512 -0.053528 0.089580
0.000000 0.000000 0.000000
0.902222 0.143605 0.066713
0.000000 0.000000 0.000000
0.000000 0.000000 0.000000
0.538741 -0.092081 0.273733
0.746375 0.005455 0.155385
0.000000 0.000000 0.000000
0.000000 0.000000 0.000000
0.684788 -0.003092 0.300305
0.000000 0.000000 0.000000
-0.510939 -0.094108 0.302661
0.000000 0.000000 0.000000
-0.455844 -0.141935 -0.101854
0.000000 0.000000 0.000000
0.121255 -0.173056 -0.233262
0.000000 0.000000 0.000000
0.000000 0.000000 0.000000
-0.807700 0.137101 0.381468
-0.571501 -0.089715 0.194761
-0.637710 -0.070448 -0.087690
0.000000 0.000000 0.000000
0.000000 0.000000 0.000000
0.767320 0.094041 -0.398041
0.000000 0.000000 0.000000
0.192079 -0.172898 0.191849
0.661134 -0.040526 0.215244
0.191729 -0.175318 -0.077283
-0.155589 -0.171096 -0.259861
0.467833 -0.111998 -0.309093
0.000000 0.000000 0.000000
0.000000 0.000000 0.000000
-0.786822 0.030781 0.052668
0.000000 0.000000 0.000000
-0.335195 -0.167462 -0.043232
-0.843697 0.101937 -0.191718
0.293311 -0.169503 -0.139143
0.310137 -0.160666 -0.236467
0.489746 -0.126167 -0.172052
0.000000 0.000000 0.000000
0.000000 0.000000 0.000000
0.000000 0.000000 0.000000
0.000000 0.000000 0.000000
0.610902 -0.090781 0.002728
-0.300014 -0.170091 -0.096839
0.000000 0.000000 0.000000
0.000000 0.000000 0.000000
0.000000 0.000000 0.000000
0.000000 0.000000 0.000000
0.000000 0.000000 0.000000
0.799567 0.107738 0.349261
0.087198 -0.172763 -0.258155
0.612955 -0.063503 -0.245798
0.838322 0.066309 -0.019613
-0.165272 -0.172378 0.223014
0.027294 -0.175318 -0.038325
0.435918 -0.144989 0.132870
0.000000 0.000000 0.000000
0.000000 0.000000 0.000000
0.000000 0.000000 0.000000
-0.806791 0.055008 -0.117359
0.402970 -0.137576 0.267878
0.833851 0.090860 -0.225080
-0.674490 -0.027858 -0.236021
0.000000 0.000000 0.000000
0.448532 -0.146518 -0.077409
-0.449373 -0.127387 0.243050
0.910193 0.146384 0.023534
-0.613576 -0.043751 0.311750
0.000000 0.000000 0.000000
0.720994 -0.020287 0.096326
0.913989 0.172985 -0.160265
0.000000 0.000000 0.000000
0.619178 -0.077048 0.126015
0.548859 -0.065429 -0.364736
0.000000 0.000000 0.000000
0.076194 -0.175318 0.130568
0.000000 0.000000 0.000000
-0.875732 0.137893 0.184503
0.126813 -0.175318 0.176670
0.000000 0.000000 0.000000
0.000000 0.000000 0.000000
0.813030 0.050087 0.057076
-0.347433 -0.158590 0.188344
0.267944 -0.151083 -0.346242
-0.141185 -0.175318 -0.099965
0.000000 0.000000 0.000000
0.000000 0.000000 0.000000
0.000000 0.000000 0.000000
0.000000 0.000000 0.000000
0.737319 0.041177 -0.327647
0.862449 0.104049 -0.117406
0.577751 -0.046054 -0.374770
0.000000 0.000000 0.000000
-0.772316 0.064254 0.288138
0.309273 -0.168764 0.112124
0.392709 -0.140524 -0.270391
-0.214940 -0.172992 0.150830
0.000000 0.000000 0.000000
0.000000 0.000000 0.000000
-0.330768 -0.164579 0.128525
-0.693206 -0.040411 0.030174
-0.595767 -0.066959 0.254083
0.886237 0.119917 -0.038274
0.000000 0.000000 0.000000
0.000000 0.000000 0.000000
-0.913554 0.171868 0.114740
0.000000 0.000000 0.000000
0.486450 -0.134588 -0.102264
0.385361 -0.160045 0.030439
0.544512 -0.117210 -0.039883
0.000000 0.000000 0.000000
0.755373 -0.004410 0.002871
0.476515 -0.138958 0.020709
0.011371 -0.175318 0.027995
0.000000 0.000000 0.000000
-0.845209 0.077051 -0.001773
-0.524413 -0.115674 -0.141310
0.849854 0.220703 -0.458388
0.000000 0.000000 0.000000
0.000000 0.000000 0.000000
0.934349 0.191411 -0.103243
0.000000 0.000000 0.000000
0.641416 -0.033443 0.301695
-0.589380 -0.096277 0.053003
0.000000 0.000000 0.000000
0.791626 0.036038 -0.116972
0.229337 -0.169923 0.222408
0.089921 -0.175318 -0.184070
0.000000 0.000000 0.000000
0.000000 0.000000 0.000000
0.000000 0.000000 0.000000
-0.113889 -0.175318 0.165830
-0.947626 0.213915 0.078180
-0.653318 -0.015597 0.318764
0.000000 0.000000 0.000000
0.542224 -0.114173 0.079215
0.000000 0.000000 0.000000
-0.846893 0.090572 0.093063
0.644668 -0.064421 -0.122632
0.000000 0.000000 0.000000
0.000000 0.000000 0.000000
-0.529710 -0.120915 0.025349
0.000000 0.000000 0.000000
0.000000 0.000000 0.000000
0.000000 0.000000 0.000000
0.854408 0.116758 0.237746
0.000000 0.000000 0.000000
-0.627514 -0.057523 0.210242
0.729891 -0.016838 -0.070877
-0.815833 0.067537 0.142142
-0.748503 0.012424 -0.175648
-0.816613 0.083754 -0.236481
-0.518652 -0.122598 0.088304
0.921743 0.192540 -0.206726
-0.893891 0.175443 0.252237
0.666614 -0.036036 -0.235341
0.000000 0.000000 0.000000
0.000000 0.000000 0.000000
0.915523 0.173778 0.149757
-0.384996 -0.155866 0.118908
0.000000 0.000000 0.000000
0.000000 0.000000 0.000000
0.000000 0.000000 0.000000
0.000000 0.000000 0.000000
0.398028 -0.156528 -0.111302
0.000000 0.000000 0.000000
0.000000 0.000000 0.000000
0.750248 0.014955 0.211571
-0.692438 -0.036964 -0.099561
0.000000 0.000000 0.000000
0.000000 0.000000 0.000000
0.000000 0.000000 0.000000
-0.914729 0.168587 -0.090654
0.000000 0.000000 0.000000
0.000000 0.000000 0.000000
-0.492899 -0.115609 -0.234007
0.862198 0.098688 0.062263
0.000000 0.000000 0.000000
0.396827 -0.152717 -0.163828
0.843872 0.164549 0.362969
0.000000 0.000000 0.000000
0.000000 0.000000 0.000000
0.000000 0.000000 0.000000
0.000000 0.000000 0.000000
0.031911 -0.175318 0.211371
-0.087203 -0.175318 -0.040513
0.747561 0.039332 0.291643
0.000000 0.000000 0.000000
0.000000 0.000000 0.000000
0.000000 0.000000 0.000000
0.637918 -0.026896 -0.340255
0.823555 0.177339 -0.444486
-0.905557 0.169084 -0.161253
0.000000 0.000000 0.000000
0.930568 0.203521 0.190414
0.000000 0.000000 0.000000
0.000000 0.000000 0.000000
0.000000 0.000000 0.000000
0.000000 0.000000 0.000000
-0.307416 -0.164779 -0.194936
0.863540 0.185063 -0.361104
0.000000 0.000000 0.000000
0.000000 0.000000 0.000000
-0.871622 0.186953 0.327373
0.865103 0.167520 -0.323798
0.103740 -0.175318 0.027552
0.000000 0.000000 0.000000
0.000000 0.000000 0.000000
0.767080 0.024347 -0.199796
0.000000 0.000000 0.000000
0.000000 0.000000 0.000000
-0.602273 -0.059732 -0.267252
0.000000 0.000000 0.000000
0.000000 0.000000 0.000000
0.841910 0.122050 0.276858
0.000000 0.000000 0.000000
0.867569 0.118863 0.167905
-0.116736 -0.175318 -0.153372
0.000000 0.000000 0.000000
0.000000 0.000000 0.000000
-0.422025 -0.149123 0.115315
0.000000 0.000000 0.000000
-0.764234 0.032937 0.219562
0.076667 -0.169765 -0.307854
0.874726 0.187541 0.332855
0.000000 0.000000 0.000000
-0.683136 -0.031201 0.197384
0.567006 -0.083317 -0.257865
0.000000 0.000000 0.000000
-0.626196 -0.069651 -0.150097
0.000000 0.000000 0.000000
-0.816395 0.102391 0.278627
0.676515 -0.045224 -0.148729
0.621339 -0.064804 0.214200
0.000000 0.000000 0.000000
0.325761 -0.163855 0.184276
0.000000 0.000000 0.000000
0.000000 0.000000 0.000000
0.722791 -0.017118 -0.121781
-0.003006 -0.175318 -0.102338
-0.718480 -0.014829 -0.138349
0.358529 -0.153990 -0.228052
0.000000 0.000000 0.000000
0.897818 0.192048 -0.291549
0.000000 0.000000 0.000000
0.035524 -0.175318 0.104640
0.091487 -0.175318 -0.113724
0.198510 -0.166923 -0.277779
0.000000 0.000000 0.000000
-0.402828 -0.144234 -0.225205
0.263159 -0.169547 -0.189505
-0.596843 -0.093378 -0.049737
0.738786 0.009522 -0.221076
0.496463 -0.113290 -0.242546
0.000000 0.000000 0.000000
0.000000 0.000000 0.000000
-0.845351 0.102954 0.181327
0.534410 -0.112470 0.161740
-0.160301 -0.172851 -0.212250
0.000000 0.000000 0.000000
0.281354 -0.157782 -0.287026
0.000000 0.000000 0.000000
0.000000 0.000000 0.000000
-0.467209 -0.129151 0.198964
-0.492032 -0.123184 -0.174110
0.000000 0.000000 0.000000
-0.911181 0.185352 -0.208612
0.299562 -0.172118 -0.025969
0.251818 -0.173412 -0.022015
0.000000 0.000000 0.000000
0.000000 0.000000 0.000000
0.152609 -0.173522 -0.196925
0.000000 0.000000 0.000000
0.000000 0.000000 0.000000
0.000000 0.000000 0.000000
0.218408 -0.173876 0.080733
0.000000 0.000000 0.000000
0.000000 0.000000 0.000000
0.194163 -0.172101 -0.230984
0.000000 0.000000 0.000000
-0.262797 -0.172580 -0.081462
0.000000 0.000000 0.000000
0.147795 -0.175318 0.102016
0.000000 0.000000 0.000000
0.000000 0.000000 0.000000
-0.447169 -0.140963 -0.147460
0.570581 -0.073147 0.297644
0.000000 0.000000 0.000000
0.580993 -0.096441 -0.119207
-0.549252 -0.112307 -0.048997
0.000000 0.000000 0.000000
-0.686196 -0.036422 0.119779
0.282082 -0.172486 0.065625
0.161308 -0.175318 0.000125
0.888936 0.151719 -0.217320
0.931477 0.218066 0.251124
-0.369166 -0.143637 -0.276790
0.000000 0.000000 0.000000
0.694018 -0.021217 0.219535
0.886518 0.136047 -0.144235
-0.798919 0.043933 -0.081570
-0.799174 0.111589 0.343538
0.000000 0.000000 0.000000
0.010232 -0.175318 -0.194722
0.074879 -0.175318 -0.038169
0.000000 0.000000 0.000000
0.000000 0.000000 0.000000
-0.824324 0.085020 0.205279
0.556907 -0.105523 -0.143989
0.776977 0.100558 0.385577
-0.355480 -0.156088 -0.192993
0.000000 0.000000 0.000000
0.000000 0.000000 0.000000
0.000000 0.000000 0.000000
0.000000 0.000000 0.000000
-0.058484 -0.175318 -0.189649
