0.000000 0.000000 0.000000
0.000000 0.000000 0.000000
0.259728 -0.852197 0.365574
0.000000 0.000000 0.000000
0.255647 -0.852197 -0.390310
0.167258 -0.620092 0.398713
0.000000 0.000000 0.000000
0.000000 0.000000 0.000000
-0.298172 -0.852197 0.117301
-0.302817 -0.852197 -0.331197
0.000000 0.000000 0.000000
0.000000 0.000000 0.000000
0.042662 -0.679353 -0.094825
-0.292842 -0.452984 0.303104
0.000000 0.000000 0.000000
0.000000 0.000000 0.000000
0.152137 -0.852197 -0.079063
0.000000 0.000000 0.000000
0.000000 0.000000 0.000000
0.000000 0.000000 0.000000
-0.122956 -0.852197 0.412287
0.000000 0.000000 0.000000
0.000000 0.000000 0.000000
0.296849 -0.593731 0.379070
0.000000 0.000000 0.000000
0.000000 0.000000 0.000000
0.000000 0.000000 0.000000
-0.297969 -0.614118 0.170708
-0.106665 -0.852197 -0.129054
0.000000 0.000000 0.000000
0.000000 0.000000 0.000000
0.322489 -0.699216 0.042091
0.000000 0.000000 0.000000
-0.070160 -0.460089 0.398713
0.000000 0.000000 0.000000
-0.296700 -0.621357 -0.075155
0.000000 0.000000 0.000000
0.000000 0.000000 0.000000
-0.028178 -0.679353 0.216487
0.000000 0.000000 0.000000
0.319866 -0.852197 0.153963
0.000000 0.000000 0.000000
-0.318480 -0.761172 0.348463
0.000000 0.000000 0.000000
0.000000 0.000000 0.000000
0.000000 0.000000 0.000000
-0.248572 -0.741979 -0.429501
-0.292842 -0.566946 -0.364752
0.000000 0.000000 0.000000
0.136080 -0.852197 0.214039
0.000000 0.000000 0.000000
0.000000 0.000000 0.000000
-0.117346 -0.852197 0.144232
0.000000 0.000000 0.000000
0.000000 0.000000 0.000000
-0.023973 -0.852197 -0.396002
0.000000 0.000000 0.000000
0.000000 0.000000 0.000000
0.000000 0.000000 0.000000
0.000000 0.000000 0.000000
0.108267 -0.852197 -0.306774
0.322489 -0.755541 0.181270
-0.262304 -0.232003 0.398713
0.000000 0.000000 0.000000
-0.162969 -0.679353 -0.246835
-0.013937 -0.709817 0.424352
-0.116714 -0.679353 -0.007609
0.000000 0.000000 0.000000
0.146540 -0.679353 0.255685
-0.227417 -0.616893 0.398713
0.000000 0.000000 0.000000
0.000000 0.000000 0.000000
0.322489 -0.787338 -0.183248
-0.282587 -0.466666 0.020559
0.000000 0.000000 0.000000
0.079069 -0.784134 0.424352
-0.189824 -0.852197 0.269982
-0.292842 -0.279262 0.397351
0.000000 0.000000 0.000000
0.000000 0.000000 0.000000
0.130510 -0.474878 0.398713
0.000000 0.000000 0.000000
0.000000 0.000000 0.000000
0.000000 0.000000 0.000000
-0.318480 -0.842986 -0.123303
0.000000 0.000000 0.000000
0.000000 0.000000 0.000000
0.000000 0.000000 0.000000
0.000000 0.000000 0.000000
0.000000 0.000000 0.000000
0.000000 0.000000 0.000000
0.000000 0.000000 0.000000
0.000000 0.000000 0.000000
0.000000 0.000000 0.000000
0.000000 0.000000 0.000000
0.000000 0.000000 0.000000
0.000000 0.000000 0.000000
0.171403 -0.679353 0.066007
0.322489 -0.742889 0.299246
-0.318480 -0.775848 -0.052162
-0.282587 -0.443982 -0.173999
0.000000 0.000000 0.000000
0.000000 0.000000 0.000000
0.000000 0.000000 0.000000
0.000000 0.000000 0.000000
0.000000 0.000000 0.000000
0.000000 0.000000 0.000000
0.000000 0.000000 0.000000
0.000000 0.000000 0.000000
-0.190716 -0.679353 0.265262
0.014168 -0.852197 0.047663
0.000000 0.000000 0.000000
0.000000 0.000000 0.000000
-0.291579 -0.605328 0.398713
0.241264 -0.852197 0.129657
0.000000 0.000000 0.000000
0.000000 0.000000 0.000000
0.000000 0.000000 0.000000
0.000000 0.000000 0.000000
-0.194611 -0.852197 -0.000909
0.121024 -0.758055 -0.429501
0.000000 0.000000 0.000000
0.000000 0.000000 0.000000
0.000000 0.000000 0.000000
0.178739 -0.679353 0.292509
-0.282587 -0.360722 0.173037
0.322489 -0.803695 0.006838
0.000000 0.000000 0.000000
0.000000 0.000000 0.000000
-0.029673 -0.707085 -0.429501
0.000000 0.000000 0.000000
0.191766 -0.760300 0.424352
0.061413 -0.852197 0.345937
0.000000 0.000000 0.000000
-0.282587 -0.390016 0.003403
0.002566 -0.679353 -0.252543
-0.227937 -0.427133 0.398713
0.000000 0.000000 0.000000
-0.164535 -0.852197 -0.266830
-0.242464 -0.852197 0.233384
-0.318480 -0.683591 0.421294
0.057784 -0.852197 -0.161801
0.000000 0.000000 0.000000
-0.318480 -0.741983 0.114336
0.000000 0.000000 0.000000
-0.318480 -0.693482 -0.277249
0.272193 -0.852197 -0.198566
0.000000 0.000000 0.000000
-0.093199 -0.852197 0.255432
0.000000 0.000000 0.000000
0.000000 0.000000 0.000000
0.000000 0.000000 0.000000
0.000000 0.000000 0.000000
0.000000 0.000000 0.000000
0.192214 -0.679353 -0.040587
-0.264189 -0.852197 0.405813
-0.159254 -0.852197 -0.418535
-0.194676 -0.679353 -0.132766
-0.318480 -0.746085 -0.339209
0.000000 0.000000 0.000000
0.000000 0.000000 0.000000
0.000000 0.000000 0.000000
-0.115237 -0.280014 0.398713
0.060576 -0.679353 0.122966
-0.298068 -0.268246 0.276152
0.322489 -0.688561 0.410637
-0.141245 -0.679353 -0.382291
0.000000 0.000000 0.000000
0.000000 0.000000 0.000000
-0.105198 -0.679353 0.349597
0.000000 0.000000 0.000000
-0.277309 -0.852197 0.277314
0.000000 0.000000 0.000000
-0.296341 -0.621357 0.258438
0.000000 0.000000 0.000000
-0.318480 -0.747488 0.191925
0.000000 0.000000 0.000000
0.000000 0.000000 0.000000
-0.297969 -0.497895 0.196850
0.000000 0.000000 0.000000
0.000000 0.000000 0.000000
0.000000 0.000000 0.000000
-0.240127 -0.679353 0.048081
0.000000 0.000000 0.000000
0.260388 -0.852197 0.282867
0.000000 0.000000 0.000000
-0.031225 -0.852197 -0.302737
0.000000 0.000000 0.000000
0.000000 0.000000 0.000000
0.000000 0.000000 0.000000
0.157681 -0.679353 -0.180082
0.000000 0.000000 0.000000
0.051552 -0.402678 0.398713
0.000000 0.000000 0.000000
0.025448 -0.613962 0.398713
0.000000 0.000000 0.000000
0.000000 0.000000 0.000000
0.322489 -0.720262 -0.023855
0.000000 0.000000 0.000000
-0.297970 -0.577936 -0.226038
-0.083821 -0.582217 0.398713
0.043281 -0.852197 0.137543
0.000000 0.000000 0.000000
0.000000 0.000000 0.000000
0.000000 0.000000 0.000000
0.000000 0.000000 0.000000
0.083515 -0.679353 0.379103
0.000000 0.000000 0.000000
0.000000 0.000000 0.000000
0.000000 0.000000 0.000000
0.000000 0.000000 0.000000
0.000000 0.000000 0.000000
-0.318480 -0.713540 -0.170963
0.000000 0.000000 0.000000
0.000000 0.000000 0.000000
0.000000 0.000000 0.000000
0.000000 0.000000 0.000000
-0.126728 -0.679353 0.140005
0.000000 0.000000 0.000000
0.000000 0.000000 0.000000
0.322489 -0.792369 -0.062561
0.000000 0.000000 0.000000
0.000000 0.000000 0.000000
-0.207929 -0.750051 0.424352
0.000000 0.000000 0.000000
0.203329 -0.852197 -0.296131
0.275818 -0.679353 0.190833
-0.297970 -0.564619 0.086868
-0.184370 -0.607788 -0.403863
-0.063507 -0.679353 -0.128268
0.000000 0.000000 0.000000
-0.292842 -0.133327 0.350928
0.000000 0.000000 0.000000
0.116481 -0.852197 -0.428461
0.000000 0.000000 0.000000
0.000000 0.000000 0.000000
0.000000 0.000000 0.000000
0.000000 0.000000 0.000000
0.000000 0.000000 0.000000
0.006398 -0.852197 0.390506
0.000000 0.000000 0.000000
0.000000 0.000000 0.000000
0.075344 -0.679353 -0.229238
0.000000 0.000000 0.000000
0.000000 0.000000 0.000000
0.000000 0.000000 0.000000
-0.297970 -0.539815 -0.057089
0.000000 0.000000 0.000000
0.000000 0.000000 0.000000
0.000000 0.000000 0.000000
-0.282587 -0.411306 0.089308
0.239901 -0.679353 0.114959
0.010898 -0.679353 0.024642
0.000000 0.000000 0.000000
-0.044908 -0.329417 0.398713
0.000000 0.000000 0.000000
0.000000 0.000000 0.000000
0.258301 -0.852197 -0.022157
-0.209046 -0.852197 -0.162770
0.000000 0.000000 0.000000
-0.040395 -0.763455 0.424352
0.000000 0.000000 0.000000
-0.154043 -0.539591 0.398713
0.322489 -0.818589 -0.293345
-0.119028 -0.744317 -0.429501
0.000000 0.000000 0.000000
0.000000 0.000000 0.000000
0.000000 0.000000 0.000000
0.000000 0.000000 0.000000
-0.282587 -0.293832 0.137597
0.000000 0.000000 0.000000
0.000000 0.000000 0.000000
0.000000 0.000000 0.000000
0.000000 0.000000 0.000000
0.000000 0.000000 0.000000
-0.027889 -0.852197 0.313190
0.015951 -0.852197 0.225791
0.000000 0.000000 0.000000
0.000000 0.000000 0.000000
0.161119 -0.852197 0.078853
0.040896 -0.679353 0.212069
0.000000 0.000000 0.000000
0.000000 0.000000 0.000000
0.028149 -0.852197 -0.052271
0.000000 0.000000 0.000000
0.322489 -0.832102 0.210971
-0.056833 -0.679353 -0.213562
0.260278 -0.679353 -0.116092
0.213064 -0.425163 0.398713
0.000000 0.000000 0.000000
0.000000 0.000000 0.000000
0.000000 0.000000 0.000000
-0.065122 -0.679353 -0.332748
0.000000 0.000000 0.000000
0.000000 0.000000 0.000000
0.000000 0.000000 0.000000
-0.033132 -0.852197 -0.192004
-0.228441 -0.679353 0.141183
0.000000 0.000000 0.000000
-0.292842 -0.369080 0.313152
0.000000 0.000000 0.000000
0.000000 0.000000 0.000000
0.000000 0.000000 0.000000
-0.297969 -0.590066 0.000067
-0.270621 -0.852197 -0.227307
0.000000 0.000000 0.000000
0.217497 -0.679353 0.377493
-0.314720 -0.703205 -0.429501
0.296849 -0.638029 0.273781
0.000000 0.000000 0.000000
0.000000 0.000000 0.000000
0.068283 -0.852197 -0.235186
-0.277686 -0.848364 -0.429501
0.000000 0.000000 0.000000
-0.210171 -0.327264 0.398713
0.000000 0.000000 0.000000
0.028686 -0.852197 -0.374120
0.000000 0.000000 0.000000
0.000000 0.000000 0.000000
-0.318480 -0.851134 0.417303
0.000000 0.000000 0.000000
0.000000 0.000000 0.000000
0.000000 0.000000 0.000000
0.000000 0.000000 0.000000
0.000000 0.000000 0.000000
0.000000 0.000000 0.000000
-0.262891 -0.679353 0.338713
0.000000 0.000000 0.000000
-0.318480 -0.786228 0.048837
-0.318480 -0.755553 0.264821
-0.062173 -0.852197 -0.047572
-0.181044 -0.852197 0.394712
0.212411 -0.522578 0.398713
0.000000 0.000000 0.000000
0.000000 0.000000 0.000000
-0.121176 -0.679353 0.074149
0.000000 0.000000 0.000000
0.000000 0.000000 0.000000
0.000000 0.000000 0.000000
-0.297970 -0.474575 -0.257160
0.000000 0.000000 0.000000
0.031127 -0.803010 -0.429501
0.000000 0.000000 0.000000
0.000000 0.000000 0.000000
0.000000 0.000000 0.000000
0.000000 0.000000 0.000000
0.272771 -0.803074 0.424352
0.000000 0.000000 0.000000
0.322489 -0.738207 0.103759
-0.292841 -0.630344 -0.169383
0.000000 0.000000 0.000000
0.000000 0.000000 0.000000
-0.113562 -0.852197 0.050388
-0.292842 -0.506962 0.385614
0.000000 0.000000 0.000000
0.000000 0.000000 0.000000
-0.282587 -0.448877 -0.066025
-0.103174 -0.679353 0.234891
0.000000 0.000000 0.000000
-0.240577 -0.679353 -0.319601
-0.020763 -0.679353 0.298026
0.000000 0.000000 0.000000
0.000000 0.000000 0.000000
0.124153 -0.852197 0.397964
0.000000 0.000000 0.000000
0.000000 0.000000 0.000000
0.023036 -0.493188 0.398713
0.000000 0.000000 0.000000
0.176659 -0.852197 -0.239456
0.301386 -0.852197 0.061783
0.000000 0.000000 0.000000
0.095766 -0.679353 -0.011311
0.000000 0.000000 0.000000
-0.318480 -0.691186 0.006407
0.000000 0.000000 0.000000
0.322489 -0.831843 0.392025
-0.249998 -0.679353 -0.206068
-0.046978 -0.631502 0.398713
0.000000 0.000000 0.000000
0.197237 -0.852197 0.002145
0.000000 0.000000 0.000000
0.000000 0.000000 0.000000
0.000000 0.000000 0.000000
0.000000 0.000000 0.000000
0.000000 0.000000 0.000000
-0.154167 -0.445851 0.398713
0.000000 0.000000 0.000000
0.000000 0.000000 0.000000
0.000000 0.000000 0.000000
0.000000 0.000000 0.000000
-0.144069 -0.704367 0.424352
0.000000 0.000000 0.000000
0.000000 0.000000 0.000000
0.000000 0.000000 0.000000
0.000000 0.000000 0.000000
0.000000 0.000000 0.000000
0.000000 0.000000 0.000000
0.000000 0.000000 0.000000
0.099064 -0.558313 0.398713
0.000000 0.000000 0.000000
0.000000 0.000000 0.000000
0.000000 0.000000 0.000000
0.000000 0.000000 0.000000
0.000000 0.000000 0.000000
0.296849 -0.615329 0.119239
0.000000 0.000000 0.000000
-0.230750 -0.679353 -0.388787
-0.110462 -0.852197 -0.347764
-0.292842 -0.653995 0.086129
-0.291722 -0.372713 0.398713
0.000000 0.000000 0.000000
0.000000 0.000000 0.000000
0.000000 0.000000 0.000000
0.051159 -0.315966 0.398713
-0.297970 -0.557755 0.265323
-0.105172 -0.852197 -0.009661
0.000000 0.000000 0.000000
0.000000 0.000000 0.000000
-0.284377 -0.852197 -0.005539
-0.192463 -0.788458 -0.429501
0.000000 0.000000 0.000000
0.000000 0.000000 0.000000
0.000000 0.000000 0.000000
0.156409 -0.679353 0.172178
0.297339 -0.852197 -0.113234
0.000000 0.000000 0.000000
-0.233075 -0.679353 -0.056055
0.296849 -0.505842 0.387991
0.000000 0.000000 0.000000
-0.318480 -0.836179 0.197511
0.000000 0.000000 0.000000
0.000000 0.000000 0.000000
0.000000 0.000000 0.000000
0.000000 0.000000 0.000000
-0.282587 -0.399434 -0.095627
0.000000 0.000000 0.000000
-0.297970 -0.529111 -0.285408
0.000000 0.000000 0.000000
0.119545 -0.679353 -0.102364
0.000000 0.000000 0.000000
0.000000 0.000000 0.000000
0.000000 0.000000 0.000000
0.000000 0.000000 0.000000
0.000000 0.000000 0.000000
0.000000 0.000000 0.000000
0.000000 0.000000 0.000000
0.000000 0.000000 0.000000
0.000000 0.000000 0.000000
0.073889 -0.679353 0.304943
-0.046901 -0.679353 0.110388
0.000000 0.000000 0.000000
-0.150899 -0.852197 0.344049
0.000000 0.000000 0.000000
0.000000 0.000000 0.000000
0.000000 0.000000 0.000000
-0.318480 -0.834256 0.339586
0.000000 0.000000 0.000000
0.000000 0.000000 0.000000
0.000000 0.000000 0.000000
0.000000 0.000000 0.000000
0.000000 0.000000 0.000000
0.000000 0.000000 0.000000
0.000000 0.000000 0.000000
-0.318480 -0.773319 -0.197880
0.158209 -0.852197 -0.154604
0.000000 0.000000 0.000000
-0.161733 -0.679353 0.321260
0.000000 0.000000 0.000000
-0.092384 -0.625925 -0.403863
0.086024 -0.679353 -0.318296
0.000000 0.000000 0.000000
-0.147054 -0.679353 -0.084650
0.000000 0.000000 0.000000
-0.223223 -0.852197 -0.357637
0.000000 0.000000 0.000000
0.000000 0.000000 0.000000
0.000000 0.000000 0.000000
0.000000 0.000000 0.000000
0.000000 0.000000 0.000000
0.000000 0.000000 0.000000
0.000000 0.000000 0.000000
0.116138 -0.852197 0.031318
-0.001778 -0.679353 0.361205
0.000000 0.000000 0.000000
-0.154903 -0.852197 0.193832
-0.270018 -0.619509 -0.403863
0.000000 0.000000 0.000000
0.000000 0.000000 0.000000
0.000000 0.000000 0.000000
0.000000 0.000000 0.000000
0.000000 0.000000 0.000000
0.000000 0.000000 0.000000
-0.292841 -0.208035 0.310137
-0.107006 -0.834807 -0.429501
0.251805 -0.701036 0.424352
-0.223023 -0.682791 0.424352
0.000000 0.000000 0.000000
0.255056 -0.679353 0.000767
-0.120103 -0.789231 0.424352
-0.002654 -0.852197 -0.134274
-0.297969 -0.516486 -0.153829
0.000000 0.000000 0.000000
-0.180866 -0.852197 0.080011
-0.096332 -0.679353 -0.278780
0.000000 0.000000 0.000000
0.000000 0.000000 0.000000
0.042098 -0.709651 0.424352
-0.036613 -0.679353 -0.029332
0.251634 -0.679353 0.316586
0.000000 0.000000 0.000000
-0.292841 -0.497580 -0.369195
-0.189009 -0.679353 -0.324882
-0.046244 -0.852197 0.179089
0.055014 -0.679353 -0.168997
-0.247633 -0.852197 0.325765
0.000000 0.000000 0.000000
-0.282587 -0.312447 -0.004822
-0.282587 -0.336878 0.063614
0.000000 0.000000 0.000000
0.140117 -0.679353 0.344593
0.000000 0.000000 0.000000
0.251803 -0.852197 0.205009
-0.292841 -0.630763 -0.308970
0.188143 -0.852197 0.378916
0.082099 -0.852197 0.194480
0.000000 0.000000 0.000000
0.000000 0.000000 0.000000
-0.149583 -0.645224 0.398713
0.000000 0.000000 0.000000
0.000000 0.000000 0.000000
0.000000 0.000000 0.000000
-0.295870 -0.679353 0.209891
0.075978 -0.635997 0.398713
0.000000 0.000000 0.000000
-0.174893 -0.679353 0.200261
0.000000 0.000000 0.000000
0.000000 0.000000 0.000000
0.000000 0.000000 0.000000
0.000000 0.000000 0.000000
0.000000 0.000000 0.000000
0.000000 0.000000 0.000000
-0.297969 -0.204591 0.206218
-0.297970 -0.427544 0.226038
0.000000 0.000000 0.000000
0.000000 0.000000 0.000000
0.000000 0.000000 0.000000
0.000000 0.000000 0.000000
0.000000 0.000000 0.000000
-0.038161 -0.794769 -0.429501
0.194707 -0.679353 -0.120805
0.001395 -0.679353 -0.384660
-0.304370 -0.779685 0.424352
0.000000 0.000000 0.000000
0.000000 0.000000 0.000000
0.000000 0.000000 0.000000
-0.297969 -0.497676 0.108997
-0.145444 -0.354950 0.398713
-0.229676 -0.805537 0.424352
-0.313801 -0.772675 -0.429501
-0.116381 -0.679353 -0.183186
0.000000 0.000000 0.000000
-0.176951 -0.679353 0.025546
-0.265683 -0.679353 -0.120359
0.000000 0.000000 0.000000
-0.318480 -0.682416 0.270551
0.000000 0.000000 0.000000
0.171436 -0.852197 -0.379566
0.000000 0.000000 0.000000
0.210624 -0.679353 0.214288
0.000000 0.000000 0.000000
0.000000 0.000000 0.000000
0.000000 0.000000 0.000000
0.000000 0.000000 0.000000
-0.292841 -0.565116 0.345310
-0.085367 -0.679353 0.417774
0.000000 0.000000 0.000000
-0.090245 -0.852197 0.333452
-0.039634 -0.526374 0.398713
0.000000 0.000000 0.000000
0.296849 -0.590427 0.223720
0.000000 0.000000 0.000000
0.000000 0.000000 0.000000
0.000000 0.000000 0.000000
0.000000 0.000000 0.000000
-0.211520 -0.852197 -0.091303
-0.318480 -0.692102 -0.065277
0.000000 0.000000 0.000000
-0.059413 -0.679353 0.021683
0.000000 0.000000 0.000000
0.296849 -0.569723 0.312176
0.000000 0.000000 0.000000
0.082864 -0.679353 0.058722
-0.021484 -0.679353 0.146454
0.000000 0.000000 0.000000
0.000000 0.000000 0.000000
-0.025091 -0.679353 -0.089068
0.000000 0.000000 0.000000
0.000000 0.000000 0.000000
-0.294557 -0.306111 0.237446
0.000000 0.000000 0.000000
0.000000 0.000000 0.000000
-0.282587 -0.423569 0.156518
0.000000 0.000000 0.000000
-0.286158 -0.679353 -0.371346
0.000000 0.000000 0.000000
-0.063331 -0.820387 0.424352
-0.233096 -0.679353 0.225182
0.000000 0.000000 0.000000
0.000000 0.000000 0.000000
0.000000 0.000000 0.000000
0.042212 -0.744432 -0.429501
0.000000 0.000000 0.000000
0.000000 0.000000 0.000000
0.000000 0.000000 0.000000
0.000000 0.000000 0.000000
0.000000 0.000000 0.000000
-0.297969 -0.529749 0.027755
0.233944 -0.616127 0.398713
-0.226923 -0.852197 0.167414
0.000000 0.000000 0.000000
-0.237290 -0.539715 0.398713
0.000000 0.000000 0.000000
0.095028 -0.852197 0.104714
0.000000 0.000000 0.000000
0.000000 0.000000 0.000000
0.000000 0.000000 0.000000
0.000000 0.000000 0.000000
0.140858 -0.716750 0.424352
0.000000 0.000000 0.000000
0.000000 0.000000 0.000000
0.000000 0.000000 0.000000
0.012625 -0.791304 0.424352
0.000000 0.000000 0.000000
0.000000 0.000000 0.000000
0.313848 -0.679353 0.139652
0.000000 0.000000 0.000000
0.000000 0.000000 0.000000
0.000000 0.000000 0.000000
0.000000 0.000000 0.000000
0.000000 0.000000 0.000000
0.000000 0.000000 0.000000
-0.318480 -0.692438 0.334832
0.000000 0.000000 0.000000
0.322489 -0.846512 0.304437
0.000000 0.000000 0.000000
0.000000 0.000000 0.000000
-0.173298 -0.852197 -0.207338
0.000000 0.000000 0.000000
0.000000 0.000000 0.000000
-0.008766 -0.679353 -0.168014
0.000000 0.000000 0.000000
0.000000 0.000000 0.000000
-0.292841 -0.413544 0.351965
0.000000 0.000000 0.000000
0.000000 0.000000 0.000000
0.295141 -0.679353 0.360628
0.000000 0.000000 0.000000
-0.141703 -0.683338 -0.429501
0.000000 0.000000 0.000000
0.000000 0.000000 0.000000
0.000000 0.000000 0.000000
0.168999 -0.824626 0.424352
0.000000 0.000000 0.000000
-0.318480 -0.833505 -0.251658
0.000000 0.000000 0.000000
0.000000 0.000000 0.000000
0.212183 -0.852197 -0.102317
-0.056611 -0.392596 0.398713
0.000000 0.000000 0.000000
-0.198633 -0.199362 0.398713
0.000000 0.000000 0.000000
0.322489 -0.715177 0.230840
0.000000 0.000000 0.000000
0.000000 0.000000 0.000000
0.000000 0.000000 0.000000
-0.308204 -0.217623 0.256965
0.031898 -0.679353 -0.038333
0.000000 0.000000 0.000000
0.000000 0.000000 0.000000
0.000000 0.000000 0.000000
0.090323 -0.852197 -0.063493
0.000000 0.000000 0.000000
0.230205 -0.852197 0.421080
0.322489 -0.792596 0.072259
0.000000 0.000000 0.000000
-0.216008 -0.272646 0.398713
0.000000 0.000000 0.000000
0.000000 0.000000 0.000000
0.000000 0.000000 0.000000
0.000000 0.000000 0.000000
0.152226 -0.538518 0.398713
0.149363 -0.852197 0.330537
0.322489 -0.816752 -0.237856
-0.316608 -0.852197 -0.190801
0.000000 0.000000 0.000000
0.000000 0.000000 0.000000
0.176842 -0.852197 0.137235
0.000000 0.000000 0.000000
0.263763 -0.852197 -0.283569
-0.282587 -0.275206 0.194210
0.322489 -0.772390 0.407863
0.000000 0.000000 0.000000
0.176839 -0.852189 -0.429501
-0.318480 -0.731330 0.021646
0.000000 0.000000 0.000000
0.000000 0.000000 0.000000
0.000000 0.000000 0.000000
0.000000 0.000000 0.000000
0.000000 0.000000 0.000000
-0.191026 -0.721726 -0.429501
0.000000 0.000000 0.000000
0.000000 0.000000 0.000000
0.045364 -0.852197 -0.286593
0.000000 0.000000 0.000000
0.000000 0.000000 0.000000
-0.129893 -0.679353 -0.314272
-0.076956 -0.852197 0.091482
