-0.060275 -0.499209 -0.294949
0.097632 0.465942 0.493356
0.007071 -0.032200 -0.075345
0.000000 0.000000 0.000000
0.000000 0.000000 0.000000
-0.675391 -0.253189 0.510868
0.000000 0.000000 0.000000
0.000000 0.000000 0.000000
0.000000 0.000000 0.000000
-0.163464 -0.023109 0.510868
0.371952 -0.032200 -0.493377
-0.447737 -0.499209 0.119583
0.000000 0.000000 0.000000
0.000000 0.000000 0.000000
0.000000 0.000000 0.000000
0.000000 0.000000 0.000000
0.476883 0.403675 0.025451
-0.547711 -0.526592 -0.526930
0.000000 0.000000 0.000000
0.000000 0.000000 0.000000
-0.661729 0.119476 0.510868
0.000000 0.000000 0.000000
-0.481250 -0.468076 0.469718
0.000000 0.000000 0.000000
-0.366688 0.403675 0.494395
-0.076034 -0.468076 0.191727
0.000000 0.000000 0.000000
-0.647559 -0.298542 0.113693
0.134193 -0.001066 0.260938
0.024746 -0.001066 -0.396930
-0.236998 -0.530343 -0.506086
0.000000 0.000000 0.000000
-0.574459 -0.499209 -0.124917
0.169205 0.403675 0.163852
-0.189605 -0.468076 -0.070087
0.445610 0.465942 -0.281277
0.000000 0.000000 0.000000
0.000000 0.000000 0.000000
-0.263160 -0.032200 0.015875
0.000000 0.000000 0.000000
-0.125146 0.403675 0.436284
-0.469247 -0.001066 0.427827
0.000000 0.000000 0.000000
-0.674825 -0.530343 0.292987
0.000000 0.000000 0.000000
0.241544 -0.499209 -0.295825
0.098237 -0.521758 -0.526930
0.000000 0.000000 0.000000
0.277727 -0.001066 -0.221351
-0.268971 -0.032200 0.265505
0.000000 0.000000 0.000000
0.000000 0.000000 0.000000
0.000000 0.000000 0.000000
0.093764 -0.499209 -0.191293
0.000000 0.000000 0.000000
0.000000 0.000000 0.000000
0.000000 0.000000 0.000000
-0.268517 -0.499209 0.345796
0.000000 0.000000 0.000000
-0.187378 -0.032200 -0.272904
0.000000 0.000000 0.000000
0.000000 0.000000 0.000000
-0.358080 -0.468076 -0.296249
0.022140 0.403675 0.230822
-0.647559 -0.068322 0.326651
0.241294 0.403675 -0.090613
0.000000 0.000000 0.000000
-0.673783 -0.530343 0.039971
0.222944 -0.032200 0.030069
0.271303 0.403675 -0.262682
-0.188366 -0.510750 -0.008031
0.000000 0.000000 0.000000
-0.709460 -0.479375 -0.308245
0.000000 0.000000 0.000000
-0.678694 -0.456441 0.486638
0.289999 0.403675 0.397061
-0.453308 -0.530343 -0.510132
-0.063585 -0.001066 0.164861
0.043444 -0.522620 0.023103
0.000000 0.000000 0.000000
-0.678694 -0.273333 0.344388
0.000000 0.000000 0.000000
0.000000 0.000000 0.000000
0.170986 -0.001066 -0.481104
0.000000 0.000000 0.000000
0.000000 0.000000 0.000000
0.000000 0.000000 0.000000
0.454667 0.465942 -0.166013
0.000000 0.000000 0.000000
-0.678694 -0.363172 -0.072204
0.000000 0.000000 0.000000
-0.064316 -0.001066 0.330899
0.000000 0.000000 0.000000
0.000000 0.000000 0.000000
0.000000 0.000000 0.000000
0.000000 0.000000 0.000000
0.402988 0.465942 0.172825
0.000000 0.000000 0.000000
-0.647559 -0.139563 0.499889
-0.391345 -0.468076 -0.051280
0.104917 -0.032200 -0.217380
0.000000 0.000000 0.000000
0.038958 -0.001066 0.465433
-0.018841 0.465942 0.384405
-0.085687 -0.468076 0.402487
-0.157269 -0.468076 -0.198425
-0.300493 -0.523630 0.510868
-0.303268 -0.001066 0.082313
0.000000 0.000000 0.000000
0.000000 0.000000 0.000000
0.000000 0.000000 0.000000
0.319665 -0.032200 -0.090861
0.000000 0.000000 0.000000
0.000000 0.000000 0.000000
-0.464006 -0.468076 0.389419
0.000000 0.000000 0.000000
0.000000 0.000000 0.000000
0.090066 0.403675 -0.042702
0.000000 0.000000 0.000000
-0.533302 -0.468076 -0.357491
0.576274 0.403675 -0.395699
0.000000 0.000000 0.000000
-0.021141 -0.468076 -0.460967
0.318105 0.465942 0.053569
0.000000 0.000000 0.000000
-0.519980 -0.468076 0.301253
-0.457381 -0.001066 0.256403
-0.160785 -0.032200 -0.120571
-0.380698 -0.499209 0.216938
0.000000 0.000000 0.000000
0.000000 0.000000 0.000000
-0.223482 0.403675 0.420745
0.120933 0.465942 0.305570
0.238429 -0.524486 -0.464661
0.083400 -0.468076 -0.378424
0.044540 -0.468076 0.308429
0.000000 0.000000 0.000000
0.000000 0.000000 0.000000
0.000000 0.000000 0.000000
-0.035171 -0.001066 -0.209879
-0.133704 0.434809 0.276874
-0.647559 -0.365852 0.275991
0.000000 0.000000 0.000000
-0.279793 -0.032200 0.433965
-0.710070 -0.516376 -0.160422
0.049729 -0.001066 0.050629
0.000000 0.000000 0.000000
0.000000 0.000000 0.000000
-0.179291 -0.499209 0.140425
-0.597549 -0.001066 0.421264
0.000000 0.000000 0.000000
-0.205006 -0.468076 -0.370627
0.000000 0.000000 0.000000
0.000000 0.000000 0.000000
0.000000 0.000000 0.000000
0.000000 0.000000 0.000000
-0.435281 -0.032200 0.105766
0.292947 0.465942 0.223723
0.000000 0.000000 0.000000
0.194350 -0.499209 -0.225782
0.000000 0.000000 0.000000
0.000000 0.000000 0.000000
0.000000 0.000000 0.000000
-0.426037 -0.468076 -0.166852
-0.678694 -0.226128 0.061228
-0.647559 -0.083954 0.166260
-0.589118 -0.468076 0.176649
0.265379 -0.001066 -0.382463
0.000000 0.000000 0.000000
0.000000 0.000000 0.000000
0.000000 0.000000 0.000000
0.000000 0.000000 0.000000
0.000000 0.000000 0.000000
-0.349689 -0.468076 -0.429988
0.000000 0.000000 0.000000
0.147639 0.465942 0.417791
0.000000 0.000000 0.000000
-0.351207 -0.468076 0.049940
0.000000 0.000000 0.000000
-0.557499 -0.468076 -0.018371
0.429827 0.465942 0.087212
-0.678694 -0.184053 0.223478
-0.241058 0.440059 0.510868
0.390942 0.403675 -0.076105
-0.647559 -0.393729 -0.223193
0.000000 0.000000 0.000000
-0.085248 -0.001066 0.264532
0.239245 0.465942 0.301700
0.000000 0.000000 0.000000
0.136558 -0.032200 -0.087580
0.000000 0.000000 0.000000
0.000000 0.000000 0.000000
0.000000 0.000000 0.000000
0.000000 0.000000 0.000000
-0.647559 -0.352883 0.415476
0.413107 0.403675 -0.260825
0.578877 0.403675 -0.202896
-0.184411 -0.468076 0.293009
0.000000 0.000000 0.000000
0.000000 0.000000 0.000000
0.392497 -0.001066 -0.345249
0.072029 0.465942 0.090566
0.154199 -0.032200 -0.263983
0.000000 0.000000 0.000000
0.003010 -0.032200 -0.482263
0.000000 0.000000 0.000000
0.000000 0.000000 0.000000
0.169872 -0.001066 0.357919
0.000000 0.000000 0.000000
-0.072013 -0.001066 0.032551
0.000000 0.000000 0.000000
0.066374 -0.468076 0.405640
0.000000 0.000000 0.000000
0.338146 0.403675 0.254731
-0.568312 -0.032200 0.263493
-0.600744 -0.499209 0.417682
0.000000 0.000000 0.000000
0.175600 -0.499209 -0.049670
0.350838 0.465942 -0.062426
0.078188 0.465942 0.182276
-0.496082 -0.468076 -0.243098
0.000000 0.000000 0.000000
0.026195 -0.001066 0.306967
0.000000 0.000000 0.000000
0.000000 0.000000 0.000000
-0.043720 0.465942 0.504804
0.000000 0.000000 0.000000
-0.647559 0.003778 0.510782
-0.022160 -0.468076 -0.083668
-0.285754 -0.499209 -0.190664
0.000000 0.000000 0.000000
0.000000 0.000000 0.000000
0.000000 0.000000 0.000000
0.000000 0.000000 0.000000
-0.081097 -0.530343 0.017935
0.095877 -0.001066 0.137745
-0.604289 -0.499209 -0.235071
0.181292 0.465942 0.005107
0.140491 -0.499209 0.040252
-0.133334 -0.530343 0.492405
-0.097042 -0.001066 -0.368898
0.378981 0.465942 0.424169
0.000000 0.000000 0.000000
-0.242564 -0.032200 -0.128386
-0.327740 -0.001066 0.340642
-0.139615 -0.032200 0.015872
-0.709732 -0.480574 0.174410
-0.176757 -0.001066 0.181433
0.000000 0.000000 0.000000
0.000000 0.000000 0.000000
-0.388324 -0.030820 0.510868
0.228853 0.465942 0.478923
0.000000 0.000000 0.000000
0.000000 0.000000 0.000000
0.000000 0.000000 0.000000
0.000000 0.000000 0.000000
-0.710070 -0.493812 0.360681
0.000000 0.000000 0.000000
-0.280088 -0.499209 0.204759
0.314882 0.403675 -0.186562
0.000000 0.000000 0.000000
0.000000 0.000000 0.000000
-0.150355 -0.032200 0.391054
-0.596191 -0.468076 0.477834
0.022382 0.403675 0.454308
0.000000 0.000000 0.000000
0.000000 0.000000 0.000000
-0.647559 -0.190539 0.150176
0.000000 0.000000 0.000000
-0.294668 -0.001066 -0.133430
0.206851 0.465942 0.073092
-0.647559 -0.156672 0.355043
0.000000 0.000000 0.000000
0.143953 -0.001066 -0.366657
0.000000 0.000000 0.000000
0.218252 0.465942 0.164611
0.110281 -0.499209 -0.288792
0.000000 0.000000 0.000000
0.000000 0.000000 0.000000
0.327306 -0.001066 0.011022
-0.120981 -0.468076 -0.435306
0.155780 -0.032200 0.009643
0.000000 0.000000 0.000000
0.000000 0.000000 0.000000
-0.361564 -0.032200 0.191829
0.000000 0.000000 0.000000
0.219744 -0.032200 0.179096
-0.114731 -0.523484 -0.526930
0.000000 0.000000 0.000000
0.351422 0.425591 0.510868
-0.706807 -0.474111 -0.000381
0.343950 -0.032200 -0.177818
-0.306811 -0.468076 -0.079616
0.281925 -0.032200 0.252541
0.075967 -0.468076 -0.065222
0.225654 -0.468076 -0.399775
0.600284 0.465942 -0.250527
0.536435 0.403675 -0.310332
-0.313267 -0.530343 -0.516990
0.000000 0.000000 0.000000
-0.310552 -0.499209 0.145344
-0.647559 -0.418912 0.109189
0.000000 0.000000 0.000000
0.000000 0.000000 0.000000
0.000000 0.000000 0.000000
-0.385213 -0.468076 -0.199706
-0.379753 -0.001066 0.010682
0.000000 0.000000 0.000000
-0.147109 0.403675 0.349773
0.011202 0.465942 0.292711
0.000000 0.000000 0.000000
-0.185883 -0.032200 0.298699
-0.481550 -0.499209 -0.012802
0.000000 0.000000 0.000000
-0.259120 -0.032200 0.164139
0.000000 0.000000 0.000000
0.000000 0.000000 0.000000
-0.641639 -0.499209 -0.081616
0.000000 0.000000 0.000000
-0.647559 -0.415794 0.390903
-0.476209 -0.032200 0.018036
0.519431 0.434809 -0.074148
0.191397 -0.032200 -0.149178
0.000000 0.000000 0.000000
0.282789 0.434809 0.001589
0.000000 0.000000 0.000000
-0.238275 -0.499209 -0.253533
0.411977 0.465942 0.319328
-0.647559 -0.499256 -0.338708
0.000000 0.000000 0.000000
0.000000 0.000000 0.000000
0.000000 0.000000 0.000000
-0.035817 -0.499209 0.289927
0.019666 -0.468076 0.189577
0.000000 0.000000 0.000000
0.041571 -0.032200 -0.277631
0.000000 0.000000 0.000000
-0.069020 -0.499209 -0.161243
-0.073217 -0.468076 0.113265
-0.564788 -0.468076 0.059706
-0.489666 -0.499209 0.199039
-0.045815 -0.009372 0.510868
0.284997 0.465942 0.437326
0.334337 -0.032200 0.075505
0.000000 0.000000 0.000000
-0.378018 -0.468076 0.302754
0.213295 -0.468076 -0.139588
0.000000 0.000000 0.000000
0.160745 0.403675 0.321744
0.052307 -0.032200 0.194157
-0.211542 -0.499209 0.439353
0.299951 0.465942 -0.135877
-0.419914 -0.468076 -0.406998
0.144490 -0.468076 -0.449533
-0.516726 -0.001066 0.389572
0.398525 0.403675 -0.352397
0.269051 -0.032200 -0.310885
-0.520344 -0.011672 0.510868
-0.647559 -0.439598 0.290473
-0.421539 -0.001066 0.328888
0.000000 0.000000 0.000000
0.000000 0.000000 0.000000
0.000000 0.000000 0.000000
0.373176 0.465942 -0.134126
0.288969 0.434809 0.133324
0.000000 0.000000 0.000000
0.000000 0.000000 0.000000
0.000000 0.000000 0.000000
0.000000 0.000000 0.000000
-0.299925 -0.499209 -0.380533
-0.047291 -0.032200 -0.312758
0.126283 -0.023602 0.510868
0.443966 0.403675 0.235479
-0.601485 -0.468076 0.248822
0.000000 0.000000 0.000000
0.000000 0.000000 0.000000
-0.647559 -0.257637 0.418047
-0.647559 -0.519755 0.135946
0.000000 0.000000 0.000000
0.219132 -0.474635 -0.524026
0.000000 0.000000 0.000000
0.000000 0.000000 0.000000
0.000000 0.000000 0.000000
-0.081072 -0.032200 -0.163695
0.000000 0.000000 0.000000
0.000000 0.000000 0.000000
0.148622 0.403675 0.467948
-0.372775 -0.468076 0.496176
0.000000 0.000000 0.000000
-0.069629 -0.032200 0.413794
-0.210196 -0.468076 -0.432532
0.000000 0.000000 0.000000
0.392629 0.403675 0.051160
0.000000 0.000000 0.000000
-0.291411 -0.031001 0.510868
0.000000 0.000000 0.000000
0.554076 0.403675 -0.105311
-0.296166 -0.499209 0.410388
-0.008695 -0.468076 -0.375265
0.030468 0.403675 0.343418
0.000000 0.000000 0.000000
0.000000 0.000000 0.000000
0.000000 0.000000 0.000000
-0.062907 -0.468076 0.487831
0.000000 0.000000 0.000000
-0.086370 0.465942 0.426499
-0.647559 -0.412906 -0.032591
0.350145 0.465942 0.318282
0.000000 0.000000 0.000000
-0.012571 -0.530343 -0.521995
0.379237 -0.001066 -0.418059
-0.502155 -0.499209 -0.449942
-0.493946 -0.468076 -0.094125
-0.253050 -0.468076 0.079274
0.000000 0.000000 0.000000
0.000000 0.000000 0.000000
-0.678694 -0.078214 0.415920
0.000000 0.000000 0.000000
-0.647559 -0.387064 0.484237
0.000000 0.000000 0.000000
0.036978 0.403675 0.115559
-0.658540 -0.530343 0.487678
-0.647559 -0.341404 0.022814
0.000000 0.000000 0.000000
0.086343 -0.032200 0.385079
0.000000 0.000000 0.000000
0.000000 0.000000 0.000000
0.000000 0.000000 0.000000
0.000000 0.000000 0.000000
0.029280 -0.499209 -0.292073
0.000000 0.000000 0.000000
-0.380440 -0.499209 0.394584
0.000000 0.000000 0.000000
-0.647559 -0.430723 -0.155524
0.000000 0.000000 0.000000
-0.087925 -0.001066 -0.079848
-0.532293 -0.530343 0.502421
0.000000 0.000000 0.000000
0.000000 0.000000 0.000000
0.000000 0.000000 0.000000
0.000000 0.000000 0.000000
0.459474 0.403675 -0.129213
0.467787 -0.032200 -0.429193
0.000000 0.000000 0.000000
-0.192418 -0.032200 -0.022981
-0.549553 -0.499209 -0.222485
0.456831 0.465942 -0.054784
0.481661 0.434809 0.146107
0.000000 0.000000 0.000000
-0.520252 -0.499209 0.102282
0.000000 0.000000 0.000000
-0.134071 -0.499209 -0.276967
0.000000 0.000000 0.000000
0.664944 0.465942 -0.428501
0.368333 -0.001066 -0.277199
0.000000 0.000000 0.000000
-0.017401 -0.468076 0.071148
-0.538588 -0.468076 0.417374
0.345296 0.465942 -0.257107
0.086100 -0.001066 -0.017229
-0.678694 0.015742 0.375370
-0.011113 0.465942 0.205351
0.000000 0.000000 0.000000
0.302160 -0.468076 -0.487457
0.108394 0.403675 0.239370
0.254380 0.403675 0.510781
-0.647559 -0.510251 0.372302
0.145606 -0.032200 0.427544
0.501797 0.465942 -0.353183
-0.678694 0.039895 0.446761
0.000000 0.000000 0.000000
0.000000 0.000000 0.000000
0.500546 0.465942 0.059899
0.000000 0.000000 0.000000
0.049558 -0.468076 -0.481120
0.000000 0.000000 0.000000
0.052891 -0.032200 -0.121836
0.000000 0.000000 0.000000
-0.647559 -0.240739 -0.017661
-0.678694 -0.342566 0.159335
0.000000 0.000000 0.000000
0.000000 0.000000 0.000000
-0.004530 -0.001066 0.098674
-0.286574 -0.499209 0.277408
0.000000 0.000000 0.000000
0.378994 0.465942 -0.002696
0.000000 0.000000 0.000000
-0.647559 -0.273650 0.204881
0.000000 0.000000 0.000000
-0.710070 -0.526097 -0.389992
0.000000 0.000000 0.000000
0.213720 -0.001066 -0.073290
0.000000 0.000000 0.000000
0.238319 0.403675 0.106287
0.000000 0.000000 0.000000
-0.172229 -0.001066 0.085282
0.000000 0.000000 0.000000
-0.499584 -0.032200 0.172997
0.000000 0.000000 0.000000
-0.016372 -0.032200 0.235261
0.000000 0.000000 0.000000
0.000000 0.000000 0.000000
0.000000 0.000000 0.000000
-0.680585 -0.530343 -0.254746
0.000000 0.000000 0.000000
0.000000 0.000000 0.000000
0.000000 0.000000 0.000000
0.000000 0.000000 0.000000
-0.139214 -0.001066 -0.220220
0.000000 0.000000 0.000000
0.299772 -0.032200 -0.457406
0.172029 -0.001066 0.088240
-0.678694 -0.071207 0.246319
0.000000 0.000000 0.000000
-0.700976 -0.469513 -0.103843
-0.438720 -0.499209 -0.297184
0.000000 0.000000 0.000000
0.000000 0.000000 0.000000
-0.385417 -0.468076 0.139750
0.000000 0.000000 0.000000
0.099378 -0.468076 0.101801
0.090416 -0.032200 -0.358061
0.203600 0.403675 0.248175
0.000000 0.000000 0.000000
-0.093249 0.413740 0.510868
-0.206661 -0.499209 -0.170970
0.000000 0.000000 0.000000
-0.222803 -0.032200 0.441034
-0.647559 -0.423156 -0.289529
-0.647559 -0.224124 0.288966
-0.009802 -0.499209 0.429145
0.000000 0.000000 0.000000
-0.217094 -0.499209 0.220743
0.000000 0.000000 0.000000
0.000000 0.000000 0.000000
0.000000 0.000000 0.000000
-0.295143 -0.001066 -0.050579
-0.524747 -0.001066 0.322470
0.000000 0.000000 0.000000
0.000000 0.000000 0.000000
-0.165136 0.465942 0.380228
-0.444862 -0.499209 0.317702
0.000000 0.000000 0.000000
-0.153034 -0.499209 0.381676
-0.380417 -0.001066 0.405636
0.000000 0.000000 0.000000
0.000000 0.000000 0.000000
0.457430 0.403675 0.104673
-0.647559 -0.449520 0.033496
-0.076179 0.434809 0.264095
0.000000 0.000000 0.000000
0.000000 0.000000 0.000000
0.067097 0.465942 0.383700
0.000000 0.000000 0.000000
0.000000 0.000000 0.000000
0.000000 0.000000 0.000000
-0.416426 -0.499209 0.028368
-0.145363 -0.468076 0.066272
-0.175392 0.465942 0.460572
0.207434 0.403675 0.418161
0.000000 0.000000 0.000000
-0.111476 -0.468076 -0.065375
0.000000 0.000000 0.000000
0.000000 0.000000 0.000000
0.000000 0.000000 0.000000
0.000000 0.000000 0.000000
0.559055 0.465942 -0.423828
0.155306 0.465942 0.220561
0.000000 0.000000 0.000000
-0.531630 -0.499209 -0.299361
0.138284 0.403675 0.036723
0.000000 0.000000 0.000000
0.000000 0.000000 0.000000
0.512756 0.434809 -0.166634
-0.078996 -0.032200 0.096106
-0.647559 -0.127039 0.277442
-0.261930 -0.503385 -0.008031
0.262693 -0.001066 0.091292
-0.412330 -0.001066 0.174912
0.000000 0.000000 0.000000
0.000000 0.000000 0.000000
0.000000 0.000000 0.000000
0.000000 0.000000 0.000000
0.000000 0.000000 0.000000
0.219218 -0.001066 0.285432
0.000000 0.000000 0.000000
0.264824 0.403675 0.320124
0.000000 0.000000 0.000000
-0.366634 -0.499209 -0.128456
0.000000 0.000000 0.000000
-0.678694 -0.355075 0.343386
-0.647559 -0.349025 -0.147704
0.000000 0.000000 0.000000
0.000000 0.000000 0.000000
0.000000 0.000000 0.000000
0.000000 0.000000 0.000000
-0.373984 -0.484641 -0.526930
0.000000 0.000000 0.000000
-0.253002 -0.468076 0.496960
-0.640357 -0.001066 0.282505
0.107378 -0.001066 -0.471156
0.001244 -0.032200 0.013473
0.000000 0.000000 0.000000
0.000000 0.000000 0.000000
-0.225345 -0.001066 0.105320
0.310302 0.403675 -0.068431
0.000000 0.000000 0.000000
0.000000 0.000000 0.000000
0.434283 -0.032200 -0.283239
0.306311 0.403675 0.065208
-0.076299 0.434809 0.341991
-0.155376 -0.032200 0.224081
0.000000 0.000000 0.000000
0.000000 0.000000 0.000000
0.000000 0.000000 0.000000
0.049662 -0.468076 -0.134864
0.000000 0.000000 0.000000
0.205858 0.403675 -0.011119
-0.647559 -0.293777 0.293745
-0.009714 -0.001066 0.400534
0.372592 0.403675 0.184560
-0.348639 -0.032200 0.267396
0.000000 0.000000 0.000000
-0.266124 -0.468076 -0.319814
0.000000 0.000000 0.000000
0.000000 0.000000 0.000000
0.000000 0.000000 0.000000
0.000000 0.000000 0.000000
-0.212894 -0.001066 0.387374
0.000000 0.000000 0.000000
0.205936 -0.001066 -0.303400
-0.583626 -0.499209 -0.342533
0.000000 0.000000 0.000000
-0.041405 -0.468076 0.341263
-0.464285 -0.499209 -0.366370
0.000000 0.000000 0.000000
-0.648149 -0.530343 0.202454
0.000000 0.000000 0.000000
0.000000 0.000000 0.000000
-0.678694 -0.191995 0.428950
0.125890 -0.468076 -0.016163
0.156329 -0.499209 -0.348700
0.000000 0.000000 0.000000
-0.132329 -0.032200 0.124508
-0.037353 0.403675 0.183837
0.000000 0.000000 0.000000
0.572078 0.465942 -0.477066
0.465464 0.434809 -0.213031
0.468177 0.403675 -0.432062
-0.137508 -0.499209 -0.363313
0.000000 0.000000 0.000000
-0.678694 -0.030161 0.464699
0.290910 0.465942 0.362567
0.000000 0.000000 0.000000
0.000000 0.000000 0.000000
-0.496228 -0.468084 -0.511485
0.000000 0.000000 0.000000
0.061857 0.403675 0.062346
0.000000 0.000000 0.000000
-0.647559 -0.530092 -0.411957
0.000000 0.000000 0.000000
0.000000 0.000000 0.000000
0.000000 0.000000 0.000000
0.000000 0.000000 0.000000
-0.522612 -0.468076 -0.163176
-0.708886 -0.477689 0.079984
-0.148350 -0.001066 -0.302385
-0.572979 -0.032200 0.189169
0.000000 0.000000 0.000000
0.000000 0.000000 0.000000
-0.083239 -0.032200 -0.249459
0.132340 0.434809 0.103437
0.000000 0.000000 0.000000
0.000000 0.000000 0.000000
-0.583688 -0.499209 0.362397
0.000000 0.000000 0.000000
-0.279657 -0.032200 0.380546
0.000000 0.000000 0.000000
0.000000 0.000000 0.000000
0.000000 0.000000 0.000000
0.425368 0.465942 -0.335072
0.115262 0.403675 0.378054
0.000000 0.000000 0.000000
0.000000 0.000000 0.000000
0.336353 0.403675 0.015308
0.000000 0.000000 0.000000
0.000000 0.000000 0.000000
-0.199076 -0.001066 -0.087953
-0.255691 -0.468076 -0.146862
0.361486 0.403675 0.441151
-0.710070 -0.508746 0.235831
0.249654 -0.032200 -0.170083
0.000000 0.000000 0.000000
0.000000 0.000000 0.000000
0.000000 0.000000 0.000000
0.000000 0.000000 0.000000
-0.018973 -0.499209 0.136203
-0.052100 0.403675 0.432109
-0.346904 -0.499209 -0.068985
0.000000 0.000000 0.000000
0.264463 0.465942 -0.074886
-0.240670 -0.032200 0.344779
-0.214166 -0.001066 -0.170267
-0.678694 -0.305042 -0.022089
-0.621168 -0.499209 -0.009411
0.000000 0.000000 0.000000
0.000000 0.000000 0.000000
-0.401059 -0.530343 0.507547
-0.163411 -0.468076 0.202611
0.364066 -0.032200 -0.041522
-0.480614 -0.499209 -0.171520
-0.471185 -0.468076 0.061154
0.000000 0.000000 0.000000
-0.366151 -0.032200 0.105247
0.000000 0.000000 0.000000
0.000000 0.000000 0.000000
0.000000 0.000000 0.000000
