0.355954 0.113495 0.046165
0.297215 0.145365 0.043248
0.360604 -0.832160 -0.417876
0.000000 0.000000 0.000000
0.000000 0.000000 0.000000
0.000000 0.000000 0.000000
0.000000 0.000000 0.000000
0.000000 0.000000 0.000000
0.378609 0.418452 -0.409932
0.346140 0.287920 0.092688
0.369007 -0.221306 -0.414462
0.000000 0.000000 0.000000
0.000000 0.000000 0.000000
0.177811 0.444558 0.335946
0.000000 0.000000 0.000000
-0.061623 0.444558 -0.375801
0.283011 0.235706 -0.150730
0.000000 0.000000 0.000000
0.164228 0.235706 -0.204686
0.000000 0.000000 0.000000
0.165724 0.090177 -0.398296
0.000000 0.000000 0.000000
0.000000 0.000000 0.000000
0.000000 0.000000 0.000000
0.000000 0.000000 0.000000
0.211418 0.444558 -0.161213
0.284161 0.097308 -0.210681
0.346957 0.314738 0.417529
0.000000 0.000000 0.000000
0.000000 0.000000 0.000000
0.000000 0.000000 0.000000
0.284161 0.110454 -0.086255
0.000000 0.000000 0.000000
0.000000 0.000000 0.000000
0.300504 -0.494682 -0.346083
0.000000 0.000000 0.000000
0.368991 0.222654 0.228613
0.000000 0.000000 0.000000
0.207141 0.444558 0.113169
0.000000 0.000000 0.000000
0.000000 0.000000 0.000000
0.000000 0.000000 0.000000
0.369007 0.298906 -0.094187
0.000000 0.000000 0.000000
0.336985 -0.064516 -0.118572
0.295974 0.163915 0.200172
0.000000 0.000000 0.000000
0.000000 0.000000 0.000000
0.000000 0.000000 0.000000
0.000000 0.000000 0.000000
0.126832 0.378699 -0.378715
0.366164 -0.064516 -0.258646
0.000000 0.000000 0.000000
0.369007 -0.051326 0.149282
0.319241 0.444558 0.233185
0.369007 0.198191 -0.362696
0.000000 0.000000 0.000000
0.000000 0.000000 0.000000
0.332435 -0.064516 0.065251
0.297215 0.230755 -0.096187
0.000000 0.000000 0.000000
0.365624 0.444558 -0.035697
0.341059 0.158895 0.417529
0.000000 0.000000 0.000000
0.000000 0.000000 0.000000
0.000000 0.000000 0.000000
0.000000 0.000000 0.000000
0.000000 0.000000 0.000000
0.000000 0.000000 0.000000
0.369007 -0.699464 -0.174546
0.000000 0.000000 0.000000
0.172627 0.444558 0.012523
0.000000 0.000000 0.000000
0.000000 0.000000 0.000000
0.255911 0.444558 -0.275863
0.369007 0.255238 -0.393129
0.000000 0.000000 0.000000
0.187664 0.132991 -0.326503
0.297215 -0.055679 -0.404518
0.000000 0.000000 0.000000
0.000000 0.000000 0.000000
0.166000 -0.012304 -0.282345
0.000000 0.000000 0.000000
0.030299 0.235783 -0.404823
0.000000 0.000000 0.000000
0.000000 0.000000 0.000000
0.000000 0.000000 0.000000
0.369007 -0.676378 -0.321460
0.000000 0.000000 0.000000
0.000000 0.000000 0.000000
0.000000 0.000000 0.000000
0.369007 0.217674 -0.193446
0.343648 0.095784 -0.417876
0.000000 0.000000 0.000000
0.000000 0.000000 0.000000
0.000000 0.000000 0.000000
0.214770 0.026856 -0.114551
0.345963 -0.313076 -0.346083
0.000000 0.000000 0.000000
0.347001 0.444558 0.111271
0.000000 0.000000 0.000000
0.353111 0.444558 0.380706
0.369007 0.427755 -0.194451
0.000000 0.000000 0.000000
0.098971 0.444558 -0.255004
0.000000 0.000000 0.000000
0.000000 0.000000 0.000000
0.013295 0.353186 -0.300134
0.000000 0.000000 0.000000
0.000000 0.000000 0.000000
0.329847 0.296284 0.263760
0.315742 0.444558 0.001318
0.207041 0.243262 -0.398296
0.218896 0.180325 0.030103
0.000000 0.000000 0.000000
0.201387 0.170441 0.146487
0.329847 0.295277 -0.235358
0.000000 0.000000 0.000000
0.349427 0.069064 0.297790
0.000000 0.000000 0.000000
0.000000 0.000000 0.000000
0.000000 0.000000 0.000000
0.243610 0.222654 0.321199
0.000000 0.000000 0.000000
0.000000 0.000000 0.000000
0.000000 0.000000 0.000000
0.281789 -0.630577 -0.417876
0.000000 0.000000 0.000000
0.149426 0.235706 -0.063050
0.000000 0.000000 0.000000
0.000000 0.000000 0.000000
0.161137 -0.064516 -0.384454
-0.058098 0.444558 -0.294846
0.000000 0.000000 0.000000
0.000000 0.000000 0.000000
0.000000 0.000000 0.000000
0.000000 0.000000 0.000000
0.369007 0.221501 -0.079733
0.303807 -0.118464 -0.346083
0.252339 0.379081 -0.378715
0.349427 0.060951 -0.268753
0.297215 0.004272 0.134906
0.276353 0.026856 -0.023320
0.284161 0.151405 -0.277827
0.157075 0.235341 -0.339556
0.069777 0.444558 -0.040920
0.000000 0.000000 0.000000
0.000000 0.000000 0.000000
0.000000 0.000000 0.000000
0.269828 0.444558 0.198894
0.000000 0.000000 0.000000
0.234329 0.345355 0.378370
0.047319 0.351730 -0.378715
0.000000 0.000000 0.000000
0.329847 0.343279 -0.016071
0.329847 -0.039584 0.273384
0.000000 0.000000 0.000000
0.000000 0.000000 0.000000
0.297215 0.048289 -0.376064
0.000000 0.000000 0.000000
0.083465 0.444558 -0.160972
0.000000 0.000000 0.000000
0.369007 -0.445361 -0.407883
0.000000 0.000000 0.000000
0.000000 0.000000 0.000000
0.000000 0.000000 0.000000
0.219048 0.444558 0.403067
0.000000 0.000000 0.000000
0.000000 0.000000 0.000000
0.000000 0.000000 0.000000
0.000000 0.000000 0.000000
0.000000 0.000000 0.000000
0.000000 0.000000 0.000000
0.000000 0.000000 0.000000
0.000000 0.000000 0.000000
0.000000 0.000000 0.000000
0.000000 0.000000 0.000000
0.000000 0.000000 0.000000
0.000000 0.000000 0.000000
0.000000 0.000000 0.000000
0.000000 0.000000 0.000000
0.369007 0.347132 -0.412358
0.000000 0.000000 0.000000
0.000000 0.000000 0.000000
0.297215 0.054526 0.247140
0.268503 0.222654 -0.318799
0.000000 0.000000 0.000000
0.369007 0.439646 0.339550
0.355954 0.023892 -0.036298
0.000000 0.000000 0.000000
0.282704 0.405399 -0.101819
0.358355 -0.064105 -0.417876
0.000000 0.000000 0.000000
0.000000 0.000000 0.000000
0.000000 0.000000 0.000000
0.349427 0.070577 0.158397
0.000000 0.000000 0.000000
0.000000 0.000000 0.000000
0.000000 0.000000 0.000000
0.278077 -0.012304 -0.278237
0.000000 0.000000 0.000000
0.000000 0.000000 0.000000
0.108214 0.405398 0.107512
0.000000 0.000000 0.000000
0.000000 0.000000 0.000000
0.150732 0.444558 -0.367337
0.000000 0.000000 0.000000
0.000000 0.000000 0.000000
0.027907 0.444558 -0.376507
0.000000 0.000000 0.000000
0.000000 0.000000 0.000000
0.000000 0.000000 0.000000
0.318107 0.444558 -0.331484
0.000000 0.000000 0.000000
0.000000 0.000000 0.000000
0.099193 0.159372 -0.326503
0.000000 0.000000 0.000000
0.369007 0.211938 0.001301
0.355954 0.097810 -0.149567
0.000000 0.000000 0.000000
0.000000 0.000000 0.000000
0.369007 0.437059 -0.306108
0.000000 0.000000 0.000000
0.000000 0.000000 0.000000
0.000000 0.000000 0.000000
0.000000 0.000000 0.000000
0.329847 0.357696 0.146622
0.000000 0.000000 0.000000
0.000000 0.000000 0.000000
0.072542 0.222654 -0.338333
0.000000 0.000000 0.000000
0.000000 0.000000 0.000000
0.349427 0.183224 0.138279
0.000000 0.000000 0.000000
0.000000 0.000000 0.000000
0.000000 0.000000 0.000000
0.323573 0.000749 -0.172797
0.000000 0.000000 0.000000
0.000000 0.000000 0.000000
0.000000 0.000000 0.000000
0.171466 0.444558 0.268664
0.000000 0.000000 0.000000
0.358667 -0.612751 -0.234565
0.301583 -0.612751 -0.316353
0.000000 0.000000 0.000000
0.297215 -0.565951 -0.404394
0.338443 0.258580 0.345736
0.355954 0.100198 -0.041793
0.000000 0.000000 0.000000
0.000000 0.000000 0.000000
0.262807 0.222654 0.051759
0.000000 0.000000 0.000000
0.218896 0.188752 -0.135350
0.000000 0.000000 0.000000
0.000000 0.000000 0.000000
0.000000 0.000000 0.000000
0.000000 0.000000 0.000000
0.299254 0.212284 -0.417876
0.000000 0.000000 0.000000
0.000000 0.000000 0.000000
0.000000 0.000000 0.000000
0.000000 0.000000 0.000000
0.000000 0.000000 0.000000
0.369007 0.187245 -0.295406
0.000000 0.000000 0.000000
0.000000 0.000000 0.000000
0.000000 0.000000 0.000000
0.000000 0.000000 0.000000
0.000000 0.000000 0.000000
0.098941 0.000749 -0.368617
0.182192 0.405398 -0.080252
0.165340 0.235706 0.097673
0.339703 -0.694762 -0.417876
0.000000 0.000000 0.000000
0.000000 0.000000 0.000000
0.212782 0.315227 -0.378715
0.000000 0.000000 0.000000
0.335877 0.444558 -0.120521
0.216430 0.013803 -0.205591
0.000000 0.000000 0.000000
0.369007 -0.593228 -0.381182
0.000000 0.000000 0.000000
0.000000 0.000000 0.000000
0.000000 0.000000 0.000000
0.284161 0.046985 0.054774
0.000000 0.000000 0.000000
0.329847 0.354735 0.279542
0.000000 0.000000 0.000000
0.061984 0.044241 -0.404823
0.095614 0.159340 -0.404823
0.207316 0.235706 0.204383
0.367044 0.003337 -0.346083
0.000000 0.000000 0.000000
0.206563 0.026856 -0.002993
0.000000 0.000000 0.000000
0.000000 0.000000 0.000000
0.297215 0.031506 -0.105655
0.170343 0.444558 -0.259218
0.369007 0.351228 -0.162358
0.000000 0.000000 0.000000
0.000000 0.000000 0.000000
0.000000 0.000000 0.000000
0.009492 0.444558 -0.115954
0.140339 0.297706 -0.417876
0.278824 0.405398 0.298135
0.000000 0.000000 0.000000
0.297215 -0.289088 -0.411864
0.322245 -0.416726 -0.346083
0.297215 0.151668 0.296352
0.064554 0.078113 -0.339556
0.000000 0.000000 0.000000
0.297215 -0.223795 -0.352350
0.000000 0.000000 0.000000
0.000000 0.000000 0.000000
0.000000 0.000000 0.000000
0.349427 0.028746 0.111063
0.285870 0.235706 0.247163
0.000000 0.000000 0.000000
0.297215 0.397845 0.414969
0.150041 0.212088 0.012880
0.284161 0.146223 -0.176189
0.000000 0.000000 0.000000
0.176500 0.065558 -0.339556
0.000000 0.000000 0.000000
0.000000 0.000000 0.000000
0.000000 0.000000 0.000000
0.000000 0.000000 0.000000
0.369007 0.359494 -0.268466
0.000000 0.000000 0.000000
0.000000 0.000000 0.000000
0.000000 0.000000 0.000000
0.299984 0.444558 -0.175820
0.066135 0.405398 -0.318974
0.246504 0.010933 -0.404823
0.000000 0.000000 0.000000
0.000000 0.000000 0.000000
0.000000 0.000000 0.000000
0.000000 0.000000 0.000000
0.000000 0.000000 0.000000
0.000000 0.000000 0.000000
0.000000 0.000000 0.000000
0.000000 0.000000 0.000000
0.369007 0.348579 0.204571
0.067661 0.432441 -0.417876
0.170366 0.444558 0.172865
0.000000 0.000000 0.000000
0.000000 0.000000 0.000000
0.000000 0.000000 0.000000
0.276017 0.405398 0.070887
0.368555 -0.078717 0.345736
0.000000 0.000000 0.000000
0.296691 0.436873 -0.417876
0.297215 0.087496 0.163932
0.363487 -0.064517 -0.023557
0.297215 0.234944 0.153182
0.127439 0.222654 -0.139400
0.307229 0.328702 0.345736
0.296400 0.300972 -0.401636
0.000000 0.000000 0.000000
0.349427 0.131324 0.228833
0.000000 0.000000 0.000000
0.231780 0.222654 -0.030417
0.287111 0.235706 -0.239530
0.349343 -0.520646 -0.417876
0.000000 0.000000 0.000000
0.000000 0.000000 0.000000
0.366795 -0.353760 -0.417876
0.000000 0.000000 0.000000
0.000000 0.000000 0.000000
0.000000 0.000000 0.000000
0.000000 0.000000 0.000000
0.230337 0.444558 0.278734
0.259520 0.121330 -0.404823
0.000000 0.000000 0.000000
0.329847 0.315359 -0.350294
0.161046 0.000749 -0.376635
0.000000 0.000000 0.000000
0.000000 0.000000 0.000000
0.000000 0.000000 0.000000
0.000000 0.000000 0.000000
0.059813 0.235706 -0.249895
0.000000 0.000000 0.000000
0.369007 0.305815 -0.306385
0.000000 0.000000 0.000000
0.000000 0.000000 0.000000
0.000000 0.000000 0.000000
0.000000 0.000000 0.000000
0.000000 0.000000 0.000000
0.000000 0.000000 0.000000
0.358808 0.444558 0.040499
0.349427 0.117845 -0.249079
0.000000 0.000000 0.000000
0.041134 0.405398 -0.253533
0.349427 0.172894 0.338551
0.000000 0.000000 0.000000
0.000000 0.000000 0.000000
0.000000 0.000000 0.000000
0.000000 0.000000 0.000000
0.355191 0.062034 0.417529
0.000000 0.000000 0.000000
-0.029619 0.390898 -0.417876
0.000000 0.000000 0.000000
0.000000 0.000000 0.000000
0.000000 0.000000 0.000000
0.000000 0.000000 0.000000
0.227829 0.024776 -0.339556
0.181173 0.414018 -0.430929
0.000000 0.000000 0.000000
0.000000 0.000000 0.000000
0.000000 0.000000 0.000000
0.000000 0.000000 0.000000
0.308498 -0.204815 -0.417876
0.000000 0.000000 0.000000
0.000000 0.000000 0.000000
0.336323 -0.750239 -0.417876
0.353003 -0.240508 -0.346083
0.252661 0.091574 -0.339556
0.000000 0.000000 0.000000
0.000000 0.000000 0.000000
0.000000 0.000000 0.000000
0.000000 0.000000 0.000000
0.355954 -0.006935 0.203831
0.000000 0.000000 0.000000
0.000000 0.000000 0.000000
0.000000 0.000000 0.000000
0.000000 0.000000 0.000000
0.317945 0.237899 0.417529
0.357359 0.222654 0.296178
0.000000 0.000000 0.000000
0.257838 0.000749 -0.178667
0.345628 0.405398 0.298219
0.000000 0.000000 0.000000
0.369007 0.353368 0.042222
0.297215 0.052215 0.337228
0.231630 0.333535 -0.417876
0.214395 0.405398 0.212237
0.000000 0.000000 0.000000
0.000000 0.000000 0.000000
0.000000 0.000000 0.000000
0.314881 0.213447 -0.013227
0.000000 0.000000 0.000000
0.369007 -0.014684 0.029971
0.000000 0.000000 0.000000
0.006268 0.288669 -0.398296
0.000000 0.000000 0.000000
0.000000 0.000000 0.000000
0.000000 0.000000 0.000000
0.000000 0.000000 0.000000
0.000000 0.000000 0.000000
0.222312 0.405398 -0.213539
0.000000 0.000000 0.000000
0.230853 0.405398 0.006480
0.299591 -0.696912 -0.346083
0.329847 0.317078 -0.174172
0.297215 0.140005 -0.024829
0.000000 0.000000 0.000000
0.000000 0.000000 0.000000
0.361177 0.373632 -0.346083
0.125928 0.444558 -0.097133
0.000000 0.000000 0.000000
0.000000 0.000000 0.000000
0.369007 0.301139 -0.011990
0.000000 0.000000 0.000000
0.000000 0.000000 0.000000
0.000000 0.000000 0.000000
0.189035 0.222654 -0.279004
0.000000 0.000000 0.000000
0.000000 0.000000 0.000000
0.000000 0.000000 0.000000
0.000000 0.000000 0.000000
0.000000 0.000000 0.000000
0.000000 0.000000 0.000000
0.000000 0.000000 0.000000
0.236999 0.172441 -0.398296
0.184824 0.405399 -0.308876
0.297215 0.200938 0.359883
0.349427 0.000503 -0.296451
0.329847 0.379485 -0.065289
0.217950 0.444558 -0.095016
0.000000 0.000000 0.000000
0.284221 0.314914 0.417529
0.000000 0.000000 0.000000
0.000000 0.000000 0.000000
0.000000 0.000000 0.000000
0.000000 0.000000 0.000000
0.000000 0.000000 0.000000
0.000000 0.000000 0.000000
0.000000 0.000000 0.000000
0.000000 0.000000 0.000000
0.000000 0.000000 0.000000
0.104611 0.324572 -0.378715
0.000000 0.000000 0.000000
0.317852 0.154074 -0.346083
0.000000 0.000000 0.000000
0.349427 0.039709 0.243462
0.000000 0.000000 0.000000
0.000000 0.000000 0.000000
0.000000 0.000000 0.000000
0.330303 0.001890 -0.417876
0.369007 -0.050200 0.229988
0.000000 0.000000 0.000000
0.000000 0.000000 0.000000
0.238906 -0.012304 -0.072069
0.000000 0.000000 0.000000
0.000000 0.000000 0.000000
0.000000 0.000000 0.000000
0.000000 0.000000 0.000000
0.000000 0.000000 0.000000
0.209263 -0.046253 -0.417876
0.000000 0.000000 0.000000
0.000000 0.000000 0.000000
0.337844 -0.012304 -0.102862
0.000000 0.000000 0.000000
0.066295 0.115317 -0.404823
0.329847 -0.012304 -0.232591
0.000000 0.000000 0.000000
0.369007 0.358138 0.358899
0.000000 0.000000 0.000000
0.000000 0.000000 0.000000
0.000000 0.000000 0.000000
0.000000 0.000000 0.000000
0.000000 0.000000 0.000000
0.000000 0.000000 0.000000
0.106939 0.231635 -0.398296
0.275326 0.444558 0.359930
0.000000 0.000000 0.000000
0.369007 -0.628539 -0.140706
0.131344 0.405398 -0.158458
-0.062994 0.378316 -0.378715
0.000000 0.000000 0.000000
0.355954 0.110704 -0.320286
0.000000 0.000000 0.000000
0.000000 0.000000 0.000000
0.262360 0.026856 -0.282714
0.000000 0.000000 0.000000
0.349427 0.033519 -0.185784
0.000000 0.000000 0.000000
0.114911 0.405398 0.045100
0.357632 0.405398 0.158898
0.000000 0.000000 0.000000
0.000000 0.000000 0.000000
0.000000 0.000000 0.000000
0.000000 0.000000 0.000000
0.000000 0.000000 0.000000
0.000000 0.000000 0.000000
-0.006464 0.405399 -0.327721
0.000000 0.000000 0.000000
0.000000 0.000000 0.000000
0.000000 0.000000 0.000000
0.341282 -0.551190 -0.346083
0.000000 0.000000 0.000000
0.362512 -0.064516 -0.327984
0.237574 0.058528 -0.398296
0.000000 0.000000 0.000000
0.329847 0.188171 -0.143824
0.000000 0.000000 0.000000
0.247621 0.444558 -0.367353
0.000000 0.000000 0.000000
0.000000 0.000000 0.000000
0.369007 -0.143745 -0.355022
0.368968 0.418452 0.227114
0.130999 0.444558 -0.194139
0.000000 0.000000 0.000000
0.000000 0.000000 0.000000
0.000000 0.000000 0.000000
0.000000 0.000000 0.000000
0.297215 0.002036 0.034897
0.000000 0.000000 0.000000
0.016570 0.380908 -0.138491
0.000000 0.000000 0.000000
0.000000 0.000000 0.000000
0.369007 -0.629910 -0.322851
0.297215 0.077983 -0.269257
0.037380 0.405398 -0.177551
0.000000 0.000000 0.000000
0.059652 0.287920 -0.389406
0.000000 0.000000 0.000000
0.355407 0.222654 0.063819
0.369007 0.215599 0.389556
0.297215 -0.364440 -0.372714
0.288064 0.000749 0.206153
0.000000 0.000000 0.000000
0.357004 0.287920 0.197044
0.213980 0.026856 0.089639
0.000000 0.000000 0.000000
0.122149 -0.034360 -0.417876
0.000000 0.000000 0.000000
0.000000 0.000000 0.000000
0.355954 0.130963 0.298033
0.000000 0.000000 0.000000
0.000000 0.000000 0.000000
0.362584 -0.154451 -0.417876
0.000000 0.000000 0.000000
0.340744 0.170441 0.250231
0.000000 0.000000 0.000000
0.223643 0.235706 -0.215469
0.030099 0.175959 -0.398296
0.206151 0.000749 -0.250465
0.320123 0.259606 -0.346083
0.189495 0.235706 -0.150627
0.192789 0.183873 -0.194027
0.000000 0.000000 0.000000
0.000000 0.000000 0.000000
0.241035 0.152181 -0.339556
0.307086 -0.023315 -0.346083
0.000000 0.000000 0.000000
0.349427 0.054851 0.068380
0.107671 0.026856 -0.277356
0.000000 0.000000 0.000000
0.361697 -0.000230 0.345736
0.329847 0.362966 -0.215116
0.000000 0.000000 0.000000
0.000000 0.000000 0.000000
0.000000 0.000000 0.000000
0.000000 0.000000 0.000000
0.000000 0.000000 0.000000
0.313419 0.402924 0.345736
0.000000 0.000000 0.000000
0.000000 0.000000 0.000000
0.000000 0.000000 0.000000
0.000000 0.000000 0.000000
0.292802 0.000749 0.257192
0.249200 0.203955 0.159729
0.000000 0.000000 0.000000
0.000000 0.000000 0.000000
0.297215 0.399873 -0.355813
0.000000 0.000000 0.000000
0.000000 0.000000 0.000000
0.000000 0.000000 0.000000
0.369007 -0.025964 -0.193036
0.297215 -0.470810 -0.407504
0.000000 0.000000 0.000000
0.000000 0.000000 0.000000
0.199384 0.170441 -0.045752
0.000000 0.000000 0.000000
0.349427 0.174879 -0.033502
0.000000 0.000000 0.000000
0.369007 0.313769 0.301937
0.000000 0.000000 0.000000
0.329847 0.385471 0.076821
0.240894 0.222654 -0.096425
0.000000 0.000000 0.000000
0.000000 0.000000 0.000000
0.000000 0.000000 0.000000
0.000000 0.000000 0.000000
0.000000 0.000000 0.000000
0.000000 0.000000 0.000000
0.000000 0.000000 0.000000
0.000000 0.000000 0.000000
0.284161 0.052673 -0.180983
0.329847 0.208783 -0.268473
0.220165 0.235706 0.015127
0.258779 0.000749 0.091712
0.000000 0.000000 0.000000
0.333791 0.444558 -0.237544
0.000000 0.000000 0.000000
0.171001 0.013803 -0.077791
0.000000 0.000000 0.000000
0.251800 0.418452 0.427969
0.000000 0.000000 0.000000
0.000000 0.000000 0.000000
0.355954 0.009887 0.293457
0.330679 -0.666596 -0.294642
0.184504 0.235706 0.148488
0.000000 0.000000 0.000000
0.000000 0.000000 0.000000
0.000000 0.000000 0.000000
0.329847 0.180929 -0.204273
0.000000 0.000000 0.000000
0.000000 0.000000 0.000000
0.000000 0.000000 0.000000
0.329847 0.371237 -0.303790
0.000000 0.000000 0.000000
0.000000 0.000000 0.000000
0.287054 0.362382 0.378370
0.000000 0.000000 0.000000
0.000000 0.000000 0.000000
0.000000 0.000000 0.000000
0.000000 0.000000 0.000000
0.000000 0.000000 0.000000
0.000000 0.000000 0.000000
0.000000 0.000000 0.000000
0.369007 -0.375148 -0.352359
0.000000 0.000000 0.000000
0.107565 0.444558 -0.321800
0.297215 0.263230 0.365860
0.000000 0.000000 0.000000
0.117860 0.222654 -0.249637
0.000000 0.000000 0.000000
0.000000 0.000000 0.000000
0.000000 0.000000 0.000000
0.349427 0.123906 0.129930
0.297215 -0.135293 -0.405479
0.297215 0.083191 0.007831
0.355954 0.162413 0.075668
0.136673 0.405399 0.194480
0.000000 0.000000 0.000000
0.000000 0.000000 0.000000
0.178971 0.405398 0.083317
0.000000 0.000000 0.000000
0.000000 0.000000 0.000000
0.215151 0.222654 0.061698
0.353135 -0.847708 -0.354312
0.000000 0.000000 0.000000
0.356721 -0.469361 -0.346083
0.085371 0.203074 -0.177635
0.000000 0.000000 0.000000
0.117817 0.097310 -0.326503
0.000000 0.000000 0.000000
0.000000 0.000000 0.000000
0.000000 0.000000 0.000000
0.000000 0.000000 0.000000
-0.042381 0.310427 -0.378715
0.000000 0.000000 0.000000
0.000000 0.000000 0.000000
0.000000 0.000000 0.000000
0.000000 0.000000 0.000000
