-0.001635 0.563782 0.173225
0.000000 0.000000 0.000000
-0.021854 -0.258101 -0.078111
-0.066438 0.049370 0.278342
-0.050855 0.002530 0.323020
0.090590 -0.725427 0.617885
0.109034 -0.724417 0.539528
-0.094613 -0.727048 0.640670
0.181236 0.745588 -0.314704
0.035253 0.228659 0.305262
0.049939 0.862374 -0.080737
0.185588 0.705079 -0.312150
0.366422 -0.711329 -0.045552
0.099810 -0.574643 0.039679
-0.039541 0.443411 0.502494
-0.037195 0.436508 0.565367
0.151380 0.779816 -0.291393
0.000000 0.000000 0.000000
0.081367 -0.534448 0.180749
0.073755 0.737897 -0.110365
0.187848 -0.462937 -0.036328
-0.006210 0.728882 -0.200947
-0.098969 0.818698 -0.250976
0.072143 -0.024645 0.105569
-0.116577 -0.403750 0.094790
0.201259 -0.498977 -0.054076
0.018488 0.495619 0.526751
0.123742 0.721987 -0.188295
0.037726 0.857409 -0.114407
0.105296 -0.708602 0.244952
0.000000 0.000000 0.000000
0.046622 0.623770 -0.224946
0.076907 0.541593 -0.334363
-0.043445 -0.132103 0.107681
0.076149 -0.337247 0.050326
-0.010858 0.619421 -0.025598
-0.096099 0.761318 -0.023511
0.000000 0.000000 0.000000
-0.011440 0.680885 -0.140190
-0.024999 0.260074 0.381891
-0.044712 -0.708602 0.448451
-0.028271 -0.470619 0.096196
0.000000 0.000000 0.000000
0.188767 -0.595490 -0.063996
0.007503 0.592529 0.391170
0.072143 0.387253 0.384448
0.075623 0.582074 -0.270513
0.103011 -0.506353 -0.007814
0.057387 -0.492574 -0.009503
0.100526 0.872042 -0.401331
-0.008749 0.532004 0.681607
0.008070 0.092425 0.206134
0.000000 0.000000 0.000000
-0.063881 0.861417 -0.337916
0.003454 -0.278794 0.043433
-0.134825 0.710872 -0.175434
0.016809 -0.149407 0.021557
-0.008968 0.644715 0.052709
-0.046673 0.807874 -0.206823
0.000000 0.000000 0.000000
0.005128 -0.714669 0.295265
0.099324 -0.286369 -0.081935
-0.011741 0.801021 -0.072406
0.004085 0.577860 0.562601
0.000000 0.000000 0.000000
0.096874 0.701317 -0.166434
0.004562 0.607962 0.306795
0.051595 0.852103 -0.272918
0.084691 -0.634626 0.292407
-0.060272 0.899963 -0.025434
-0.067619 0.380835 0.466318
0.229250 -0.724394 -0.045552
0.142599 0.581312 -0.349284
0.108318 -0.401189 -0.041026
0.186469 0.769105 -0.369510
0.098304 -0.727048 0.392336
-0.072066 0.692159 -0.295190
0.109034 -0.418989 0.103002
-0.042686 -0.043479 0.203720
0.116133 -0.499020 -0.046523
-0.034222 0.160119 0.295939
0.000000 0.000000 0.000000
-0.071681 0.889369 -0.153417
-0.028383 0.538055 0.468713
-0.006138 0.857326 -0.288325
0.012070 0.718024 -0.012996
0.099810 -0.654962 0.186354
0.125693 0.781931 -0.256577
0.000057 0.662820 -0.069564
-0.061329 0.706294 -0.034888
-0.047749 0.584208 0.211471
-0.047446 0.591943 0.080004
0.084197 0.314566 0.353151
0.067816 0.161987 0.218993
0.076837 -0.709086 0.434015
0.045708 0.516295 0.600446
-0.092787 -0.708602 0.515045
0.084812 0.520805 0.462612
0.238147 -0.396209 -0.037606
0.014758 0.612946 -0.180056
0.090406 0.016371 0.170068
0.137465 0.653157 -0.233833
0.272300 -0.655187 -0.062326
-0.043445 0.538060 0.571493
0.000000 0.000000 0.000000
-0.034067 0.288332 0.460696
-0.010858 0.622428 0.159317
0.000000 0.000000 0.000000
0.062924 -0.226930 -0.016278
0.092729 0.820371 -0.350838
0.000000 0.000000 0.000000
0.042434 0.859818 -0.216104
0.036478 0.889370 -0.330676
-0.057712 0.604893 -0.240700
-0.009559 0.568034 -0.303421
0.072143 0.569544 0.500998
-0.010858 0.572826 0.481377
0.053699 -0.098161 0.100324
-0.040466 -0.210742 0.040401
0.016809 0.460547 0.430974
-0.043445 -0.340210 0.007505
-0.043445 0.007140 0.195725
0.001656 -0.419500 -0.045552
0.000000 0.000000 0.000000
0.118257 -0.443473 0.029738
0.000000 0.000000 0.000000
0.087899 0.793714 -0.187030
-0.085676 0.858225 -0.232333
-0.004720 0.787301 -0.207151
0.016809 0.039635 0.140760
-0.012265 -0.218664 -0.024592
0.006915 0.189270 0.252272
0.028829 -0.249951 -0.031513
0.000000 0.000000 0.000000
0.007407 0.324287 0.337522
0.090590 -0.462008 -0.057023
0.087631 0.661296 -0.220789
-0.049255 0.870618 -0.117985
-0.066424 0.659472 -0.190002
0.098664 -0.373127 -0.124029
0.014350 -0.333293 -0.048627
-0.026803 -0.224786 0.098229
-0.043445 0.153042 0.351804
0.084869 -0.355690 -0.035529
-0.046848 0.629467 -0.022649
-0.109116 0.823073 -0.284720
-0.010858 0.497913 0.654034
0.081367 -0.486664 0.123002
-0.093762 0.672760 -0.226193
0.182173 0.630256 -0.294494
0.043513 0.877893 0.000864
0.000000 0.000000 0.000000
-0.024999 0.226557 0.412427
-0.037320 0.068820 0.261143
-0.021226 0.904909 -0.234624
0.140239 0.809534 -0.338443
0.081367 -0.586549 0.234136
0.000000 0.000000 0.000000
0.007585 0.551090 0.307250
-0.015606 0.858569 -0.035773
0.028450 0.302822 0.312201
-0.048861 0.341009 0.504624
-0.003474 0.532767 0.250985
0.118257 -0.655833 0.039230
0.013992 0.537498 0.590482
0.109034 -0.718519 0.148812
0.000000 0.000000 0.000000
0.055442 0.770638 -0.010049
0.004097 0.901618 -0.156748
-0.043445 -0.110008 0.173817
-0.120294 0.777674 -0.224574
-0.005592 0.788229 -0.125423
-0.024788 0.696171 -0.065129
-0.053216 0.725298 0.027926
0.000000 0.000000 0.000000
-0.073501 0.679847 -0.105555
0.034832 0.697257 -0.112043
0.040096 0.834967 -0.169528
-0.065984 0.628106 -0.138743
-0.061832 -0.261457 0.047372
-0.026301 0.664064 -0.206743
0.002748 0.620753 0.236863
0.000000 0.000000 0.000000
0.090590 -0.718835 0.310955
0.034352 0.528217 0.511162
0.068604 0.090972 0.171994
0.000000 0.000000 0.000000
0.000000 0.000000 0.000000
0.169122 -0.382744 -0.050113
0.155138 -0.540515 -0.063996
0.132913 0.822540 -0.397280
0.000000 0.000000 0.000000
-0.005438 0.511037 0.522328
0.108646 0.720900 -0.225035
-0.006555 -0.278398 -0.018008
0.000000 0.000000 0.000000
0.297244 -0.723003 -0.063996
0.071826 -0.699380 0.263301
-0.003068 0.822155 -0.323013
0.007585 0.604610 0.038846
0.053699 -0.309264 -0.092395
0.004512 -0.038338 0.094854
-0.035851 -0.387679 -0.016840
0.079117 0.235354 0.300726
0.053099 -0.013391 0.158222
-0.033751 0.766624 -0.017369
0.025955 -0.512413 0.028452
-0.040229 -0.005700 0.252991
0.152220 0.770399 -0.418390
0.072143 -0.148320 0.014182
-0.056243 0.553626 0.243589
-0.029302 0.595057 0.143669
0.007585 0.546437 0.418554
0.000000 0.000000 0.000000
0.139811 0.597082 -0.282896
-0.035662 0.343474 0.427288
0.099824 0.642257 -0.292387
0.009871 -0.081685 0.046670
0.081571 -0.392434 0.050216
0.123820 0.833574 -0.252097
0.116063 -0.492176 0.046674
0.045233 0.268815 0.344991
0.053699 0.056835 0.192031
0.103226 0.869997 -0.331665
-0.034602 0.212561 0.339422
-0.038857 0.093129 0.322805
-0.063118 0.496908 0.604660
-0.016493 0.610259 -0.237169
0.016611 0.593685 0.119450
-0.021985 0.850628 -0.197953
0.044498 0.671123 -0.173972
-0.098780 -0.725797 0.576666
-0.031837 -0.332712 -0.045758
0.053699 0.461703 0.418046
0.090590 -0.722327 0.475090
0.103064 0.581671 -0.320677
-0.043445 0.409212 0.482914
0.156889 0.585131 -0.304502
0.014524 -0.727048 0.446290
0.016809 0.640457 0.107790
0.037828 -0.230423 -0.084548
-0.028644 0.630951 -0.111228
0.000000 0.000000 0.000000
0.084439 -0.100712 0.047555
-0.037272 0.746333 -0.094203
0.000000 0.000000 0.000000
-0.061055 0.886918 -0.286666
0.016809 0.146277 0.213874
-0.052399 0.621253 -0.171037
0.227507 -0.610393 -0.052786
-0.040866 0.478491 0.595024
-0.111706 0.675700 -0.172439
-0.030657 -0.055451 0.150099
0.081367 -0.693888 0.343286
0.052754 0.419672 0.444831
0.048473 0.139729 0.259559
0.000000 0.000000 0.000000
0.081367 -0.614280 0.243850
0.052950 0.012086 0.108728
0.036679 0.531586 -0.298055
0.000000 0.000000 0.000000
-0.098780 -0.721965 0.467964
0.109034 -0.540934 -0.033727
0.000478 0.630187 -0.129096
0.052677 0.329573 0.385201
0.104369 -0.410739 -0.086417
0.007585 0.581362 0.355625
-0.147420 0.744676 -0.224082
0.117837 0.830899 -0.309872
-0.006026 0.886967 -0.338998
0.014382 0.863376 -0.036229
0.085744 -0.369353 0.001049
0.000000 0.000000 0.000000
0.085106 -0.244578 -0.045552
0.029554 0.513800 0.451830
0.000000 0.000000 0.000000
0.059842 -0.499964 -0.051025
-0.027489 -0.159676 0.144222
0.048865 -0.132642 0.057182
-0.043445 -0.289153 -0.006142
0.090590 -0.346920 -0.092424
0.057620 0.221177 0.258166
0.038415 0.375543 0.415626
-0.029302 0.603532 0.025996
0.053699 -0.063043 0.075617
0.000000 0.000000 0.000000
0.081740 -0.280704 -0.029413
-0.043445 0.475106 0.533155
0.000000 0.000000 0.000000
0.039628 -0.200492 0.001220
0.081367 -0.463660 0.108497
0.000000 0.000000 0.000000
0.043373 -0.189384 0.033066
-0.034661 0.763585 -0.168462
0.118257 -0.523257 0.040795
0.053699 0.106561 0.217261
0.038505 -0.549544 0.019273
-0.062962 0.069250 0.247680
-0.008031 -0.481416 0.045135
0.194576 -0.402164 -0.054773
-0.033620 -0.164963 0.072740
0.026647 0.866343 -0.164692
0.071726 0.839013 -0.301331
-0.046258 0.621333 -0.080684
0.007585 0.575456 0.421953
0.054880 0.751116 -0.066279
-0.036371 0.879926 -0.076537
0.035253 0.367312 0.368665
0.001210 0.583696 0.227603
-0.010858 0.553907 0.543172
-0.043445 0.306431 0.407521
0.000000 0.000000 0.000000
0.000000 0.000000 0.000000
0.090590 -0.711345 0.188643
0.026744 0.590301 0.514870
0.037714 -0.475765 -0.028934
0.026760 -0.274673 -0.069993
0.093587 0.052366 0.136114
0.089936 0.749364 -0.175529
0.035253 0.424394 0.398769
-0.027990 -0.307590 0.039736
-0.033125 -0.088514 0.126743
-0.029246 0.543622 0.622656
0.053699 -0.066256 0.115800
-0.034178 0.573838 0.281493
-0.010858 0.541729 0.375649
0.080029 0.822696 -0.254988
0.038916 -0.201564 -0.049172
0.037341 0.740336 0.001639
0.000000 0.000000 0.000000
-0.036360 -0.084474 0.197345
0.000000 0.000000 0.000000
0.016809 0.234560 0.267346
0.000000 0.000000 0.000000
-0.003028 0.697242 -0.112104
-0.078529 0.857682 -0.289492
0.092362 0.664794 -0.166159
-0.024999 0.114088 0.271765
0.189545 -0.551905 -0.036328
-0.043445 0.194541 0.383473
0.016809 -0.297957 -0.083733
0.007585 0.545776 0.638852
-0.004096 -0.381321 -0.047173
0.053699 0.184637 0.255541
0.000000 0.000000 0.000000
0.036637 -0.727048 0.445400
0.059719 0.879401 -0.387331
0.000000 0.000000 0.000000
0.007585 0.511259 0.570690
-0.007361 0.908593 -0.031188
-0.025028 0.037119 0.238072
0.000000 0.000000 0.000000
-0.016111 0.812915 -0.020188
0.114688 0.748625 -0.274301
0.072143 0.280963 0.298427
0.053699 0.333869 0.339242
0.007585 0.626274 -0.093063
-0.024999 0.405039 0.535360
0.000000 0.000000 0.000000
-0.043445 0.261224 0.419255
0.109034 -0.462526 -0.009151
-0.059675 -0.232725 -0.066784
-0.047096 0.709740 -0.099238
0.014916 0.543136 0.162603
0.016809 0.489042 0.617953
-0.068107 -0.709245 0.434015
0.081367 -0.663545 0.310667
-0.071113 0.077174 0.302356
-0.043445 0.318254 0.476427
0.000000 0.000000 0.000000
0.116252 -0.358150 0.045967
0.007585 0.596668 0.094101
-0.024999 -0.249650 0.020995
-0.006555 -0.348922 -0.019655
-0.046472 0.860710 -0.237456
0.099826 -0.457335 0.067288
-0.008891 0.567547 0.527763
-0.043445 -0.181511 0.106930
-0.049510 0.680028 -0.143745
-0.010818 0.643405 -0.177948
0.116185 -0.619069 0.046674
0.035253 0.501498 0.496664
0.140947 0.640043 -0.312091
0.019520 0.756753 -0.181104
0.072067 0.831425 -0.133341
-0.024999 0.374172 0.463370
-0.000316 0.875347 -0.225762
-0.024999 0.367300 0.513733
0.142997 0.648719 -0.279902
0.000000 0.000000 0.000000
0.035253 0.178808 0.283518
0.000000 0.000000 0.000000
0.159484 0.796546 -0.379289
-0.037450 0.855823 -0.176424
0.005273 -0.449223 -0.045552
-0.020082 0.514277 0.605058
-0.024999 0.041656 0.276833
-0.019194 0.620724 0.274925
-0.139055 0.814686 -0.231732
0.021928 0.856160 -0.322619
0.044638 -0.699380 0.264614
0.195700 0.670469 -0.331261
0.072143 0.125438 0.199065
0.085917 -0.510368 0.142064
0.055194 0.495531 0.439737
-0.023236 0.674097 -0.168320
-0.020807 0.729191 0.000980
0.072143 -0.387832 -0.060935
0.000000 0.000000 0.000000
-0.004096 -0.250690 -0.052793
0.000000 0.000000 0.000000
0.098750 -0.673585 0.161619
-0.017585 0.846846 -0.350171
0.000000 0.000000 0.000000
0.078482 0.864605 -0.248918
-0.086156 0.638427 -0.252120
0.095498 0.615818 -0.259780
0.056632 -0.280493 -0.051727
0.081367 -0.625480 0.262038
0.056551 0.857024 -0.333997
-0.124820 0.742897 -0.199101
0.016809 0.550552 0.511032
-0.019067 0.872327 -0.145414
0.118257 -0.399517 0.028526
0.101765 0.763841 -0.224648
-0.000513 -0.285830 -0.045552
-0.067135 0.633155 -0.193145
0.000000 0.000000 0.000000
0.007585 0.572746 0.273754
0.095384 0.832769 -0.405201
0.109034 -0.476982 0.022215
0.024694 0.491504 0.417618
0.027880 0.261463 0.306946
0.087029 -0.337247 -0.004560
0.322811 -0.705699 -0.046861
0.039287 -0.016140 0.101671
-0.056803 -0.265133 -0.053089
0.040455 0.892189 -0.141734
0.099810 -0.566089 0.209077
0.090590 -0.317136 -0.063214
-0.137482 0.703023 -0.219001
0.035253 0.082433 0.166757
-0.007987 -0.509966 0.083504
0.258708 -0.717983 -0.063996
-0.010858 0.606451 0.002353
0.237291 -0.643140 -0.063996
0.091897 -0.245290 -0.075154
0.101313 -0.708602 0.582276
0.101266 -0.727048 0.277377
-0.041987 0.789618 -0.100034
0.027307 0.556050 0.479789
0.000000 0.000000 0.000000
-0.049486 0.742588 -0.007886
0.027099 -0.105016 0.064406
0.069118 0.568583 -0.301136
0.078842 0.013167 0.129063
0.017399 0.058062 0.172334
0.072143 -0.424418 -0.058929
-0.033811 0.566736 0.590017
0.000000 0.000000 0.000000
-0.021793 0.669547 -0.105694
-0.000613 0.626973 0.202862
-0.056264 0.885531 -0.225115
0.014175 -0.690621 0.268534
0.000000 0.000000 0.000000
0.097937 -0.727048 0.210847
-0.046950 0.049183 0.316761
0.020304 0.412224 0.384605
0.338301 -0.721220 -0.063996
-0.035481 -0.259386 0.073787
-0.056708 0.132860 0.290474
0.072143 0.355761 0.359714
0.000000 0.000000 0.000000
0.092908 -0.629083 0.206121
0.053699 -0.338542 -0.091375
-0.033376 0.574820 0.173616
0.053699 0.026150 0.173343
-0.035229 0.165947 0.329078
0.000000 0.000000 0.000000
0.000000 0.000000 0.000000
0.000000 0.000000 0.000000
0.000000 0.000000 0.000000
0.007585 0.537123 0.452341
0.008593 0.768011 -0.149728
0.059225 0.540027 0.491306
-0.010385 -0.300766 0.014324
-0.016337 0.789686 -0.164265
-0.024999 0.502212 0.557818
0.116845 0.615253 -0.268164
0.000000 0.000000 0.000000
-0.065251 -0.468431 0.076263
0.160072 0.766177 -0.339427
0.000000 0.000000 0.000000
0.045915 0.306426 0.347765
0.080123 0.689988 -0.190995
0.000000 0.000000 0.000000
-0.105744 0.696422 -0.203318
0.034152 0.074872 0.194517
0.081367 -0.429331 0.063280
0.100929 0.803776 -0.239975
0.000000 0.000000 0.000000
0.027260 0.653376 -0.144421
0.050484 -0.482003 0.028452
-0.024999 0.235464 0.363853
0.109034 -0.336235 -0.148703
-0.001811 0.534086 0.498829
0.174158 0.658277 -0.330840
0.007585 0.629717 -0.056275
0.031850 0.485008 0.474596
-0.024999 0.126124 0.332252
-0.034222 0.321121 0.443277
0.090590 -0.389866 -0.106944
0.297752 -0.683931 -0.063996
0.024188 0.313040 0.368138
0.070986 0.430434 0.396657
-0.010858 0.635536 0.132053
0.116929 -0.525901 -0.057662
0.041066 -0.023018 0.129732
-0.032407 0.607387 0.098072
0.000000 0.000000 0.000000
-0.019039 0.545111 0.153003
-0.027381 0.876816 -0.268798
0.000000 0.000000 0.000000
-0.026717 0.787675 -0.049088
0.070811 -0.083367 0.078734
0.046752 0.132881 0.232909
-0.038848 0.615897 0.051544
-0.009986 0.585262 0.328389
0.000000 0.000000 0.000000
0.100371 -0.439693 -0.031377
0.055311 -0.132868 0.023854
0.000000 0.000000 0.000000
-0.089373 0.662706 -0.271721
-0.020555 -0.246949 -0.008263
-0.030521 0.645673 -0.152096
-0.043173 -0.197839 0.072098
0.064741 -0.179495 -0.007004
-0.050472 0.872556 -0.193041
0.000000 0.000000 0.000000
-0.001180 0.591084 0.187203
0.201259 -0.437610 -0.044062
0.099810 -0.324268 -0.034295
0.000000 0.000000 0.000000
0.109034 -0.429119 -0.056437
0.075761 0.844843 -0.223779
0.072143 -0.342095 0.019279
0.072143 -0.342978 -0.059901
0.016809 -0.060142 0.075255
-0.036145 0.580428 0.245464
0.000000 0.000000 0.000000
-0.008315 0.747703 -0.158055
-0.023413 0.618410 -0.163193
-0.024999 0.346896 0.480379
0.090590 -0.725562 0.355259
0.127244 0.751728 -0.237711
-0.141902 0.806954 -0.265571
0.000000 0.000000 0.000000
-0.046623 0.584954 0.118212
0.000000 0.000000 0.000000
-0.039767 0.729753 -0.071396
0.015689 0.746708 -0.020429
0.134385 0.618463 -0.327969
0.021225 -0.215868 -0.031076
0.007585 0.634317 0.071440
0.121059 0.644646 -0.263745
0.140015 -0.401189 -0.051491
-0.030267 -0.010251 0.227192
0.022240 0.563135 -0.297017
0.045568 -0.215329 -0.116810
-0.032100 -0.019996 0.175144
-0.024999 -0.318764 -0.013677
0.041693 0.733232 -0.094563
-0.042747 -0.364955 -0.023369
0.099810 -0.685123 0.324702
0.068357 0.189498 0.237200
0.000000 0.000000 0.000000
-0.005747 0.600678 0.134755
0.109034 -0.721572 0.502870
0.000000 0.000000 0.000000
0.127091 0.811035 -0.286001
0.000000 0.000000 0.000000
-0.031387 0.648569 -0.083464
0.070194 -0.277762 -0.072038
-0.001863 0.489028 0.594818
-0.000470 0.598105 0.258178
-0.098780 -0.717927 0.543993
-0.024999 0.065107 0.282923
0.175875 0.728557 -0.338049
-0.029964 -0.268834 0.044530
-0.010858 0.527544 0.651672
-0.093614 -0.708602 0.610898
0.000000 0.000000 0.000000
0.056269 0.255482 0.280869
0.186349 0.671391 -0.305391
0.011982 0.888046 -0.023967
-0.048660 0.281983 0.437868
-0.034043 0.751654 -0.196767
0.000000 0.000000 0.000000
0.018793 -0.333603 -0.086875
0.024284 0.645828 -0.185105
0.040758 0.752202 -0.039795
0.057387 -0.523721 0.006329
0.072899 0.541514 -0.298866
0.120056 -0.699380 0.272626
-0.043285 0.837800 -0.202911
0.033563 0.118366 0.212244
-0.043445 0.037166 0.216960
-0.115853 0.670683 -0.209641
0.157057 -0.565513 -0.045552
0.055665 0.002278 0.135415
0.091280 0.838984 -0.282083
0.031564 -0.508402 -0.000955
0.009742 0.618950 -0.217100
0.097653 0.742793 -0.249570
-0.001635 0.558290 0.618764
0.035253 0.387917 0.388674
0.016809 0.174335 0.229282
0.095820 0.641429 -0.240443
0.075089 0.659609 -0.189506
-0.063305 0.885360 -0.050790
-0.015366 -0.719729 0.434015
-0.016637 0.862895 -0.251474
0.000000 0.000000 0.000000
0.025596 0.014172 0.121169
0.186656 0.769372 -0.331802
0.018155 -0.191976 -0.015264
0.090590 -0.510364 -0.049712
-0.028585 0.692995 -0.121054
0.090590 -0.461236 0.040550
-0.126967 0.725294 -0.236487
-0.025514 0.180182 0.361715
0.141873 0.778203 -0.367154
0.021102 0.708330 -0.090293
0.048156 -0.270761 -0.110634
0.053699 -0.220099 -0.053581
-0.013179 0.565121 0.245691
0.201259 -0.587512 -0.038865
-0.052665 0.098063 0.294574
-0.059894 0.705164 -0.074683
-0.010235 0.776082 -0.097133
0.041407 0.856306 -0.052324
-0.047749 0.593311 0.155656
0.035253 0.343389 0.377479
0.065050 0.861772 -0.414645
-0.042778 -0.051746 0.175298
-0.047749 0.619017 0.020527
-0.064885 0.655874 -0.144945
-0.043445 -0.229107 0.069254
-0.060124 0.877639 -0.257425
-0.059515 -0.281704 0.061674
0.000000 0.000000 0.000000
-0.048956 0.631167 -0.226918
0.042606 0.448817 0.450144
0.065996 -0.478732 -0.031839
0.081686 0.047258 0.165394
-0.043445 -0.079981 0.154912
0.053699 -0.330016 -0.114812
0.019826 0.629091 -0.143433
0.174355 0.794355 -0.344659
-0.043445 -0.265383 0.013114
0.000000 0.000000 0.000000
-0.027570 0.287156 0.414699
0.037083 -0.121550 0.086640
0.011629 -0.401487 -0.063996
0.000000 0.000000 0.000000
0.058332 0.858465 -0.141808
0.054076 -0.247920 -0.052288
-0.020264 0.767128 -0.139456
0.105524 0.771817 -0.191591
0.070959 0.492766 0.460027
-0.049028 0.362296 0.442765
0.093282 0.725318 -0.188432
0.060984 0.584678 0.520856
0.043761 -0.048019 0.135305
-0.030071 0.467571 0.564728
0.010433 0.660167 0.076061
0.000000 0.000000 0.000000
0.053699 0.360100 0.395352
0.106733 -0.708602 0.410491
0.004555 0.546681 -0.285566
0.035253 0.089960 0.220709
-0.036563 0.869386 -0.351847
-0.032209 0.674904 -0.086341
0.027448 0.492062 0.596352
0.000000 0.000000 0.000000
-0.026306 -0.133869 0.162453
0.083254 -0.431396 0.089177
0.182812 -0.525615 -0.044640
0.000000 0.000000 0.000000
0.014350 -0.363874 -0.058711
-0.028912 0.346436 0.456575
-0.005609 0.651108 -0.140965
0.011485 0.874759 -0.139853
-0.024999 0.131015 0.289159
0.053699 -0.105026 0.048666
0.097270 0.750669 -0.200604
0.039591 -0.475765 0.002326
0.082943 0.839005 -0.333705
0.000000 0.000000 0.000000
-0.028771 0.869544 -0.218419
0.035463 0.421653 0.424022
-0.043388 0.906123 -0.046659
-0.094838 0.660775 -0.192701
0.107919 -0.419713 0.046674
-0.005023 0.524634 0.550505
0.035253 0.566975 0.500922
0.069561 0.454553 0.434737
0.040269 0.838622 -0.138848
-0.071458 0.745793 -0.028050
-0.010858 0.542728 0.575201
0.072143 -0.305969 -0.053127
-0.004159 0.627607 0.096872
0.000000 0.000000 0.000000
-0.010858 0.603114 0.074587
-0.052311 0.896987 -0.084525
-0.036941 -0.515877 0.096469
-0.026433 0.822238 -0.041227
