0.269839 -0.032197 -0.496448
0.098743 -0.066393 -0.578513
0.004294 -0.066393 -0.621742
0.000000 0.000000 0.000000
0.000000 0.000000 0.000000
0.000000 0.000000 0.000000
0.000000 0.000000 0.000000
0.178269 -0.053097 0.030517
0.000000 0.000000 0.000000
0.328368 0.207120 0.506741
0.000000 0.000000 0.000000
0.121505 -0.431672 -0.467232
0.000000 0.000000 0.000000
-0.001203 -0.012494 -0.028567
0.000000 0.000000 0.000000
-0.213009 -0.028168 -0.350071
0.000000 0.000000 0.000000
-0.215210 -0.165761 -0.418035
0.000000 0.000000 0.000000
0.000000 0.000000 0.000000
0.001559 0.134037 0.196168
0.000000 0.000000 0.000000
0.000000 0.000000 0.000000
0.000000 0.000000 0.000000
0.058772 0.034399 0.334177
0.255301 0.084597 -0.190978
0.000000 0.000000 0.000000
-0.044371 -0.279978 -0.332611
0.000075 -0.155255 -0.028752
0.092484 -0.066393 -0.327616
0.268358 -0.168397 -0.251971
0.000000 0.000000 0.000000
-0.230462 0.075960 0.149587
0.000000 0.000000 0.000000
-0.139309 0.107772 -0.087958
0.000000 0.000000 0.000000
-0.125166 0.132077 0.217514
0.000000 0.000000 0.000000
0.018586 0.262582 0.538093
0.000000 0.000000 0.000000
0.063938 0.139305 0.538807
0.000000 0.000000 0.000000
0.000000 0.000000 0.000000
0.205827 0.107173 0.045059
0.000000 0.000000 0.000000
0.104187 -0.244046 -0.485703
0.000000 0.000000 0.000000
0.000000 0.000000 0.000000
-0.090422 -0.120273 -0.622639
-0.090983 -0.066393 -0.220962
0.000000 0.000000 0.000000
0.210217 0.084597 0.412617
0.000000 0.000000 0.000000
0.039592 -0.249325 -0.291421
0.178195 -0.379188 -0.250815
0.078866 -0.215826 0.045876
0.000000 0.000000 0.000000
0.253476 0.171741 0.288355
0.219527 0.038293 -0.400306
0.037839 -0.147490 -0.260436
-0.067212 -0.336576 -0.516632
0.000000 0.000000 0.000000
0.043019 0.147499 0.100595
0.000000 0.000000 0.000000
0.000000 0.000000 0.000000
0.000000 0.000000 0.000000
0.298904 -0.002173 -0.085938
0.197704 0.060588 -0.140790
0.000000 0.000000 0.000000
0.000000 0.000000 0.000000
0.000000 0.000000 0.000000
-0.053064 -0.066393 -0.445097
0.327018 0.012225 -0.324030
0.000000 0.000000 0.000000
0.225011 0.164085 0.100595
0.000000 0.000000 0.000000
0.000000 0.000000 0.000000
-0.115506 0.196679 0.208516
-0.012179 -0.185667 -0.591040
-0.295977 -0.003399 -0.443137
0.000000 0.000000 0.000000
0.147085 0.133130 0.536550
0.000000 0.000000 0.000000
0.133944 0.054371 0.197734
0.000000 0.000000 0.000000
-0.057728 0.047948 0.384417
0.075481 -0.117010 -0.413842
-0.093335 0.084597 -0.065068
0.000000 0.000000 0.000000
0.075114 -0.046223 -0.690478
0.000000 0.000000 0.000000
0.190211 -0.242037 -0.103145
-0.310950 0.051745 -0.075052
-0.262302 0.199913 0.296072
0.000000 0.000000 0.000000
-0.113447 0.105455 0.100595
0.000000 0.000000 0.000000
0.000000 0.000000 0.000000
0.297709 0.232865 0.328824
0.170791 0.210348 0.226531
-0.094602 -0.131448 -0.296605
0.106157 -0.130773 0.231466
0.000000 0.000000 0.000000
0.000000 0.000000 0.000000
0.000000 0.000000 0.000000
0.000000 0.000000 0.000000
0.000000 0.000000 0.000000
0.000000 0.000000 0.000000
0.175256 -0.241088 -0.364087
0.052427 -0.066393 -0.150626
-0.162908 -0.021623 -0.121926
0.000000 0.000000 0.000000
0.000000 0.000000 0.000000
0.000000 0.000000 0.000000
0.046307 -0.003233 0.406811
-0.213313 -0.015863 -0.594062
0.000000 0.000000 0.000000
0.000000 0.000000 0.000000
0.095961 0.107772 -0.030159
0.022990 -0.239649 -0.133637
0.000000 0.000000 0.000000
-0.071837 0.118629 0.538855
0.000000 0.000000 0.000000
0.000000 0.000000 0.000000
0.000000 0.000000 0.000000
0.188068 -0.040377 -0.222022
0.000000 0.000000 0.000000
0.000000 0.000000 0.000000
0.000000 0.000000 0.000000
-0.318264 -0.073497 -0.296641
-0.246646 0.107772 0.026045
0.286788 -0.103711 -0.379078
-0.093729 0.005022 0.156146
0.260729 0.084597 0.491248
0.000000 0.000000 0.000000
0.000000 0.000000 0.000000
0.123675 -0.066393 -0.090291
-0.189434 -0.066393 -0.484696
0.215960 -0.066393 -0.400507
0.035049 0.000843 -0.582574
-0.214901 0.053138 -0.159186
0.000000 0.000000 0.000000
0.198590 -0.255185 -0.244959
0.025016 0.084597 0.444852
0.167438 0.280962 0.533604
0.000000 0.000000 0.000000
0.150348 0.013352 -0.515746
-0.119734 -0.115385 -0.357595
0.000000 0.000000 0.000000
-0.002071 0.084597 0.389359
0.000000 0.000000 0.000000
0.133333 -0.086664 0.064456
-0.202347 0.084597 0.303974
-0.121612 -0.199724 -0.506155
0.110730 -0.367109 -0.472027
0.000000 0.000000 0.000000
0.278062 -0.138926 -0.124816
0.184607 -0.144907 -0.509298
-0.056554 -0.103407 -0.138159
0.000000 0.000000 0.000000
0.000000 0.000000 0.000000
0.191025 0.040759 0.075959
0.035698 -0.066393 -0.401565
0.171457 0.124433 0.235008
-0.243771 0.042058 -0.293239
-0.011313 -0.014475 -0.730784
0.022876 -0.284538 -0.538990
-0.244546 -0.154795 -0.375242
-0.151672 -0.004488 -0.657336
0.000000 0.000000 0.000000
0.000000 0.000000 0.000000
0.000000 0.000000 0.000000
0.000000 0.000000 0.000000
-0.048763 0.084597 0.267189
0.000000 0.000000 0.000000
-0.003704 0.107772 0.018927
0.000000 0.000000 0.000000
0.000000 0.000000 0.000000
-0.217745 -0.066393 -0.209597
0.322547 -0.072650 -0.193547
0.000000 0.000000 0.000000
0.022990 -0.186565 -0.134188
0.258396 0.107772 -0.056586
-0.020978 -0.182248 -0.384343
0.000000 0.000000 0.000000
0.031072 -0.342781 -0.321653
0.000000 0.000000 0.000000
0.000000 0.000000 0.000000
0.164135 -0.457222 -0.345516
0.000000 0.000000 0.000000
0.000000 0.000000 0.000000
-0.088095 -0.066393 -0.557245
0.168243 -0.066393 -0.475066
-0.158173 -0.019590 -0.495005
0.087201 -0.066818 0.172823
0.000000 0.000000 0.000000
-0.275678 0.228195 0.523383
0.000000 0.000000 0.000000
-0.064443 0.004668 0.272961
-0.335940 -0.009524 -0.198069
-0.228780 0.016310 -0.005758
0.217787 0.084597 0.296740
-0.043330 0.107772 0.031465
0.000000 0.000000 0.000000
0.000000 0.000000 0.000000
0.000000 0.000000 0.000000
0.000000 0.000000 0.000000
0.000000 0.000000 0.000000
0.082250 -0.091792 0.346010
0.141130 0.196265 0.100595
-0.111038 -0.017111 -0.067171
0.000000 0.000000 0.000000
0.000000 0.000000 0.000000
-0.039791 0.040128 0.462333
0.293642 -0.112764 -0.333853
0.000000 0.000000 0.000000
0.106640 0.093851 0.051497
0.162976 -0.168031 -0.007269
-0.039869 -0.066393 -0.321700
0.000000 0.000000 0.000000
-0.196506 -0.108065 -0.543127
0.000000 0.000000 0.000000
0.000000 0.000000 0.000000
0.000000 0.000000 0.000000
0.000000 0.000000 0.000000
0.155803 -0.340974 -0.368014
0.023046 -0.095591 -0.490648
0.000000 0.000000 0.000000
0.093877 -0.163829 -0.573993
0.000000 0.000000 0.000000
0.000000 0.000000 0.000000
0.000000 0.000000 0.000000
0.323004 0.131903 0.383617
0.000000 0.000000 0.000000
0.229782 0.077995 0.156673
0.335325 0.042135 -0.219334
0.000000 0.000000 0.000000
0.055415 0.084597 0.177271
0.046802 -0.435894 -0.553230
0.096680 -0.123545 -0.339290
0.000000 0.000000 0.000000
-0.276745 0.107772 -0.181974
0.000000 0.000000 0.000000
-0.001197 -0.120592 -0.656658
0.000000 0.000000 0.000000
-0.168658 0.056751 0.191471
0.000000 0.000000 0.000000
0.084909 -0.166802 0.119123
-0.276957 -0.074780 -0.443663
0.000000 0.000000 0.000000
0.228446 0.026423 -0.288301
0.000000 0.000000 0.000000
-0.166902 0.037187 0.075420
0.000000 0.000000 0.000000
-0.172972 0.107772 0.005555
0.000000 0.000000 0.000000
0.203067 -0.065415 -0.576679
0.000000 0.000000 0.000000
0.000000 0.000000 0.000000
-0.318919 0.027890 -0.343982
0.000000 0.000000 0.000000
-0.042861 -0.207896 -0.255823
0.312792 -0.009752 -0.396981
0.211487 -0.066393 -0.319737
0.000000 0.000000 0.000000
0.000000 0.000000 0.000000
-0.032044 -0.160626 -0.187986
0.000000 0.000000 0.000000
-0.135108 -0.066393 -0.281708
-0.137684 -0.233596 -0.449566
0.000000 0.000000 0.000000
0.000000 0.000000 0.000000
0.225953 -0.149833 -0.431606
0.000000 0.000000 0.000000
0.000000 0.000000 0.000000
0.000000 0.000000 0.000000
0.005417 0.084597 0.270283
0.000000 0.000000 0.000000
0.000000 0.000000 0.000000
0.000000 0.000000 0.000000
0.000000 0.000000 0.000000
-0.077431 -0.019117 0.202604
0.000000 0.000000 0.000000
0.120389 0.065603 0.455582
-0.236939 0.107772 -0.082198
0.144415 0.107772 -0.031486
0.000000 0.000000 0.000000
-0.202346 0.217846 0.246707
0.000000 0.000000 0.000000
0.000000 0.000000 0.000000
0.000000 0.000000 0.000000
0.125110 0.084597 0.277210
0.319619 0.084597 -0.128935
0.000000 0.000000 0.000000
0.125274 -0.092738 -0.197629
0.232788 0.180306 0.533097
0.000000 0.000000 0.000000
0.000000 0.000000 0.000000
0.000000 0.000000 0.000000
0.000000 0.000000 0.000000
0.000000 0.000000 0.000000
-0.179016 -0.222324 -0.382002
0.000000 0.000000 0.000000
0.092413 -0.083522 -0.654959
0.000689 -0.389786 -0.560015
0.038326 0.107772 -0.017097
-0.047325 0.084597 0.162881
0.000000 0.000000 0.000000
-0.032044 -0.201347 -0.102368
0.021074 -0.066393 -0.267902
0.090648 0.018536 -0.039731
-0.096650 0.107772 0.009763
-0.329599 0.197143 0.385843
0.000000 0.000000 0.000000
0.000000 0.000000 0.000000
0.000000 0.000000 0.000000
0.229170 0.024482 0.010627
0.069200 -0.034630 0.264048
-0.228717 0.050277 -0.412387
0.000000 0.000000 0.000000
0.028442 0.019661 0.477891
0.115969 0.084597 0.362940
0.000000 0.000000 0.000000
-0.264052 0.042245 -0.495682
0.000000 0.000000 0.000000
-0.060270 0.214585 0.537667
0.236728 -0.121193 -0.043741
0.000000 0.000000 0.000000
0.000000 0.000000 0.000000
-0.230570 -0.066393 -0.395757
0.235088 -0.213416 -0.198005
0.267554 0.055119 -0.483997
-0.108268 -0.115306 -0.220631
0.231373 -0.177859 -0.355341
0.000000 0.000000 0.000000
-0.111562 -0.310062 -0.463361
0.187455 -0.019959 -0.423883
0.185772 -0.303224 -0.159789
0.033754 -0.066393 -0.072627
0.000000 0.000000 0.000000
0.000000 0.000000 0.000000
0.270176 0.296342 0.524204
0.155492 0.036823 -0.085143
0.238542 0.033435 -0.546609
0.000000 0.000000 0.000000
0.261250 -0.033537 -0.050203
0.000000 0.000000 0.000000
0.000000 0.000000 0.000000
0.000000 0.000000 0.000000
0.086993 0.158679 0.201911
0.000000 0.000000 0.000000
0.176360 -0.014974 -0.150757
0.117230 0.008111 0.113414
0.000000 0.000000 0.000000
-0.128042 -0.160333 -0.549786
0.000000 0.000000 0.000000
0.000000 0.000000 0.000000
0.340309 0.135702 0.453436
-0.013985 -0.048990 -0.551030
0.000000 0.000000 0.000000
-0.126338 -0.091063 -0.428705
0.022990 -0.207067 -0.080692
-0.016001 0.058626 0.520276
0.094342 0.066476 0.509825
0.000000 0.000000 0.000000
-0.136870 0.059935 0.272869
0.000000 0.000000 0.000000
0.000000 0.000000 0.000000
0.192840 0.104884 -0.144997
0.111091 0.084597 0.123340
-0.135839 0.084597 0.353372
0.235983 0.078932 -0.331499
0.000000 0.000000 0.000000
-0.108773 -0.067347 0.105572
0.000000 0.000000 0.000000
0.000000 0.000000 0.000000
-0.245604 -0.047544 -0.529461
0.147207 -0.084107 -0.387316
-0.149419 0.213775 0.535165
0.000000 0.000000 0.000000
-0.097092 -0.066393 -0.131954
0.000000 0.000000 0.000000
0.136577 -0.273192 -0.428279
0.000000 0.000000 0.000000
0.000000 0.000000 0.000000
0.000000 0.000000 0.000000
-0.004278 0.180911 0.539798
0.000000 0.000000 0.000000
-0.049416 -0.184239 -0.331891
-0.108805 0.055803 0.242819
0.000000 0.000000 0.000000
-0.186792 0.091986 0.077953
0.347438 0.271091 0.465713
-0.081460 -0.005493 -0.704958
-0.329412 0.067396 -0.166754
0.000000 0.000000 0.000000
0.272835 0.084597 0.348033
0.000000 0.000000 0.000000
-0.239613 0.107772 -0.048327
-0.158002 0.048345 -0.073849
0.000000 0.000000 0.000000
-0.128711 -0.066393 -0.517336
-0.044558 -0.125729 -0.421007
0.035666 -0.213680 -0.345102
0.000000 0.000000 0.000000
0.013882 -0.294925 -0.370490
-0.232216 0.017094 -0.361425
0.094706 0.239414 0.536322
0.000000 0.000000 0.000000
0.000000 0.000000 0.000000
0.000000 0.000000 0.000000
0.000000 0.000000 0.000000
0.000000 0.000000 0.000000
-0.196869 -0.016333 -0.431022
0.066813 -0.118815 -0.191425
0.000000 0.000000 0.000000
0.009558 -0.108277 -0.135245
0.000000 0.000000 0.000000
0.000000 0.000000 0.000000
0.102174 -0.023320 -0.534576
0.000000 0.000000 0.000000
0.000000 0.000000 0.000000
0.000000 0.000000 0.000000
0.000000 0.000000 0.000000
0.000000 0.000000 0.000000
0.196211 0.084597 -0.055094
0.000000 0.000000 0.000000
0.336701 -0.016515 -0.211266
-0.044370 -0.066393 -0.060983
0.000000 0.000000 0.000000
0.000000 0.000000 0.000000
-0.089115 0.084597 0.332648
0.000000 0.000000 0.000000
0.000000 0.000000 0.000000
0.322939 -0.071658 -0.268325
-0.244132 0.057592 0.084685
0.033906 0.084597 0.079716
0.000000 0.000000 0.000000
0.306966 0.068949 -0.071089
0.300092 0.084597 -0.236151
0.064242 -0.046931 0.322272
0.000000 0.000000 0.000000
0.000000 0.000000 0.000000
0.000000 0.000000 0.000000
-0.304641 -0.076650 -0.358255
0.000000 0.000000 0.000000
0.060916 0.053490 0.409859
0.335974 0.219268 0.395356
0.092895 0.146228 0.077953
0.000000 0.000000 0.000000
0.085585 -0.066393 -0.469921
0.220923 0.128441 0.534544
-0.044748 -0.249200 -0.532083
0.139718 -0.114186 -0.594639
0.000000 0.000000 0.000000
0.114718 -0.231963 -0.015120
0.022990 -0.271846 -0.231252
0.000000 0.000000 0.000000
-0.144561 0.050332 0.148292
0.034577 -0.150267 -0.620200
-0.072887 0.027425 -0.023491
0.000000 0.000000 0.000000
0.162294 -0.339512 -0.105186
-0.335889 -0.007411 -0.266087
0.000000 0.000000 0.000000
0.335099 0.012655 -0.149996
0.000000 0.000000 0.000000
0.056305 -0.345284 -0.527737
-0.032044 -0.266194 -0.210949
-0.094122 0.084597 0.428231
0.000000 0.000000 0.000000
-0.170237 0.151460 0.230622
-0.206630 -0.015023 -0.197408
0.313233 -0.050537 -0.363679
-0.050105 -0.072786 -0.684097
0.000000 0.000000 0.000000
-0.284004 0.059423 -0.008952
0.000000 0.000000 0.000000
0.212767 0.082909 0.245470
-0.049955 0.114105 0.077953
-0.115714 -0.066393 -0.080186
0.177079 -0.315861 -0.280082
0.000000 0.000000 0.000000
0.172129 0.084597 0.508718
0.000000 0.000000 0.000000
-0.043626 0.204728 0.194988
0.123912 -0.066393 -0.250273
0.218823 -0.206004 -0.316665
0.315982 0.084597 -0.323926
0.000000 0.000000 0.000000
0.079642 0.008086 0.206224
0.144417 -0.017815 0.070101
0.000000 0.000000 0.000000
0.137195 -0.015801 -0.668343
0.260465 0.084597 0.004295
-0.279412 -0.013367 -0.073637
-0.149050 -0.095098 -0.604131
-0.063296 -0.027032 -0.557848
0.279856 0.084597 0.420282
-0.232847 -0.119958 -0.470902
0.000000 0.000000 0.000000
-0.042433 -0.066393 -0.166273
0.214364 -0.195782 -0.081056
0.211857 0.001854 -0.596933
0.000000 0.000000 0.000000
-0.217239 0.077509 0.223041
0.138715 -0.381135 -0.418591
0.072015 0.084597 0.264677
0.255808 0.063232 0.063520
-0.156916 -0.071303 -0.185068
0.173952 -0.215042 -0.055600
0.000000 0.000000 0.000000
0.000000 0.000000 0.000000
0.000000 0.000000 0.000000
0.000000 0.000000 0.000000
0.000000 0.000000 0.000000
-0.220427 0.107772 -0.188442
0.000000 0.000000 0.000000
0.259099 0.084597 -0.127882
0.000000 0.000000 0.000000
0.172198 -0.278790 -0.330240
0.000000 0.000000 0.000000
-0.176978 -0.073693 -0.355864
0.000000 0.000000 0.000000
0.223530 0.040235 -0.221089
-0.235985 -0.066393 -0.314565
-0.073449 0.111790 0.206699
0.287486 0.038594 -0.019182
0.118468 -0.198649 -0.512090
0.000000 0.000000 0.000000
0.288171 0.052343 -0.436673
0.000000 0.000000 0.000000
0.000000 0.000000 0.000000
0.000000 0.000000 0.000000
0.000000 0.000000 0.000000
-0.198945 0.068145 -0.123906
0.061254 -0.229861 -0.530763
0.000000 0.000000 0.000000
-0.020868 -0.066393 -0.395852
-0.201526 0.258271 0.532979
-0.053423 -0.137328 -0.240307
0.168558 -0.384218 -0.311400
0.312488 -0.043999 -0.135389
0.000000 0.000000 0.000000
0.000000 0.000000 0.000000
-0.027672 -0.066393 -0.237089
0.000000 0.000000 0.000000
-0.329270 -0.001243 -0.141247
0.163176 0.065287 0.328413
0.284293 -0.087504 -0.088808
-0.079238 0.084597 0.074493
0.072013 0.107772 0.016394
-0.043120 -0.100941 -0.478494
-0.224162 -0.008947 -0.263819
0.233055 0.084597 -0.253334
-0.020186 0.084597 -0.034451
0.136145 0.107772 -0.079835
0.000000 0.000000 0.000000
0.000000 0.000000 0.000000
0.296464 -0.131906 -0.209868
0.266870 -0.155804 -0.311152
0.000000 0.000000 0.000000
0.140957 0.129979 0.100595
0.000000 0.000000 0.000000
0.012350 -0.071461 -0.695899
0.148424 -0.066393 -0.292566
0.155077 0.051555 0.152111
-0.068770 0.050203 0.318049
0.205558 0.030700 -0.173142
0.153753 0.084597 0.067698
0.000000 0.000000 0.000000
0.000000 0.000000 0.000000
0.078604 -0.066393 -0.210803
0.000000 0.000000 0.000000
0.083002 0.094452 0.100595
0.000000 0.000000 0.000000
0.000000 0.000000 0.000000
0.000000 0.000000 0.000000
0.000000 0.000000 0.000000
0.291601 -0.029040 -0.448910
-0.016453 0.150084 0.077953
0.016901 0.084597 0.338388
0.000000 0.000000 0.000000
-0.206643 -0.047548 0.003464
0.038887 -0.152223 -0.342179
0.149542 -0.442059 -0.398681
0.000000 0.000000 0.000000
0.000000 0.000000 0.000000
0.000000 0.000000 0.000000
-0.272017 0.084597 -0.281210
0.000000 0.000000 0.000000
0.208965 0.084597 0.092112
0.308011 0.050858 -0.375204
0.000000 0.000000 0.000000
0.000000 0.000000 0.000000
0.000000 0.000000 0.000000
0.091465 -0.104826 0.125892
0.293882 0.107772 -0.175274
0.325418 0.085178 0.490967
0.201175 0.046750 -0.454852
0.000000 0.000000 0.000000
0.000000 0.000000 0.000000
-0.120158 -0.011791 0.104547
-0.229275 0.136092 0.100595
0.000000 0.000000 0.000000
0.000000 0.000000 0.000000
-0.031977 -0.155255 -0.063926
-0.195897 -0.155192 -0.474298
-0.296737 0.156546 0.338396
0.203417 0.084597 -0.094714
0.000000 0.000000 0.000000
0.000000 0.000000 0.000000
0.000000 0.000000 0.000000
0.165730 -0.067954 -0.613011
-0.158033 -0.027435 0.053363
0.000000 0.000000 0.000000
0.163917 -0.066393 -0.348418
0.000000 0.000000 0.000000
-0.112570 0.062410 0.393056
0.000000 0.000000 0.000000
0.114425 0.084597 0.410961
0.000000 0.000000 0.000000
0.171742 0.084597 0.016945
0.000000 0.000000 0.000000
-0.099375 0.187230 0.100595
-0.331496 0.049513 -0.245698
0.000000 0.000000 0.000000
0.022990 -0.268002 -0.187989
0.156965 -0.123349 0.024867
0.109586 -0.043293 0.114573
0.000000 0.000000 0.000000
0.082911 -0.072673 0.223909
0.000000 0.000000 0.000000
0.177635 -0.110111 -0.563758
0.222505 -0.062830 -0.011638
0.000000 0.000000 0.000000
0.000000 0.000000 0.000000
0.160461 -0.193257 -0.467229
0.058559 0.059351 0.478848
-0.180993 0.084597 -0.041887
-0.291814 0.084597 -0.210561
0.000000 0.000000 0.000000
0.078251 -0.295912 -0.503146
0.000000 0.000000 0.000000
0.000000 0.000000 0.000000
0.169515 0.068415 0.386131
-0.109220 -0.046659 -0.669779
0.000000 0.000000 0.000000
0.000000 0.000000 0.000000
0.241242 -0.026474 -0.550916
0.000000 0.000000 0.000000
-0.084848 -0.275855 -0.495951
0.093426 -0.120989 -0.240689
0.105630 -0.137054 0.068861
0.000000 0.000000 0.000000
0.237332 0.084597 -0.160086
0.183536 -0.334717 -0.208703
0.062319 -0.052834 -0.532196
0.326589 0.301550 0.512236
0.000000 0.000000 0.000000
0.151097 0.193287 0.535482
0.000000 0.000000 0.000000
0.000000 0.000000 0.000000
-0.069784 0.084597 0.462419
0.000000 0.000000 0.000000
0.019127 -0.121237 -0.439417
0.000000 0.000000 0.000000
0.000000 0.000000 0.000000
-0.140336 0.084597 -0.031950
0.000000 0.000000 0.000000
0.115461 -0.177929 0.027599
0.000000 0.000000 0.000000
0.000000 0.000000 0.000000
-0.200930 -0.066393 -0.279986
-0.047627 -0.150589 -0.614413
0.342869 0.268979 0.408965
0.033699 0.052323 -0.007447
-0.326660 -0.022317 -0.320367
0.258252 0.077810 -0.096815
0.000000 0.000000 0.000000
-0.222981 0.034016 0.040243
0.000000 0.000000 0.000000
0.000000 0.000000 0.000000
0.171553 0.062648 0.264543
0.000000 0.000000 0.000000
-0.103890 0.046740 0.188189
-0.009318 0.084597 0.492679
0.000000 0.000000 0.000000
-0.009701 -0.066393 -0.462633
0.000000 0.000000 0.000000
0.240510 0.225762 0.270186
0.237226 -0.196729 -0.124829
0.000000 0.000000 0.000000
0.000000 0.000000 0.000000
0.085943 0.023402 -0.573080
-0.087142 -0.106480 -0.165106
-0.071101 -0.066393 -0.275670
-0.218560 0.148237 0.262495
-0.239626 0.107772 -0.120179
-0.273024 -0.017123 -0.496045
0.000000 0.000000 0.000000
0.000000 0.000000 0.000000
-0.122380 -0.021393 -0.529387
0.000000 0.000000 0.000000
0.000000 0.000000 0.000000
0.062166 0.296942 0.536307
0.000000 0.000000 0.000000
0.000000 0.000000 0.000000
0.000000 0.000000 0.000000
-0.158870 -0.066393 -0.231003
0.204293 -0.029592 -0.286302
0.000000 0.000000 0.000000
0.104072 -0.066393 -0.155076
0.000000 0.000000 0.000000
0.073690 -0.395366 -0.522595
0.000000 0.000000 0.000000
0.000000 0.000000 0.000000
