-0.491776 0.311523 -0.295099
0.000000 0.000000 0.000000
-0.380502 -0.123186 0.486302
0.000000 0.000000 0.000000
0.191780 0.111668 0.584596
0.000000 0.000000 0.000000
-0.346490 -0.250739 -0.485140
0.000000 0.000000 0.000000
-0.354855 0.486931 0.268428
-0.605707 -0.183351 0.048398
0.499995 0.118906 0.332668
0.026324 -0.338126 0.568122
-0.092844 -0.039425 -0.625099
0.000000 0.000000 0.000000
0.000000 0.000000 0.000000
0.000000 0.000000 0.000000
-0.122821 0.369132 0.528889
-0.571896 0.319404 -0.033822
0.000000 0.000000 0.000000
0.000000 0.000000 0.000000
0.000000 0.000000 0.000000
0.000000 0.000000 0.000000
0.452152 -0.119587 0.427025
-0.604438 0.147900 0.159573
0.054173 0.463470 0.454526
-0.583073 -0.099563 -0.228723
-0.255872 -0.435426 0.437023
-0.498945 -0.397582 -0.207089
-0.059413 0.000802 0.625922
0.000000 0.000000 0.000000
-0.435224 0.248256 0.414221
0.000000 0.000000 0.000000
-0.502206 -0.247184 0.317894
-0.424526 0.066135 -0.469659
0.610916 -0.083812 0.097384
0.346771 0.352673 0.422567
0.000000 0.000000 0.000000
0.000000 0.000000 0.000000
0.201316 -0.181967 0.572454
0.000000 0.000000 0.000000
0.000000 0.000000 0.000000
-0.622040 0.057581 -0.091426
0.000000 0.000000 0.000000
0.000000 0.000000 0.000000
-0.375873 -0.480212 0.307391
0.000000 0.000000 0.000000
-0.288862 0.101723 0.537049
-0.038103 0.158898 0.595644
-0.178453 -0.243097 0.580521
0.070158 0.344024 0.548681
0.000000 0.000000 0.000000
0.000000 0.000000 0.000000
0.588176 0.127733 0.176554
-0.545634 -0.382492 0.043213
0.000000 0.000000 0.000000
0.000000 0.000000 0.000000
0.014272 -0.483259 0.471691
-0.538156 -0.004202 0.332639
-0.138461 0.493422 0.421028
-0.243751 0.116697 -0.562847
-0.604610 -0.085551 0.192897
-0.595234 -0.190509 -0.178190
0.000000 0.000000 0.000000
0.000000 0.000000 0.000000
0.000000 0.000000 0.000000
0.000000 0.000000 0.000000
-0.457241 0.468896 0.097903
0.000000 0.000000 0.000000
0.000000 0.000000 0.000000
-0.509198 -0.082157 -0.362321
-0.560497 -0.353616 0.155839
0.000000 0.000000 0.000000
0.221773 -0.392999 0.482957
0.000000 0.000000 0.000000
0.458393 0.173064 0.383981
-0.252436 -0.156798 -0.557016
0.000000 0.000000 0.000000
0.000000 0.000000 0.000000
0.091805 -0.022088 -0.627907
-0.531228 0.118587 -0.300668
-0.151661 -0.174484 0.600153
0.000000 0.000000 0.000000
0.000000 0.000000 0.000000
-0.501538 0.347378 0.234373
-0.223291 0.228957 0.546770
-0.633983 -0.008826 -0.066075
0.000000 0.000000 0.000000
-0.289558 0.379758 0.437249
0.000000 0.000000 0.000000
0.000000 0.000000 0.000000
0.377944 -0.307735 0.446952
-0.351206 0.271223 -0.466635
0.620202 -0.026495 -0.071373
-0.507034 -0.410668 0.172625
0.000000 0.000000 0.000000
0.365767 0.045799 0.498713
0.210569 0.287073 0.534959
0.000000 0.000000 0.000000
0.616147 0.031340 0.090849
0.079401 0.082044 0.610363
0.557813 -0.044030 0.268495
-0.473259 -0.293996 -0.355930
0.163178 -0.217245 0.587872
0.000000 0.000000 0.000000
-0.380813 -0.061548 -0.500717
-0.466014 0.042591 0.439670
-0.347069 -0.306539 0.471304
0.490139 0.180269 0.326235
0.128595 -0.012305 0.626428
0.000000 0.000000 0.000000
0.000000 0.000000 0.000000
0.000000 0.000000 0.000000
-0.244254 -0.032927 0.581848
0.000000 0.000000 0.000000
0.000000 0.000000 0.000000
0.000000 0.000000 0.000000
-0.480798 -0.135000 0.391327
-0.010261 -0.137565 0.606135
-0.630056 0.015721 0.048175
-0.586330 0.232596 -0.161559
-0.575611 -0.149211 0.222499
0.000000 0.000000 0.000000
-0.449779 0.202956 -0.409427
0.000000 0.000000 0.000000
-0.518028 0.145701 0.310082
-0.468562 0.454533 -0.035322
0.000000 0.000000 0.000000
-0.126592 -0.416717 0.515903
0.000000 0.000000 0.000000
0.000000 0.000000 0.000000
0.000000 0.000000 0.000000
0.000000 0.000000 0.000000
-0.101300 0.197750 -0.591267
0.000000 0.000000 0.000000
0.000000 0.000000 0.000000
-0.295527 -0.472670 0.385554
0.316242 0.203120 0.492515
0.000000 0.000000 0.000000
-0.595841 0.194373 0.011799
0.268204 -0.026232 0.562970
0.000000 0.000000 0.000000
-0.408616 0.384386 0.336974
0.000000 0.000000 0.000000
-0.589245 -0.284965 -0.067812
0.337552 -0.160684 0.497780
-0.018628 0.080288 -0.613763
0.000000 0.000000 0.000000
0.201683 0.415990 0.448701
0.000000 0.000000 0.000000
-0.458800 -0.350093 0.336670
0.622842 -0.003617 -0.005977
-0.572370 0.316930 0.121692
-0.314263 -0.017486 -0.547382
-0.483068 -0.476658 -0.058571
-0.173035 0.107530 0.602638
-0.357555 0.209318 0.473596
0.000000 0.000000 0.000000
-0.622212 0.056680 0.083640
0.000000 0.000000 0.000000
0.459133 0.008674 0.445668
-0.279056 -0.185486 0.533217
-0.065568 -0.311770 0.577911
0.000000 0.000000 0.000000
0.096718 0.214125 0.585068
0.000000 0.000000 0.000000
-0.025614 0.436662 0.475658
-0.521638 0.387200 -0.013792
0.000000 0.000000 0.000000
0.572908 -0.134441 0.213054
-0.437184 -0.232702 0.433091
0.000000 0.000000 0.000000
0.000000 0.000000 0.000000
0.000000 0.000000 0.000000
-0.528700 -0.308429 0.252159
0.000000 0.000000 0.000000
0.000000 0.000000 0.000000
-0.076456 0.290637 0.570414
0.000000 0.000000 0.000000
0.000000 0.000000 0.000000
-0.539582 -0.279249 -0.245829
0.000000 0.000000 0.000000
-0.485556 0.390663 0.193814
-0.243699 0.249384 -0.533534
-0.543096 0.353035 -0.156538
0.000000 0.000000 0.000000
-0.390279 0.033220 0.493647
-0.329886 0.329782 0.459455
-0.455036 -0.186297 -0.422390
0.000000 0.000000 0.000000
0.000000 0.000000 0.000000
0.265389 -0.293944 0.514513
-0.581311 0.028530 0.245353
0.000000 0.000000 0.000000
0.000000 0.000000 0.000000
0.000000 0.000000 0.000000
0.000000 0.000000 0.000000
-0.213679 -0.022841 -0.604452
0.000000 0.000000 0.000000
0.000000 0.000000 0.000000
0.000000 0.000000 0.000000
0.000000 0.000000 0.000000
0.000000 0.000000 0.000000
-0.599286 0.061273 -0.204741
0.000000 0.000000 0.000000
0.000000 0.000000 0.000000
-0.357816 -0.018571 0.518970
-0.598133 -0.230105 0.132980
-0.560765 -0.003939 -0.296441
0.187062 0.360755 0.507419
0.000000 0.000000 0.000000
-0.280877 0.478630 0.352267
-0.495640 0.033954 -0.394727
0.448997 0.282517 0.358330
0.000000 0.000000 0.000000
-0.530394 -0.185808 -0.292023
-0.624410 -0.067914 -0.149656
0.000000 0.000000 0.000000
-0.338307 -0.409533 0.409296
-0.335313 0.147423 -0.503189
-0.555009 -0.045022 0.291942
0.000000 0.000000 0.000000
0.310830 0.089653 0.520733
0.000000 0.000000 0.000000
-0.053448 -0.419358 0.514149
0.602927 0.100366 0.058371
0.000000 0.000000 0.000000
-0.611971 -0.144693 -0.076826
-0.584451 -0.314553 0.047758
0.000000 0.000000 0.000000
-0.133150 -0.084335 0.614758
-0.482662 -0.477269 0.080486
0.000000 0.000000 0.000000
0.000000 0.000000 0.000000
0.000000 0.000000 0.000000
0.499871 -0.001691 0.379077
0.000000 0.000000 0.000000
0.073465 -0.400004 0.527008
0.000000 0.000000 0.000000
0.000000 0.000000 0.000000
0.000000 0.000000 0.000000
-0.337193 0.085940 -0.515701
-0.048363 0.348776 0.544935
0.000000 0.000000 0.000000
-0.631622 0.007550 0.150927
-0.021694 0.076655 0.611395
0.000000 0.000000 0.000000
0.000000 0.000000 0.000000
0.000000 0.000000 0.000000
-0.599995 0.172684 -0.094816
-0.551198 -0.374120 -0.074643
-0.041538 0.171172 -0.596357
-0.472560 0.120825 -0.401428
-0.222556 -0.334659 0.533568
-0.445896 -0.431382 0.250996
-0.095809 -0.498632 0.461477
0.000000 0.000000 0.000000
-0.558479 0.238206 0.204584
0.000000 0.000000 0.000000
-0.587760 0.236571 0.036947
-0.465498 -0.366139 -0.306807
-0.189025 0.395029 0.481392
0.000000 0.000000 0.000000
0.126817 0.292269 0.570101
0.000000 0.000000 0.000000
0.000000 0.000000 0.000000
0.118305 -0.096798 0.612740
0.573786 0.208669 0.170476
-0.427111 0.148574 0.446872
-0.362284 0.394360 0.381970
-0.500590 0.243545 -0.305871
0.000000 0.000000 0.000000
0.393400 0.243559 0.439025
0.202469 0.185688 0.562057
0.000000 0.000000 0.000000
-0.474500 -0.058832 -0.429978
0.149259 -0.328461 0.574337
-0.521022 0.387981 0.095865
0.041389 -0.195738 0.596709
0.589085 0.031074 0.212002
-0.436572 0.303934 -0.393623
0.000000 0.000000 0.000000
0.000000 0.000000 0.000000
0.000000 0.000000 0.000000
-0.313068 -0.121873 -0.528544
0.219147 -0.076966 0.581801
0.603360 0.098105 -0.069169
0.000000 0.000000 0.000000
0.000000 0.000000 0.000000
0.000000 0.000000 0.000000
-0.622746 -0.078186 0.092238
-0.430785 -0.274016 -0.432119
0.000000 0.000000 0.000000
0.000000 0.000000 0.000000
0.000000 0.000000 0.000000
0.000000 0.000000 0.000000
-0.511482 0.273429 0.272494
0.607381 -0.030587 0.186995
0.000000 0.000000 0.000000
0.000000 0.000000 0.000000
0.509328 -0.100055 0.334321
-0.169449 0.109923 -0.607243
0.000000 0.000000 0.000000
0.095930 -0.150489 0.604040
0.214085 0.031272 0.589498
0.000000 0.000000 0.000000
0.000000 0.000000 0.000000
-0.238626 -0.126631 0.567569
0.000000 0.000000 0.000000
-0.398888 -0.359970 0.412346
0.000000 0.000000 0.000000
0.518506 -0.143913 0.304212
0.324125 -0.075485 0.521471
0.000000 0.000000 0.000000
-0.609712 0.121951 -0.031724
-0.223328 0.507233 0.359458
0.411429 -0.206450 0.446567
0.000000 0.000000 0.000000
-0.456583 -0.061646 0.453890
-0.588662 -0.286324 -0.158526
0.000000 0.000000 0.000000
0.299375 0.291642 0.482677
-0.571037 -0.257207 0.195424
0.000000 0.000000 0.000000
-0.265720 0.013987 0.569814
0.000000 0.000000 0.000000
0.069484 0.081419 -0.613547
0.000000 0.000000 0.000000
0.000000 0.000000 0.000000
0.027001 -0.046018 0.620966
-0.626485 0.018946 -0.173843
0.541946 0.138301 0.252577
0.456581 0.100759 0.414816
0.000000 0.000000 0.000000
-0.129730 0.211389 0.585591
0.613611 0.037786 -0.170014
0.000000 0.000000 0.000000
0.125887 0.428372 0.481192
-0.546119 -0.205767 0.255254
-0.601143 -0.211524 -0.043551
-0.072240 -0.226822 0.591674
0.000000 0.000000 0.000000
-0.167565 0.280007 0.567654
-0.422512 0.465780 0.184587
-0.498396 0.077684 -0.373202
0.022587 0.165421 0.594396
-0.276101 0.226241 0.516881
0.000000 0.000000 0.000000
0.403963 0.155027 0.452506
-0.414901 0.332725 0.407536
-0.404154 -0.510465 0.218203
0.396524 -0.048992 0.484628
-0.179762 -0.480719 0.446215
-0.569672 0.142546 -0.224904
-0.479196 0.249936 0.337415
0.000000 0.000000 0.000000
-0.385949 -0.152867 -0.480669
0.000000 0.000000 0.000000
0.000000 0.000000 0.000000
-0.456671 -0.474660 0.174820
0.000000 0.000000 0.000000
-0.301926 -0.209533 -0.518578
0.000000 0.000000 0.000000
0.000000 0.000000 0.000000
-0.234027 0.328837 0.515659
0.102441 -0.288835 0.581626
-0.506979 0.399119 -0.146438
0.000000 0.000000 0.000000
0.000000 0.000000 0.000000
-0.507113 0.066594 0.359288
-0.540308 0.270927 -0.226590
-0.495023 -0.300077 0.313197
-0.194333 -0.108887 -0.599524
0.000000 0.000000 0.000000
0.000000 0.000000 0.000000
0.412717 0.099161 0.459806
0.000000 0.000000 0.000000
0.029477 0.260358 0.576213
0.000000 0.000000 0.000000
-0.431430 -0.147111 0.452423
-0.428031 0.354058 -0.354223
-0.542509 0.199538 -0.250121
-0.554896 -0.365717 -0.152525
0.000000 0.000000 0.000000
-0.434578 0.409920 0.251753
-0.618031 -0.107286 -0.003534
0.000000 0.000000 0.000000
0.000000 0.000000 0.000000
-0.500663 -0.450177 -0.130916
-0.522479 -0.124494 0.322535
0.000000 0.000000 0.000000
0.000000 0.000000 0.000000
0.000000 0.000000 0.000000
-0.399757 0.210175 -0.452105
-0.499323 0.358981 -0.222981
0.248529 0.036843 -0.571444
-0.591923 0.214835 -0.036673
0.000000 0.000000 0.000000
-0.537828 0.075850 0.302542
0.000000 0.000000 0.000000
-0.560579 0.140011 0.238559
-0.302900 -0.090469 0.537225
0.000000 0.000000 0.000000
-0.364047 0.451106 0.308986
-0.408259 -0.549513 0.159202
-0.146936 0.040711 -0.621343
-0.144379 0.013767 0.623439
0.000000 0.000000 0.000000
0.000000 0.000000 0.000000
0.000000 0.000000 0.000000
-0.114963 0.428849 0.481817
0.338189 -0.220048 0.486307
0.000000 0.000000 0.000000
-0.148250 -0.348327 0.561345
0.000000 0.000000 0.000000
0.526580 0.076079 0.303026
-0.366436 -0.205765 0.478975
-0.533466 0.346874 0.179865
-0.376131 0.504343 0.204123
0.000000 0.000000 0.000000
0.000000 0.000000 0.000000
0.000000 0.000000 0.000000
0.004895 0.021799 -0.624965
-0.540804 -0.104334 -0.300391
0.000000 0.000000 0.000000
-0.204466 0.191322 -0.569026
-0.397773 -0.417941 0.352210
-0.099280 0.080384 0.610681
0.265068 -0.205498 0.531245
0.000000 0.000000 0.000000
0.000000 0.000000 0.000000
0.000000 0.000000 0.000000
-0.561246 0.336952 0.046094
0.000000 0.000000 0.000000
-0.491473 0.177136 -0.347100
-0.595931 0.193906 0.104927
0.000000 0.000000 0.000000
0.166915 -0.018095 -0.626035
0.000000 0.000000 0.000000
-0.353504 0.123428 0.494930
0.258501 0.226845 0.520605
0.000000 0.000000 0.000000
-0.220937 -0.247102 0.555244
0.000000 0.000000 0.000000
0.321976 0.017753 0.530198
-0.468707 -0.208781 0.388361
0.000000 0.000000 0.000000
0.000000 0.000000 0.000000
0.000000 0.000000 0.000000
0.000000 0.000000 0.000000
0.028275 0.395998 0.507712
-0.589466 0.227661 0.139165
0.000000 0.000000 0.000000
-0.508187 -0.326850 -0.284785
0.000000 0.000000 0.000000
0.000000 0.000000 0.000000
-0.000279 -0.262252 0.585933
-0.495798 -0.167535 -0.357866
0.000000 0.000000 0.000000
0.000000 0.000000 0.000000
-0.474246 0.151799 0.383580
0.000000 0.000000 0.000000
-0.610406 -0.154356 0.126447
0.000000 0.000000 0.000000
0.000000 0.000000 0.000000
0.000000 0.000000 0.000000
0.000000 0.000000 0.000000
0.000000 0.000000 0.000000
-0.367651 0.013513 -0.514133
-0.496899 -0.041225 0.393822
-0.514716 -0.429027 -0.004952
-0.616479 0.066842 0.169765
0.000000 0.000000 0.000000
-0.082101 0.071920 -0.615365
-0.577733 0.288927 -0.136635
0.000000 0.000000 0.000000
-0.226211 0.047696 -0.588232
0.000000 0.000000 0.000000
-0.267978 -0.371574 0.479022
0.000000 0.000000 0.000000
0.000000 0.000000 0.000000
0.000000 0.000000 0.000000
0.000000 0.000000 0.000000
-0.241251 0.091862 0.566719
0.205758 -0.307945 0.546322
0.000000 0.000000 0.000000
-0.177133 -0.112455 0.605723
-0.495363 0.420533 -0.090807
0.000000 0.000000 0.000000
0.000000 0.000000 0.000000
0.598100 0.125571 0.126348
0.142688 0.152405 0.596888
-0.472963 0.337995 0.298658
0.000000 0.000000 0.000000
-0.069665 0.484165 0.438214
0.000000 0.000000 0.000000
-0.471478 -0.494100 0.017294
0.000000 0.000000 0.000000
0.255640 0.366174 0.462893
0.470954 -0.173077 0.377126
-0.214165 0.454670 0.412592
-0.442049 -0.538393 0.098373
-0.276137 -0.554471 0.333989
0.000000 0.000000 0.000000
0.000000 0.000000 0.000000
-0.409028 0.116348 -0.467502
0.000000 0.000000 0.000000
-0.613572 0.101797 0.034895
-0.490643 -0.369686 0.255476
-0.275561 0.044597 -0.560426
0.000000 0.000000 0.000000
0.000000 0.000000 0.000000
-0.542663 0.360527 -0.079333
0.000000 0.000000 0.000000
-0.583474 -0.024150 -0.252465
0.000000 0.000000 0.000000
-0.315816 -0.253983 0.499179
0.000000 0.000000 0.000000
0.267122 0.144214 0.533901
0.000000 0.000000 0.000000
-0.261705 -0.265106 0.528338
-0.182982 -0.424678 0.487350
-0.609805 0.121466 0.079694
0.000000 0.000000 0.000000
-0.378427 -0.314014 -0.454865
0.000000 0.000000 0.000000
-0.408755 -0.304268 0.436115
0.000000 0.000000 0.000000
0.000000 0.000000 0.000000
0.000000 0.000000 0.000000
-0.585410 0.248843 -0.091668
0.256373 -0.112713 0.553622
-0.280793 0.295959 0.498754
-0.531303 0.210538 0.262253
0.000000 0.000000 0.000000
-0.491910 0.424913 0.032398
0.527656 -0.032472 0.324474
0.000000 0.000000 0.000000
0.295355 -0.337835 0.482798
-0.471379 -0.230559 -0.379741
-0.599055 0.177594 -0.157058
-0.591478 -0.271185 -0.006975
0.000000 0.000000 0.000000
0.000000 0.000000 0.000000
0.000000 0.000000 0.000000
0.000000 0.000000 0.000000
-0.429165 -0.221650 -0.442850
-0.456554 -0.122308 -0.440493
-0.134407 0.154617 0.596464
-0.416009 -0.015593 0.485930
0.000000 0.000000 0.000000
0.000000 0.000000 0.000000
0.000000 0.000000 0.000000
-0.626968 -0.052123 0.016875
0.024787 0.053648 0.615801
0.535433 0.204147 0.238638
0.154921 0.229876 0.579736
0.000000 0.000000 0.000000
0.615773 0.033296 -0.086391
-0.438122 -0.354811 -0.369280
0.000000 0.000000 0.000000
0.000000 0.000000 0.000000
-0.340861 0.275692 0.468556
0.149055 0.069054 0.612851
0.163863 -0.149394 0.600170
-0.597482 -0.234126 -0.112254
0.000000 0.000000 0.000000
-0.240291 -0.512386 0.386973
0.000000 0.000000 0.000000
0.000000 0.000000 0.000000
0.069035 0.000232 0.626032
0.222062 -0.256558 0.546522
0.000000 0.000000 0.000000
0.000000 0.000000 0.000000
-0.356568 -0.462097 0.358425
0.407891 0.330482 0.404301
0.000000 0.000000 0.000000
0.000000 0.000000 0.000000
-0.525005 -0.013242 -0.357270
0.000000 0.000000 0.000000
0.000000 0.000000 0.000000
-0.434149 0.001360 -0.478429
0.000000 0.000000 0.000000
0.000000 0.000000 0.000000
0.000000 0.000000 0.000000
0.558152 0.030715 0.265718
0.000000 0.000000 0.000000
-0.470696 -0.266978 0.366059
0.000000 0.000000 0.000000
0.000000 0.000000 0.000000
-0.308981 0.432162 0.378337
-0.109087 -0.023832 0.624561
0.245979 0.091470 0.557772
-0.453344 0.317273 0.356401
0.179071 -0.374629 0.521705
-0.328086 0.053415 0.525088
0.609603 -0.091916 0.162147
-0.114939 -0.252204 0.587561
-0.534421 -0.332081 -0.232687
-0.425213 0.500660 0.124916
0.000000 0.000000 0.000000
-0.501373 -0.244271 -0.323344
-0.567529 0.065016 -0.258312
0.000000 0.000000 0.000000
-0.582845 -0.324471 0.110873
0.000000 0.000000 0.000000
0.182195 -0.020088 0.613776
-0.596345 -0.241141 0.078740
0.392129 -0.142799 0.469617
-0.621941 0.058094 -0.026800
-0.390246 0.314600 -0.434503
0.619263 0.015069 0.149066
-0.216599 0.050072 0.590193
-0.621786 -0.084109 -0.056015
0.000000 0.000000 0.000000
0.000000 0.000000 0.000000
0.000000 0.000000 0.000000
0.000000 0.000000 0.000000
-0.290141 0.176433 0.519790
0.000000 0.000000 0.000000
0.000000 0.000000 0.000000
0.000000 0.000000 0.000000
0.000000 0.000000 0.000000
-0.047489 -0.366821 0.549057
0.000000 0.000000 0.000000
0.000000 0.000000 0.000000
-0.578998 -0.332281 -0.019625
0.127513 0.031652 -0.623078
0.602658 0.101772 -0.125054
0.000000 0.000000 0.000000
0.000000 0.000000 0.000000
-0.180317 0.174143 0.583703
-0.187669 -0.305187 0.563585
0.000000 0.000000 0.000000
-0.315616 0.494849 0.317449
0.000000 0.000000 0.000000
0.000000 0.000000 0.000000
0.000000 0.000000 0.000000
-0.513027 -0.431569 -0.068914
-0.206447 -0.191808 0.573954
0.000000 0.000000 0.000000
-0.516425 -0.186648 0.312882
-0.248329 -0.215975 -0.548316
0.454358 0.233399 0.367860
-0.071235 -0.089668 0.613895
0.098613 0.390944 0.511695
-0.331083 -0.510661 0.335879
0.000000 0.000000 0.000000
0.000000 0.000000 0.000000
0.000000 0.000000 0.000000
-0.615086 0.093892 -0.154649
-0.498293 -0.450066 0.135412
0.000000 0.000000 0.000000
-0.281378 0.139052 -0.536179
-0.164436 0.442566 0.452320
0.000000 0.000000 0.000000
0.000000 0.000000 0.000000
0.000000 0.000000 0.000000
0.000000 0.000000 0.000000
0.000000 0.000000 0.000000
0.000000 0.000000 0.000000
-0.029573 -0.195623 0.596729
0.000000 0.000000 0.000000
0.000000 0.000000 0.000000
0.326719 -0.285487 0.480687
0.000000 0.000000 0.000000
-0.589156 0.093737 0.206788
-0.396591 0.453957 0.248122
0.000000 0.000000 0.000000
-0.194560 -0.054118 0.606575
0.000000 0.000000 0.000000
-0.287224 -0.319382 0.503452
0.000000 0.000000 0.000000
0.000000 0.000000 0.000000
-0.318648 0.204962 -0.500086
0.000000 0.000000 0.000000
0.000000 0.000000 0.000000
-0.529071 0.030088 -0.338304
-0.174659 0.345880 0.534422
0.012918 0.145126 -0.601346
0.088813 -0.336117 0.569457
-0.444198 -0.326161 0.392781
0.029800 0.119569 0.603177
0.000000 0.000000 0.000000
0.000000 0.000000 0.000000
0.314836 0.325361 0.465864
-0.572333 -0.083047 0.249614
0.000000 0.000000 0.000000
-0.127831 -0.466549 0.482794
-0.512893 -0.431771 0.051264
0.088902 -0.227663 0.591537
0.000000 0.000000 0.000000
0.000000 0.000000 0.000000
-0.122367 0.318094 0.565156
-0.574275 0.184450 0.197817
-0.275017 -0.087188 -0.557001
0.475402 -0.046226 0.410526
0.004574 -0.425141 0.510307
-0.429154 -0.068999 -0.471414
0.000000 0.000000 0.000000
0.000000 0.000000 0.000000
0.000000 0.000000 0.000000
-0.152611 0.226398 -0.585781
-0.340647 -0.354656 0.450048
0.000000 0.000000 0.000000
-0.464252 0.209450 0.378807
-0.577994 -0.333790 -0.112248
0.234170 -0.344943 0.512668
-0.615977 -0.030951 -0.193964
0.000000 0.000000 0.000000
-0.033995 -0.040667 -0.624897
-0.596491 -0.179321 0.176574
0.493034 -0.197065 0.331110
-0.454390 0.472512 0.017526
0.429703 0.209180 0.419840
-0.201527 -0.165615 -0.584757
0.000000 0.000000 0.000000
0.000000 0.000000 0.000000
