0.000000 0.000000 0.000000
0.000000 0.000000 0.000000
0.000000 0.000000 0.000000
-0.030023 -0.127348 0.030279
0.058825 0.083562 0.180019
0.029620 -0.048221 -0.505026
0.075422 0.411434 0.349257
0.000000 0.000000 0.000000
-0.398595 -0.078477 -0.298821
0.000000 0.000000 0.000000
0.285253 -0.076654 -0.310870
0.395783 -0.058785 -0.435178
-0.375527 0.154487 0.168084
-0.446901 -0.046991 -0.513161
0.000000 0.000000 0.000000
-0.319826 0.314675 0.273685
0.000000 0.000000 0.000000
0.018983 -0.060413 -0.310983
0.000000 0.000000 0.000000
-0.349637 -0.119736 0.041050
0.358758 -0.081277 0.041971
0.000000 0.000000 0.000000
0.000000 0.000000 0.000000
0.662377 -0.138061 -0.480040
0.000000 0.000000 0.000000
-0.159389 -0.064529 -0.397201
0.568033 -0.089511 -0.225856
-0.173183 -0.098080 -0.169202
0.000000 0.000000 0.000000
0.000000 0.000000 0.000000
-0.130246 0.195396 0.247737
-0.112963 0.250708 0.289894
0.105958 -0.098722 -0.164962
0.279280 0.273980 0.248679
0.116989 -0.066612 -0.383426
-0.547237 -0.018352 -0.386218
-0.076297 -0.121085 -0.011127
0.212553 0.215849 0.205792
0.000000 0.000000 0.000000
-0.140225 0.060330 0.142292
0.000000 0.000000 0.000000
0.000000 0.000000 0.000000
0.583249 -0.013295 -0.419655
0.000000 0.000000 0.000000
0.000000 0.000000 0.000000
0.000000 0.000000 0.000000
0.354386 -0.085380 -0.154502
0.499018 -0.111099 -0.077161
0.000000 0.000000 0.000000
0.000000 0.000000 0.000000
0.000000 0.000000 0.000000
-0.037079 -0.059320 -0.103209
0.000000 0.000000 0.000000
-0.320792 0.108802 0.195528
-0.337511 -0.039600 -0.360342
-0.216534 -0.004062 -0.480704
0.175209 -0.122117 -0.004308
-0.118588 0.410375 0.350979
0.209391 -0.047508 -0.509740
0.000000 0.000000 0.000000
0.177289 -0.072310 -0.312782
0.000000 0.000000 0.000000
0.573524 -0.498859 -0.156090
-0.239412 -0.061110 -0.091377
0.000000 0.000000 0.000000
0.000000 0.000000 0.000000
-0.449622 0.386132 0.373113
-0.531612 -0.053582 -0.469577
0.088327 0.254190 0.279903
0.672876 -0.005347 -0.515419
0.000000 0.000000 0.000000
0.000000 0.000000 0.000000
0.204744 0.061911 0.139720
0.036882 0.184672 0.242148
0.000000 0.000000 0.000000
-0.449215 0.275219 0.249440
0.258506 -0.010729 -0.516232
0.000000 0.000000 0.000000
0.000000 0.000000 0.000000
0.269789 -0.044233 -0.361042
-0.262398 0.331024 0.339249
0.477013 -0.033519 -0.306917
0.000000 0.000000 0.000000
0.000000 0.000000 0.000000
-0.121719 -0.038970 -0.243737
-0.090536 -0.063903 -0.072908
0.000000 0.000000 0.000000
-0.268504 -0.038545 -0.246551
-0.376806 -0.109315 -0.088952
-0.014601 -0.052462 -0.476985
0.000000 0.000000 0.000000
0.000000 0.000000 0.000000
0.000000 0.000000 0.000000
0.000000 0.000000 0.000000
0.000000 0.000000 0.000000
0.000000 0.000000 0.000000
0.000000 0.000000 0.000000
0.086022 -0.109457 -0.088017
0.000000 0.000000 0.000000
0.162291 -0.061228 -0.419026
-0.020816 -0.086529 -0.245580
-0.023300 -0.020917 -0.369261
0.624845 -0.156719 -0.347181
0.519259 -0.049774 -0.172303
-0.210965 -0.089938 0.045557
0.323444 0.140877 0.159721
0.129105 -0.127155 0.029007
0.227170 -0.066762 -0.111195
-0.399063 -0.088731 -0.231014
-0.234983 0.169931 0.177575
-0.037885 0.157738 0.170082
0.199390 0.350518 0.351228
-0.296229 -0.096602 -0.178977
0.390800 -0.035020 -0.519907
0.000000 0.000000 0.000000
0.000000 0.000000 0.000000
0.000000 0.000000 0.000000
-0.216282 0.317809 0.275612
0.000000 0.000000 0.000000
0.566069 -0.065987 -0.387564
0.000000 0.000000 0.000000
-0.337664 -0.003715 -0.482998
0.363366 -0.091482 -0.212824
-0.396001 0.104303 0.192764
0.000000 0.000000 0.000000
0.000000 0.000000 0.000000
0.000000 0.000000 0.000000
0.000000 0.000000 0.000000
0.000000 0.000000 0.000000
0.218096 0.357250 0.299847
0.481254 -0.008096 -0.454031
-0.224790 -0.065636 -0.311773
0.003622 0.320491 0.277260
0.000000 0.000000 0.000000
-0.261590 0.415897 0.341991
0.000000 0.000000 0.000000
0.225963 -0.042698 -0.219078
0.000000 0.000000 0.000000
0.000000 0.000000 0.000000
-0.015940 0.334753 0.341540
0.000000 0.000000 0.000000
0.057387 -0.037095 -0.256141
0.000000 0.000000 0.000000
0.000000 0.000000 0.000000
0.000000 0.000000 0.000000
0.000000 0.000000 0.000000
0.425303 -0.063671 -0.074438
0.000000 0.000000 0.000000
-0.360584 0.288751 0.313271
0.440418 -0.122850 0.000546
-0.063975 0.054366 0.162078
0.461998 -0.093161 -0.201721
0.000000 0.000000 0.000000
0.385214 -0.022493 -0.358838
-0.084509 -0.004487 -0.477894
0.562105 -0.039519 -0.520587
0.245149 -0.075184 0.001681
-0.264432 -0.054264 -0.465072
0.096095 -0.008330 -0.452480
0.180614 0.125699 0.205911
0.000000 0.000000 0.000000
0.048034 -0.074559 -0.002442
0.587789 -0.570113 -0.245348
-0.449975 -0.066276 -0.385648
0.000000 0.000000 0.000000
0.000000 0.000000 0.000000
-0.435405 0.173127 0.235053
-0.346987 -0.092879 -0.203585
0.396189 -0.038167 -0.307620
0.000000 0.000000 0.000000
0.000000 0.000000 0.000000
0.362890 -0.113153 -0.063580
-0.354653 -0.068347 -0.043519
-0.239792 0.070207 0.126218
-0.320502 0.201728 0.237433
0.124889 -0.067918 -0.046352
0.000000 0.000000 0.000000
0.406255 -0.046758 -0.192235
0.000000 0.000000 0.000000
0.350262 0.053453 0.161517
-0.192829 -0.116192 -0.043488
-0.183077 0.135043 0.211653
0.000000 0.000000 0.000000
0.129428 0.113174 0.142698
0.331320 -0.037691 -0.252199
-0.425173 -0.100361 -0.116276
0.000000 0.000000 0.000000
0.000000 0.000000 0.000000
0.296122 0.163164 0.228932
0.000000 0.000000 0.000000
0.000000 0.000000 0.000000
0.000000 0.000000 0.000000
0.000000 0.000000 0.000000
-0.022133 -0.115117 -0.050593
-0.227443 -0.016228 -0.400265
-0.138637 0.341514 0.345694
0.000000 0.000000 0.000000
-0.490621 0.377312 0.312176
0.000000 0.000000 0.000000
0.000000 0.000000 0.000000
0.000000 0.000000 0.000000
0.000000 0.000000 0.000000
0.000000 0.000000 0.000000
0.000000 0.000000 0.000000
0.648891 -0.057616 -0.442911
0.119967 0.358301 0.300493
0.000000 0.000000 0.000000
0.000000 0.000000 0.000000
0.112923 0.181933 0.184949
-0.098486 -0.073561 -0.312971
-0.590096 -0.000491 -0.514683
0.000000 0.000000 0.000000
0.184932 0.253671 0.280747
-0.316825 0.087214 0.126746
-0.026694 0.415692 0.342326
-0.107877 -0.021219 -0.367263
0.000000 0.000000 0.000000
0.000000 0.000000 0.000000
-0.440664 0.077535 0.120798
0.000000 0.000000 0.000000
0.014223 -0.094376 -0.155863
0.000000 0.000000 0.000000
0.000000 0.000000 0.000000
0.079283 -0.076634 -0.310998
-0.149690 -0.048768 -0.501410
0.000000 0.000000 0.000000
-0.270071 0.196964 0.245185
0.000000 0.000000 0.000000
0.055941 -0.057998 -0.150362
0.064082 -0.120074 -0.017817
0.000000 0.000000 0.000000
0.162933 -0.090373 -0.220158
0.000000 0.000000 0.000000
0.365195 -0.065071 -0.393621
-0.486930 -0.059735 -0.310881
0.000000 0.000000 0.000000
0.235727 0.120151 0.146985
-0.032928 0.086836 0.182030
0.352614 -0.005173 -0.473355
0.000000 0.000000 0.000000
-0.044329 0.218181 0.210660
0.000000 0.000000 0.000000
0.000000 0.000000 0.000000
0.266904 -0.113588 0.041980
0.000000 0.000000 0.000000
-0.136384 -0.089314 0.045651
0.256703 -0.096455 -0.179952
-0.288774 -0.113023 -0.064438
0.456668 -0.063098 -0.363895
-0.229259 -0.092540 -0.205829
-0.291942 0.257154 0.293855
0.000000 0.000000 0.000000
0.054212 0.305395 0.323499
-0.094733 -0.055341 -0.149960
-0.104623 0.319215 0.276476
0.000000 0.000000 0.000000
0.142930 0.084452 0.180566
0.000000 0.000000 0.000000
0.016337 0.167518 0.176092
0.000000 0.000000 0.000000
0.000000 0.000000 0.000000
-0.358860 -0.056378 -0.451094
0.000000 0.000000 0.000000
0.000000 0.000000 0.000000
0.000000 0.000000 0.000000
0.000000 0.000000 0.000000
0.000000 0.000000 0.000000
-0.430564 -0.015719 -0.403632
0.000000 0.000000 0.000000
0.000000 0.000000 0.000000
-0.337954 -0.035068 -0.307151
0.000000 0.000000 0.000000
-0.013664 -0.046834 -0.191745
0.000000 0.000000 0.000000
-0.512709 -0.005704 -0.469842
0.122639 -0.021177 -0.517812
0.000000 0.000000 0.000000
0.000000 0.000000 0.000000
-0.396420 0.396416 0.323916
-0.144287 0.171664 0.178639
0.226923 -0.008289 -0.452753
0.000000 0.000000 0.000000
0.000000 0.000000 0.000000
0.000000 0.000000 0.000000
0.271538 0.338300 0.288204
-0.090851 -0.086920 -0.242988
-0.283102 -0.044047 -0.361014
0.000000 0.000000 0.000000
0.000000 0.000000 0.000000
0.183369 -0.021997 -0.362114
0.502065 -0.015085 -0.407819
0.280495 -0.056329 -0.451417
-0.420660 -0.006121 -0.467085
-0.162866 -0.082192 -0.113528
-0.016483 0.251122 0.284895
0.323728 -0.122182 -0.003874
0.000000 0.000000 0.000000
0.000000 0.000000 0.000000
-0.146601 -0.072807 -0.014029
0.000000 0.000000 0.000000
-0.449179 0.287495 0.312500
0.000000 0.000000 0.000000
0.000000 0.000000 0.000000
-0.369906 0.319940 0.276921
0.000000 0.000000 0.000000
0.000339 0.077550 0.120807
0.000000 0.000000 0.000000
0.077851 0.147729 0.219447
0.000000 0.000000 0.000000
0.000000 0.000000 0.000000
0.294746 -0.098984 -0.116068
-0.293819 0.364861 0.304525
-0.514027 0.335609 0.286550
0.000000 0.000000 0.000000
0.000000 0.000000 0.000000
0.151063 -0.037639 -0.252543
0.000000 0.000000 0.000000
-0.181035 0.386165 0.317616
0.027097 -0.065510 -0.390711
-0.446789 -0.032476 -0.286686
0.000000 0.000000 0.000000
-0.440672 -0.044088 -0.209895
0.000000 0.000000 0.000000
0.000000 0.000000 0.000000
0.000000 0.000000 0.000000
-0.341671 -0.014528 -0.411506
0.000000 0.000000 0.000000
-0.052078 -0.038384 -0.247610
0.000000 0.000000 0.000000
0.135672 -0.046415 -0.194504
0.000000 0.000000 0.000000
0.000000 0.000000 0.000000
0.000000 0.000000 0.000000
0.476126 -0.046830 -0.514227
0.078747 -0.079404 0.029585
0.000000 0.000000 0.000000
-0.301587 -0.105740 -0.112589
0.000000 0.000000 0.000000
0.297470 0.270003 0.301750
-0.384608 0.219195 0.209010
0.234400 0.414068 0.344969
0.000000 0.000000 0.000000
0.172836 -0.110114 -0.083673
0.534903 -0.037369 -0.254335
0.000000 0.000000 0.000000
0.000000 0.000000 0.000000
-0.330522 0.400941 0.366331
0.000000 0.000000 0.000000
0.000000 0.000000 0.000000
0.084008 -0.064424 -0.069457
-0.184829 0.126642 0.150974
0.000000 0.000000 0.000000
0.009244 -0.005555 -0.470833
-0.072338 -0.065150 -0.393094
0.000000 0.000000 0.000000
0.000000 0.000000 0.000000
-0.376868 -0.059654 -0.150612
0.000000 0.000000 0.000000
0.000000 0.000000 0.000000
0.000000 0.000000 0.000000
0.000000 0.000000 0.000000
0.334472 -0.061984 -0.085595
0.000000 0.000000 0.000000
0.000000 0.000000 0.000000
0.152187 0.184255 0.241892
0.137926 -0.090391 -0.114768
0.065871 -0.020900 -0.369373
0.531586 -0.079485 -0.292153
0.000000 0.000000 0.000000
0.244456 0.114056 0.198756
0.000000 0.000000 0.000000
-0.105347 0.114442 0.143477
-0.276837 -0.124985 0.014655
0.170190 -0.078982 0.026801
-0.235049 -0.067104 -0.380174
0.000000 0.000000 0.000000
0.000000 0.000000 0.000000
0.290692 0.202543 0.197614
-0.068195 0.369733 0.307518
0.000000 0.000000 0.000000
0.445018 -0.084086 -0.261724
-0.216948 0.263290 0.297626
-0.283879 -0.073100 -0.012091
-0.193154 -0.048681 -0.179526
0.457562 -0.056347 -0.451299
0.000000 0.000000 0.000000
-0.304714 -0.045190 -0.521445
-0.233828 0.385423 0.372678
0.349936 -0.081027 -0.281954
0.000000 0.000000 0.000000
-0.153415 -0.083936 -0.262723
0.462443 -0.073777 -0.112256
0.000000 0.000000 0.000000
0.000000 0.000000 0.000000
-0.200137 0.211520 0.221499
0.240893 -0.081459 -0.279101
0.582830 -0.055263 -0.458465
0.291387 0.094139 0.186518
0.000000 0.000000 0.000000
0.284430 0.070216 0.126204
-0.344688 0.286041 0.256090
0.000000 0.000000 0.000000
-0.455323 0.332480 0.340143
0.000000 0.000000 0.000000
0.000000 0.000000 0.000000
-0.280121 -0.032789 -0.306806
-0.092613 -0.111834 -0.072302
-0.262063 -0.084679 -0.257805
0.000000 0.000000 0.000000
-0.076552 0.309577 0.326070
0.000000 0.000000 0.000000
0.024918 -0.093918 0.044955
0.000000 0.000000 0.000000
0.000000 0.000000 0.000000
0.624845 -0.147477 -0.403189
-0.041477 -0.071930 -0.019828
-0.033962 0.165079 0.230109
0.437206 -0.000861 -0.501871
-0.387601 -0.063583 -0.403455
0.066678 -0.057683 -0.442465
-0.340687 -0.117587 -0.034258
0.136483 -0.085376 -0.253204
0.000000 0.000000 0.000000
0.000000 0.000000 0.000000
-0.496097 0.276057 0.249954
0.161759 0.408318 0.331229
0.000000 0.000000 0.000000
-0.586175 -0.014186 -0.413766
0.071137 0.090367 0.128683
-0.321824 -0.059388 -0.102761
-0.276832 -0.050691 -0.166242
0.131081 0.363897 0.359450
0.159406 -0.011770 -0.429737
0.000000 0.000000 0.000000
-0.044906 -0.097984 -0.169834
0.000000 0.000000 0.000000
-0.196857 -0.039717 -0.238796
-0.521975 -0.067821 -0.375439
0.624232 -0.004218 -0.479670
0.000000 0.000000 0.000000
0.051910 0.363031 0.303400
-0.351590 0.355216 0.354114
0.000000 0.000000 0.000000
0.281978 -0.045516 -0.200450
0.332591 -0.015994 -0.401808
0.000000 0.000000 0.000000
0.122764 0.304558 0.322985
0.000000 0.000000 0.000000
0.414406 -0.115393 -0.048765
0.000000 0.000000 0.000000
0.293661 -0.089064 -0.228817
0.501681 -0.098704 -0.156518
-0.085171 0.111857 0.197405
0.015886 0.105061 0.193229
0.000000 0.000000 0.000000
0.000000 0.000000 0.000000
0.000000 0.000000 0.000000
-0.382770 -0.033733 -0.519712
0.085882 -0.088684 -0.231329
0.000000 0.000000 0.000000
0.000000 0.000000 0.000000
-0.168849 0.286288 0.311758
0.000000 0.000000 0.000000
0.000000 0.000000 0.000000
0.605757 -0.048563 -0.502765
0.000000 0.000000 0.000000
0.000000 0.000000 0.000000
0.000000 0.000000 0.000000
0.000000 0.000000 0.000000
-0.379126 -0.076016 0.007185
0.000000 0.000000 0.000000
-0.065702 -0.037211 -0.520238
0.000000 0.000000 0.000000
0.202137 -0.059014 -0.150515
-0.286777 0.139959 0.159157
0.000000 0.000000 0.000000
0.000000 0.000000 0.000000
0.044328 0.362894 0.358833
0.242784 -0.031946 -0.290191
0.000000 0.000000 0.000000
-0.248543 0.362187 0.302881
0.000000 0.000000 0.000000
0.181820 0.309012 0.270206
0.000000 0.000000 0.000000
0.000000 0.000000 0.000000
-0.400797 0.252866 0.282057
0.000000 0.000000 0.000000
0.000000 0.000000 0.000000
0.456322 -0.038985 -0.243646
-0.392022 -0.036839 -0.257827
-0.067350 0.366544 0.361076
0.149627 0.070016 0.126530
0.000000 0.000000 0.000000
0.259352 0.370216 0.363333
0.350646 -0.051363 -0.484251
0.000000 0.000000 0.000000
0.000000 0.000000 0.000000
0.060990 0.000144 -0.508515
0.000000 0.000000 0.000000
0.000000 0.000000 0.000000
-0.160100 0.289572 0.258260
0.227460 -0.112308 -0.069164
0.320759 0.309090 0.270254
0.000000 0.000000 0.000000
0.142443 0.267984 0.257453
0.228640 -0.064742 -0.395793
0.000000 0.000000 0.000000
0.000000 0.000000 0.000000
0.295213 -0.069177 -0.038032
-0.395562 0.376306 0.367075
0.000000 0.000000 0.000000
0.196001 0.164629 0.174317
-0.147675 -0.005811 -0.469141
-0.242151 -0.119725 -0.020122
-0.139808 -0.044837 -0.308628
-0.313644 -0.045524 -0.200406
-0.271302 0.000037 -0.507807
-0.215219 -0.047339 -0.510858
0.445312 -0.073581 -0.008916
0.000000 0.000000 0.000000
0.000000 0.000000 0.000000
-0.066861 0.274149 0.248782
0.028397 0.278744 0.251606
-0.434809 -0.056935 -0.447414
0.406891 -0.095745 -0.184636
-0.075985 -0.055553 -0.456544
-0.077856 -0.085592 0.046214
-0.289148 0.056177 0.149052
-0.177094 0.086042 0.181543
0.000000 0.000000 0.000000
0.000000 0.000000 0.000000
0.193625 -0.118756 0.041198
-0.163905 -0.124686 0.012682
0.000000 0.000000 0.000000
0.000000 0.000000 0.000000
-0.221656 -0.106743 -0.105966
0.000000 0.000000 0.000000
-0.434334 0.134804 0.155989
0.000000 0.000000 0.000000
-0.457705 -0.083548 -0.265284
-0.177332 0.396405 0.373714
-0.343345 -0.083211 -0.267515
0.413966 -0.100997 0.043884
0.000000 0.000000 0.000000
0.000000 0.000000 0.000000
0.000000 0.000000 0.000000
0.000000 0.000000 0.000000
0.239655 -0.065865 -0.059931
0.000000 0.000000 0.000000
-0.280950 0.188588 0.189039
0.000000 0.000000 0.000000
0.018485 -0.106075 -0.110382
-0.267293 0.268490 0.256630
-0.438086 0.209735 0.202034
-0.372175 0.054960 0.162444
0.110473 -0.031153 -0.295433
-0.414515 0.338577 0.288373
0.000000 0.000000 0.000000
0.000000 0.000000 0.000000
0.019151 -0.066276 -0.057215
-0.194052 -0.067432 -0.049575
-0.097013 0.216569 0.206233
0.000000 0.000000 0.000000
0.000000 0.000000 0.000000
0.000000 0.000000 0.000000
0.000000 0.000000 0.000000
0.000000 0.000000 0.000000
-0.055854 -0.011809 -0.429480
0.566347 -0.003462 -0.484674
0.000000 0.000000 0.000000
0.521727 -0.053117 -0.472653
0.000000 0.000000 0.000000
0.000000 0.000000 0.000000
0.000000 0.000000 0.000000
0.239583 0.183199 0.241243
0.295382 -0.006439 -0.464985
0.281668 0.399857 0.326029
0.106862 -0.040791 -0.231702
-0.193597 -0.028330 -0.358637
-0.302266 0.152091 0.222128
0.000000 0.000000 0.000000
0.000000 0.000000 0.000000
0.000000 0.000000 0.000000
0.000000 0.000000 0.000000
0.000000 0.000000 0.000000
-0.488426 -0.020382 -0.372795
0.000000 0.000000 0.000000
-0.087551 0.162661 0.228622
-0.191938 0.065083 0.134558
0.345627 -0.046288 -0.195342
0.000000 0.000000 0.000000
0.385868 -0.098887 -0.116053
0.000000 0.000000 0.000000
0.000000 0.000000 0.000000
0.000000 0.000000 0.000000
0.416696 -0.016189 -0.400521
0.000000 0.000000 0.000000
0.033110 0.410721 0.332707
-0.235597 0.110973 0.196861
0.000000 0.000000 0.000000
0.000000 0.000000 0.000000
-0.283249 0.380210 0.369474
0.374088 0.085913 0.125947
0.089264 0.324288 0.279593
0.000000 0.000000 0.000000
0.037372 -0.086849 -0.243462
0.119327 -0.118553 -0.027871
0.000000 0.000000 0.000000
0.000000 0.000000 0.000000
-0.208315 -0.057029 -0.446788
0.000000 0.000000 0.000000
0.000000 0.000000 0.000000
0.000000 0.000000 0.000000
0.000000 0.000000 0.000000
0.000000 0.000000 0.000000
0.000000 0.000000 0.000000
-0.398964 0.334037 0.341100
0.000000 0.000000 0.000000
0.084292 0.135840 0.156625
-0.522594 -0.023152 -0.518111
0.185640 -0.036429 -0.260545
-0.229371 0.069297 0.171252
0.000000 0.000000 0.000000
0.000000 0.000000 0.000000
0.000000 0.000000 0.000000
0.000000 0.000000 0.000000
0.000000 0.000000 0.000000
-0.415754 -0.063982 -0.072380
0.524548 -0.045739 -0.361270
0.000000 0.000000 0.000000
-0.037049 -0.046702 -0.308910
-0.060567 0.093694 0.130728
0.000000 0.000000 0.000000
-0.121177 -0.096973 -0.115764
0.000000 0.000000 0.000000
0.116949 -0.052007 -0.479992
-0.435264 -0.061223 -0.150850
0.000000 0.000000 0.000000
-0.186147 -0.058586 -0.108064
0.000000 0.000000 0.000000
0.000000 0.000000 0.000000
0.000000 0.000000 0.000000
0.000000 0.000000 0.000000
-0.322086 -0.064215 -0.399276
0.000000 0.000000 0.000000
0.000000 0.000000 0.000000
0.000000 0.000000 0.000000
0.000000 0.000000 0.000000
0.000000 0.000000 0.000000
0.275544 -0.015596 -0.404441
0.609838 -0.062676 -0.409452
0.241454 0.251587 0.284139
0.000000 0.000000 0.000000
-0.376697 0.149401 0.220474
0.000000 0.000000 0.000000
0.000000 0.000000 0.000000
0.051532 0.210084 0.202248
0.000000 0.000000 0.000000
0.217329 -0.091484 -0.212815
0.000000 0.000000 0.000000
0.299043 -0.112508 -0.067846
0.000000 0.000000 0.000000
0.000000 0.000000 0.000000
0.000000 0.000000 0.000000
0.003696 0.291651 0.315054
0.000000 0.000000 0.000000
0.000000 0.000000 0.000000
-0.126883 -0.094619 -0.192082
0.546451 -0.032157 -0.306711
0.425727 -0.076871 -0.309437
0.421185 -0.007843 -0.455700
0.017328 0.050152 0.158857
0.412606 -0.069080 -0.367108
0.382686 -0.041468 -0.227210
0.000000 0.000000 0.000000
0.182874 -0.098009 -0.169673
-0.327365 -0.037749 -0.251810
-0.329544 0.179572 0.183499
-0.162141 0.414292 0.334901
0.181090 0.110011 0.140754
0.000000 0.000000 0.000000
0.000000 0.000000 0.000000
0.214054 -0.055633 -0.456019
0.175039 -0.070502 -0.029270
0.190267 0.292686 0.315690
0.574600 -0.077772 -0.303474
0.510799 -0.013587 -0.516664
-0.020167 -0.004765 -0.515331
0.377663 -0.067099 -0.051776
0.000000 0.000000 0.000000
0.264205 0.302896 0.321963
0.000000 0.000000 0.000000
-0.144345 -0.114322 -0.055841
0.254398 -0.052022 -0.157442
0.000000 0.000000 0.000000
-0.066547 -0.046775 -0.192129
0.000000 0.000000 0.000000
0.000000 0.000000 0.000000
0.334616 0.209591 0.224639
-0.562352 -0.005905 -0.468516
0.000000 0.000000 0.000000
0.120991 -0.016897 -0.395842
0.000000 0.000000 0.000000
-0.189324 0.349289 0.350473
0.119597 -0.075498 0.003768
0.447223 -0.051753 -0.159218
0.378060 -0.128277 0.036424
0.290126 -0.079193 0.028194
0.000000 0.000000 0.000000
-0.479435 0.415102 0.343286
0.516619 -0.088187 -0.234613
0.000000 0.000000 0.000000
-0.046145 0.313630 0.273043
0.000000 0.000000 0.000000
0.233370 0.308549 0.269921
0.000000 0.000000 0.000000
0.281612 -0.037131 -0.255900
