0.000000 0.000000 0.000000
-0.306857 0.520975 -0.102449
-0.246450 0.257925 -0.238394
0.144219 -0.114146 -0.503101
0.000000 0.000000 0.000000
0.296852 0.607672 -0.474432
0.000000 0.000000 0.000000
0.167371 -0.114146 0.016349
0.318220 0.360657 0.142622
-0.049065 0.287690 0.362461
-0.243806 0.487059 -0.589980
0.000000 0.000000 0.000000
0.288454 -0.486303 0.158738
-0.189985 0.570465 0.317258
0.288454 0.142888 -0.303606
0.316600 0.570465 0.643450
0.288454 -0.476381 -0.382513
0.000000 0.000000 0.000000
-0.205990 0.090714 -0.604863
0.075766 0.570465 -0.057252
0.080826 0.287690 -0.510581
0.000000 0.000000 0.000000
0.288454 0.221093 0.273001
0.036824 0.287690 -0.011410
0.158093 0.570465 0.312994
0.000000 0.000000 0.000000
0.000000 0.000000 0.000000
-0.114961 0.570465 -0.354743
0.325663 0.368043 -0.229171
0.000000 0.000000 0.000000
-0.259517 0.257925 0.180467
0.061145 0.591539 -0.632366
0.278090 -0.396476 -0.589980
0.325663 0.105035 -0.586566
0.325663 -0.170743 -0.262628
0.000000 0.000000 0.000000
0.000000 0.000000 0.000000
0.288454 0.117561 0.020307
0.000000 0.000000 0.000000
0.071251 0.287690 -0.280003
-0.199877 0.570465 0.027180
-0.337508 0.604356 -0.376490
-0.135061 0.607672 0.397414
0.252889 0.607671 -0.195241
0.288454 -0.320063 -0.027583
0.325663 -0.063197 0.191211
0.258771 0.407629 -0.589980
0.000000 0.000000 0.000000
0.000000 0.000000 0.000000
0.208714 -0.143912 0.335684
0.325663 -0.651213 -0.100648
0.115446 -0.143912 -0.220871
0.000000 0.000000 0.000000
0.003758 0.064500 -0.589980
0.314932 0.606171 0.187517
0.000000 0.000000 0.000000
-0.171165 0.348860 -0.589980
0.318220 -0.655254 -0.408675
0.000000 0.000000 0.000000
0.318220 -0.264967 -0.416998
0.325663 0.095597 0.101213
0.128207 0.257925 0.242608
0.288454 -0.038680 -0.132927
-0.018402 0.607671 0.190495
0.325663 0.433986 0.466701
0.100047 -0.114146 -0.370767
-0.336624 0.525714 0.170026
0.250456 0.287690 0.090091
0.249093 0.257925 -0.366785
0.325663 0.409683 0.393058
0.325663 0.041161 0.370848
0.000000 0.000000 0.000000
0.023909 0.570465 0.468415
-0.026308 -0.143912 -0.074336
0.000000 0.000000 0.000000
0.000000 0.000000 0.000000
0.095934 0.607671 -0.382054
0.318220 0.377337 -0.404544
-0.141944 0.257925 -0.445493
0.000000 0.000000 0.000000
0.293315 -0.076096 -0.619745
0.318220 -0.283051 0.221165
0.000000 0.000000 0.000000
0.318220 0.003729 -0.402480
0.121182 -0.246422 -0.560213
-0.182364 0.287690 -0.023334
0.064224 0.423711 -0.589980
-0.147196 0.607671 -0.165386
0.000000 0.000000 0.000000
0.072887 -0.114146 0.193939
0.288454 -0.374573 -0.208209
0.000000 0.000000 0.000000
0.300191 0.570465 -0.026267
0.199704 -0.143912 -0.432173
0.222284 0.405272 0.613775
0.073667 0.570465 -0.250477
0.325663 0.196390 0.472133
0.000000 0.000000 0.000000
-0.271539 0.607672 -0.501288
0.216243 0.570465 0.502887
0.200633 0.287690 -0.123765
0.325663 -0.659239 0.235703
-0.043997 0.257925 0.190061
0.000000 0.000000 0.000000
-0.224138 0.607672 -0.342924
0.000000 0.000000 0.000000
0.118667 0.570465 0.145991
0.318220 -0.464630 -0.446697
0.000000 0.000000 0.000000
0.249697 -0.605279 0.115346
0.325663 -0.157154 -0.026593
-0.077026 0.570465 -0.516702
0.266924 0.287690 -0.530965
0.288454 -0.473718 -0.097147
0.119461 0.257925 0.437333
0.000000 0.000000 0.000000
-0.038255 -0.114146 -0.545194
0.325663 0.438058 -0.054942
0.160327 0.154239 -0.604863
-0.026336 -0.114146 0.026453
0.000000 0.000000 0.000000
0.299236 -0.222675 -0.619745
-0.366389 0.238867 -0.205874
0.325663 0.192488 -0.425169
-0.064729 0.287690 -0.151954
0.319548 0.604138 0.392122
0.170452 0.570465 0.102550
0.000000 0.000000 0.000000
-0.092267 0.287690 -0.312419
-0.306857 0.530178 0.316470
0.230900 0.257925 0.425149
0.293973 -0.575514 -0.247121
0.122095 0.591150 0.643228
0.000000 0.000000 0.000000
0.301769 0.570465 -0.633835
0.288454 0.160153 -0.133720
0.000000 0.000000 0.000000
-0.083752 -0.005459 -0.589980
-0.336624 0.188177 0.177837
0.000000 0.000000 0.000000
-0.351309 0.583835 0.024221
0.000000 0.000000 0.000000
0.000000 0.000000 0.000000
0.000000 0.000000 0.000000
0.288454 0.515166 -0.290928
-0.116977 0.607672 0.503193
0.325663 -0.167943 -0.484828
-0.248121 0.607672 -0.186298
-0.015870 0.200490 -0.560213
-0.082107 0.476573 -0.602618
0.000000 0.000000 0.000000
0.158597 0.607672 -0.601493
-0.248211 0.570465 0.195808
0.235957 -0.143912 0.141763
0.325663 -0.544222 0.012151
-0.282757 0.287690 0.039063
0.000000 0.000000 0.000000
0.000000 0.000000 0.000000
0.163792 0.607672 -0.093551
0.000000 0.000000 0.000000
-0.323710 0.604306 -0.620732
0.039744 0.287690 0.176327
0.000000 0.000000 0.000000
0.000000 0.000000 0.000000
-0.052971 0.570465 -0.053672
0.175630 0.010066 -0.560213
0.198205 0.607672 -0.314345
-0.237304 0.257925 -0.558881
0.197213 -0.575514 -0.082440
0.000000 0.000000 0.000000
0.317111 0.257925 -0.055416
0.033675 -0.283926 -0.560213
0.288454 0.189374 0.167082
0.199293 -0.114146 -0.273801
0.062179 0.607672 0.276795
0.024401 0.287690 -0.385784
0.288454 0.513842 0.300782
-0.053332 -0.143912 0.175874
0.318220 0.013982 -0.267763
0.000000 0.000000 0.000000
0.000000 0.000000 0.000000
0.261034 -0.143912 -0.114939
0.318021 -0.576876 -0.619745
0.179231 0.287690 -0.281287
0.000000 0.000000 0.000000
0.193843 0.570465 -0.457794
-0.336624 0.516276 -0.225921
0.004564 0.570465 0.097845
0.288454 -0.039747 0.046134
0.318220 -0.406206 0.068447
0.055618 0.257925 -0.125862
-0.261245 0.287690 -0.393296
0.325663 0.472282 -0.516827
0.325663 -0.225755 0.291532
0.116063 -0.143912 -0.074849
0.292672 -0.203444 0.101055
-0.171393 0.588539 -0.633453
-0.052348 0.607672 0.325580
-0.173644 0.257925 0.120300
0.000000 0.000000 0.000000
-0.318412 0.333591 -0.619745
-0.024587 0.257925 -0.506776
0.000000 0.000000 0.000000
0.158731 0.257925 -0.397036
-0.280210 0.287690 -0.109358
0.288454 -0.017689 -0.032063
0.077960 0.607672 0.577037
-0.156362 0.186996 -0.589980
0.012881 -0.143912 -0.297062
0.000000 0.000000 0.000000
0.234390 -0.114146 -0.188390
0.000000 0.000000 0.000000
-0.114758 0.607672 0.206711
0.318220 0.070864 0.240812
0.288454 0.060822 0.494364
-0.047806 0.607672 -0.246332
0.325663 -0.134314 0.334286
0.164304 0.570465 0.242797
0.318220 0.305185 0.177290
0.190027 0.482596 -0.601185
0.000000 0.000000 0.000000
0.000000 0.000000 0.000000
0.193136 0.513026 0.630414
-0.049127 0.570465 -0.408486
0.068971 0.257925 0.338059
0.290125 0.510933 -0.403703
0.205912 -0.107604 -0.589980
0.000000 0.000000 0.000000
0.000000 0.000000 0.000000
0.000000 0.000000 0.000000
0.058244 -0.132936 -0.604863
0.000000 0.000000 0.000000
0.288454 -0.306356 -0.310832
0.000000 0.000000 0.000000
0.318220 -0.108431 -0.386720
-0.081952 0.080566 -0.560213
0.325663 0.491441 0.069285
0.000000 0.000000 0.000000
0.310823 0.353858 0.630414
0.000000 0.000000 0.000000
-0.176769 0.607672 -0.463461
0.325663 0.237674 -0.222503
0.192815 0.570465 -0.003086
0.000000 0.000000 0.000000
-0.079478 0.257925 0.040903
0.289154 0.033813 -0.619745
-0.303266 0.607672 -0.052266
-0.059568 0.600068 -0.626464
0.242492 0.287690 0.183382
0.333102 0.574018 0.507886
0.318220 -0.230960 -0.118244
0.000000 0.000000 0.000000
0.226613 0.287690 0.310573
-0.362332 0.253455 -0.311593
0.288454 0.156042 0.386103
0.264727 0.217065 -0.619745
0.179893 0.358617 -0.604863
0.000000 0.000000 0.000000
-0.046358 0.570465 -0.137618
0.089055 -0.055214 -0.589980
0.325663 -0.556412 -0.485287
0.297908 0.510933 -0.150153
0.039206 0.315335 -0.604863
0.234299 0.607672 0.597789
0.288454 -0.314951 -0.527537
-0.166017 0.607672 -0.058701
0.000000 0.000000 0.000000
-0.208930 0.607672 0.144607
0.318220 0.084362 -0.092163
0.140867 0.607672 0.436446
0.230911 -0.114146 0.246610
0.000000 0.000000 0.000000
-0.170549 0.257925 0.233549
0.325663 0.108417 0.281923
0.120191 0.287690 0.065580
0.052454 -0.143912 0.098941
0.318220 0.297805 0.513657
-0.333520 0.510933 -0.465148
0.288454 0.193697 0.001335
0.288454 -0.377740 -0.398831
0.174395 -0.351888 -0.589980
-0.345437 0.597762 0.149591
0.289371 0.607672 0.106623
-0.063608 0.257925 -0.061390
-0.010619 -0.143912 -0.412857
0.288454 -0.056902 0.413017
0.000000 0.000000 0.000000
0.242650 -0.575514 -0.437542
0.318220 0.461238 0.601247
0.314963 0.329330 -0.589980
0.210542 0.570465 -0.534601
0.000000 0.000000 0.000000
-0.077890 0.607671 0.054476
0.206310 -0.260283 -0.560213
0.318220 0.491563 0.165020
0.318220 -0.348876 -0.125036
0.209638 0.287690 -0.486243
0.324329 0.600607 -0.362469
0.318220 -0.648351 -0.537504
0.288454 0.512671 0.393678
0.325663 0.281889 0.364693
0.000000 0.000000 0.000000
0.031180 0.570465 -0.492117
0.288454 -0.485322 -0.210000
0.000000 0.000000 0.000000
0.318220 -0.458530 -0.530895
0.086466 0.059345 -0.604863
0.106442 0.260659 -0.604863
0.000000 0.000000 0.000000
-0.074260 0.293104 -0.604863
0.000000 0.000000 0.000000
-0.336624 0.268741 0.111224
-0.029431 0.257925 0.096122
0.000000 0.000000 0.000000
0.318220 0.076243 -0.497596
-0.080372 0.607672 0.433716
0.325663 -0.136455 0.177198
0.219106 0.086526 -0.560213
-0.202379 0.287690 -0.144127
0.312572 0.606884 -0.126945
0.000000 0.000000 0.000000
0.284060 0.287690 -0.468935
-0.117111 0.257925 0.264446
0.325663 0.248597 0.077638
0.318220 0.401418 0.275605
0.000000 0.000000 0.000000
-0.175568 0.570465 -0.259302
0.288454 -0.325643 0.132884
0.285013 0.607672 0.457998
0.000000 0.000000 0.000000
0.325663 0.336212 -0.304339
0.228275 -0.575514 -0.194488
0.000000 0.000000 0.000000
0.058613 -0.114146 -0.497160
-0.041109 0.257925 -0.242287
-0.336624 0.525905 -0.022533
0.133759 0.607672 -0.499373
0.000000 0.000000 0.000000
0.288454 0.121729 -0.372401
0.325313 0.599724 0.265055
-0.277093 0.193784 -0.594309
0.326408 0.598477 -0.240677
0.325663 -0.040381 -0.482651
0.238772 -0.575514 0.216363
0.288454 -0.213567 -0.007968
0.056322 0.607672 -0.153419
0.202662 0.257925 0.009514
0.318220 0.462178 -0.291092
0.250923 -0.143912 -0.512512
0.082859 0.607672 0.028818
-0.263144 0.287690 0.268091
0.000000 0.000000 0.000000
0.090684 -0.351119 -0.589980
-0.013961 0.607672 0.552252
0.325663 -0.081514 -0.306618
-0.292096 0.607672 0.285812
0.288454 -0.375521 0.221960
0.000000 0.000000 0.000000
-0.296441 0.257925 -0.466644
-0.294716 0.413740 -0.619745
-0.326348 0.502820 -0.589980
0.000000 0.000000 0.000000
0.000000 0.000000 0.000000
0.170966 0.570465 -0.209950
0.318220 -0.579740 -0.356391
0.000000 0.000000 0.000000
0.318220 0.257525 0.587198
0.325663 0.278398 -0.131487
0.000000 0.000000 0.000000
0.000000 0.000000 0.000000
0.001777 -0.203444 -0.566308
0.000000 0.000000 0.000000
0.249300 0.570465 0.188599
0.260770 -0.159554 -0.619745
0.000000 0.000000 0.000000
0.000000 0.000000 0.000000
0.000000 0.000000 0.000000
0.325663 0.207875 -0.522725
0.059966 0.570465 -0.344991
0.318220 -0.624328 -0.203755
0.325663 0.102455 -0.205829
0.000000 0.000000 0.000000
0.000000 0.000000 0.000000
0.000000 0.000000 0.000000
0.325663 0.360594 -0.120175
-0.034455 0.389692 -0.604863
0.325663 -0.335884 -0.479247
0.000000 0.000000 0.000000
-0.071152 0.287690 -0.370760
-0.072104 -0.114146 -0.144817
0.318220 0.132772 0.512617
-0.306857 0.554788 -0.291153
0.155276 -0.114146 0.214402
0.137413 0.257925 -0.028232
0.000000 0.000000 0.000000
0.000000 0.000000 0.000000
0.098826 0.142051 -0.560213
0.228598 0.570465 0.246684
0.250841 0.570465 -0.107982
0.267997 0.287690 -0.190371
-0.071933 -0.143912 0.102423
-0.336624 0.270891 0.217624
0.325663 -0.395273 -0.289534
0.325663 0.034873 -0.170932
-0.347214 0.595287 -0.526294
0.152313 -0.114146 0.136519
0.281929 0.607672 0.341365
0.000000 0.000000 0.000000
0.318220 -0.124523 -0.198350
0.266855 0.166518 -0.560213
0.288454 0.537027 0.554283
-0.195136 0.570465 -0.102508
-0.223086 0.287690 -0.323083
0.318220 0.350511 0.049446
0.000000 0.000000 0.000000
0.318220 -0.447520 -0.009589
0.000000 0.000000 0.000000
0.000000 0.000000 0.000000
0.000000 0.000000 0.000000
0.260877 -0.143912 -0.343357
-0.000842 0.257925 0.297013
0.325663 -0.332090 0.369258
0.040576 -0.143912 -0.181212
0.288454 -0.235134 -0.532893
0.000000 0.000000 0.000000
0.318220 -0.042419 0.324731
0.288454 -0.398043 -0.016311
-0.247452 0.570465 -0.423596
0.000000 0.000000 0.000000
0.000000 0.000000 0.000000
0.318220 -0.263254 0.033550
0.000000 0.000000 0.000000
0.000000 0.000000 0.000000
0.000000 0.000000 0.000000
0.106033 0.287690 -0.181132
-0.123528 0.257925 -0.552922
0.318220 -0.123943 0.110857
0.288454 -0.559809 0.152489
0.325663 -0.279392 -0.180637
-0.228367 0.163689 -0.560213
0.012217 0.607672 -0.278023
0.265028 -0.114146 0.015533
0.000000 0.000000 0.000000
0.000000 0.000000 0.000000
0.212947 0.232615 -0.589980
0.318220 -0.653868 -0.315020
-0.166685 0.449171 -0.604863
0.000000 0.000000 0.000000
0.195383 0.570465 0.411427
0.000000 0.000000 0.000000
0.318220 -0.559527 -0.112529
0.288454 0.044419 0.145499
0.000000 0.000000 0.000000
0.318220 0.019553 0.020203
0.288454 -0.526531 -0.290996
-0.265357 0.570465 0.088330
0.000000 0.000000 0.000000
0.262166 0.607671 -0.418007
0.076435 -0.143912 0.014540
-0.168483 0.287690 -0.236036
0.235280 0.287690 0.502394
0.091682 0.570465 0.380686
0.318220 0.328076 0.444351
-0.149130 0.257925 -0.380707
0.000000 0.000000 0.000000
-0.009649 0.570465 0.026828
0.318220 -0.608633 -0.025314
-0.101848 0.607671 0.143766
0.119087 0.287690 -0.337347
0.286452 0.607672 -0.311994
0.003643 0.475924 -0.602772
0.000000 0.000000 0.000000
0.063799 0.013774 -0.560213
0.000000 0.000000 0.000000
-0.004402 0.607671 -0.560831
0.000000 0.000000 0.000000
0.177388 0.287690 0.158146
0.275719 0.607671 -0.574841
-0.336624 0.253906 -0.145775
0.288821 -0.535010 -0.560213
0.272615 -0.477610 -0.619745
-0.005983 0.570465 0.365896
-0.343035 0.570465 0.239548
0.000000 0.000000 0.000000
0.000000 0.000000 0.000000
0.000000 0.000000 0.000000
0.288454 0.135217 0.205432
0.288454 -0.284228 0.354898
-0.266254 0.607672 0.012052
0.084331 0.226271 -0.560213
0.098015 -0.143912 -0.447894
-0.214284 0.287690 -0.444033
0.235420 0.318539 0.600649
0.135439 -0.169879 -0.604863
0.253807 0.570465 0.067508
0.000000 0.000000 0.000000
-0.139628 0.607671 -0.557770
0.000000 0.000000 0.000000
0.288454 0.520120 -0.067418
0.318220 0.206122 -0.346050
-0.222130 0.257925 0.021991
0.000000 0.000000 0.000000
0.000000 0.000000 0.000000
0.070054 0.257925 0.061879
0.318220 0.293665 0.278159
0.291375 -0.004727 -0.560213
0.000000 0.000000 0.000000
0.325663 0.448594 -0.182867
0.318220 -0.074208 -0.090516
0.161911 0.287690 0.369898
-0.015276 0.570465 0.264821
0.325663 -0.307540 -0.616690
0.306079 -0.143912 0.270809
0.325663 0.386799 -0.490899
0.006470 0.257925 -0.306211
0.000000 0.000000 0.000000
0.089598 0.570465 0.504412
0.318220 0.548467 -0.481544
0.000000 0.000000 0.000000
0.318220 -0.627064 0.073168
-0.069660 0.151334 -0.604863
0.000000 0.000000 0.000000
0.000000 0.000000 0.000000
-0.029188 -0.061701 -0.589980
0.000000 0.000000 0.000000
-0.220345 0.287690 -0.514811
0.000000 0.000000 0.000000
0.318220 -0.116821 -0.566737
0.206211 -0.444741 -0.589980
-0.313173 0.287690 -0.246196
0.245866 0.257925 -0.058894
0.288454 0.222110 0.329544
0.318220 -0.498126 0.079353
0.000000 0.000000 0.000000
0.288454 -0.288567 -0.249187
0.310748 0.258436 -0.619745
0.318220 0.416647 0.555837
0.147425 0.607672 0.048350
0.299537 0.510933 0.484745
0.002402 0.607672 -0.113672
0.325663 0.070658 -0.325521
0.318220 -0.395006 0.157063
0.325663 -0.230568 0.166012
-0.055328 0.570465 0.498913
-0.100396 0.570465 -0.275858
-0.293092 0.257925 -0.039292
0.288454 -0.411906 -0.484663
0.000000 0.000000 0.000000
-0.298253 0.570465 -0.170238
0.318220 -0.473225 0.233029
0.306512 0.500083 -0.589980
-0.033771 -0.114146 -0.220580
0.288454 0.057652 -0.445289
-0.019188 0.287690 -0.120745
0.000000 0.000000 0.000000
-0.144790 0.287690 0.355540
0.288454 -0.513593 -0.496890
0.166993 0.257925 -0.185387
0.288454 -0.335499 0.045697
0.000000 0.000000 0.000000
0.000000 0.000000 0.000000
0.000000 0.000000 0.000000
0.318220 -0.344308 0.299975
0.113615 0.287690 -0.466933
0.298674 -0.203444 0.365491
0.318220 -0.067873 -0.208444
0.288454 0.198355 0.541396
0.325663 0.153715 -0.068122
0.000000 0.000000 0.000000
0.325663 0.535753 0.126204
-0.029373 0.570465 -0.319304
0.205669 0.287690 0.234425
0.048176 -0.203444 -0.573375
-0.178862 0.570465 0.247629
0.000000 0.000000 0.000000
0.258173 -0.302928 -0.589980
0.318220 -0.530321 -0.180671
0.147700 0.570465 0.526828
0.000000 0.000000 0.000000
-0.366389 0.244584 0.010729
0.000000 0.000000 0.000000
0.300139 0.257925 -0.297834
-0.126605 0.570465 -0.093254
0.174161 0.570465 -0.379005
-0.134921 0.257925 -0.143047
0.206921 0.607671 0.362119
0.325663 -0.143159 0.049549
0.325663 -0.253396 -0.340391
0.244518 0.607671 -0.021625
0.325663 0.202133 -0.107816
-0.255819 0.570465 -0.620711
0.000000 0.000000 0.000000
-0.115541 0.607672 -0.429346
0.288454 -0.044578 -0.356047
0.325663 0.558541 0.326305
0.000000 0.000000 0.000000
0.229861 -0.018920 -0.589980
-0.175888 0.570465 0.412195
0.288454 0.065720 -0.032195
-0.183649 0.570465 0.087856
0.325663 0.529892 -0.213837
0.202183 0.188591 -0.560213
0.000000 0.000000 0.000000
0.000000 0.000000 0.000000
-0.350408 0.588313 -0.243640
0.023117 0.253093 -0.604863
0.288454 0.541796 0.240474
0.000000 0.000000 0.000000
0.325663 0.445328 -0.428615
0.000000 0.000000 0.000000
0.274204 0.287690 -0.250647
0.071969 0.287690 0.275689
0.318220 0.165345 0.105398
-0.238683 0.607672 0.254360
0.057515 0.607672 0.155036
0.021685 0.287690 -0.458510
0.000000 0.000000 0.000000
0.000000 0.000000 0.000000
0.183012 0.607672 0.183404
0.000000 0.000000 0.000000
0.325663 -0.369930 -0.545005
0.204280 0.287690 -0.365951
0.294702 0.257925 0.140512
0.000000 0.000000 0.000000
0.325663 -0.454166 -0.608353
0.034932 0.257925 0.405359
0.092639 0.570465 -0.567355
0.000000 0.000000 0.000000
0.318220 0.275291 -0.371870
-0.264378 0.607672 -0.119640
0.325663 0.240473 0.226966
0.000000 0.000000 0.000000
0.000000 0.000000 0.000000
0.325663 0.291169 0.011457
0.266792 0.257925 0.034218
-0.288698 0.607672 0.142541
-0.331888 0.570465 0.082047
0.318220 0.004158 0.094976
0.318220 0.519589 -0.349032
0.288454 -0.034442 0.233311
-0.136301 0.257925 -0.276757
0.000000 0.000000 0.000000
0.074980 0.485880 -0.589980
-0.112739 0.287690 0.323546
0.139815 -0.045312 -0.560213
-0.291361 0.257925 -0.284883
0.000000 0.000000 0.000000
0.000000 0.000000 0.000000
-0.141439 0.287690 0.041057
0.318220 0.190623 -0.275250
0.000135 0.607672 -0.037788
-0.087929 0.257925 -0.461124
0.272565 0.108565 -0.619745
-0.024869 -0.147718 -0.604863
0.318220 -0.435740 -0.244671
0.325663 0.312974 -0.450726
0.067499 0.607671 -0.443942
0.000000 0.000000 0.000000
0.325663 -0.197081 -0.185270
0.000000 0.000000 0.000000
0.000000 0.000000 0.000000
-0.106454 0.570465 0.297539
0.154770 0.607671 -0.245344
0.218511 -0.187340 -0.560213
0.288454 -0.213248 -0.288049
-0.291686 0.287690 -0.536432
0.000000 0.000000 0.000000
0.161525 0.226549 -0.604863
0.178243 0.287690 0.072978
0.325663 0.456832 0.320807
-0.143866 0.607672 -0.226543
0.288454 0.064628 0.289106
-0.255458 0.607672 -0.573675
0.031767 -0.143912 0.249347
0.301338 -0.605279 0.192385
0.325663 0.169231 0.056143
-0.328489 0.287690 -0.363712
0.000000 0.000000 0.000000
0.000000 0.000000 0.000000
0.000000 0.000000 0.000000
-0.032990 0.257925 -0.014087
0.325663 -0.252881 0.125626
0.179293 0.570465 0.594247
0.109402 0.372053 -0.589980
0.000000 0.000000 0.000000
0.000000 0.000000 0.000000
0.318220 0.432366 -0.591427
0.318220 0.169456 0.320032
0.000000 0.000000 0.000000
-0.249249 0.570465 0.359120
0.325663 -0.002092 0.433757
0.325663 -0.422699 -0.120545
0.318220 -0.530950 -0.425620
0.061026 0.257925 -0.220362
0.318220 0.107561 0.445111
0.132952 -0.114146 -0.301730
0.325663 -0.102174 -0.514447
0.219475 0.298015 -0.589980
0.253528 0.257925 -0.437921
0.000000 0.000000 0.000000
0.258689 0.525065 -0.614197
0.000000 0.000000 0.000000
0.000000 0.000000 0.000000
-0.005727 -0.114146 0.107739
0.318220 0.148561 -0.475631
0.129685 0.257925 -0.510727
0.139506 0.570465 -0.316890
0.000000 0.000000 0.000000
0.318220 -0.076121 -0.007093
-0.339042 0.603433 0.317245
0.000000 0.000000 0.000000
0.007248 0.570465 -0.167405
0.288454 -0.095427 -0.250180
0.318220 0.541135 0.019541
0.000000 0.000000 0.000000
0.102179 -0.143912 -0.556422
0.100274 0.287690 0.141948
