-0.352695 0.279173 -0.178574
0.379503 0.343484 -0.297652
0.249088 0.176629 -0.717525
-0.285432 -0.319921 -0.402899
0.000000 0.000000 0.000000
0.278433 -0.322363 -0.426546
0.000000 0.000000 0.000000
-0.342616 0.307118 -0.777750
-0.065550 -0.242647 -0.042790
0.007439 -0.335509 -0.695119
0.299525 -0.020715 0.019835
-0.289974 -0.006996 -0.571957
-0.305947 0.014050 0.195382
0.000000 0.000000 0.000000
-0.009991 0.313555 -0.949518
-0.024164 -0.209111 -0.422590
0.000000 0.000000 0.000000
0.263047 -0.128076 -0.519860
-0.301839 -0.087943 -0.159440
0.368699 0.336024 0.054172
0.000000 0.000000 0.000000
-0.029486 -0.021749 -0.734880
0.428102 0.308157 -0.619050
-0.381111 0.344063 -0.488482
0.307983 0.027250 -0.266995
0.179683 -0.210269 -0.270450
-0.245732 -0.255366 -0.451043
0.245860 -0.334165 -0.557189
0.342092 0.141992 0.214843
-0.027553 0.167608 -0.814205
0.000000 0.000000 0.000000
0.260297 0.325226 -0.866982
-0.441990 0.306752 0.051477
-0.194084 -0.344592 -0.627960
-0.315688 0.178391 0.034360
0.331865 0.162687 -0.476341
-0.294579 0.189346 -0.668815
-0.336203 0.106948 -0.360881
-0.155268 -0.359154 -0.655557
0.288048 -0.132114 -0.472998
-0.293145 -0.137249 0.043052
0.000000 0.000000 0.000000
0.178881 -0.039874 -0.671312
0.351298 0.194206 -0.110838
-0.136648 -0.232960 -0.248469
-0.277560 -0.141893 -0.506032
-0.147379 0.279043 -0.823823
0.452373 0.325775 -0.086029
0.295586 -0.121744 -0.117529
-0.245496 -0.359886 -0.249517
0.097672 -0.220397 -0.070185
0.000000 0.000000 0.000000
0.000000 0.000000 0.000000
-0.093789 -0.203781 -0.529401
0.000000 0.000000 0.000000
0.000000 0.000000 0.000000
-0.453898 0.322670 -0.291987
0.112268 -0.222875 -0.624869
-0.243031 -0.310913 -0.304286
0.441698 0.311930 0.202040
-0.274201 -0.181386 -0.126230
0.022509 -0.215431 -0.285059
0.128217 0.262457 -0.825687
-0.307786 0.088060 -0.116011
0.231856 -0.012987 -0.654342
0.119797 -0.214218 -0.540889
0.000000 0.000000 0.000000
-0.293378 -0.057230 -0.348318
0.000000 0.000000 0.000000
0.358153 0.233082 0.204603
-0.355544 0.333052 -0.591611
-0.143212 -0.121129 -0.663989
0.000000 0.000000 0.000000
0.000000 0.000000 0.000000
0.167534 -0.222042 -0.342010
0.280598 0.232862 -0.708183
-0.178773 0.053563 -0.725082
0.365993 0.333157 -0.468376
0.000000 0.000000 0.000000
0.287696 -0.087798 -0.344046
-0.362496 0.256061 -0.346142
0.044056 -0.163255 -0.673327
0.100856 0.071175 -0.766212
-0.357488 0.227660 -0.472110
-0.275171 -0.144393 -0.315566
0.338376 0.199614 -0.217175
-0.217799 0.323061 -0.893590
0.306278 0.017584 -0.456557
0.100089 -0.330804 -0.619496
-0.329113 0.322079 -0.008265
-0.300448 0.004183 0.026946
0.325315 0.125547 -0.004564
0.000000 0.000000 0.000000
0.322158 0.028942 0.313054
0.363246 0.292269 -0.563217
0.147319 -0.333823 -0.654051
-0.202189 -0.317875 -0.534621
0.325415 0.047418 -0.130239
-0.455655 0.310013 -0.138892
0.357550 0.229663 -0.374478
0.310736 0.042864 0.116453
0.222394 -0.295648 -0.469009
0.342105 0.346422 -0.739671
0.000000 0.000000 0.000000
-0.191057 -0.222228 -0.397996
0.000000 0.000000 0.000000
-0.340222 0.129744 -0.224325
-0.315314 0.124651 -0.549420
-0.080056 -0.248866 -0.630048
0.000000 0.000000 0.000000
0.285837 -0.098347 -0.200622
0.303812 0.096408 -0.602599
0.450978 0.328966 -0.380675
-0.316937 0.035870 0.093554
0.000000 0.000000 0.000000
0.000000 0.000000 0.000000
-0.187767 -0.236859 -0.120241
0.040097 0.345985 -0.879750
-0.308129 0.026430 -0.257833
-0.452844 0.325335 -0.088241
-0.302748 0.299884 -0.711934
0.000000 0.000000 0.000000
0.346079 0.164611 0.096840
-0.307440 -0.047901 -0.468832
0.251704 -0.234667 -0.146967
0.358443 0.313417 -0.154317
-0.046153 -0.222676 -0.170278
0.441407 0.314841 0.314798
0.000000 0.000000 0.000000
0.390865 0.346180 0.009205
0.026819 -0.223739 -0.077940
-0.333192 0.221637 -0.066525
0.151146 0.321493 -0.921891
-0.161203 0.170056 -0.762214
0.000000 0.000000 0.000000
0.290134 -0.073973 0.167103
0.071245 -0.100817 -0.699784
-0.342892 0.145529 0.146270
0.234295 -0.272608 -0.332372
0.323546 0.115513 -0.362132
0.000000 0.000000 0.000000
0.443170 0.306565 -0.210422
0.182522 -0.214650 -0.005556
0.019574 -0.199930 -0.584146
0.000000 0.000000 0.000000
0.000000 0.000000 0.000000
0.000000 0.000000 0.000000
-0.259407 -0.253928 -0.205926
0.000000 0.000000 0.000000
0.000000 0.000000 0.000000
-0.238799 -0.309414 -0.376540
0.312736 0.178463 -0.598676
-0.310484 0.039784 -0.452041
0.167379 -0.215255 -0.151629
-0.209440 -0.039416 -0.647595
0.045988 -0.222813 -0.400966
-0.203135 -0.173834 -0.598606
0.363937 0.265885 -0.024566
-0.075711 0.241382 -0.818675
0.094165 -0.216645 -0.203689
0.219916 0.308731 -0.777546
0.184210 0.081356 -0.731955
-0.232350 -0.240014 -0.498580
0.196843 -0.130174 -0.619249
-0.302992 -0.081400 -0.041259
-0.020776 -0.201775 -0.557443
-0.105192 -0.019326 -0.732682
0.197294 -0.214035 -0.450997
-0.279351 -0.360327 -0.498926
0.372110 0.312232 0.140072
0.314780 0.065796 -0.037098
-0.332773 0.166189 -0.355950
0.000000 0.000000 0.000000
0.348454 0.313686 -0.794323
-0.046153 -0.214620 -0.324679
-0.424744 0.313703 -0.665952
-0.109672 0.332757 -0.895294
0.253178 -0.361895 -0.344130
-0.441990 0.307035 -0.399805
0.000000 0.000000 0.000000
0.000000 0.000000 0.000000
0.000000 0.000000 0.000000
0.000000 0.000000 0.000000
0.000000 0.000000 0.000000
0.455362 0.312264 -0.513789
0.296334 -0.038812 -0.308196
0.157036 0.177385 -0.767160
0.290057 -0.019695 -0.563423
0.255450 -0.361894 -0.502696
0.031192 0.222632 -0.832973
0.365606 0.275348 0.306227
0.000000 0.000000 0.000000
0.001006 0.076002 -0.769201
-0.239587 0.252620 -0.739450
-0.255306 0.065923 -0.642096
-0.058435 -0.173885 -0.679661
0.167576 -0.278736 -0.571704
0.000000 0.000000 0.000000
0.292903 -0.058268 -0.100361
-0.368997 0.292929 -0.425118
0.000000 0.000000 0.000000
0.000000 0.000000 0.000000
-0.298925 -0.104465 -0.010599
0.253636 -0.175320 -0.226453
0.063961 -0.004098 -0.749712
0.000000 0.000000 0.000000
-0.114347 -0.207049 -0.470773
-0.247502 0.343154 -0.783978
0.000000 0.000000 0.000000
0.000000 0.000000 0.000000
-0.378571 0.326401 -0.250433
-0.221834 -0.217996 -0.304866
0.278551 -0.132534 -0.022309
0.343369 0.227930 -0.290892
0.317398 0.001949 0.219069
0.455363 0.311125 0.106125
-0.291520 0.133745 -0.619679
0.344445 0.235948 -0.498308
0.000000 0.000000 0.000000
-0.034484 -0.315075 -0.640775
-0.327550 0.136571 -0.462081
-0.314207 0.004668 -0.101701
0.245594 -0.179004 -0.376364
-0.083137 0.077695 -0.760219
-0.260058 -0.201328 -0.033779
-0.304140 -0.346940 -0.199717
-0.333896 0.172559 -0.164979
-0.288149 -0.146111 -0.412219
0.366423 0.279981 -0.203010
-0.389201 0.346422 -0.110252
-0.323430 0.110047 -0.019973
-0.238797 0.149279 -0.697810
0.064303 -0.259163 -0.634511
-0.239034 -0.220806 0.026359
0.338792 0.330355 -0.637079
0.000000 0.000000 0.000000
-0.297329 -0.031467 0.104656
-0.329974 0.241569 -0.595857
-0.331389 0.187625 -0.539913
0.349587 0.184506 0.273909
0.000000 0.000000 0.000000
-0.251275 -0.278462 -0.121168
0.251460 0.087165 -0.676584
-0.363950 0.264311 -0.257977
0.230332 -0.071792 -0.630407
-0.056910 -0.356645 -0.692034
0.362299 0.256594 0.100429
-0.125710 -0.183584 -0.644790
0.254266 -0.270311 -0.235319
0.000000 0.000000 0.000000
-0.306942 0.019696 -0.353575
0.000000 0.000000 0.000000
-0.290320 -0.074576 0.186478
0.039585 -0.219112 -0.192675
-0.337203 0.191312 -0.408032
-0.441838 0.313421 -0.508016
0.299328 -0.100527 -0.393749
-0.289615 -0.078571 -0.263232
0.007384 -0.104800 -0.706513
0.000000 0.000000 0.000000
-0.335586 0.249016 0.024804
0.000000 0.000000 0.000000
-0.319958 0.014815 -0.180836
0.314520 0.064322 0.057716
0.074682 -0.226061 -0.321704
0.127718 -0.139130 -0.679239
-0.386149 0.345595 -0.339155
-0.045187 0.301550 -0.845671
-0.239677 -0.236449 -0.364030
-0.275255 -0.176805 -0.198938
0.345183 0.205844 -0.558344
-0.208551 -0.212243 -0.227023
0.236671 -0.188409 -0.511841
0.187669 -0.193064 -0.578534
0.363414 0.329002 -0.074816
0.327078 0.135540 -0.270310
-0.233200 -0.093302 -0.596524
0.000000 0.000000 0.000000
0.358463 0.313531 0.226878
0.083027 0.145116 -0.797986
-0.292557 -0.361894 -0.346629
-0.340007 0.299534 -0.091113
-0.294684 -0.128519 -0.120497
0.310901 -0.034893 -0.167037
-0.416000 0.332757 -0.013174
0.328757 0.082015 -0.506503
0.000000 0.000000 0.000000
0.000000 0.000000 0.000000
-0.177824 -0.247407 -0.584546
0.324262 0.119575 0.313645
0.338626 0.122340 -0.161669
0.299063 -0.102033 0.078247
0.324416 0.041755 -0.324241
0.000000 0.000000 0.000000
-0.144445 -0.325701 -0.597574
0.000000 0.000000 0.000000
-0.288967 -0.082247 0.043156
-0.199211 -0.216619 -0.470839
0.000000 0.000000 0.000000
0.330205 0.252009 -0.638036
0.000000 0.000000 0.000000
0.148618 0.340806 -0.839299
0.310910 0.043849 -0.221979
-0.108864 -0.213729 -0.348626
0.332065 0.085129 -0.422133
0.000000 0.000000 0.000000
0.209270 -0.354555 -0.607189
0.000000 0.000000 0.000000
0.086751 -0.204127 -0.482900
0.000000 0.000000 0.000000
0.337906 0.196951 -0.404119
0.000000 0.000000 0.000000
0.000000 0.000000 0.000000
0.000000 0.000000 0.000000
0.276551 0.307828 -0.725642
-0.291455 -0.317791 -0.278874
0.202832 -0.210857 -0.076229
-0.091137 -0.099105 -0.694208
0.000000 0.000000 0.000000
0.000000 0.000000 0.000000
-0.081994 -0.220390 -0.224457
-0.244483 -0.349520 -0.572326
-0.377417 0.345808 -0.702890
-0.286328 -0.097211 0.127160
-0.292906 -0.304345 -0.091405
0.315979 0.072600 0.230065
0.086287 0.306565 -0.932956
0.285205 -0.321818 -0.301528
0.000000 0.000000 0.000000
-0.329558 0.299118 -0.634776
-0.439241 0.333978 -0.586886
-0.324741 0.125053 0.088945
0.230824 -0.311278 -0.401167
0.023670 -0.349957 -0.641225
-0.319373 0.052906 -0.524635
0.299888 -0.018654 0.119249
-0.356440 0.300412 -0.306911
0.274478 -0.173484 -0.143641
0.368118 0.289598 -0.329940
0.354687 0.213426 0.036013
0.117862 -0.207398 -0.402413
-0.325855 0.048257 0.165595
-0.145421 0.102568 -0.745891
0.313011 -0.022932 -0.400615
0.000000 0.000000 0.000000
-0.292578 0.306565 -0.840530
0.000000 0.000000 0.000000
0.000000 0.000000 0.000000
0.280061 -0.160158 -0.290606
0.000000 0.000000 0.000000
0.355444 0.296413 -0.424178
0.000000 0.000000 0.000000
-0.113505 -0.290477 -0.649113
-0.147102 -0.243026 -0.061477
-0.079377 -0.211777 -0.603202
-0.133168 0.209501 -0.804636
-0.362069 0.272307 -0.548942
-0.008530 -0.237174 -0.127366
-0.111791 -0.226082 -0.123673
0.298448 0.054005 -0.551692
0.337921 0.118343 0.140566
-0.090321 -0.225034 -0.390832
0.000000 0.000000 0.000000
-0.011796 -0.210312 -0.651215
-0.029830 -0.218062 -0.254805
-0.333682 0.227243 -0.120693
0.206719 -0.206925 -0.201687
-0.089840 0.140049 -0.780316
0.290166 -0.073789 -0.021190
0.000000 0.000000 0.000000
0.095361 -0.227414 -0.274306
0.200837 0.346422 -0.850871
0.284789 -0.104283 -0.266367
-0.260468 -0.178891 0.096959
0.437744 0.324037 -0.301444
0.116705 -0.032931 -0.709540
0.004929 0.283964 -0.855303
0.288810 0.166854 -0.665670
0.350951 0.270932 -0.098307
-0.351968 0.196358 -0.293168
0.248767 -0.183227 -0.015022
0.007553 0.137431 -0.790591
0.000000 0.000000 0.000000
-0.159378 -0.236446 -0.180473
-0.307136 0.080631 0.039535
0.000000 0.000000 0.000000
0.307021 -0.056901 0.211632
0.402174 0.331218 -0.706691
0.243163 -0.204505 -0.306508
0.000000 0.000000 0.000000
0.445907 0.306565 0.049245
0.000000 0.000000 0.000000
0.204487 0.034516 -0.698922
0.306110 -0.043833 -0.488465
0.000000 0.000000 0.000000
-0.261621 -0.293726 -0.475414
-0.126351 -0.234352 -0.022928
0.154864 -0.332519 -0.584075
0.000000 0.000000 0.000000
0.221325 -0.244943 -0.511060
0.000000 0.000000 0.000000
0.236415 -0.312004 -0.270753
0.000000 0.000000 0.000000
0.439037 0.341249 -0.445729
-0.334910 0.099611 -0.290521
-0.392756 0.346422 0.046240
0.455255 0.313210 -0.158431
-0.065075 -0.205884 -0.488585
0.347530 0.172838 -0.047063
0.334347 0.176770 0.022757
0.000000 0.000000 0.000000
-0.161198 -0.215178 -0.321238
-0.164484 -0.039200 -0.698759
0.171819 -0.107934 -0.667112
0.185110 0.230666 -0.787722
-0.209664 0.290149 -0.795588
0.240817 -0.239922 -0.407416
0.234615 -0.321411 -0.323092
0.411740 0.332757 -0.561153
0.227688 -0.361524 -0.438742
0.144633 0.022435 -0.731693
-0.163181 -0.200866 -0.539183
-0.308862 -0.048115 -0.006029
-0.244391 -0.213304 -0.427321
-0.309400 -0.045060 -0.222334
-0.139443 -0.209675 -0.422811
0.069795 0.283875 -0.849307
0.363290 0.262216 0.044637
0.280052 0.332757 -0.779888
-0.033286 0.332757 -0.892475
-0.295851 -0.105593 -0.473212
0.000000 0.000000 0.000000
0.304127 0.005388 -0.054879
0.235404 0.233713 -0.754171
0.419581 0.346422 0.259098
0.304933 -0.067380 -0.445960
0.441567 0.313424 -0.010511
0.187020 -0.356406 -0.547934
0.000000 0.000000 0.000000
0.326035 0.129629 -0.107940
0.000000 0.000000 0.000000
-0.317189 0.237268 -0.656965
0.378365 0.332757 -0.660717
0.000000 0.000000 0.000000
0.000000 0.000000 0.000000
0.000000 0.000000 0.000000
-0.311049 0.346349 -0.738868
0.000000 0.000000 0.000000
-0.441990 0.307967 -0.232288
0.000000 0.000000 0.000000
0.335768 0.184823 0.163267
-0.327203 0.153188 -0.075190
-0.296173 0.047063 -0.591154
0.335132 0.138791 -0.538404
-0.040162 -0.240391 -0.077813
-0.049376 -0.109700 -0.715029
0.010712 -0.280312 -0.665129
0.000000 0.000000 0.000000
0.090973 -0.361894 -0.657974
0.000000 0.000000 0.000000
0.313216 0.056929 -0.384124
0.280511 -0.318436 -0.361211
0.000000 0.000000 0.000000
0.350252 0.266969 -0.152022
0.277165 0.039499 -0.593609
-0.272721 -0.158221 -0.060655
-0.287067 -0.153184 -0.259322
0.299512 -0.020789 0.075087
0.347879 0.174815 -0.339906
-0.208512 0.030320 -0.675968
0.355384 0.296068 -0.267159
-0.201825 0.113647 -0.714468
0.242474 -0.145866 -0.576373
-0.430526 0.345181 -0.437812
0.000000 0.000000 0.000000
0.084115 0.211093 -0.806690
0.000000 0.000000 0.000000
0.386564 0.345678 -0.404719
-0.302108 -0.040342 -0.509881
0.379548 0.343500 -0.206286
-0.314058 0.002967 -0.037416
-0.082997 0.324833 -0.939267
0.320896 0.021790 -0.000825
0.245185 -0.361894 -0.282118
0.053104 -0.221002 -0.133168
0.112754 -0.218403 -0.128390
-0.324180 0.117452 -0.420232
0.000000 0.000000 0.000000
-0.241933 0.199171 -0.716007
-0.251061 -0.144256 -0.565569
0.000000 0.000000 0.000000
-0.315222 -0.012042 -0.399195
0.006485 -0.205852 -0.476425
0.346769 0.247219 0.255642
-0.351531 0.193874 -0.222169
0.020569 -0.212095 -0.352284
-0.408044 0.332757 -0.169997
-0.202752 -0.222538 -0.060111
-0.441304 0.339810 -0.345284
-0.336686 0.261579 -0.039426
0.391706 0.346279 0.190287
-0.277767 -0.361895 -0.434141
0.000000 0.000000 0.000000
0.239522 -0.305495 -0.180438
0.000000 0.000000 0.000000
0.332448 0.087303 -0.260511
0.340417 0.211191 0.123155
-0.120058 0.042135 -0.734746
-0.207860 0.235170 -0.775981
-0.369097 0.293494 -0.489598
0.039668 -0.059564 -0.733904
0.061690 -0.222372 -0.028668
0.000000 0.000000 0.000000
0.331776 0.083491 0.290375
0.000000 0.000000 0.000000
-0.219176 -0.225455 -0.165520
-0.244760 0.332757 -0.837892
0.296059 -0.040370 -0.222968
0.000000 0.000000 0.000000
0.000000 0.000000 0.000000
-0.379950 0.332757 -0.050684
-0.318212 0.083605 -0.191507
-0.251159 -0.177609 -0.375035
0.134239 0.116808 -0.771409
-0.183469 0.346422 -0.861115
-0.312368 0.009911 -0.513674
0.353123 0.283250 0.182421
0.418653 0.332757 -0.047597
-0.319379 0.092475 0.142412
0.306332 0.017889 0.176821
0.050933 -0.216685 -0.517552
0.000000 0.000000 0.000000
-0.246279 0.007498 -0.626744
0.244570 -0.192708 -0.454299
0.055605 0.078019 -0.765482
0.248975 -0.201328 -0.100592
0.000000 0.000000 0.000000
0.151442 -0.160412 -0.632870
-0.297032 -0.115200 -0.211723
-0.328994 0.338297 -0.675186
0.396404 0.346422 -0.127845
-0.305769 0.065011 -0.067342
0.058701 -0.230383 -0.234020
-0.330505 0.138588 -0.130586
0.101531 0.346422 -0.874152
-0.315183 0.172613 -0.020973
-0.237489 -0.247815 -0.395210
-0.326929 0.171688 -0.595720
-0.247005 -0.321351 -0.216018
0.137616 -0.227592 -0.233085
0.027604 0.030977 -0.767000
0.296443 -0.038190 0.276727
0.280421 -0.155861 -0.417546
0.000000 0.000000 0.000000
0.289094 -0.143730 -0.201047
0.255402 -0.175821 0.041147
0.000000 0.000000 0.000000
0.000000 0.000000 0.000000
0.075096 -0.301351 -0.668745
-0.145128 -0.189066 -0.596500
-0.149020 0.318221 -0.923239
-0.132132 -0.257159 -0.605235
-0.066102 0.023130 -0.744302
-0.125677 -0.069197 -0.707689
0.351963 0.197976 0.315064
-0.237308 -0.175414 -0.503491
0.276138 -0.080607 -0.518435
-0.143553 0.008459 -0.726766
0.046858 0.342828 -0.927167
0.182549 -0.198978 -0.500816
0.000000 0.000000 0.000000
-0.006624 -0.177847 -0.680691
-0.393868 0.346422 -0.623123
0.249594 -0.234171 -0.197018
-0.260249 -0.237681 -0.159155
0.211668 0.318969 -0.898306
0.000000 0.000000 0.000000
-0.293922 -0.054143 -0.117442
0.288624 -0.082535 -0.151412
0.000000 0.000000 0.000000
-0.245351 -0.179273 -0.452798
0.242350 0.346422 -0.806863
-0.301565 -0.010798 -0.305120
-0.040971 0.109752 -0.793309
-0.291485 -0.067964 -0.421953
-0.033223 0.218252 -0.831661
0.184186 0.285178 -0.808791
0.000000 0.000000 0.000000
-0.211497 -0.123716 -0.629277
0.175538 -0.219755 -0.390088
-0.329427 0.147210 -0.271098
0.288018 -0.148404 -0.066853
-0.231189 -0.206839 -0.093393
0.000000 0.000000 0.000000
-0.019492 0.024428 -0.750980
-0.176758 0.330651 -0.814954
0.000000 0.000000 0.000000
0.000000 0.000000 0.000000
0.000000 0.000000 0.000000
-0.345245 0.236916 -0.384482
0.186396 -0.237405 -0.548696
0.062709 -0.201328 -0.637095
0.324134 0.118851 -0.064204
0.316439 -0.003487 -0.354481
-0.259731 -0.361895 -0.302254
-0.313637 0.057668 -0.312506
0.000000 0.000000 0.000000
0.405618 0.332757 -0.514111
-0.314890 -0.013925 0.153172
-0.284706 -0.106412 -0.384859
-0.099311 -0.231378 -0.275772
0.126303 -0.083820 -0.686328
0.000000 0.000000 0.000000
0.000000 0.000000 0.000000
-0.312455 -0.027731 -0.156929
0.149292 -0.231148 -0.077099
0.000000 0.000000 0.000000
-0.196019 -0.297041 -0.598848
0.276489 -0.135929 -0.359893
0.245600 -0.217723 -0.258115
0.233283 0.117969 -0.708710
-0.258184 -0.045542 -0.581896
0.042594 -0.207105 -0.441703
0.311328 0.334230 -0.694939
-0.330473 0.165039 -0.500360
-0.446349 0.306565 -0.037488
0.000000 0.000000 0.000000
0.152401 -0.241398 -0.600051
0.344439 0.234001 -0.434546
0.325643 0.127407 0.261249
0.341592 0.139159 -0.432616
0.279405 0.077586 -0.635815
-0.333068 0.220229 -0.012017
-0.376237 0.323562 -0.386962
0.356660 0.303306 0.013012
-0.187952 -0.213612 -0.514633
-0.103139 -0.145165 -0.686448
-0.389125 0.314142 -0.737170
-0.344953 0.235266 -0.216585
0.409282 0.332757 -0.345042
0.000000 0.000000 0.000000
0.353644 0.207512 -0.018874
0.261439 -0.045526 -0.602160
0.301688 0.310642 -0.840209
0.000000 0.000000 0.000000
0.322172 0.107719 -0.303261
-0.319459 0.064687 -0.014680
0.293053 0.002797 -0.526223
-0.100830 -0.361894 -0.656929
0.000000 0.000000 0.000000
-0.076125 -0.059937 -0.727678
0.337532 0.222164 -0.602607
0.268731 0.128187 -0.651511
0.000000 0.000000 0.000000
-0.261849 -0.179261 0.019585
-0.245353 -0.265498 -0.252691
0.313318 0.259624 -0.674524
0.342710 0.145499 -0.224945
-0.297288 -0.113749 -0.071988
0.299124 -0.101684 -0.064590
-0.366237 0.333106 -0.167001
0.182916 0.132225 -0.735637
-0.262188 -0.234857 -0.110638
-0.182205 -0.230153 -0.268875
-0.262140 0.310045 -0.742062
0.000000 0.000000 0.000000
0.343574 0.229093 -0.074277
0.000000 0.000000 0.000000
0.000000 0.000000 0.000000
0.027283 -0.227202 -0.651039
0.310003 0.038707 0.267339
-0.324431 0.040187 -0.395429
-0.255829 -0.259411 -0.299226
0.419864 0.346422 0.054554
0.335910 0.185632 -0.268469
-0.266016 0.116781 -0.673374
0.000000 0.000000 0.000000
-0.338547 0.337354 0.036483
0.448695 0.307608 -0.565156
-0.280539 -0.169586 0.143255
0.000000 0.000000 0.000000
0.212320 0.188551 -0.753339
-0.264185 -0.187322 -0.289220
-0.223369 0.087603 -0.686942
0.000000 0.000000 0.000000
-0.004750 -0.233519 -0.208901
0.222571 -0.201528 -0.163801
0.425998 0.345759 -0.239564
0.151341 -0.011833 -0.715223
0.328998 0.067737 -0.460090
0.291962 -0.063603 0.028296
-0.413187 0.346422 -0.213566
-0.359080 0.320171 -0.533158
-0.203248 -0.086600 -0.651943
0.000000 0.000000 0.000000
-0.214630 -0.257137 -0.538753
-0.313943 0.158444 0.101619
-0.228695 -0.361895 -0.532791
0.000000 0.000000 0.000000
-0.305167 0.082278 -0.553221
-0.189571 0.135048 -0.749275
-0.318467 0.085054 -0.455802
-0.392422 0.346328 -0.434703
-0.309456 -0.044745 0.217399
-0.094652 0.279523 -0.842336
-0.348578 0.177129 -0.456167
0.390212 0.346104 0.096908
0.316397 0.074972 0.337140
-0.236919 -0.352635 -0.403318
-0.304652 0.029094 -0.135863
0.000000 0.000000 0.000000
0.242626 -0.219563 -0.346078
-0.455271 0.306565 -0.455947
-0.279237 0.265251 -0.702782
-0.025536 -0.145070 -0.704308
0.314960 0.066821 0.189638
0.000000 0.000000 0.000000
