-0.806263 0.043542 -0.372095
-0.293438 0.057633 -0.430757
0.279563 0.427490 0.105103
-0.448830 0.055713 0.386685
-0.064289 0.366736 0.268307
0.000000 0.000000 0.000000
-0.910378 0.051395 0.170353
0.000000 0.000000 0.000000
0.000000 0.000000 0.000000
-0.581303 0.035495 -0.076970
0.071141 0.653641 0.195576
0.000000 0.000000 0.000000
0.000000 0.000000 0.000000
-0.072179 0.267761 0.154711
0.000000 0.000000 0.000000
-0.646464 0.038401 0.164677
0.000000 0.000000 0.000000
0.000000 0.000000 0.000000
-0.758120 0.055814 0.386617
-0.899841 0.057758 -0.109650
-0.524207 0.038401 -0.320081
0.000000 0.000000 0.000000
0.000000 0.000000 0.000000
0.000000 0.000000 0.000000
-0.386541 0.038401 -0.058773
0.000000 0.000000 0.000000
0.000000 0.000000 0.000000
0.000000 0.000000 0.000000
0.000000 0.000000 0.000000
-0.714790 0.038340 -0.178501
0.000000 0.000000 0.000000
0.000000 0.000000 0.000000
-0.019071 0.527901 0.286172
0.227367 0.569147 0.147664
0.000000 0.000000 0.000000
0.000000 0.000000 0.000000
-0.351535 0.033562 -0.250792
0.000000 0.000000 0.000000
0.000000 0.000000 0.000000
-0.787303 0.038401 0.072373
-0.656657 0.053391 -0.434875
0.000000 0.000000 0.000000
0.000000 0.000000 0.000000
-0.564998 0.033562 0.234213
-0.907282 0.057411 -0.277238
0.000000 0.000000 0.000000
0.000000 0.000000 0.000000
0.000000 0.000000 0.000000
0.000000 0.000000 0.000000
0.000000 0.000000 0.000000
0.000000 0.000000 0.000000
-0.881851 0.057758 0.344800
-0.733949 0.033562 -0.021163
0.000000 0.000000 0.000000
0.000000 0.000000 0.000000
-0.457540 0.052474 -0.434969
-0.655865 0.033562 0.291509
-0.514682 0.033562 0.057565
0.000000 0.000000 0.000000
0.000000 0.000000 0.000000
0.000000 0.000000 0.000000
-0.482010 0.038223 -0.173623
0.000000 0.000000 0.000000
-0.910378 0.051711 0.085902
0.000000 0.000000 0.000000
-0.791901 0.034382 0.248402
0.000000 0.000000 0.000000
0.000000 0.000000 0.000000
-0.793929 0.033562 -0.194718
0.000000 0.000000 0.000000
-0.646393 0.038401 -0.301055
0.000000 0.000000 0.000000
0.000000 0.000000 0.000000
0.000000 0.000000 0.000000
-0.039513 0.244778 0.244081
0.000100 0.599604 0.258047
0.000000 0.000000 0.000000
0.000000 0.000000 0.000000
0.000000 0.000000 0.000000
-0.627542 0.034951 0.067607
0.000000 0.000000 0.000000
0.000000 0.000000 0.000000
0.000000 0.000000 0.000000
0.000000 0.000000 0.000000
0.000000 0.000000 0.000000
-0.606681 0.037217 -0.203123
0.000000 0.000000 0.000000
0.144252 0.652968 0.165776
0.000000 0.000000 0.000000
0.000000 0.000000 0.000000
-0.580159 0.057758 0.381308
0.000000 0.000000 0.000000
0.241289 0.515012 0.079968
-0.370741 0.034823 -0.347608
0.000000 0.000000 0.000000
0.000000 0.000000 0.000000
0.000000 0.000000 0.000000
-0.504141 0.038401 0.177917
0.000000 0.000000 0.000000
0.000000 0.000000 0.000000
-0.910378 0.049872 -0.410760
-0.065342 0.446227 0.268866
0.000000 0.000000 0.000000
0.000000 0.000000 0.000000
0.000000 0.000000 0.000000
-0.758250 0.034477 -0.271528
0.000000 0.000000 0.000000
0.000000 0.000000 0.000000
-0.796419 0.038401 -0.073125
0.000000 0.000000 0.000000
0.000000 0.000000 0.000000
-0.465724 0.038401 -0.240199
-0.783167 0.038401 0.166375
-0.476685 0.038401 -0.069262
-0.548656 0.057758 -0.427447
0.000000 0.000000 0.000000
-0.594929 0.033562 -0.013228
-0.860092 0.049692 -0.011429
0.000000 0.000000 0.000000
0.000000 0.000000 0.000000
0.000000 0.000000 0.000000
0.000000 0.000000 0.000000
-0.683996 0.033562 -0.100052
0.000000 0.000000 0.000000
0.000000 0.000000 0.000000
0.000000 0.000000 0.000000
0.000000 0.000000 0.000000
0.000000 0.000000 0.000000
-0.232432 0.051644 -0.434969
0.000000 0.000000 0.000000
-0.576317 0.033562 -0.194947
0.000000 0.000000 0.000000
0.000000 0.000000 0.000000
-0.757689 0.057758 -0.412960
0.000000 0.000000 0.000000
0.000000 0.000000 0.000000
-0.575649 0.043652 -0.372236
-0.389112 0.038401 -0.150796
0.000000 0.000000 0.000000
-0.693608 0.033562 0.137029
-0.765025 0.033562 0.287483
0.000000 0.000000 0.000000
-0.002850 0.523762 0.230797
0.000000 0.000000 0.000000
0.000000 0.000000 0.000000
-0.729257 0.038011 -0.331018
0.000000 0.000000 0.000000
0.000000 0.000000 0.000000
-0.858221 0.049626 0.275377
0.000000 0.000000 0.000000
-0.527873 0.041627 0.315074
-0.033053 0.291362 0.298458
-0.761649 0.034979 -0.180235
0.000000 0.000000 0.000000
0.000000 0.000000 0.000000
0.000000 0.000000 0.000000
0.000000 0.000000 0.000000
0.000000 0.000000 0.000000
-0.679546 0.057425 0.357924
-0.402096 0.038401 0.072343
-0.474956 0.041627 -0.362000
-0.588655 0.038401 0.160072
0.000000 0.000000 0.000000
0.000000 0.000000 0.000000
0.000000 0.000000 0.000000
0.000000 0.000000 0.000000
0.000000 0.000000 0.000000
0.000000 0.000000 0.000000
-0.511800 0.037983 0.128284
0.000000 0.000000 0.000000
-0.870173 0.050768 -0.188649
0.000000 0.000000 0.000000
-0.773052 0.038401 -0.135648
0.286545 0.465646 0.113412
0.000000 0.000000 0.000000
0.000000 0.000000 0.000000
0.000000 0.000000 0.000000
-0.812235 0.047385 0.329232
0.000000 0.000000 0.000000
0.000000 0.000000 0.000000
0.000000 0.000000 0.000000
0.000000 0.000000 0.000000
-0.058396 0.479705 0.258164
-0.447468 0.038401 -0.323104
-0.478589 0.038401 0.245904
-0.851790 0.047277 0.128708
-0.824086 0.035397 -0.254812
0.166221 0.593732 0.119755
0.048546 0.583084 0.205979
-0.715900 0.033562 0.055565
-0.524832 0.033562 -0.015856
0.000000 0.000000 0.000000
0.000000 0.000000 0.000000
0.000000 0.000000 0.000000
0.248384 0.557479 0.103647
0.000000 0.000000 0.000000
-0.658383 0.038401 -0.069409
-0.051219 0.227844 0.299220
0.000000 0.000000 0.000000
-0.710839 0.033562 0.233995
-0.534644 0.038401 -0.233890
0.000000 0.000000 0.000000
0.000000 0.000000 0.000000
0.159949 0.619368 0.184948
-0.372959 0.057758 -0.420885
0.000000 0.000000 0.000000
-0.409661 0.038401 -0.200221
-0.436695 0.038401 0.012614
0.000000 0.000000 0.000000
0.000000 0.000000 0.000000
0.000000 0.000000 0.000000
-0.599510 0.038274 -0.329953
0.000000 0.000000 0.000000
0.000000 0.000000 0.000000
0.000000 0.000000 0.000000
0.000000 0.000000 0.000000
-0.841968 0.041645 -0.301021
0.000000 0.000000 0.000000
0.000000 0.000000 0.000000
0.000000 0.000000 0.000000
0.000000 0.000000 0.000000
-0.667526 0.038401 -0.230648
0.000000 0.000000 0.000000
-0.686522 0.034574 -0.347123
0.000000 0.000000 0.000000
0.000000 0.000000 0.000000
0.000000 0.000000 0.000000
0.000000 0.000000 0.000000
0.000000 0.000000 0.000000
-0.085493 0.198859 0.172161
0.000000 0.000000 0.000000
-0.806580 0.035109 0.016851
0.000000 0.000000 0.000000
0.000000 0.000000 0.000000
-0.045307 0.399217 0.243726
0.000000 0.000000 0.000000
0.000000 0.000000 0.000000
0.000000 0.000000 0.000000
0.000000 0.000000 0.000000
0.000000 0.000000 0.000000
0.000000 0.000000 0.000000
0.000000 0.000000 0.000000
0.234685 0.589174 0.124586
0.000000 0.000000 0.000000
-0.842275 0.041683 0.098647
0.000000 0.000000 0.000000
0.000000 0.000000 0.000000
-0.667761 0.038401 -0.002308
0.226875 0.508539 0.129138
-0.293309 0.038401 -0.302308
-0.520019 0.038401 -0.133169
0.000000 0.000000 0.000000
0.000000 0.000000 0.000000
-0.412677 0.033562 -0.092632
-0.568774 0.038401 0.093705
0.000000 0.000000 0.000000
0.000000 0.000000 0.000000
0.097443 0.607300 0.210062
-0.833127 0.041441 0.196750
-0.632386 0.038401 -0.137641
0.000000 0.000000 0.000000
0.000000 0.000000 0.000000
0.000000 0.000000 0.000000
0.000000 0.000000 0.000000
0.000000 0.000000 0.000000
-0.589538 0.035329 0.301303
-0.029483 0.306018 0.246388
-0.662110 0.038401 0.113339
-0.320130 0.046564 -0.375465
0.000000 0.000000 0.000000
0.000000 0.000000 0.000000
-0.473829 0.033562 0.040687
-0.443573 0.038401 0.202627
-0.851953 0.051467 -0.434969
0.000000 0.000000 0.000000
0.000000 0.000000 0.000000
0.000000 0.000000 0.000000
0.000000 0.000000 0.000000
0.254276 0.461303 0.067649
0.000000 0.000000 0.000000
0.000000 0.000000 0.000000
0.000000 0.000000 0.000000
-0.850678 0.057758 0.377055
0.000000 0.000000 0.000000
0.000000 0.000000 0.000000
-0.883948 0.057758 -0.338007
0.000000 0.000000 0.000000
0.000000 0.000000 0.000000
0.000000 0.000000 0.000000
0.000000 0.000000 0.000000
0.000000 0.000000 0.000000
-0.906982 0.057471 0.246276
0.000000 0.000000 0.000000
-0.734741 0.033562 -0.085872
-0.472434 0.050007 0.345390
0.000000 0.000000 0.000000
0.185545 0.622375 0.169367
0.000000 0.000000 0.000000
-0.585531 0.036471 -0.269508
0.000000 0.000000 0.000000
0.000000 0.000000 0.000000
0.000000 0.000000 0.000000
-0.015672 0.423183 0.254782
-0.638337 0.041627 -0.366366
0.000000 0.000000 0.000000
-0.594905 0.057659 -0.406750
-0.519019 0.053510 0.387566
0.000000 0.000000 0.000000
-0.708826 0.037841 0.283914
-0.879519 0.057072 -0.058222
0.000000 0.000000 0.000000
-0.409525 0.049692 -0.384184
0.000000 0.000000 0.000000
-0.847946 0.043884 -0.126556
-0.007339 0.458454 0.264758
0.000000 0.000000 0.000000
0.000000 0.000000 0.000000
0.000000 0.000000 0.000000
-0.624682 0.049692 0.339556
0.000000 0.000000 0.000000
0.000000 0.000000 0.000000
-0.453635 0.038401 0.112815
-0.527576 0.046594 -0.375503
0.000000 0.000000 0.000000
-0.782465 0.033562 -0.333880
-0.368466 0.038401 -0.292895
0.184798 0.558733 0.139486
0.198181 0.539971 0.111888
-0.656426 0.033562 0.232800
0.000000 0.000000 0.000000
0.000000 0.000000 0.000000
-0.621440 0.035733 0.246878
0.000000 0.000000 0.000000
0.041523 0.633373 0.210104
0.000000 0.000000 0.000000
0.000000 0.000000 0.000000
0.000000 0.000000 0.000000
-0.411110 0.037466 -0.252558
-0.892320 0.057758 0.031492
-0.577117 0.038401 -0.130520
-0.496873 0.033562 -0.281455
0.000000 0.000000 0.000000
-0.687840 0.051891 -0.396657
0.000000 0.000000 0.000000
-0.066614 0.303361 0.280373
0.000000 0.000000 0.000000
0.000000 0.000000 0.000000
-0.766170 0.038401 0.216000
0.000000 0.000000 0.000000
-0.690968 0.038401 -0.060110
0.000000 0.000000 0.000000
0.125520 0.635420 0.202866
-0.774298 0.038401 0.117051
0.000000 0.000000 0.000000
0.000000 0.000000 0.000000
0.000000 0.000000 0.000000
0.000000 0.000000 0.000000
0.000000 0.000000 0.000000
-0.030965 0.359830 0.253264
-0.253331 0.049692 -0.385641
-0.039592 0.511718 0.248642
0.000000 0.000000 0.000000
0.143323 0.607774 0.133581
0.000000 0.000000 0.000000
-0.910249 0.053567 -0.021061
-0.729729 0.038401 0.176318
0.000000 0.000000 0.000000
-0.601007 0.033562 0.035596
0.000000 0.000000 0.000000
-0.522815 0.033562 -0.086400
-0.817306 0.037439 0.291957
0.000000 0.000000 0.000000
0.000000 0.000000 0.000000
0.000000 0.000000 0.000000
-0.738499 0.049692 0.337398
-0.560618 0.051628 0.349034
-0.447203 0.038401 -0.133512
-0.632952 0.053066 0.387654
-0.044011 0.424320 0.295453
0.003497 0.558124 0.218702
-0.473650 0.033562 -0.013262
0.086726 0.628354 0.166436
0.000000 0.000000 0.000000
-0.506512 0.038401 0.271374
0.000000 0.000000 0.000000
0.265589 0.514885 0.120616
-0.064201 0.276883 0.273504
0.000000 0.000000 0.000000
-0.608045 0.038401 -0.054005
0.000000 0.000000 0.000000
0.000000 0.000000 0.000000
0.000000 0.000000 0.000000
-0.675029 0.038401 0.204192
0.000000 0.000000 0.000000
0.000000 0.000000 0.000000
0.000000 0.000000 0.000000
0.000000 0.000000 0.000000
-0.040843 0.380082 0.297729
-0.714242 0.038401 -0.252136
-0.678050 0.038401 -0.157081
-0.742588 0.038401 -0.221657
0.000000 0.000000 0.000000
0.000000 0.000000 0.000000
0.000000 0.000000 0.000000
0.000000 0.000000 0.000000
0.000000 0.000000 0.000000
-0.500514 0.057758 -0.409949
-0.658276 0.033562 0.032757
-0.461995 0.038401 0.078245
0.000000 0.000000 0.000000
0.000000 0.000000 0.000000
0.000000 0.000000 0.000000
-0.552790 0.038328 0.155847
-0.818323 0.057758 0.377526
0.115391 0.597225 0.168452
0.000000 0.000000 0.000000
0.000000 0.000000 0.000000
0.000000 0.000000 0.000000
0.000000 0.000000 0.000000
0.006718 0.602123 0.212964
-0.348161 0.038401 -0.138414
0.000000 0.000000 0.000000
0.000000 0.000000 0.000000
0.000000 0.000000 0.000000
-0.022449 0.254033 0.281279
0.000000 0.000000 0.000000
0.000000 0.000000 0.000000
0.000000 0.000000 0.000000
0.000000 0.000000 0.000000
-0.870965 0.051175 -0.247736
-0.709589 0.057429 0.384499
0.244646 0.452292 0.112010
0.000000 0.000000 0.000000
-0.812461 0.033562 0.127047
-0.685162 0.033562 -0.279042
-0.440070 0.038401 -0.282217
0.000000 0.000000 0.000000
0.000000 0.000000 0.000000
-0.815811 0.033562 -0.113965
0.000000 0.000000 0.000000
0.000000 0.000000 0.000000
0.000000 0.000000 0.000000
-0.606452 0.038401 0.113216
0.000000 0.000000 0.000000
0.000000 0.000000 0.000000
0.000000 0.000000 0.000000
-0.556615 0.038401 0.020014
0.019460 0.549581 0.260613
0.000000 0.000000 0.000000
-0.723545 0.053583 -0.434836
0.000000 0.000000 0.000000
0.000000 0.000000 0.000000
0.000000 0.000000 0.000000
0.000000 0.000000 0.000000
0.000000 0.000000 0.000000
0.000000 0.000000 0.000000
0.000000 0.000000 0.000000
0.000000 0.000000 0.000000
-0.321312 0.037047 -0.330719
0.000000 0.000000 0.000000
-0.404582 0.033562 -0.021289
0.282343 0.446654 0.068492
0.000000 0.000000 0.000000
0.000000 0.000000 0.000000
0.000000 0.000000 0.000000
-0.716495 0.038401 -0.126885
-0.037043 0.345707 0.298972
-0.347514 0.057641 -0.406602
0.000000 0.000000 0.000000
-0.363937 0.036610 -0.190395
0.000000 0.000000 0.000000
0.000000 0.000000 0.000000
0.000000 0.000000 0.000000
0.000000 0.000000 0.000000
0.000000 0.000000 0.000000
0.000000 0.000000 0.000000
-0.858525 0.049663 0.057382
0.000000 0.000000 0.000000
0.000000 0.000000 0.000000
0.000000 0.000000 0.000000
0.000000 0.000000 0.000000
-0.613942 0.033562 -0.103760
0.000000 0.000000 0.000000
-0.623123 0.038401 -0.245341
-0.605312 0.038401 0.204086
0.000000 0.000000 0.000000
0.000000 0.000000 0.000000
0.000000 0.000000 0.000000
-0.909605 0.055377 -0.166740
0.000000 0.000000 0.000000
-0.688451 0.043197 0.324244
-0.032847 0.495582 0.291684
0.000000 0.000000 0.000000
0.000000 0.000000 0.000000
-0.730933 0.038401 0.107804
-0.437999 0.038401 -0.050791
0.000000 0.000000 0.000000
0.000000 0.000000 0.000000
-0.456894 0.038401 0.158883
-0.747242 0.033562 0.058832
0.000000 0.000000 0.000000
0.000000 0.000000 0.000000
-0.866970 0.055721 -0.392965
-0.826362 0.037388 -0.163221
0.000000 0.000000 0.000000
0.000000 0.000000 0.000000
0.000000 0.000000 0.000000
0.000000 0.000000 0.000000
0.000000 0.000000 0.000000
-0.809982 0.033562 -0.279825
-0.517583 0.033562 0.226639
0.000000 0.000000 0.000000
0.000000 0.000000 0.000000
0.000000 0.000000 0.000000
0.231850 0.525915 0.102881
-0.791212 0.038401 -0.228697
-0.559803 0.038401 -0.296537
0.000000 0.000000 0.000000
0.000000 0.000000 0.000000
0.000000 0.000000 0.000000
-0.044826 0.318204 0.247450
0.000000 0.000000 0.000000
-0.514958 0.038401 -0.044015
0.000000 0.000000 0.000000
0.000000 0.000000 0.000000
0.000000 0.000000 0.000000
0.000000 0.000000 0.000000
-0.415422 0.057758 -0.423597
-0.836211 0.041627 0.233144
0.000000 0.000000 0.000000
-0.546810 0.038401 0.277847
-0.843223 0.041825 0.309984
-0.330160 0.038401 -0.288035
0.000000 0.000000 0.000000
0.000000 0.000000 0.000000
0.000000 0.000000 0.000000
0.000000 0.000000 0.000000
0.226235 0.477033 0.091751
0.000000 0.000000 0.000000
0.000000 0.000000 0.000000
0.000000 0.000000 0.000000
0.197492 0.589116 0.104630
-0.812397 0.057758 -0.408823
0.000000 0.000000 0.000000
0.244699 0.539285 0.138645
0.072852 0.610673 0.234434
0.000000 0.000000 0.000000
0.000000 0.000000 0.000000
-0.790622 0.033562 -0.021094
-0.839368 0.041627 -0.043889
0.000000 0.000000 0.000000
0.000000 0.000000 0.000000
-0.766975 0.046949 -0.375958
-0.880814 0.057488 0.115382
0.000000 0.000000 0.000000
0.000000 0.000000 0.000000
0.000000 0.000000 0.000000
-0.486656 0.035243 0.301140
-0.405709 0.038401 -0.311264
0.271651 0.494458 0.080309
0.000000 0.000000 0.000000
-0.733234 0.038401 0.026153
-0.523036 0.033562 -0.182274
0.000000 0.000000 0.000000
-0.864143 0.049692 0.172878
-0.636836 0.038401 -0.177589
0.000000 0.000000 0.000000
0.000000 0.000000 0.000000
-0.593454 0.038401 0.257682
-0.548726 0.041484 -0.358064
-0.900860 0.057758 0.286433
0.000000 0.000000 0.000000
0.000000 0.000000 0.000000
-0.424624 0.035641 -0.171652
0.000000 0.000000 0.000000
0.000000 0.000000 0.000000
-0.068269 0.243257 0.270573
0.000000 0.000000 0.000000
-0.484896 0.038401 -0.318776
0.000000 0.000000 0.000000
0.000000 0.000000 0.000000
0.000000 0.000000 0.000000
0.000000 0.000000 0.000000
0.000000 0.000000 0.000000
0.000000 0.000000 0.000000
-0.894120 0.057758 -0.228993
0.000000 0.000000 0.000000
-0.446567 0.033562 -0.093988
0.000000 0.000000 0.000000
-0.614967 0.036566 -0.293949
-0.532269 0.033562 -0.277329
0.000000 0.000000 0.000000
-0.034677 0.546637 0.242461
0.000000 0.000000 0.000000
0.000000 0.000000 0.000000
-0.506588 0.057548 0.358563
-0.751563 0.038401 0.252787
0.000000 0.000000 0.000000
-0.692667 0.038401 0.084089
0.000000 0.000000 0.000000
0.000000 0.000000 0.000000
0.000000 0.000000 0.000000
-0.786591 0.052115 -0.434969
-0.898923 0.057758 0.379597
0.000000 0.000000 0.000000
0.000000 0.000000 0.000000
0.170670 0.585087 0.157254
0.000000 0.000000 0.000000
-0.771739 0.038401 0.012429
0.000000 0.000000 0.000000
-0.827775 0.038793 -0.214407
0.000000 0.000000 0.000000
-0.081155 0.229919 0.152591
0.000000 0.000000 0.000000
0.000000 0.000000 0.000000
0.000000 0.000000 0.000000
-0.836656 0.041627 0.026816
0.000000 0.000000 0.000000
-0.013887 0.321603 0.271592
0.000000 0.000000 0.000000
0.000000 0.000000 0.000000
0.000000 0.000000 0.000000
0.000000 0.000000 0.000000
0.000000 0.000000 0.000000
-0.282364 0.050240 -0.393399
-0.007778 0.488722 0.256671
-0.532504 0.038401 0.100021
0.000000 0.000000 0.000000
0.000000 0.000000 0.000000
0.000000 0.000000 0.000000
-0.555438 0.033562 -0.103852
-0.550933 0.038401 0.198570
0.000000 0.000000 0.000000
0.000000 0.000000 0.000000
0.000000 0.000000 0.000000
0.000000 0.000000 0.000000
-0.640752 0.033562 -0.028357
0.000000 0.000000 0.000000
-0.869794 0.050573 -0.154822
-0.699776 0.038401 -0.215379
0.000000 0.000000 0.000000
0.000000 0.000000 0.000000
0.000000 0.000000 0.000000
0.000000 0.000000 0.000000
-0.867799 0.049915 0.215587
0.000000 0.000000 0.000000
0.000000 0.000000 0.000000
0.000000 0.000000 0.000000
0.000000 0.000000 0.000000
0.000000 0.000000 0.000000
-0.843946 0.041961 -0.088160
0.000000 0.000000 0.000000
0.000000 0.000000 0.000000
-0.817116 0.033562 0.164485
-0.574971 0.033562 0.053065
-0.360666 0.038379 -0.074564
0.000000 0.000000 0.000000
0.000000 0.000000 0.000000
-0.585481 0.038401 -0.234669
0.000000 0.000000 0.000000
0.000000 0.000000 0.000000
-0.908981 0.056310 0.211271
0.000000 0.000000 0.000000
0.000000 0.000000 0.000000
0.000000 0.000000 0.000000
0.000000 0.000000 0.000000
0.000000 0.000000 0.000000
0.074720 0.596553 0.194747
0.000000 0.000000 0.000000
0.000000 0.000000 0.000000
-0.012606 0.559935 0.271334
-0.650624 0.033562 -0.335759
0.000000 0.000000 0.000000
0.000000 0.000000 0.000000
-0.910378 0.050747 -0.314486
0.000000 0.000000 0.000000
-0.471046 0.049692 -0.389738
0.000000 0.000000 0.000000
0.000000 0.000000 0.000000
0.000000 0.000000 0.000000
0.000000 0.000000 0.000000
0.000000 0.000000 0.000000
-0.751871 0.034877 -0.115457
0.000000 0.000000 0.000000
0.000000 0.000000 0.000000
-0.701815 0.038401 0.014298
0.000000 0.000000 0.000000
0.000000 0.000000 0.000000
0.000000 0.000000 0.000000
-0.631950 0.038401 0.005285
-0.505407 0.038401 0.023228
0.000000 0.000000 0.000000
0.106284 0.656135 0.184961
0.000000 0.000000 0.000000
-0.792403 0.038401 -0.164252
0.000000 0.000000 0.000000
0.000000 0.000000 0.000000
0.034715 0.606038 0.236255
-0.045930 0.264477 0.298581
0.000000 0.000000 0.000000
0.000000 0.000000 0.000000
0.244431 0.496340 0.112445
-0.436724 0.041627 -0.361953
-0.628033 0.057736 -0.407370
0.000000 0.000000 0.000000
0.000000 0.000000 0.000000
-0.876846 0.055889 -0.297238
0.000000 0.000000 0.000000
0.000000 0.000000 0.000000
0.000000 0.000000 0.000000
-0.030533 0.275626 0.250944
0.000000 0.000000 0.000000
-0.784795 0.057758 0.362360
0.060016 0.634708 0.227425
-0.724082 0.053844 -0.398791
0.000000 0.000000 0.000000
0.199471 0.617261 0.136521
