0.085224 -0.003202 0.843865
0.000000 0.000000 0.000000
0.000000 0.000000 0.000000
0.000000 0.000000 0.000000
-0.017182 -0.006651 0.365280
0.000000 0.000000 0.000000
0.000000 0.000000 0.000000
-0.102813 -0.049016 0.989173
-0.035996 0.007958 0.646071
-0.000760 0.022366 0.110188
0.000000 0.000000 0.000000
-0.064688 0.020045 0.807405
0.094019 -0.038093 0.960316
0.000000 0.000000 0.000000
0.020725 0.031752 0.500900
0.000000 0.000000 0.000000
0.000000 0.000000 0.000000
-0.011066 -0.009575 0.218780
0.000000 0.000000 0.000000
-0.046030 0.014354 0.224754
-0.054073 -0.017367 0.941303
0.000000 0.000000 0.000000
-0.026576 -0.006583 0.906781
0.022903 -0.003391 0.225478
0.000000 0.000000 0.000000
0.012385 -0.002760 0.749362
0.000000 0.000000 0.000000
0.000000 0.000000 0.000000
0.023031 -0.024079 0.884215
0.000000 0.000000 0.000000
-0.001783 -0.008032 0.478746
0.000000 0.000000 0.000000
0.085066 0.024397 0.778274
0.000000 0.000000 0.000000
0.010259 0.020799 0.804590
0.000000 0.000000 0.000000
0.000000 0.000000 0.000000
0.000000 0.000000 0.000000
0.000000 0.000000 0.000000
0.013021 0.022366 0.325493
0.038524 0.019784 0.609994
0.000000 0.000000 0.000000
0.000000 0.000000 0.000000
-0.053439 -0.007370 0.821855
0.000000 0.000000 0.000000
0.000000 0.000000 0.000000
-0.041096 0.013116 0.564011
-0.027641 -0.003035 0.263825
0.041750 0.031752 0.414633
0.000000 0.000000 0.000000
0.031942 0.010544 0.669850
-0.077181 -0.011017 0.873203
0.000000 0.000000 0.000000
0.000000 0.000000 0.000000
0.000000 0.000000 0.000000
0.000000 0.000000 0.000000
0.027198 -0.046311 0.967184
0.000000 0.000000 0.000000
0.000000 0.000000 0.000000
0.031466 0.001644 0.144864
0.000000 0.000000 0.000000
0.000000 0.000000 0.000000
0.029460 -0.007482 0.822274
0.000000 0.000000 0.000000
-0.031706 0.033461 0.441949
-0.019192 0.031752 0.735278
0.000000 0.000000 0.000000
0.000000 0.000000 0.000000
-0.043541 0.031752 0.158421
0.013750 -0.004606 0.519538
0.000000 0.000000 0.000000
0.079380 -0.025570 0.927442
0.000000 0.000000 0.000000
0.000000 0.000000 0.000000
0.026106 0.001960 0.488613
0.000000 0.000000 0.000000
0.000000 0.000000 0.000000
0.000000 0.000000 0.000000
0.000000 0.000000 0.000000
-0.042243 -0.013569 0.844990
0.000000 0.000000 0.000000
0.000000 0.000000 0.000000
0.000000 0.000000 0.000000
-0.010076 0.022366 0.381258
0.078623 -0.021851 0.871273
0.003816 0.031752 0.190073
0.000000 0.000000 0.000000
0.000000 0.000000 0.000000
0.000000 0.000000 0.000000
0.000000 0.000000 0.000000
0.000000 0.000000 0.000000
0.000000 0.000000 0.000000
0.029576 -0.009352 0.917114
-0.031586 -0.024520 0.973723
-0.049184 0.031131 0.308929
0.000000 0.000000 0.000000
0.000000 0.000000 0.000000
0.000000 0.000000 0.000000
-0.046931 0.031383 0.498225
0.000000 0.000000 0.000000
0.053580 0.015840 0.823095
0.041031 0.015427 0.277151
0.000000 0.000000 0.000000
0.010666 0.031752 0.553111
0.037520 -0.002642 0.894294
0.000000 0.000000 0.000000
0.000000 0.000000 0.000000
-0.066898 0.004510 0.780968
-0.029481 -0.028862 0.902064
-0.033743 0.006570 0.709920
0.007898 0.022366 0.242328
0.000000 0.000000 0.000000
-0.024490 -0.000692 0.662475
0.000000 0.000000 0.000000
0.000000 0.000000 0.000000
0.000000 0.000000 0.000000
0.000000 0.000000 0.000000
-0.018997 0.011857 0.837959
0.011715 -0.007256 0.315182
-0.023057 -0.006732 0.148009
0.000000 0.000000 0.000000
-0.011288 0.022366 0.631130
-0.004348 -0.006812 0.608157
0.038336 0.029536 0.723635
0.000000 0.000000 0.000000
0.000000 0.000000 0.000000
-0.002645 0.004589 0.865088
-0.086995 -0.012188 0.835133
0.030106 0.031752 0.207541
0.000000 0.000000 0.000000
0.000000 0.000000 0.000000
0.000000 0.000000 0.000000
0.000000 0.000000 0.000000
0.000000 0.000000 0.000000
0.000000 0.000000 0.000000
0.000000 0.000000 0.000000
0.000000 0.000000 0.000000
0.000000 0.000000 0.000000
0.000000 0.000000 0.000000
0.000000 0.000000 0.000000
0.011877 -0.006144 0.422715
0.000000 0.000000 0.000000
0.000000 0.000000 0.000000
0.000000 0.000000 0.000000
0.000000 0.000000 0.000000
0.000000 0.000000 0.000000
0.041145 0.018170 0.366928
0.053614 0.002926 0.783431
-0.013898 -0.006358 0.508196
-0.023654 0.000356 0.785524
0.000000 0.000000 0.000000
-0.024560 -0.003046 0.428249
-0.009157 0.031752 0.682538
0.000000 0.000000 0.000000
0.000000 0.000000 0.000000
-0.038831 0.022366 0.598563
-0.045519 -0.041929 0.975308
-0.048597 0.030969 0.358282
-0.043200 0.031752 0.205295
0.000000 0.000000 0.000000
0.000000 0.000000 0.000000
0.000780 0.022366 0.294587
0.000000 0.000000 0.000000
0.000000 0.000000 0.000000
0.051352 -0.009390 0.909107
0.000000 0.000000 0.000000
0.000000 0.000000 0.000000
0.000000 0.000000 0.000000
0.000000 0.000000 0.000000
0.000000 0.000000 0.000000
0.008215 0.022366 0.456046
-0.007081 -0.005687 0.704395
0.000000 0.000000 0.000000
-0.039904 0.009060 0.405037
0.020609 -0.000670 0.573448
0.000000 0.000000 0.000000
0.000000 0.000000 0.000000
0.000000 0.000000 0.000000
-0.032346 0.038213 0.782445
0.000000 0.000000 0.000000
0.000000 0.000000 0.000000
0.021370 0.037320 0.764175
0.000000 0.000000 0.000000
0.071071 -0.043996 0.987769
0.000000 0.000000 0.000000
0.000000 0.000000 0.000000
0.000000 0.000000 0.000000
0.000000 0.000000 0.000000
0.000000 0.000000 0.000000
0.000000 0.000000 0.000000
0.040377 -0.037844 0.935586
-0.043355 0.003231 0.870155
0.000000 0.000000 0.000000
-0.008305 0.022366 0.598771
0.000000 0.000000 0.000000
0.017737 -0.006744 0.177652
0.000000 0.000000 0.000000
-0.008498 -0.039047 0.940073
0.000000 0.000000 0.000000
-0.016762 0.031752 0.519040
0.000000 0.000000 0.000000
0.000000 0.000000 0.000000
0.000000 0.000000 0.000000
0.000000 0.000000 0.000000
0.000000 0.000000 0.000000
-0.001284 0.031691 0.765977
-0.071165 -0.023779 0.970958
-0.046361 0.031752 0.261231
0.000000 0.000000 0.000000
0.000000 0.000000 0.000000
0.014629 -0.005691 0.382022
0.021047 0.022366 0.157740
0.031746 0.031752 0.118815
0.011040 -0.017844 0.948809
0.001201 0.022366 0.419206
0.000000 0.000000 0.000000
0.000000 0.000000 0.000000
-0.013940 -0.011025 0.835494
0.000000 0.000000 0.000000
0.000000 0.000000 0.000000
0.000000 0.000000 0.000000
0.000000 0.000000 0.000000
0.000000 0.000000 0.000000
0.000000 0.000000 0.000000
-0.095619 0.016753 0.787944
0.060211 -0.022663 0.966793
0.000000 0.000000 0.000000
0.094868 -0.002204 0.806505
0.000000 0.000000 0.000000
0.010472 -0.000266 0.799281
0.000000 0.000000 0.000000
-0.058854 0.009188 0.847923
-0.020473 -0.004005 0.542126
0.000000 0.000000 0.000000
0.000000 0.000000 0.000000
0.023242 0.022366 0.540205
-0.036947 0.006304 0.466434
0.055153 0.000279 0.873022
0.000000 0.000000 0.000000
0.000000 0.000000 0.000000
0.000000 0.000000 0.000000
-0.028585 -0.002075 0.307112
-0.036606 0.010397 0.750127
0.000000 0.000000 0.000000
0.000000 0.000000 0.000000
0.000000 0.000000 0.000000
0.000000 0.000000 0.000000
0.020498 0.000046 0.641457
0.000000 0.000000 0.000000
0.000000 0.000000 0.000000
0.007775 -0.008988 0.263570
0.040048 0.031752 0.466756
0.000000 0.000000 0.000000
0.000000 0.000000 0.000000
0.000000 0.000000 0.000000
0.000000 0.000000 0.000000
0.000000 0.000000 0.000000
0.000000 0.000000 0.000000
0.067792 -0.013242 0.838875
0.000000 0.000000 0.000000
0.000000 0.000000 0.000000
0.035406 0.020777 0.804672
0.000000 0.000000 0.000000
0.000000 0.000000 0.000000
-0.043299 -0.021464 0.874455
0.000000 0.000000 0.000000
0.046547 0.033849 0.132934
-0.080361 -0.037802 0.930692
0.000000 0.000000 0.000000
-0.015401 0.022366 0.261520
0.041364 0.017167 0.315598
0.000000 0.000000 0.000000
0.002838 -0.010831 0.118335
0.000000 0.000000 0.000000
0.000000 0.000000 0.000000
0.000000 0.000000 0.000000
0.000000 0.000000 0.000000
0.000000 0.000000 0.000000
0.000000 0.000000 0.000000
-0.019935 0.031752 0.325793
0.000000 0.000000 0.000000
-0.013032 0.022366 0.164108
-0.022435 0.031752 0.416110
0.000000 0.000000 0.000000
-0.028544 0.031752 0.178775
-0.006716 0.032479 0.491773
-0.029850 -0.002516 0.195957
-0.018749 0.031752 0.139688
0.014820 0.010736 0.711259
-0.041385 0.022366 0.691898
0.000000 0.000000 0.000000
-0.036714 0.004490 0.334249
0.026134 0.001450 0.450808
0.000000 0.000000 0.000000
0.000000 0.000000 0.000000
-0.013280 0.021562 0.801741
0.000000 0.000000 0.000000
0.000000 0.000000 0.000000
0.000000 0.000000 0.000000
0.016974 0.031752 0.647678
0.000000 0.000000 0.000000
0.000000 0.000000 0.000000
0.000000 0.000000 0.000000
0.000000 0.000000 0.000000
0.000000 0.000000 0.000000
0.030253 0.008119 0.851912
0.000000 0.000000 0.000000
0.000000 0.000000 0.000000
0.019696 0.031752 0.588434
-0.034478 0.031752 0.634856
-0.064967 -0.024933 0.898683
0.000000 0.000000 0.000000
0.000000 0.000000 0.000000
0.000000 0.000000 0.000000
0.016077 0.034278 0.388783
-0.022245 0.031752 0.555398
0.000000 0.000000 0.000000
0.000000 0.000000 0.000000
0.000000 0.000000 0.000000
0.017007 0.022366 0.746508
0.000000 0.000000 0.000000
0.010867 0.031752 0.358453
0.000000 0.000000 0.000000
0.000000 0.000000 0.000000
0.045335 0.021244 0.180059
-0.006210 -0.019856 0.868451
-0.028544 -0.001208 0.394184
0.000000 0.000000 0.000000
0.044247 0.020716 0.238164
0.037670 0.015319 0.511137
0.017542 0.022366 0.278182
-0.042567 0.014654 0.528484
-0.051568 -0.016273 0.911079
0.000000 0.000000 0.000000
0.000000 0.000000 0.000000
0.000000 0.000000 0.000000
-0.076223 -0.003501 0.807416
0.005528 -0.005569 0.669384
0.000000 0.000000 0.000000
0.103672 -0.036937 0.993925
0.000000 0.000000 0.000000
0.000000 0.000000 0.000000
0.000000 0.000000 0.000000
0.047124 -0.017367 0.947028
0.000000 0.000000 0.000000
0.000000 0.000000 0.000000
0.000000 0.000000 0.000000
0.000000 0.000000 0.000000
0.000000 0.000000 0.000000
0.000000 0.000000 0.000000
0.000000 0.000000 0.000000
0.000000 0.000000 0.000000
0.017312 0.016362 0.690260
0.000000 0.000000 0.000000
0.000000 0.000000 0.000000
0.025119 0.038731 0.777584
0.000000 0.000000 0.000000
0.040277 0.022366 0.569893
-0.035510 0.022366 0.284821
0.000000 0.000000 0.000000
0.024487 0.006569 0.763262
-0.021499 0.022366 0.225304
0.000000 0.000000 0.000000
0.000000 0.000000 0.000000
0.042189 -0.015300 0.851453
0.000000 0.000000 0.000000
0.000000 0.000000 0.000000
0.000000 0.000000 0.000000
0.000000 0.000000 0.000000
-0.046446 0.031752 0.391992
0.000000 0.000000 0.000000
0.000000 0.000000 0.000000
0.000000 0.000000 0.000000
0.000000 0.000000 0.000000
-0.037827 -0.036080 0.929001
0.065431 -0.040896 0.941998
-0.026750 0.014317 0.763128
-0.043624 0.009461 0.135054
-0.025345 0.031966 0.574098
0.000000 0.000000 0.000000
0.000000 0.000000 0.000000
-0.026421 -0.000443 0.583123
-0.044217 0.025111 0.726299
0.000000 0.000000 0.000000
0.015782 -0.003769 0.896279
0.000000 0.000000 0.000000
0.000000 0.000000 0.000000
0.019428 -0.000936 0.606852
0.000000 0.000000 0.000000
-0.043986 0.016047 0.822322
0.000000 0.000000 0.000000
0.000000 0.000000 0.000000
0.007325 0.031951 0.212202
-0.014916 0.003884 0.736828
0.000000 0.000000 0.000000
0.000000 0.000000 0.000000
0.038714 0.028050 0.696871
0.000000 0.000000 0.000000
0.000000 0.000000 0.000000
0.000000 0.000000 0.000000
0.009220 0.034270 0.134737
0.000000 0.000000 0.000000
0.000000 0.000000 0.000000
0.000000 0.000000 0.000000
0.043628 0.033081 0.339819
0.000000 0.000000 0.000000
0.000000 0.000000 0.000000
-0.004486 -0.008185 0.451184
0.000000 0.000000 0.000000
0.008559 0.015730 0.775981
0.000000 0.000000 0.000000
-0.019375 -0.017257 0.946616
0.000000 0.000000 0.000000
0.000000 0.000000 0.000000
0.000000 0.000000 0.000000
0.013074 0.022366 0.303412
0.000000 0.000000 0.000000
0.000000 0.000000 0.000000
-0.011266 -0.005880 0.634856
-0.014870 0.013583 0.700634
0.000000 0.000000 0.000000
-0.034547 0.004550 0.489186
0.034537 0.008729 0.398492
-0.024869 0.031752 0.470645
0.000000 0.000000 0.000000
0.053941 -0.048254 0.974437
0.000000 0.000000 0.000000
0.068198 0.022387 0.798665
-0.059095 -0.042159 0.951688
0.000000 0.000000 0.000000
-0.033660 0.000722 0.237607
-0.016451 0.022366 0.657497
0.030535 0.009987 0.731980
0.000000 0.000000 0.000000
0.000000 0.000000 0.000000
0.060042 -0.023044 0.884333
0.000000 0.000000 0.000000
0.039303 0.011252 0.211325
0.000000 0.000000 0.000000
0.033314 0.031752 0.751797
-0.068423 -0.004783 0.847135
0.000000 0.000000 0.000000
0.000000 0.000000 0.000000
0.000000 0.000000 0.000000
0.036364 0.022366 0.629568
0.011857 -0.013754 0.845679
-0.039605 0.004911 0.168670
0.000000 0.000000 0.000000
0.000000 0.000000 0.000000
-0.096443 -0.032339 0.961858
0.000000 0.000000 0.000000
0.000000 0.000000 0.000000
0.002004 -0.010949 0.923078
0.000000 0.000000 0.000000
0.000000 0.000000 0.000000
0.000000 0.000000 0.000000
0.000000 0.000000 0.000000
0.000000 0.000000 0.000000
0.014443 -0.030188 0.907010
0.020182 -0.038046 0.936343
0.000000 0.000000 0.000000
-0.008288 0.000059 0.768540
-0.013950 0.031752 0.351913
0.000000 0.000000 0.000000
0.000000 0.000000 0.000000
0.029852 -0.000125 0.116324
0.025514 0.022366 0.257432
-0.020059 0.036471 0.763215
-0.082263 -0.029168 0.991067
0.005621 -0.046008 0.966050
-0.035273 0.007567 0.679048
0.000000 0.000000 0.000000
0.000000 0.000000 0.000000
0.019422 -0.003983 0.340735
-0.042565 0.031752 0.660973
0.000000 0.000000 0.000000
-0.089199 -0.014475 0.854388
-0.047252 0.031362 0.471264
0.069943 -0.005069 0.813267
0.000000 0.000000 0.000000
0.000000 0.000000 0.000000
0.000000 0.000000 0.000000
0.000000 0.000000 0.000000
0.000000 0.000000 0.000000
-0.044801 0.022366 0.422429
0.000000 0.000000 0.000000
0.000000 0.000000 0.000000
0.000000 0.000000 0.000000
0.000000 0.000000 0.000000
0.000000 0.000000 0.000000
-0.026574 -0.041751 0.950167
0.000000 0.000000 0.000000
0.000000 0.000000 0.000000
-0.008706 -0.010220 0.172665
0.000000 0.000000 0.000000
0.000000 0.000000 0.000000
0.014670 -0.007904 0.156637
0.024461 -0.001913 0.280005
0.009914 0.014032 0.829845
-0.016796 0.022366 0.299772
0.000000 0.000000 0.000000
0.058153 -0.008851 0.827381
-0.009305 -0.008622 0.346773
0.000000 0.000000 0.000000
0.000000 0.000000 0.000000
0.000000 0.000000 0.000000
0.000000 0.000000 0.000000
0.016276 0.031752 0.439851
0.000000 0.000000 0.000000
0.000000 0.000000 0.000000
0.000000 0.000000 0.000000
0.000000 0.000000 0.000000
-0.069186 -0.023165 0.917744
0.009303 0.022366 0.515876
0.041775 0.033862 0.387589
0.000000 0.000000 0.000000
0.000000 0.000000 0.000000
0.000000 0.000000 0.000000
0.000000 0.000000 0.000000
-0.005964 0.031966 0.575629
0.000000 0.000000 0.000000
-0.042358 0.022366 0.774804
0.000000 0.000000 0.000000
0.000000 0.000000 0.000000
0.000000 0.000000 0.000000
-0.049242 0.032617 0.292824
-0.073942 0.025064 0.783403
-0.028388 0.022366 0.123196
0.000000 0.000000 0.000000
-0.014365 0.022366 0.242752
0.000000 0.000000 0.000000
0.000000 0.000000 0.000000
0.014391 -0.023809 0.971067
0.000000 0.000000 0.000000
0.007699 0.031752 0.669559
0.083863 -0.025369 0.976891
0.000000 0.000000 0.000000
0.000000 0.000000 0.000000
0.000000 0.000000 0.000000
0.000000 0.000000 0.000000
0.000000 0.000000 0.000000
0.020254 0.033770 0.681551
0.034462 0.012238 0.590002
0.062215 -0.029815 0.915623
0.000000 0.000000 0.000000
0.000000 0.000000 0.000000
0.000000 0.000000 0.000000
0.000000 0.000000 0.000000
-0.032740 0.022366 0.362406
0.000000 0.000000 0.000000
0.000000 0.000000 0.000000
0.000000 0.000000 0.000000
-0.003982 0.022366 0.480228
-0.041697 0.015058 0.618658
0.000000 0.000000 0.000000
0.000000 0.000000 0.000000
0.000000 0.000000 0.000000
0.000000 0.000000 0.000000
0.033174 0.031338 0.296098
0.000000 0.000000 0.000000
0.000000 0.000000 0.000000
0.034753 0.031752 0.665953
-0.050758 0.028030 0.176695
0.000000 0.000000 0.000000
0.000000 0.000000 0.000000
0.006107 0.022366 0.157403
0.000000 0.000000 0.000000
-0.013065 -0.005016 0.682447
0.000000 0.000000 0.000000
0.000000 0.000000 0.000000
0.000000 0.000000 0.000000
-0.002418 -0.010653 0.195352
-0.013545 0.022091 0.778592
0.000000 0.000000 0.000000
0.000000 0.000000 0.000000
0.063068 0.006719 0.845059
-0.018715 0.000660 0.879750
-0.004694 -0.028650 0.901269
0.000000 0.000000 0.000000
0.000000 0.000000 0.000000
0.000000 0.000000 0.000000
0.000000 0.000000 0.000000
-0.041042 0.031752 0.546083
0.000000 0.000000 0.000000
0.019521 0.031966 0.474250
0.000000 0.000000 0.000000
0.000000 0.000000 0.000000
-0.068333 0.013746 0.830911
0.000000 0.000000 0.000000
0.000000 0.000000 0.000000
0.000000 0.000000 0.000000
0.000000 0.000000 0.000000
0.000000 0.000000 0.000000
0.000000 0.000000 0.000000
-0.034313 -0.006484 0.937050
-0.040780 0.010759 0.441795
-0.023143 0.022366 0.388915
-0.046452 0.014399 0.191176
0.003511 -0.006913 0.543400
0.000000 0.000000 0.000000
-0.036290 0.022366 0.244169
0.000000 0.000000 0.000000
0.000000 0.000000 0.000000
0.000000 0.000000 0.000000
0.000000 0.000000 0.000000
0.000000 0.000000 0.000000
0.000000 0.000000 0.000000
0.097338 0.019139 0.798378
0.000000 0.000000 0.000000
0.042200 0.031752 0.443208
-0.002759 0.037494 0.781617
-0.003354 0.022366 0.744743
0.000000 0.000000 0.000000
0.000000 0.000000 0.000000
0.000000 0.000000 0.000000
0.000000 0.000000 0.000000
-0.034619 0.004897 0.512542
0.012314 -0.003019 0.725403
0.000000 0.000000 0.000000
0.000000 0.000000 0.000000
0.000000 0.000000 0.000000
-0.006911 -0.009438 0.281625
0.004554 0.031752 0.621698
-0.043773 0.032670 0.338087
0.000000 0.000000 0.000000
-0.037047 0.031752 0.714296
0.071159 -0.018907 0.898906
-0.079824 -0.044724 0.966919
0.000000 0.000000 0.000000
-0.051323 0.030649 0.129194
-0.010894 -0.007933 0.406602
0.000000 0.000000 0.000000
-0.024450 0.022366 0.502461
0.000000 0.000000 0.000000
0.041543 0.027810 0.496659
0.000000 0.000000 0.000000
0.000000 0.000000 0.000000
0.000000 0.000000 0.000000
0.000000 0.000000 0.000000
0.000000 0.000000 0.000000
0.000000 0.000000 0.000000
0.000000 0.000000 0.000000
-0.006958 0.031752 0.538095
-0.039784 -0.001212 0.798875
0.000000 0.000000 0.000000
0.028046 0.022366 0.139766
0.000000 0.000000 0.000000
0.000000 0.000000 0.000000
0.000000 0.000000 0.000000
-0.025761 -0.005805 0.816015
0.000000 0.000000 0.000000
0.000000 0.000000 0.000000
0.000000 0.000000 0.000000
0.000000 0.000000 0.000000
0.000000 0.000000 0.000000
0.000000 0.000000 0.000000
-0.008519 0.022366 0.719865
0.000000 0.000000 0.000000
0.000000 0.000000 0.000000
-0.020198 0.031752 0.206360
-0.004680 -0.004572 0.899278
0.000000 0.000000 0.000000
0.000000 0.000000 0.000000
0.000000 0.000000 0.000000
0.000000 0.000000 0.000000
-0.003913 0.031752 0.402453
0.017939 -0.006401 0.200483
0.000000 0.000000 0.000000
0.000000 0.000000 0.000000
0.000000 0.000000 0.000000
0.000000 0.000000 0.000000
0.000000 0.000000 0.000000
-0.040948 0.022366 0.377318
0.000000 0.000000 0.000000
0.032173 -0.000560 0.796440
-0.014447 0.022366 0.434601
0.000000 0.000000 0.000000
0.087325 -0.010511 0.828933
0.000000 0.000000 0.000000
0.026459 0.022366 0.785016
0.000000 0.000000 0.000000
0.091151 -0.051917 0.988108
0.014416 0.022366 0.174109
0.000000 0.000000 0.000000
-0.035519 0.008705 0.730623
0.000000 0.000000 0.000000
-0.022825 0.022366 0.680814
0.000000 0.000000 0.000000
-0.012860 0.022366 0.463398
0.000000 0.000000 0.000000
0.000000 0.000000 0.000000
-0.086409 0.006655 0.773033
0.000000 0.000000 0.000000
0.000000 0.000000 0.000000
-0.052519 -0.010227 0.890007
-0.023321 -0.003447 0.455546
0.000000 0.000000 0.000000
0.015011 0.022366 0.226478
0.000000 0.000000 0.000000
0.000000 0.000000 0.000000
0.000000 0.000000 0.000000
-0.007930 0.031752 0.705817
0.040551 0.021559 0.529804
-0.035102 0.003980 0.891488
0.010315 0.022366 0.609912
0.000000 0.000000 0.000000
0.000000 0.000000 0.000000
0.000000 0.000000 0.000000
0.000000 0.000000 0.000000
-0.097211 0.001622 0.807202
0.000000 0.000000 0.000000
-0.018177 0.031752 0.283164
0.000000 0.000000 0.000000
-0.015653 -0.007510 0.323396
0.000000 0.000000 0.000000
0.044517 0.031752 0.196137
0.000000 0.000000 0.000000
