0.446997 -0.581316 -0.104935
0.295366 -0.192175 -0.666861
-0.499079 0.248766 0.382040
-0.018151 -0.619327 0.370624
-0.580960 -0.043468 -0.420864
-0.099539 0.451852 -0.467717
-0.303906 -0.614175 -0.234810
0.000000 0.000000 0.000000
-0.143803 -0.133472 0.699505
-0.649343 -0.309174 0.248579
-0.504171 0.375763 -0.150150
-0.210078 -0.292714 -0.634668
0.289552 -0.227569 0.621566
0.000000 0.000000 0.000000
0.106382 -0.559226 -0.483845
-0.046007 0.083699 -0.697521
-0.711640 0.031267 -0.042956
-0.320149 -0.619327 0.105947
-0.207578 0.273138 0.608184
-0.438509 -0.105328 0.606551
-0.153600 0.607150 -0.103656
0.382400 -0.516256 0.317368
-0.636343 -0.376612 -0.167114
-0.411310 0.469141 0.211474
0.061359 -0.619327 -0.203545
-0.430003 0.235655 -0.509737
-0.310137 -0.437714 0.488266
0.117035 0.104408 0.708916
-0.255559 -0.619327 0.043287
0.000000 0.000000 0.000000
0.031216 -0.415165 0.593014
-0.634598 -0.003974 0.332427
-0.485632 -0.359538 -0.459970
0.000000 0.000000 0.000000
-0.592244 0.275043 0.147419
-0.073853 0.373176 -0.518929
0.162579 -0.619327 0.088558
-0.707798 0.139908 -0.136071
0.083649 -0.356960 -0.658192
-0.410029 -0.090281 -0.633070
0.000000 0.000000 0.000000
-0.569606 -0.479961 0.100960
-0.324688 0.428469 -0.336245
0.000000 0.000000 0.000000
-0.701491 -0.219869 0.026280
-0.192380 -0.540182 -0.481655
-0.702320 -0.176629 -0.226221
0.110818 -0.041745 -0.705198
-0.573698 0.225235 -0.353575
-0.230948 0.554481 0.157754
-0.209021 -0.318778 0.653179
-0.379578 0.331997 0.422516
-0.234074 0.197285 -0.647296
-0.390499 0.104742 0.569767
-0.404255 -0.552099 0.308707
-0.495282 -0.323055 0.426438
0.000000 0.000000 0.000000
0.201522 -0.590144 0.355241
-0.179873 0.427959 0.429949
0.075353 -0.188241 0.727286
0.000000 0.000000 0.000000
-0.243400 -0.020594 -0.709914
0.254523 -0.424842 0.521874
-0.350394 0.541589 -0.074378
-0.109219 0.556701 -0.309662
-0.497047 -0.556436 -0.103295
-0.101440 0.110967 0.680391
0.000000 0.000000 0.000000
0.278677 -0.629726 -0.283630
-0.532442 -0.052015 0.529026
-0.064378 0.417939 0.510707
-0.019437 -0.619327 0.064168
0.000000 0.000000 0.000000
-0.245089 0.011097 0.668432
-0.212198 -0.453334 -0.522245
-0.059752 -0.224820 -0.724755
-0.144929 -0.503942 0.533677
0.390667 -0.578616 0.153819
-0.463211 -0.483874 -0.339061
-0.486102 0.413599 0.037948
0.053592 0.224854 -0.632215
-0.702350 -0.018196 0.144916
-0.668350 0.105254 0.282314
-0.267213 0.363013 -0.466445
0.307994 -0.040254 0.673976
0.000000 0.000000 0.000000
-0.525085 -0.445083 0.315764
0.000000 0.000000 0.000000
-0.016387 -0.619327 -0.370630
-0.546593 -0.192703 -0.444758
-0.146368 0.202262 -0.665226
-0.145250 -0.619327 -0.143125
-0.465452 0.061925 -0.568670
-0.226152 -0.636771 0.323829
0.266803 -0.428715 -0.556452
-0.692643 0.013151 -0.282187
-0.011038 -0.464219 -0.589615
-0.629854 -0.167815 0.395410
0.241437 -0.619327 -0.087306
-0.360600 -0.234428 0.587946
-0.715135 0.152983 0.041386
-0.490275 0.319073 0.307274
-0.012121 -0.619327 -0.119662
-0.164925 -0.619327 -0.269966
0.101495 -0.523176 0.481584
-0.154614 -0.205917 0.684274
-0.600395 0.288220 -0.007585
-0.027032 -0.046869 0.744345
-0.351605 -0.340856 -0.542971
-0.403521 -0.629081 -0.070626
-0.449542 0.169414 0.499750
-0.451421 0.345147 -0.385598
-0.644423 0.155099 0.218478
-0.001827 0.247532 0.659176
-0.185980 0.505278 0.310496
-0.062385 -0.070137 -0.747194
-0.747487 -0.100708 -0.083279
-0.631079 -0.353922 0.087229
-0.151297 -0.619327 0.189684
0.186549 -0.061954 0.689155
-0.539324 0.114099 0.479391
-0.554643 -0.507590 0.012645
-0.261331 0.544122 -0.236535
0.195143 0.216842 -0.606542
-0.715085 -0.189511 0.177243
0.000000 0.000000 0.000000
-0.583026 0.096556 -0.434527
-0.442395 -0.542942 0.182516
-0.357919 -0.473890 -0.410071
0.040144 -0.619327 0.230998
-0.547155 -0.358403 -0.320173
0.108912 -0.215076 -0.686421
0.046955 0.294833 -0.585769
0.183928 -0.326390 0.656595
0.000000 0.000000 0.000000
-0.517003 -0.109462 -0.541926
0.241680 -0.549005 -0.444039
-0.067852 -0.578991 0.464391
-0.320183 0.460667 0.351466
0.268595 -0.312137 -0.596121
-0.321179 -0.069080 -0.639819
0.000000 0.000000 0.000000
0.000000 0.000000 0.000000
-0.185122 -0.174699 -0.679068
0.097454 0.177282 -0.686397
-0.265418 0.143510 0.625254
-0.208529 -0.592761 0.405390
-0.193629 0.474771 -0.357031
-0.294811 -0.134143 0.648795
0.000000 0.000000 0.000000
0.000000 0.000000 0.000000
-0.351718 0.254325 0.555356
-0.592721 0.250899 -0.206191
-0.638530 -0.137263 -0.327972
0.266628 -0.619327 0.213607
-0.418176 -0.621830 -0.004106
-0.694903 -0.290709 -0.108370
-0.640284 -0.369474 0.170472
0.197725 -0.112889 -0.682660
-0.340638 -0.216331 -0.643254
-0.529130 -0.452830 -0.202170
-0.520095 -0.201243 0.518012
-0.076465 -0.362121 -0.658002
-0.036096 -0.301307 0.690439
-0.397530 -0.450294 0.460289
-0.274880 0.347659 0.522842
0.000000 0.000000 0.000000
-0.306561 0.536983 0.073994
0.000000 0.000000 0.000000
0.000000 0.000000 0.000000
-0.612084 -0.267584 -0.301839
-0.348820 0.072972 -0.642747
-0.047245 -0.115138 0.710160
0.155210 -0.619327 -0.006824
-0.497407 0.409803 0.183756
0.118261 -0.631960 -0.378015
0.374729 -0.460759 0.451842
-0.165631 0.150013 0.692221
0.000000 0.000000 0.000000
-0.174221 -0.397302 0.615363
-0.191336 0.326301 -0.575400
-0.515260 0.230747 -0.434176
0.051806 0.443356 -0.483129
-0.297590 0.279605 -0.565099
-0.044948 0.345142 0.584009
-0.609597 0.161626 0.360598
-0.597601 0.268764 0.255743
-0.429560 -0.259060 -0.526449
0.000000 0.000000 0.000000
0.291131 -0.349721 0.559678
-0.386316 0.453573 -0.213564
-0.465611 0.430657 -0.027525
-0.628600 0.130119 -0.281271
0.000000 0.000000 0.000000
-0.722262 0.106809 -0.061646
-0.377608 0.004206 0.606227
-0.404604 -0.299123 0.565341
0.124896 -0.450656 -0.590489
-0.298833 -0.351087 0.565726
-0.182788 0.052674 -0.712786
-0.754089 -0.078187 0.053792
-0.387198 -0.548142 -0.267264
-0.327497 -0.515296 0.386802
0.137555 0.055209 -0.723688
0.382783 -0.639696 -0.029833
0.000000 0.000000 0.000000
-0.589224 -0.420952 -0.057259
-0.598817 -0.314191 0.349026
0.000000 0.000000 0.000000
-0.143872 0.007246 0.701605
-0.299902 -0.576865 -0.367869
0.015605 -0.166976 -0.702232
-0.611232 0.099024 -0.335284
-0.463089 -0.438280 -0.410349
-0.107195 -0.307802 -0.681070
-0.034954 -0.484868 0.567247
0.224015 0.061049 0.700388
0.064404 -0.327005 0.678819
0.308593 -0.566092 0.368743
0.114266 -0.634499 0.378810
-0.146083 0.481777 0.415197
-0.284009 -0.220942 0.634779
0.310840 -0.533991 -0.368197
0.189803 -0.178750 0.675171
-0.176064 -0.608074 -0.394674
0.012431 0.106530 0.722376
0.343656 -0.638882 -0.169727
-0.265145 -0.619327 -0.081164
0.207954 -0.284389 -0.664268
0.289214 -0.619327 0.074070
-0.689270 -0.111969 0.295002
-0.043676 0.211795 -0.645670
-0.461600 0.374967 -0.256064
-0.052622 -0.580334 -0.465354
0.189609 -0.478535 -0.539488
-0.152967 0.383385 0.490526
-0.381733 0.184963 -0.583256
-0.290259 0.513878 0.268573
-0.095353 -0.619327 -0.060163
-0.422553 0.402599 0.328928
-0.457321 0.052963 0.540745
-0.713195 -0.052761 -0.097622
-0.633319 0.230747 -0.086169
-0.561190 -0.006840 0.444307
0.000000 0.000000 0.000000
0.003614 -0.510645 -0.505865
-0.685443 0.100183 0.112766
0.168755 -0.619327 -0.258336
0.100508 -0.056356 0.737189
-0.225732 -0.499043 0.510270
-0.089310 -0.411769 0.622187
-0.331235 -0.637354 0.221147
-0.570015 -0.214309 0.456252
-0.369532 -0.166693 0.601795
0.342397 -0.600624 0.268525
0.147016 -0.447537 0.584715
-0.123433 -0.619327 0.288494
-0.491443 -0.559535 0.088624
-0.140201 -0.485494 -0.551900
-0.535238 -0.477089 0.226909
-0.265093 0.577606 -0.111261
0.219748 -0.534533 0.468697
0.351214 -0.366313 -0.509362
-0.321519 0.532124 0.182921
0.285597 -0.455386 -0.476589
-0.647109 -0.217692 0.264466
-0.690826 0.036506 -0.179041
-0.561169 -0.294161 -0.417108
-0.045985 -0.619327 -0.303152
-0.415722 0.498015 0.062100
0.014314 -0.038595 -0.712403
-0.714592 0.036056 0.223283
0.000000 0.000000 0.000000
-0.180326 -0.383380 -0.624090
-0.419126 0.259131 0.463293
-0.571848 0.286562 -0.289134
-0.100994 0.255243 0.613112
-0.327619 -0.418852 -0.496983
-0.124051 -0.619327 0.081552
0.000000 0.000000 0.000000
-0.235067 -0.134803 0.669641
-0.234273 0.282696 -0.592872
0.036600 -0.619327 0.132222
-0.251082 0.594929 -0.005933
0.000000 0.000000 0.000000
-0.106745 0.306955 -0.606435
0.402269 -0.621091 0.066592
0.000000 0.000000 0.000000
-0.171230 0.579803 -0.222997
-0.565938 -0.379967 -0.255993
-0.576393 0.357401 -0.094645
0.000000 0.000000 0.000000
-0.082415 -0.619327 -0.174601
-0.369728 0.306403 -0.451184
-0.671071 0.206523 0.129959
-0.258388 -0.500771 -0.449687
-0.727481 -0.189680 -0.134417
0.333750 -0.462128 -0.435862
-0.615745 -0.441500 0.041979
-0.189082 0.441731 -0.453346
-0.661315 -0.306507 -0.031803
-0.621346 -0.077849 0.367072
-0.586272 0.064842 0.395606
0.311936 -0.168080 0.625674
-0.511123 0.189102 0.465361
0.000000 0.000000 0.000000
0.000000 0.000000 0.000000
-0.416826 -0.354609 0.482260
0.000000 0.000000 0.000000
-0.693510 -0.076033 0.204878
0.000000 0.000000 0.000000
-0.080691 0.527419 -0.362966
-0.429625 -0.457782 0.359831
-0.423434 -0.175360 -0.606583
-0.205288 -0.619327 -0.211772
0.034558 -0.279189 -0.665839
-0.322192 0.165947 -0.622461
-0.560549 0.334187 0.216803
-0.402158 -0.601982 -0.192207
-0.428164 -0.605861 0.094532
-0.365570 0.396845 0.404127
-0.165318 -0.572268 0.449207
-0.566387 0.260452 0.335495
-0.468369 -0.551924 -0.202927
-0.406724 0.496139 0.124939
0.065548 -0.619327 -0.315942
-0.664771 0.198441 -0.181482
-0.114053 -0.143193 -0.698228
-0.559034 0.019820 -0.501880
-0.262064 -0.365608 -0.567727
-0.323960 0.391997 -0.388910
0.018144 0.135113 -0.711496
0.186406 0.151824 -0.644269
0.000000 0.000000 0.000000
0.049401 -0.619327 -0.036191
0.146971 -0.619327 0.277062
-0.471303 -0.032443 -0.580071
-0.081190 0.197112 0.678575
-0.313480 -0.569920 0.312417
0.339856 -0.609706 -0.252911
0.000000 0.000000 0.000000
0.000000 0.000000 0.000000
0.000000 0.000000 0.000000
0.000000 0.000000 0.000000
-0.043848 -0.201330 0.726664
0.217058 -0.016026 -0.708587
-0.158837 0.402965 -0.510407
0.343496 -0.279745 -0.608442
-0.488684 0.120123 -0.528357
-0.410531 0.465010 -0.108292
0.146409 0.293734 -0.608601
0.022323 -0.556027 0.457725
-0.215103 -0.411955 0.553835
0.000000 0.000000 0.000000
-0.199489 0.543195 0.226771
0.138474 -0.619327 -0.104250
-0.705023 -0.133435 0.113733
0.000000 0.000000 0.000000
-0.614059 0.000245 -0.369231
0.000000 0.000000 0.000000
-0.354099 0.544064 0.015494
-0.580146 0.359961 0.052507
0.055493 0.253897 0.618867
-0.503661 -0.258308 -0.506458
-0.125453 -0.317219 0.644180
-0.140799 0.347057 0.571439
0.050583 0.048809 -0.699858
-0.687451 -0.046931 -0.209316
-0.744893 -0.007764 0.086933
0.039114 -0.410439 -0.625934
0.042824 0.019702 0.712765
-0.549034 -0.286677 0.386834
-0.630715 -0.121368 -0.400786
-0.589031 -0.446087 0.167517
0.188499 -0.370823 -0.624711
-0.080460 -0.000110 -0.740849
-0.676673 -0.271169 -0.212446
-0.403378 -0.365652 -0.479422
-0.544963 0.165075 -0.449259
-0.232002 -0.619327 0.146201
-0.659305 -0.275661 0.143298
-0.435114 -0.057511 0.570027
-0.477797 -0.308780 0.506169
-0.568734 -0.084339 -0.497619
0.000000 0.000000 0.000000
-0.463248 0.457945 0.113863
-0.269143 0.107211 -0.670933
-0.122720 0.113712 -0.707596
0.176109 -0.565738 -0.404754
-0.286107 -0.286533 -0.602097
0.000000 0.000000 0.000000
-0.374630 -0.543188 -0.358323
-0.155453 -0.037989 -0.696265
-0.413774 0.401622 -0.345069
0.098985 -0.137924 -0.733015
-0.697401 -0.302897 0.057544
-0.335147 0.536016 -0.142712
-0.285657 -0.161141 -0.645504
-0.249768 0.399593 0.431726
-0.329893 0.348806 0.440825
-0.266349 -0.226003 -0.675606
-0.399665 0.186590 0.563855
0.000000 0.000000 0.000000
0.000000 0.000000 0.000000
-0.297671 0.475863 -0.278701
-0.008555 0.287818 -0.631294
0.167076 -0.619327 0.185134
-0.458624 -0.207694 0.570412
0.062378 -0.487317 0.562499
0.090634 0.362488 -0.566226
-0.685980 0.203113 -0.017429
-0.627135 -0.250058 0.351037
0.053364 -0.257923 0.676460
0.196444 -0.197049 -0.700666
0.043166 -0.090539 0.749417
-0.561197 0.362585 0.142315
-0.336317 -0.619327 -0.143931
0.035912 0.381366 -0.551630
0.081793 0.167823 0.692744
0.000000 0.000000 0.000000
-0.657405 -0.370372 -0.062424
-0.699704 -0.097689 -0.275913
-0.574796 -0.411106 -0.168293
-0.670798 0.097095 0.195044
0.156848 -0.266101 0.686942
-0.743624 -0.152805 -0.009868
-0.624903 -0.307087 -0.216251
0.272744 -0.619861 0.306061
0.231112 -0.580690 -0.349691
-0.269347 0.038855 -0.655405
-0.737561 -0.106779 -0.163949
-0.374187 -0.502745 0.415435
-0.355355 -0.016379 -0.620984
-0.535622 -0.476870 -0.114198
-0.415064 0.501096 -0.022184
-0.257185 0.414897 -0.408959
-0.536083 -0.443350 -0.297935
-0.069584 -0.452223 -0.597585
0.213980 -0.384873 0.609382
-0.105611 -0.619327 -0.343730
0.000000 0.000000 0.000000
-0.328710 0.512474 -0.223786
0.164072 -0.580234 0.435350
-0.249528 -0.609208 -0.298315
0.305291 -0.619327 -0.023923
0.374075 -0.268753 0.598542
-0.467854 0.283789 -0.381646
-0.387729 -0.597873 0.228197
0.000000 0.000000 0.000000
-0.277339 0.211781 0.584676
-0.274226 0.456125 0.388834
-0.217349 0.201976 0.646369
0.191078 0.124537 0.656943
0.120309 -0.285512 -0.656709
-0.486866 -0.535118 -0.030452
-0.643451 0.241960 0.180369
-0.481972 -0.411831 0.407701
-0.607300 -0.385089 0.236670
-0.628922 -0.193566 -0.380297
0.146010 -0.132260 0.724280
0.398138 -0.524092 -0.343189
-0.604543 0.165356 0.289614
-0.175078 -0.261948 -0.687505
-0.280498 -0.057772 0.692418
-0.417779 0.033521 -0.577305
-0.214915 0.504285 -0.294281
-0.008909 -0.344714 0.638123
-0.436899 0.423587 -0.185507
-0.545208 0.024129 0.509180
-0.585881 -0.090150 0.469222
-0.609599 0.102623 0.332248
-0.485250 -0.192640 -0.549391
-0.436610 0.336540 0.352197
-0.254161 -0.528944 0.421096
0.100171 -0.487594 -0.520661
-0.095229 -0.068612 0.708447
-0.041373 0.032023 0.738120
0.243338 -0.277404 0.621007
0.000000 0.000000 0.000000
0.000000 0.000000 0.000000
0.270086 -0.136556 -0.686391
-0.438536 -0.519163 0.247533
0.000000 0.000000 0.000000
-0.229513 0.597831 0.087659
-0.585331 0.163999 -0.391142
0.152609 0.022216 0.691815
0.248361 -0.235710 -0.636561
-0.005976 0.399120 -0.535544
-0.650120 -0.050577 -0.316119
0.252418 -0.131174 0.696888
0.330673 -0.412268 0.533132
0.000000 0.000000 0.000000
-0.270184 -0.110898 -0.698222
0.139723 0.218640 -0.660462
-0.321213 -0.003865 0.675755
-0.357581 -0.113206 0.660128
-0.739560 -0.161506 0.074473
-0.671952 -0.317733 -0.168007
0.325785 -0.619327 0.158035
-0.719938 -0.040048 -0.002011
0.251276 -0.014701 0.665077
-0.569899 0.017466 -0.432586
-0.064291 -0.486114 -0.526945
-0.339660 0.081241 0.612063
0.400592 -0.549162 0.227541
-0.536418 -0.362849 0.338071
0.000000 0.000000 0.000000
0.000000 0.000000 0.000000
-0.542573 0.184160 0.381269
-0.080875 -0.619327 0.138033
-0.675205 0.232415 0.035295
-0.684344 -0.241636 0.085954
-0.568892 0.338893 -0.178184
-0.336595 -0.292684 0.615020
-0.103240 -0.513445 -0.492997
0.000000 0.000000 0.000000
0.012830 0.451973 -0.436628
-0.216574 0.560558 -0.154551
0.042601 -0.586593 -0.412249
-0.653309 0.186319 -0.232527
0.324492 -0.312265 0.602484
0.000000 0.000000 0.000000
-0.348203 0.501008 0.230371
-0.441098 -0.498827 -0.278759
0.020887 -0.537015 0.521424
0.385554 -0.560979 -0.220638
-0.491714 -0.511011 0.148929
0.000000 0.000000 0.000000
-0.376981 -0.364606 0.543546
0.096249 0.114005 -0.711183
-0.145629 0.259066 -0.600131
-0.491641 0.357350 0.235508
0.187729 0.069584 -0.670267
-0.483768 -0.483969 -0.241369
-0.469769 0.416188 -0.116062
-0.192372 0.475617 0.359347
-0.273289 0.077732 0.676192
-0.216966 0.301124 0.544160
0.000000 0.000000 0.000000
-0.732734 0.071370 0.076118
0.271132 -0.619327 -0.216931
-0.177455 -0.096646 -0.726658
-0.256234 0.467260 -0.331085
0.000000 0.000000 0.000000
0.258385 -0.071670 -0.696517
-0.405708 0.115420 -0.559005
-0.362344 -0.283458 -0.603263
-0.521894 0.412861 -0.063431
0.124079 -0.321558 0.636505
-0.072534 -0.486913 0.524366
-0.381769 0.452950 -0.293439
0.071263 -0.585400 0.409108
0.047892 -0.214883 -0.722954
-0.592314 0.284357 -0.129866
-0.358764 0.276068 0.488779
0.000000 0.000000 0.000000
-0.661013 -0.204079 0.315407
0.055379 -0.096959 -0.711706
-0.132713 0.500320 0.342598
0.358527 -0.571064 -0.309395
0.449065 -0.589483 -0.035691
-0.519791 -0.413238 -0.357246
-0.064108 0.167900 -0.698288
-0.370253 0.426002 0.290211
-0.388389 -0.493445 0.355448
0.097061 0.398844 -0.488134
0.361320 -0.613294 -0.100000
-0.646625 0.251316 -0.152890
-0.745096 -0.086772 0.103528
-0.159839 0.228991 0.652167
-0.391867 -0.447675 -0.463281
-0.163588 0.078692 0.680472
0.159897 -0.482012 0.510699
0.063930 -0.619327 -0.100248
-0.446695 0.425129 -0.251792
-0.500671 0.387538 0.113110
-0.615839 -0.345416 -0.288124
0.000000 0.000000 0.000000
-0.038286 -0.275452 -0.672920
0.369759 -0.470282 0.394060
0.000000 0.000000 0.000000
-0.234254 0.325994 -0.516276
-0.230327 0.389350 0.498460
-0.511842 -0.132184 0.546769
-0.517344 0.324539 -0.250185
-0.697196 -0.234590 0.210799
0.229719 -0.619327 0.127746
0.353206 -0.343975 -0.568092
0.146455 -0.146817 -0.694163
0.006574 -0.237957 0.719837
-0.660211 -0.243536 -0.293660
-0.592243 -0.403135 0.116785
-0.308201 0.338482 -0.509828
-0.333669 0.178847 0.573199
0.000000 0.000000 0.000000
0.000000 0.000000 0.000000
-0.119218 -0.550307 0.495660
-0.192249 -0.266210 0.682008
-0.031708 0.499315 -0.414542
0.171059 -0.422192 -0.557810
0.000000 0.000000 0.000000
-0.091569 -0.619327 -0.250053
-0.270294 -0.619327 -0.156570
-0.708333 0.018598 -0.122619
-0.624277 0.300242 0.066036
-0.160044 -0.063572 0.734917
-0.107601 -0.612448 0.413319
-0.463411 0.177151 -0.475787
-0.369131 0.274717 -0.530976
-0.086842 -0.589265 -0.403245
0.014980 0.157449 0.672368
0.270597 -0.484309 0.497611
-0.307885 0.210683 -0.567297
0.358521 -0.322540 0.542615
-0.158012 0.569763 0.256165
0.228443 -0.619327 0.007478
0.000000 0.000000 0.000000
-0.105642 -0.390147 -0.598187
-0.296838 0.545295 -0.028247
-0.328972 -0.191932 0.659396
0.000000 0.000000 0.000000
-0.334438 -0.573018 -0.286336
-0.705094 -0.143950 -0.118765
-0.444260 -0.091972 -0.565000
-0.669986 0.091144 -0.194618
-0.530613 -0.272079 0.467856
0.173003 -0.530867 -0.492224
-0.253666 -0.569034 0.361219
-0.044280 -0.354675 0.663661
0.326087 -0.507329 0.434851
-0.383518 -0.056251 0.643397
-0.495563 -0.299625 -0.447757
-0.451468 -0.325801 -0.514649
0.424437 -0.489908 0.367844
-0.591798 -0.312273 -0.359076
-0.439340 0.050889 0.592508
-0.339464 -0.136806 -0.659756
0.394580 -0.409937 0.483617
-0.024227 0.421552 -0.472893
-0.002176 -0.099488 -0.747664
-0.004691 -0.357371 -0.664635
-0.094626 -0.159226 0.730428
-0.083360 -0.215474 0.689243
-0.727707 0.068554 -0.123948
-0.428632 0.325282 0.429715
0.081004 -0.393862 0.633428
-0.315030 -0.473774 -0.493257
-0.530781 0.372790 0.003476
-0.414341 0.158428 -0.530333
-0.574467 -0.229552 0.393329
-0.709848 -0.032100 0.251231
-0.011491 0.344725 -0.587680
-0.591744 0.192301 -0.297305
0.000000 0.000000 0.000000
-0.055388 -0.139502 -0.742254
-0.586128 0.130922 0.418036
-0.239163 -0.561071 -0.433127
-0.236413 -0.333140 0.601871
0.238928 -0.383359 -0.561334
-0.345818 -0.600762 0.278243
-0.323311 -0.619327 -0.041617
-0.638002 -0.355704 0.012378
-0.155925 -0.603040 0.363995
-0.512230 -0.514694 -0.186130
-0.101189 -0.466768 0.579593
-0.279171 0.533238 -0.161195
-0.131382 -0.219123 -0.713318
0.239086 -0.568033 0.417176
-0.168270 0.568563 0.184829
-0.089562 -0.273384 0.665007
-0.393312 -0.480064 -0.371890
-0.325840 0.306247 0.526553
-0.252330 -0.619327 0.268373
0.000000 0.000000 0.000000
0.098689 -0.417217 0.578935
-0.464357 0.228342 0.489532
-0.047013 0.075954 0.693847
-0.471474 -0.372703 0.459840
0.000000 0.000000 0.000000
-0.035985 0.294214 0.623932
0.067979 0.066465 0.728397
0.000000 0.000000 0.000000
0.000000 0.000000 0.000000
-0.717612 0.071621 0.156135
-0.527732 0.074729 -0.468458
-0.720261 -0.234904 -0.077924
-0.043718 -0.619327 0.307261
-0.095551 0.432648 0.452696
0.000000 0.000000 0.000000
0.163295 0.006071 -0.693081
-0.687678 -0.139086 0.200415
-0.678420 -0.238734 -0.148741
0.000000 0.000000 0.000000
0.000000 0.000000 0.000000
-0.195992 0.599928 0.015285
-0.448707 0.401528 0.214450
0.318093 -0.443843 0.471781
0.267815 -0.005081 -0.690288
-0.696696 0.063371 -0.237554
-0.690538 0.185133 -0.076821
-0.086066 -0.619327 0.202733
0.066592 -0.475985 -0.572420
-0.620607 -0.076926 -0.365301
-0.567911 -0.231741 -0.394654
-0.478694 0.359382 -0.326314
-0.146870 -0.451204 0.586509
-0.266238 -0.462306 0.533316
0.398719 -0.602094 -0.167148
-0.193497 -0.007786 0.720776
-0.364072 0.478148 0.174004
-0.201653 0.112789 -0.692995
-0.151908 0.520431 -0.302037
-0.717367 0.028515 0.022740
-0.318964 -0.535256 -0.416122
-0.275648 -0.312269 0.632624
-0.460718 -0.587359 -0.044253
-0.080534 0.259483 -0.612047
