0.000000 0.000000 0.000000
0.148624 0.286179 0.344353
0.645170 -0.677524 0.287063
0.000000 0.000000 0.000000
0.000000 0.000000 0.000000
0.640439 0.558269 0.012305
0.000000 0.000000 0.000000
0.643320 -0.059524 0.280269
0.000000 0.000000 0.000000
0.000000 0.000000 0.000000
0.555781 0.558269 0.288492
0.667265 0.035458 -0.188794
0.514916 -0.285645 0.342500
0.000000 0.000000 0.000000
0.000000 0.000000 0.000000
0.000000 0.000000 0.000000
0.000000 0.000000 0.000000
0.643320 -0.361033 -0.064075
0.426663 0.397417 0.342500
0.311411 -0.591226 0.342500
0.000000 0.000000 0.000000
0.667385 0.234349 0.200882
0.280922 -0.081852 0.342500
0.000000 0.000000 0.000000
0.233946 0.558269 0.331849
0.000000 0.000000 0.000000
0.000000 0.000000 0.000000
0.000000 0.000000 0.000000
0.000000 0.000000 0.000000
0.645170 -0.677773 0.003912
0.000000 0.000000 0.000000
0.469753 0.060828 0.342500
0.665823 -0.685709 -0.104819
0.000000 0.000000 0.000000
0.386434 0.558299 0.010841
0.000000 0.000000 0.000000
0.667385 0.294274 -0.106812
0.000000 0.000000 0.000000
0.000000 0.000000 0.000000
0.643320 0.375656 0.311443
0.645170 -0.348120 0.177305
0.589635 -0.520777 -0.248928
0.559203 0.528679 -0.193735
0.000000 0.000000 0.000000
0.241129 -0.325215 0.342500
0.000000 0.000000 0.000000
0.000000 0.000000 0.000000
0.557347 -0.444671 0.344353
0.000000 0.000000 0.000000
0.667385 -0.108348 0.028199
0.000000 0.000000 0.000000
0.645170 0.108801 0.066373
0.000000 0.000000 0.000000
0.000000 0.000000 0.000000
0.534073 -0.389517 -0.218241
0.000000 0.000000 0.000000
0.000000 0.000000 0.000000
0.139659 0.397939 0.344353
0.248313 0.094488 0.344353
0.000000 0.000000 0.000000
0.476042 -0.180565 0.342500
0.339939 0.479125 0.342500
0.000000 0.000000 0.000000
0.000000 0.000000 0.000000
0.517675 0.255871 -0.202211
0.645170 0.487841 0.209792
0.000000 0.000000 0.000000
0.575104 0.344398 0.344353
0.000000 0.000000 0.000000
0.641305 -0.163592 -0.188794
0.000000 0.000000 0.000000
0.000000 0.000000 0.000000
0.000000 0.000000 0.000000
0.645170 0.072494 0.282064
0.102585 -0.089845 0.344353
0.000000 0.000000 0.000000
0.000000 0.000000 0.000000
0.000000 0.000000 0.000000
0.000000 0.000000 0.000000
0.000000 0.000000 0.000000
0.571912 0.558299 0.017684
0.000000 0.000000 0.000000
0.645170 -0.278311 0.151598
0.524269 -0.567555 0.342500
0.000000 0.000000 0.000000
0.000000 0.000000 0.000000
0.000000 0.000000 0.000000
0.000000 0.000000 0.000000
0.643320 -0.516057 0.225792
0.000000 0.000000 0.000000
0.326172 0.254778 0.344353
0.000000 0.000000 0.000000
0.645170 0.368144 0.050633
0.643320 -0.501150 0.034039
0.643157 0.156534 0.344353
0.000000 0.000000 0.000000
0.412071 -0.410266 0.342500
0.000000 0.000000 0.000000
0.348726 0.558269 0.201091
0.622917 -0.389517 -0.351059
0.000000 0.000000 0.000000
0.000000 0.000000 0.000000
0.000000 0.000000 0.000000
0.582758 -0.299813 -0.188794
0.000000 0.000000 0.000000
0.667385 -0.215519 0.318550
0.628738 0.212582 -0.188794
0.000000 0.000000 0.000000
0.667385 0.456022 -0.094456
0.000000 0.000000 0.000000
0.000000 0.000000 0.000000
0.524055 0.036446 -0.166580
0.645170 -0.237403 -0.041244
0.038918 -0.319163 0.342500
0.489410 0.398513 -0.164728
0.000000 0.000000 0.000000
0.000000 0.000000 0.000000
0.000000 0.000000 0.000000
0.667385 -0.043663 0.138361
0.000000 0.000000 0.000000
0.000000 0.000000 0.000000
0.589635 -0.610895 -0.203040
0.667385 -0.504622 -0.093293
0.000000 0.000000 0.000000
0.000000 0.000000 0.000000
0.000000 0.000000 0.000000
0.000000 0.000000 0.000000
0.645170 0.008548 -0.061349
0.406819 0.005686 0.342500
0.051736 0.190694 0.342500
0.000000 0.000000 0.000000
0.463800 0.230385 0.344353
0.000000 0.000000 0.000000
0.643320 0.146488 -0.080252
0.000000 0.000000 0.000000
0.000000 0.000000 0.000000
0.643320 0.515254 -0.098935
0.000000 0.000000 0.000000
0.000000 0.000000 0.000000
0.128262 0.064448 0.344353
0.645170 -0.340740 0.341368
0.000000 0.000000 0.000000
0.421827 0.556418 0.310612
0.000000 0.000000 0.000000
0.000000 0.000000 0.000000
0.656095 -0.685709 0.155889
0.294509 0.333351 0.342500
0.000000 0.000000 0.000000
0.209682 -0.492645 0.342500
0.000000 0.000000 0.000000
0.000000 0.000000 0.000000
0.620800 0.516036 0.342500
0.000000 0.000000 0.000000
0.000000 0.000000 0.000000
0.000000 0.000000 0.000000
0.566868 0.027462 0.344353
0.000000 0.000000 0.000000
0.250474 -0.022933 0.344353
0.000000 0.000000 0.000000
0.347373 -0.203602 0.342500
0.643320 -0.130605 0.156458
0.000000 0.000000 0.000000
0.000000 0.000000 0.000000
0.000000 0.000000 0.000000
0.663202 -0.411836 -0.188794
0.000000 0.000000 0.000000
0.664508 -0.542725 0.344353
0.562107 -0.053889 -0.188794
0.550266 -0.457049 -0.166580
0.643320 0.359336 0.186172
0.592712 0.338300 -0.211008
0.354738 0.133809 0.344353
0.000000 0.000000 0.000000
0.667385 0.482855 0.076616
0.000000 0.000000 0.000000
0.580406 0.558269 0.153135
0.000000 0.000000 0.000000
0.206790 -0.177200 0.342500
0.000000 0.000000 0.000000
0.124795 -0.250934 0.342500
0.645170 -0.264355 0.040402
0.000000 0.000000 0.000000
0.322149 -0.435760 0.342500
0.000000 0.000000 0.000000
0.000000 0.000000 0.000000
0.000000 0.000000 0.000000
0.000000 0.000000 0.000000
0.539452 -0.134980 -0.164728
0.000000 0.000000 0.000000
0.000000 0.000000 0.000000
0.000000 0.000000 0.000000
0.000000 0.000000 0.000000
0.509064 0.127611 -0.207951
0.000000 0.000000 0.000000
0.000000 0.000000 0.000000
0.000000 0.000000 0.000000
0.000000 0.000000 0.000000
0.645170 0.233071 0.002100
0.000000 0.000000 0.000000
0.000000 0.000000 0.000000
0.000000 0.000000 0.000000
0.212847 0.453710 0.342500
0.000000 0.000000 0.000000
0.645170 0.073618 0.163939
0.645170 -0.010591 -0.010890
0.000000 0.000000 0.000000
0.667385 -0.110615 -0.082629
0.061467 -0.481528 0.344353
0.000000 0.000000 0.000000
0.645170 -0.539812 -0.135009
0.000000 0.000000 0.000000
0.645170 -0.386438 0.078045
0.589954 -0.117086 0.344353
0.000000 0.000000 0.000000
0.000000 0.000000 0.000000
0.000000 0.000000 0.000000
0.000000 0.000000 0.000000
0.000000 0.000000 0.000000
0.000000 0.000000 0.000000
0.000000 0.000000 0.000000
0.568691 -0.685709 -0.243347
0.000000 0.000000 0.000000
0.645170 0.512433 0.269727
0.000000 0.000000 0.000000
0.000000 0.000000 0.000000
0.601109 -0.254283 -0.211008
0.449990 0.556418 0.139327
0.000000 0.000000 0.000000
0.000000 0.000000 0.000000
0.410302 -0.524879 0.344353
0.000000 0.000000 0.000000
0.000000 0.000000 0.000000
0.000000 0.000000 0.000000
0.643320 -0.070181 -0.159216
0.000000 0.000000 0.000000
0.000000 0.000000 0.000000
0.000000 0.000000 0.000000
0.667385 -0.446543 0.295293
0.307254 0.556418 0.081722
0.000000 0.000000 0.000000
0.000000 0.000000 0.000000
0.517750 0.467923 0.342500
0.487279 -0.440920 0.342500
0.000000 0.000000 0.000000
0.667385 0.161015 0.174988
0.000000 0.000000 0.000000
0.506805 0.558269 -0.084221
0.000000 0.000000 0.000000
0.124334 0.516639 0.342500
0.000000 0.000000 0.000000
0.537105 -0.224629 -0.211008
0.000000 0.000000 0.000000
0.592938 0.445824 -0.166580
0.000000 0.000000 0.000000
0.000000 0.000000 0.000000
0.000000 0.000000 0.000000
0.667385 -0.140724 0.263141
0.667385 0.554214 0.146942
0.666886 0.538749 -0.188295
0.558130 0.231776 0.344353
0.000000 0.000000 0.000000
0.154416 -0.427663 0.344353
0.667385 -0.305076 -0.118950
0.000000 0.000000 0.000000
0.515066 -0.559944 -0.166580
0.000000 0.000000 0.000000
0.493394 -0.066018 0.344353
0.667385 0.362387 -0.175826
0.000000 0.000000 0.000000
0.000000 0.000000 0.000000
0.667385 0.270306 0.098757
0.000000 0.000000 0.000000
0.119897 -0.361245 0.344353
0.000000 0.000000 0.000000
0.000000 0.000000 0.000000
0.000000 0.000000 0.000000
0.000000 0.000000 0.000000
0.645170 -0.602648 0.086502
0.643320 -0.267130 0.285481
0.667257 0.262939 0.344353
0.667385 0.283180 -0.027216
0.000000 0.000000 0.000000
0.667385 -0.581238 -0.037693
0.000000 0.000000 0.000000
0.000000 0.000000 0.000000
0.000000 0.000000 0.000000
0.000000 0.000000 0.000000
0.000000 0.000000 0.000000
0.000000 0.000000 0.000000
0.000000 0.000000 0.000000
0.000000 0.000000 0.000000
0.000000 0.000000 0.000000
0.050433 0.009117 0.344353
0.417523 -0.112818 0.344353
0.000000 0.000000 0.000000
0.643320 -0.585155 0.235581
0.151469 0.179948 0.344353
0.205895 0.558299 0.228590
0.000000 0.000000 0.000000
0.625622 -0.683499 -0.351700
0.667385 0.025663 0.199149
0.000000 0.000000 0.000000
0.667385 0.378655 -0.075653
0.000000 0.000000 0.000000
0.000000 0.000000 0.000000
0.000000 0.000000 0.000000
0.000000 0.000000 0.000000
0.000000 0.000000 0.000000
0.000000 0.000000 0.000000
0.000000 0.000000 0.000000
0.000000 0.000000 0.000000
0.667385 0.449039 0.261180
0.563127 0.088693 0.344353
0.000000 0.000000 0.000000
0.000000 0.000000 0.000000
0.588412 -0.212906 0.344353
0.667385 0.189901 0.091868
0.000000 0.000000 0.000000
0.000000 0.000000 0.000000
0.000000 0.000000 0.000000
0.000000 0.000000 0.000000
0.000000 0.000000 0.000000
0.000000 0.000000 0.000000
0.000000 0.000000 0.000000
0.666920 -0.315354 -0.188329
0.645170 -0.448622 0.156251
0.000000 0.000000 0.000000
0.666897 0.295222 -0.188305
0.201141 -0.074959 0.344353
0.050293 -0.163162 0.342500
0.000000 0.000000 0.000000
0.620166 -0.625126 0.344353
0.000000 0.000000 0.000000
0.000000 0.000000 0.000000
0.477262 0.558269 0.040176
0.643320 -0.402585 0.226300
0.000000 0.000000 0.000000
0.426112 0.500445 0.344353
0.667385 0.199846 0.264855
0.270191 0.198138 0.342500
0.000000 0.000000 0.000000
0.601800 0.083229 -0.164728
0.000000 0.000000 0.000000
0.000000 0.000000 0.000000
0.000000 0.000000 0.000000
0.000000 0.000000 0.000000
0.000000 0.000000 0.000000
0.000000 0.000000 0.000000
0.000000 0.000000 0.000000
0.000000 0.000000 0.000000
0.363048 -0.338403 0.342500
0.000000 0.000000 0.000000
0.667385 0.422953 -0.002900
0.469685 0.556418 0.225430
0.667385 0.047025 0.093769
0.000000 0.000000 0.000000
0.000000 0.000000 0.000000
0.647115 0.029289 0.344353
0.000000 0.000000 0.000000
0.193186 0.040075 0.344353
0.000000 0.000000 0.000000
0.000000 0.000000 0.000000
0.068812 0.487140 0.344353
0.000000 0.000000 0.000000
0.666333 -0.416163 0.344353
0.652192 -0.648452 -0.188794
0.000000 0.000000 0.000000
0.000000 0.000000 0.000000
0.645170 0.295087 0.251529
0.000000 0.000000 0.000000
0.643320 -0.570305 0.141736
0.210062 0.351077 0.344353
0.000000 0.000000 0.000000
0.000000 0.000000 0.000000
0.000000 0.000000 0.000000
0.000000 0.000000 0.000000
0.408314 0.308400 0.344353
0.000000 0.000000 0.000000
0.000000 0.000000 0.000000
0.347851 0.558269 0.262032
0.625789 0.144083 -0.164728
0.000000 0.000000 0.000000
0.643320 -0.030427 0.214438
0.249008 -0.416732 0.342500
0.545129 -0.617577 -0.307270
0.645170 0.077610 -0.107193
0.000000 0.000000 0.000000
0.667385 -0.431599 0.009598
0.667385 -0.195208 -0.132570
0.000000 0.000000 0.000000
0.000000 0.000000 0.000000
0.645170 0.089206 -0.022392
0.000000 0.000000 0.000000
0.000000 0.000000 0.000000
0.000000 0.000000 0.000000
0.000000 0.000000 0.000000
0.503381 -0.420555 -0.164728
0.667385 -0.418211 -0.111988
0.597075 0.558269 0.252131
0.440131 0.139458 0.342500
0.000000 0.000000 0.000000
0.000000 0.000000 0.000000
0.663441 -0.502997 -0.184849
0.160359 0.558299 0.272461
0.000000 0.000000 0.000000
0.645170 0.225042 -0.117470
0.000000 0.000000 0.000000
0.000000 0.000000 0.000000
0.000000 0.000000 0.000000
0.667385 -0.217508 0.105900
0.000000 0.000000 0.000000
0.000000 0.000000 0.000000
0.607165 -0.508583 0.344353
0.429118 -0.277485 0.342500
0.540901 -0.358487 0.344353
0.000000 0.000000 0.000000
0.667385 0.490666 -0.007852
0.264613 0.558269 0.206768
0.645170 -0.048299 0.075185
0.000000 0.000000 0.000000
0.000000 0.000000 0.000000
0.000000 0.000000 0.000000
0.000000 0.000000 0.000000
0.324622 -0.001566 0.342500
0.643320 -0.182980 0.044077
0.614373 0.000525 -0.166580
0.605424 -0.416274 -0.226364
0.000000 0.000000 0.000000
0.000000 0.000000 0.000000
0.258984 -0.240684 0.344353
0.000000 0.000000 0.000000
0.000000 0.000000 0.000000
0.000000 0.000000 0.000000
0.552259 0.383958 -0.211008
0.643320 -0.161652 -0.048172
0.000000 0.000000 0.000000
0.319443 0.558269 0.329455
0.000000 0.000000 0.000000
0.000000 0.000000 0.000000
0.000000 0.000000 0.000000
0.000000 0.000000 0.000000
0.000000 0.000000 0.000000
0.000000 0.000000 0.000000
0.000000 0.000000 0.000000
0.528659 -0.328277 -0.166580
0.000000 0.000000 0.000000
0.000000 0.000000 0.000000
0.526038 0.558299 0.100141
0.000000 0.000000 0.000000
0.043683 -0.227165 0.344353
0.560023 0.269573 -0.164728
0.000000 0.000000 0.000000
0.535481 0.168597 0.342500
0.000000 0.000000 0.000000
0.667385 -0.269417 0.215321
0.667385 0.443078 -0.171200
0.513227 0.558299 -0.154808
0.595163 0.558269 -0.062727
0.597410 -0.371469 -0.166580
0.410536 0.188645 0.344353
0.193936 0.516978 0.344353
0.000000 0.000000 0.000000
0.000000 0.000000 0.000000
0.567051 0.173567 -0.188794
0.000000 0.000000 0.000000
0.000000 0.000000 0.000000
0.000000 0.000000 0.000000
0.000000 0.000000 0.000000
0.000000 0.000000 0.000000
0.645170 0.415023 0.115134
0.000000 0.000000 0.000000
0.000000 0.000000 0.000000
0.000000 0.000000 0.000000
0.000000 0.000000 0.000000
0.000000 0.000000 0.000000
0.140408 -0.017389 0.344353
0.000000 0.000000 0.000000
0.000000 0.000000 0.000000
0.000000 0.000000 0.000000
0.068614 0.365421 0.342500
0.382619 0.558299 0.114604
0.000000 0.000000 0.000000
0.000000 0.000000 0.000000
0.334118 0.383986 0.344353
0.131836 -0.518243 0.342500
0.667385 -0.464094 0.084268
0.000000 0.000000 0.000000
0.000000 0.000000 0.000000
0.000000 0.000000 0.000000
0.000000 0.000000 0.000000
0.000000 0.000000 0.000000
0.506643 0.305746 0.344353
0.658113 -0.585261 -0.179523
0.000000 0.000000 0.000000
0.609480 0.558269 -0.140049
0.000000 0.000000 0.000000
0.000000 0.000000 0.000000
0.667385 -0.359962 0.007304
0.000000 0.000000 0.000000
0.643320 -0.212257 0.150652
0.000000 0.000000 0.000000
0.000000 0.000000 0.000000
0.000000 0.000000 0.000000
0.496789 -0.023704 -0.188794
0.645170 -0.433586 -0.055859
0.000000 0.000000 0.000000
0.000000 0.000000 0.000000
0.497239 0.319679 -0.166580
0.667385 0.142650 -0.007761
0.000000 0.000000 0.000000
0.000000 0.000000 0.000000
0.000000 0.000000 0.000000
0.000000 0.000000 0.000000
0.000000 0.000000 0.000000
0.000000 0.000000 0.000000
0.000000 0.000000 0.000000
0.293844 -0.505381 0.344353
0.000000 0.000000 0.000000
0.667385 0.548032 0.074799
0.502676 0.084245 -0.166580
0.000000 0.000000 0.000000
0.000000 0.000000 0.000000
0.000000 0.000000 0.000000
0.000000 0.000000 0.000000
0.000000 0.000000 0.000000
0.000000 0.000000 0.000000
0.000000 0.000000 0.000000
0.000000 0.000000 0.000000
0.592795 -0.536155 -0.188794
0.000000 0.000000 0.000000
0.667385 0.205732 0.136905
0.000000 0.000000 0.000000
0.598801 0.468003 -0.211008
0.645170 -0.104549 0.205863
0.667385 -0.307098 0.081385
0.645170 0.305372 0.170495
0.000000 0.000000 0.000000
0.485126 -0.066688 -0.188794
0.497889 -0.205184 -0.164728
0.000000 0.000000 0.000000
0.000000 0.000000 0.000000
0.000000 0.000000 0.000000
0.000000 0.000000 0.000000
0.651777 -0.139306 0.344353
0.000000 0.000000 0.000000
0.566455 0.085191 -0.211008
0.517199 0.442322 -0.188794
0.000000 0.000000 0.000000
0.667385 0.300629 0.048850
0.643320 -0.379215 0.134529
0.000000 0.000000 0.000000
0.000000 0.000000 0.000000
0.000000 0.000000 0.000000
0.450779 0.556418 -0.023309
0.000000 0.000000 0.000000
0.667385 -0.330292 0.291247
0.000000 0.000000 0.000000
0.000000 0.000000 0.000000
0.611511 -0.453612 -0.166580
0.000000 0.000000 0.000000
0.623178 -0.389517 -0.280821
0.000000 0.000000 0.000000
0.000000 0.000000 0.000000
0.000000 0.000000 0.000000
0.667385 0.468578 0.326983
0.643320 -0.197929 0.255481
0.000000 0.000000 0.000000
0.000000 0.000000 0.000000
0.000000 0.000000 0.000000
0.000000 0.000000 0.000000
0.000000 0.000000 0.000000
0.000000 0.000000 0.000000
0.645170 -0.258220 -0.152563
0.000000 0.000000 0.000000
0.000000 0.000000 0.000000
0.000000 0.000000 0.000000
0.000000 0.000000 0.000000
0.503262 0.490201 -0.164728
0.000000 0.000000 0.000000
0.382516 -0.597762 0.344353
0.000000 0.000000 0.000000
0.000000 0.000000 0.000000
0.583921 -0.194000 -0.164728
0.556088 0.414572 0.344353
0.000000 0.000000 0.000000
0.645170 0.468744 0.142462
0.000000 0.000000 0.000000
0.000000 0.000000 0.000000
0.645170 -0.306636 -0.002631
0.489643 -0.494766 -0.164728
0.211434 0.149602 0.342500
0.000000 0.000000 0.000000
0.000000 0.000000 0.000000
0.186142 -0.574807 0.344353
0.667385 -0.458483 0.243592
0.000000 0.000000 0.000000
0.000000 0.000000 0.000000
0.000000 0.000000 0.000000
0.000000 0.000000 0.000000
0.000000 0.000000 0.000000
0.000000 0.000000 0.000000
0.000000 0.000000 0.000000
0.000000 0.000000 0.000000
0.645170 0.010195 0.141095
0.000000 0.000000 0.000000
0.597904 -0.113543 -0.188794
0.281633 -0.147182 0.342500
0.667385 -0.503348 0.288108
0.308029 -0.308398 0.344353
0.000000 0.000000 0.000000
0.000000 0.000000 0.000000
0.000000 0.000000 0.000000
0.000000 0.000000 0.000000
0.000000 0.000000 0.000000
0.000000 0.000000 0.000000
0.000000 0.000000 0.000000
0.000000 0.000000 0.000000
0.000000 0.000000 0.000000
0.000000 0.000000 0.000000
0.475140 -0.508260 0.342500
0.532535 0.546288 0.344353
0.000000 0.000000 0.000000
0.000000 0.000000 0.000000
0.643320 -0.521841 0.105111
0.000000 0.000000 0.000000
0.411022 0.078141 0.342500
0.000000 0.000000 0.000000
0.000000 0.000000 0.000000
0.000000 0.000000 0.000000
0.667385 -0.618785 0.160300
0.000000 0.000000 0.000000
0.000000 0.000000 0.000000
0.000000 0.000000 0.000000
0.000000 0.000000 0.000000
0.000000 0.000000 0.000000
0.000000 0.000000 0.000000
0.660135 0.558299 -0.062252
0.643320 -0.055124 -0.056334
0.000000 0.000000 0.000000
0.000000 0.000000 0.000000
0.604423 -0.393491 0.344353
0.000000 0.000000 0.000000
0.000000 0.000000 0.000000
0.520794 0.152522 -0.164728
0.562274 0.558299 0.215222
0.630992 0.085507 0.344353
0.000000 0.000000 0.000000
0.000000 0.000000 0.000000
0.548364 -0.166618 0.342500
0.572895 -0.035128 0.342500
0.667385 -0.665924 0.093451
0.619861 -0.001107 -0.211008
0.000000 0.000000 0.000000
0.000000 0.000000 0.000000
0.000000 0.000000 0.000000
0.000000 0.000000 0.000000
0.000000 0.000000 0.000000
0.291127 0.434972 0.342500
0.000000 0.000000 0.000000
0.645170 0.313634 0.289615
0.000000 0.000000 0.000000
0.000000 0.000000 0.000000
0.000000 0.000000 0.000000
0.000000 0.000000 0.000000
0.000000 0.000000 0.000000
0.000000 0.000000 0.000000
0.000000 0.000000 0.000000
0.000000 0.000000 0.000000
0.000000 0.000000 0.000000
0.000000 0.000000 0.000000
0.667385 -0.453321 -0.146456
0.000000 0.000000 0.000000
0.645170 -0.071019 0.342493
0.000000 0.000000 0.000000
0.000000 0.000000 0.000000
0.667385 -0.677359 0.219025
0.000000 0.000000 0.000000
0.645170 0.015796 0.257922
0.000000 0.000000 0.000000
0.237385 0.250840 0.344353
0.645170 0.169549 0.044304
0.632777 0.558269 0.310154
0.000000 0.000000 0.000000
0.000000 0.000000 0.000000
0.000000 0.000000 0.000000
0.000000 0.000000 0.000000
0.099483 0.291751 0.344353
0.331684 0.187282 0.344353
0.000000 0.000000 0.000000
0.645170 -0.112079 -0.025260
0.000000 0.000000 0.000000
0.000000 0.000000 0.000000
0.266051 0.487209 0.342500
0.667385 -0.394551 0.285099
0.645170 -0.137377 -0.141352
0.667385 0.398757 0.226964
0.583606 -0.427514 -0.307270
0.645170 0.131333 0.124760
0.000000 0.000000 0.000000
0.000000 0.000000 0.000000
0.000000 0.000000 0.000000
0.000000 0.000000 0.000000
0.534098 -0.173805 -0.202540
0.000000 0.000000 0.000000
0.000000 0.000000 0.000000
0.000000 0.000000 0.000000
0.000000 0.000000 0.000000
0.475075 0.556418 0.342111
0.000000 0.000000 0.000000
0.553910 0.558269 -0.111127
0.645170 -0.135062 0.082464
0.589955 -0.273760 0.344353
0.000000 0.000000 0.000000
0.643320 -0.587682 0.297069
0.000000 0.000000 0.000000
0.000000 0.000000 0.000000
0.000000 0.000000 0.000000
