0.000000 0.000000 0.000000
-0.646958 0.032627 -0.296754
-0.570840 0.455941 0.682833
0.000000 0.000000 0.000000
0.016872 -0.140019 -0.508438
0.000000 0.000000 0.000000
0.000000 0.000000 0.000000
0.000000 0.000000 0.000000
0.000000 0.000000 0.000000
-0.261551 0.010153 -0.412311
0.000000 0.000000 0.000000
0.000000 0.000000 0.000000
0.000000 0.000000 0.000000
-0.401567 0.252713 0.475249
0.000000 0.000000 0.000000
-0.887120 0.105809 -0.433491
0.000000 0.000000 0.000000
0.000000 0.000000 0.000000
0.000000 0.000000 0.000000
0.000000 0.000000 0.000000
-0.239087 -0.051042 -0.132105
0.000000 0.000000 0.000000
0.000000 0.000000 0.000000
0.000000 0.000000 0.000000
0.000000 0.000000 0.000000
-0.143688 -0.118242 -0.356368
-0.423442 -0.006422 -0.218528
0.000000 0.000000 0.000000
0.000000 0.000000 0.000000
-0.507364 0.044855 -0.465771
-0.093940 -0.014075 -0.210131
0.000000 0.000000 0.000000
0.000000 0.000000 0.000000
0.000000 0.000000 0.000000
-0.704374 0.073182 -0.497680
0.000000 0.000000 0.000000
0.000000 0.000000 0.000000
0.000000 0.000000 0.000000
0.000000 0.000000 0.000000
0.000000 0.000000 0.000000
0.000000 0.000000 0.000000
0.000000 0.000000 0.000000
0.000000 0.000000 0.000000
-0.063392 -0.047636 -0.482947
0.000000 0.000000 0.000000
0.000000 0.000000 0.000000
0.000000 0.000000 0.000000
0.000000 0.000000 0.000000
0.000000 0.000000 0.000000
0.000000 0.000000 0.000000
-0.496677 0.342149 0.583107
-0.229283 0.080976 0.148924
0.000000 0.000000 0.000000
0.000000 0.000000 0.000000
-0.209799 -0.058758 -0.255164
-0.513545 0.029216 -0.308132
0.000000 0.000000 0.000000
0.000000 0.000000 0.000000
-0.391034 0.012098 -0.367499
0.000000 0.000000 0.000000
0.000000 0.000000 0.000000
0.000000 0.000000 0.000000
-0.069047 0.001535 -0.367443
0.000000 0.000000 0.000000
0.000000 0.000000 0.000000
-0.037893 -0.058030 -0.397981
0.000000 0.000000 0.000000
0.000000 0.000000 0.000000
0.000000 0.000000 0.000000
-0.156965 0.007283 -0.302199
-0.312018 0.002699 -0.244438
0.000000 0.000000 0.000000
0.020328 -0.046609 -0.513850
0.000000 0.000000 0.000000
-0.637261 0.049101 -0.434385
0.000000 0.000000 0.000000
0.000000 0.000000 0.000000
0.000000 0.000000 0.000000
0.000000 0.000000 0.000000
0.000000 0.000000 0.000000
-0.071693 -0.150114 -0.439306
-0.754208 0.064129 -0.395661
0.000000 0.000000 0.000000
0.000000 0.000000 0.000000
0.000000 0.000000 0.000000
0.000000 0.000000 0.000000
-0.105708 -0.073573 -0.451544
0.000000 0.000000 0.000000
-0.175541 -0.107018 -0.173119
-0.820642 0.088883 -0.507253
0.000000 0.000000 0.000000
0.000000 0.000000 0.000000
0.000000 0.000000 0.000000
0.000000 0.000000 0.000000
0.000000 0.000000 0.000000
0.000000 0.000000 0.000000
-0.410019 0.037939 -0.442753
0.000000 0.000000 0.000000
-0.067971 -0.047216 -0.210208
0.000000 0.000000 0.000000
0.000000 0.000000 0.000000
-0.166437 0.000445 -0.259304
0.000000 0.000000 0.000000
0.000000 0.000000 0.000000
-0.168547 -0.044941 -0.097523
0.000000 0.000000 0.000000
0.000000 0.000000 0.000000
0.000000 0.000000 0.000000
0.000000 0.000000 0.000000
0.000000 0.000000 0.000000
0.000000 0.000000 0.000000
0.000000 0.000000 0.000000
0.000000 0.000000 0.000000
0.000000 0.000000 0.000000
-0.255217 -0.008701 -0.320093
0.010777 -0.129537 -0.436549
0.000000 0.000000 0.000000
-0.105480 -0.081728 -0.153958
-0.039143 -0.079791 -0.441987
-0.527336 0.410173 0.624543
0.000000 0.000000 0.000000
0.000000 0.000000 0.000000
0.000000 0.000000 0.000000
0.000000 0.000000 0.000000
-0.550812 0.053234 -0.409944
0.000000 0.000000 0.000000
0.000000 0.000000 0.000000
0.000000 0.000000 0.000000
-0.288778 -0.034600 -0.167829
0.000000 0.000000 0.000000
0.000000 0.000000 0.000000
0.000000 0.000000 0.000000
0.000000 0.000000 0.000000
0.000000 0.000000 0.000000
0.000000 0.000000 0.000000
-0.169413 -0.001499 -0.394548
0.000000 0.000000 0.000000
-0.018198 -0.000871 -0.300005
0.058204 -0.081868 -0.494456
0.000000 0.000000 0.000000
0.000000 0.000000 0.000000
0.000000 0.000000 0.000000
-0.322753 0.009934 -0.392209
-0.061550 -0.076317 -0.516557
-0.357973 -0.014556 -0.300612
0.000000 0.000000 0.000000
0.000000 0.000000 0.000000
0.000000 0.000000 0.000000
-0.469037 0.041088 -0.377363
0.000000 0.000000 0.000000
0.000000 0.000000 0.000000
0.000000 0.000000 0.000000
0.000000 0.000000 0.000000
0.000000 0.000000 0.000000
0.000000 0.000000 0.000000
0.000000 0.000000 0.000000
0.000000 0.000000 0.000000
0.000000 0.000000 0.000000
0.000000 0.000000 0.000000
0.000000 0.000000 0.000000
0.000000 0.000000 0.000000
-0.191651 -0.018927 -0.180329
0.000000 0.000000 0.000000
0.000000 0.000000 0.000000
0.000000 0.000000 0.000000
0.000000 0.000000 0.000000
0.000000 0.000000 0.000000
0.000000 0.000000 0.000000
-0.621906 0.060778 -0.487569
-0.082150 -0.030796 -0.307254
0.000000 0.000000 0.000000
0.000000 0.000000 0.000000
-0.666609 0.052954 -0.370431
0.000000 0.000000 0.000000
0.000000 0.000000 0.000000
0.000000 0.000000 0.000000
-0.095742 -0.069451 -0.369806
-0.445203 0.310620 0.526289
0.000000 0.000000 0.000000
0.000000 0.000000 0.000000
0.000000 0.000000 0.000000
0.000000 0.000000 0.000000
0.000000 0.000000 0.000000
0.000000 0.000000 0.000000
-0.429186 0.018844 -0.284618
0.000000 0.000000 0.000000
-0.106289 -0.033130 -0.138639
0.000000 0.000000 0.000000
0.000000 0.000000 0.000000
0.000000 0.000000 0.000000
0.000000 0.000000 0.000000
0.000000 0.000000 0.000000
0.000000 0.000000 0.000000
0.000000 0.000000 0.000000
0.000000 0.000000 0.000000
0.000000 0.000000 0.000000
0.000000 0.000000 0.000000
-0.118586 0.003101 -0.284079
-0.161681 -0.057666 -0.172132
0.000000 0.000000 0.000000
0.000000 0.000000 0.000000
0.000000 0.000000 0.000000
0.000000 0.000000 0.000000
-0.158775 -0.073385 -0.317402
0.000000 0.000000 0.000000
0.000000 0.000000 0.000000
0.000000 0.000000 0.000000
-0.607446 0.012907 -0.363278
0.000000 0.000000 0.000000
-0.828773 0.073409 -0.426704
0.000000 0.000000 0.000000
0.010327 -0.015851 -0.368398
0.000000 0.000000 0.000000
-0.198013 -0.008501 -0.217833
-0.217414 0.044143 0.097438
-0.348857 0.003382 -0.238971
-0.215496 -0.005407 -0.365027
0.000000 0.000000 0.000000
0.000000 0.000000 0.000000
-0.013490 -0.108488 -0.553407
0.000000 0.000000 0.000000
0.000000 0.000000 0.000000
0.000000 0.000000 0.000000
0.000000 0.000000 0.000000
0.000000 0.000000 0.000000
0.000000 0.000000 0.000000
0.000000 0.000000 0.000000
0.000000 0.000000 0.000000
0.000000 0.000000 0.000000
0.000000 0.000000 0.000000
-0.683229 0.066008 -0.425859
0.000000 0.000000 0.000000
0.000000 0.000000 0.000000
-0.041313 -0.147307 -0.497120
-0.077352 -0.023820 -0.421245
-0.030900 -0.007559 -0.375790
0.000000 0.000000 0.000000
0.000000 0.000000 0.000000
0.000000 0.000000 0.000000
0.000000 0.000000 0.000000
-0.014700 -0.023482 -0.466530
0.000000 0.000000 0.000000
0.000000 0.000000 0.000000
0.000000 0.000000 0.000000
0.000000 0.000000 0.000000
-0.566750 0.381779 0.675032
0.000000 0.000000 0.000000
0.000000 0.000000 0.000000
0.000000 0.000000 0.000000
0.000000 0.000000 0.000000
-0.534099 0.345739 0.631412
0.000000 0.000000 0.000000
-0.247751 0.004318 -0.265718
0.000000 0.000000 0.000000
0.003371 -0.082942 -0.507918
0.000000 0.000000 0.000000
0.000000 0.000000 0.000000
0.000000 0.000000 0.000000
0.000000 0.000000 0.000000
0.000000 0.000000 0.000000
-0.766488 0.067863 -0.462258
0.000000 0.000000 0.000000
-0.137486 -0.035013 -0.351938
0.000000 0.000000 0.000000
0.000000 0.000000 0.000000
-0.299140 0.022481 -0.351199
0.000000 0.000000 0.000000
-0.250819 -0.043326 -0.217437
0.000000 0.000000 0.000000
0.000000 0.000000 0.000000
-0.049204 -0.117357 -0.378420
0.000000 0.000000 0.000000
-0.054298 -0.003563 -0.258164
-0.267848 0.085414 0.202559
-0.482877 0.399766 0.586192
0.000000 0.000000 0.000000
0.000000 0.000000 0.000000
0.000000 0.000000 0.000000
0.000000 0.000000 0.000000
0.000000 0.000000 0.000000
-0.140350 -0.107477 -0.169417
-0.026312 -0.048710 -0.254439
0.000000 0.000000 0.000000
0.000000 0.000000 0.000000
0.000000 0.000000 0.000000
0.000000 0.000000 0.000000
0.000000 0.000000 0.000000
0.000000 0.000000 0.000000
0.000000 0.000000 0.000000
0.000000 0.000000 0.000000
0.000000 0.000000 0.000000
0.000000 0.000000 0.000000
0.000000 0.000000 0.000000
-0.475857 0.294266 0.578912
-0.556363 0.034029 -0.350515
0.000000 0.000000 0.000000
-0.123976 -0.036191 -0.233784
-0.378879 0.021110 -0.310681
-0.128669 -0.107284 -0.398973
-0.207354 0.011339 -0.317107
0.000000 0.000000 0.000000
0.000000 0.000000 0.000000
-0.145641 -0.126972 -0.218273
-0.457115 0.044741 -0.437529
0.000000 0.000000 0.000000
0.000000 0.000000 0.000000
0.000000 0.000000 0.000000
0.000000 0.000000 0.000000
0.000000 0.000000 0.000000
0.000000 0.000000 0.000000
-0.408848 0.017786 -0.396315
0.000000 0.000000 0.000000
0.000000 0.000000 0.000000
0.000000 0.000000 0.000000
0.000000 0.000000 0.000000
-0.114571 0.006161 -0.367837
0.000000 0.000000 0.000000
-0.507746 0.032687 -0.424327
0.000000 0.000000 0.000000
-0.317448 -0.000957 -0.293507
-0.372641 0.206647 0.446255
-0.111264 -0.103998 -0.337398
0.000000 0.000000 0.000000
0.000000 0.000000 0.000000
0.000000 0.000000 0.000000
0.000000 0.000000 0.000000
0.000000 0.000000 0.000000
0.000000 0.000000 0.000000
0.000000 0.000000 0.000000
0.000000 0.000000 0.000000
-0.445757 0.031133 -0.336756
-0.572466 0.058717 -0.463524
0.000000 0.000000 0.000000
-0.136391 -0.019277 -0.185821
0.000000 0.000000 0.000000
0.000000 0.000000 0.000000
-0.456516 0.357078 0.552343
0.012186 -0.062346 -0.436189
0.000000 0.000000 0.000000
0.000000 0.000000 0.000000
-0.113812 -0.064423 -0.186692
0.000000 0.000000 0.000000
0.000000 0.000000 0.000000
0.000000 0.000000 0.000000
0.000000 0.000000 0.000000
-0.168234 -0.152339 -0.200110
0.000000 0.000000 0.000000
0.000000 0.000000 0.000000
0.000000 0.000000 0.000000
0.000000 0.000000 0.000000
-0.094200 -0.091043 -0.481207
0.000000 0.000000 0.000000
0.000000 0.000000 0.000000
0.000000 0.000000 0.000000
0.000000 0.000000 0.000000
-0.102985 -0.127749 -0.445124
0.000000 0.000000 0.000000
-0.193021 -0.037066 -0.136857
0.000000 0.000000 0.000000
0.000000 0.000000 0.000000
-0.762017 0.079632 -0.511513
-0.032958 -0.154887 -0.455578
0.000000 0.000000 0.000000
0.000000 0.000000 0.000000
0.000000 0.000000 0.000000
-0.029800 -0.047911 -0.523880
0.000000 0.000000 0.000000
0.000000 0.000000 0.000000
0.000000 0.000000 0.000000
0.000000 0.000000 0.000000
0.000000 0.000000 0.000000
-0.181812 -0.019479 -0.321548
-0.278890 -0.001742 -0.359649
0.000000 0.000000 0.000000
0.000000 0.000000 0.000000
0.000000 0.000000 0.000000
0.000000 0.000000 0.000000
-0.858709 0.080349 -0.471100
0.000000 0.000000 0.000000
-0.530075 0.456632 0.645929
0.000000 0.000000 0.000000
-0.221905 -0.016908 -0.275088
-0.088796 0.005041 -0.323860
-0.520620 0.313832 0.612637
0.000000 0.000000 0.000000
0.000000 0.000000 0.000000
-0.289505 0.056910 0.196480
0.000000 0.000000 0.000000
-0.451780 0.274177 0.527284
0.000000 0.000000 0.000000
0.000000 0.000000 0.000000
0.000000 0.000000 0.000000
0.000000 0.000000 0.000000
0.000000 0.000000 0.000000
0.000000 0.000000 0.000000
0.000000 0.000000 0.000000
0.000000 0.000000 0.000000
0.000000 0.000000 0.000000
0.000000 0.000000 0.000000
0.000000 0.000000 0.000000
0.000000 0.000000 0.000000
0.000000 0.000000 0.000000
0.000000 0.000000 0.000000
0.000000 0.000000 0.000000
0.000000 0.000000 0.000000
-0.283361 0.090121 0.234191
-0.161495 -0.033774 -0.226731
0.000000 0.000000 0.000000
0.000000 0.000000 0.000000
0.000000 0.000000 0.000000
0.000000 0.000000 0.000000
0.000000 0.000000 0.000000
0.000000 0.000000 0.000000
0.000000 0.000000 0.000000
0.000000 0.000000 0.000000
0.000000 0.000000 0.000000
0.000000 0.000000 0.000000
-0.178417 0.012145 -0.348967
0.000000 0.000000 0.000000
-0.205086 -0.057104 -0.164560
0.000000 0.000000 0.000000
0.000000 0.000000 0.000000
0.000000 0.000000 0.000000
0.000000 0.000000 0.000000
0.000000 0.000000 0.000000
0.000000 0.000000 0.000000
0.000000 0.000000 0.000000
0.000000 0.000000 0.000000
0.000000 0.000000 0.000000
0.000000 0.000000 0.000000
0.000000 0.000000 0.000000
-0.059893 -0.123679 -0.461636
-0.596987 0.042435 -0.406833
-0.028750 -0.128489 -0.413282
0.000000 0.000000 0.000000
0.000000 0.000000 0.000000
-0.395545 -0.019573 -0.258945
0.000000 0.000000 0.000000
0.000000 0.000000 0.000000
0.000000 0.000000 0.000000
-0.510271 0.029231 -0.378638
-0.140445 -0.080796 -0.208046
0.000000 0.000000 0.000000
0.000000 0.000000 0.000000
0.000000 0.000000 0.000000
-0.143469 -0.026372 -0.158899
-0.237993 -0.024620 -0.172044
-0.270147 -0.004130 -0.225038
0.000000 0.000000 0.000000
-0.143269 -0.030053 -0.278785
0.000000 0.000000 0.000000
0.000000 0.000000 0.000000
0.000000 0.000000 0.000000
0.000000 0.000000 0.000000
0.000000 0.000000 0.000000
0.000000 0.000000 0.000000
0.000000 0.000000 0.000000
-0.087606 -0.134392 -0.403426
0.000000 0.000000 0.000000
0.000000 0.000000 0.000000
0.033515 -0.054095 -0.467832
0.000000 0.000000 0.000000
0.000000 0.000000 0.000000
-0.666619 0.057712 -0.473648
0.000000 0.000000 0.000000
-0.130186 0.008664 -0.339872
-0.078991 -0.056396 -0.414207
0.000000 0.000000 0.000000
-0.313710 0.000071 -0.335481
-0.243777 0.019127 -0.384032
0.000000 0.000000 0.000000
0.000000 0.000000 0.000000
0.000000 0.000000 0.000000
0.000000 0.000000 0.000000
0.000000 0.000000 0.000000
0.000000 0.000000 0.000000
0.000000 0.000000 0.000000
0.000000 0.000000 0.000000
0.000000 0.000000 0.000000
0.000000 0.000000 0.000000
-0.184593 0.053869 0.063480
0.000000 0.000000 0.000000
-0.251774 0.041137 0.139564
0.000000 0.000000 0.000000
0.000000 0.000000 0.000000
-0.114405 -0.054484 -0.104787
-0.346769 0.021184 -0.429314
0.000000 0.000000 0.000000
0.000000 0.000000 0.000000
-0.103704 -0.124994 -0.364974
-0.018314 -0.084940 -0.406349
-0.352133 0.028704 -0.361313
0.000000 0.000000 0.000000
-0.417142 0.031451 -0.348064
-0.498758 0.367611 0.607383
0.000000 0.000000 0.000000
0.000000 0.000000 0.000000
0.000000 0.000000 0.000000
0.000000 0.000000 0.000000
0.000000 0.000000 0.000000
0.000000 0.000000 0.000000
0.000000 0.000000 0.000000
0.000000 0.000000 0.000000
0.000000 0.000000 0.000000
-0.355083 0.032967 -0.400944
0.000000 0.000000 0.000000
0.046977 -0.115824 -0.468564
0.000000 0.000000 0.000000
-0.051679 -0.034383 -0.450688
0.000000 0.000000 0.000000
0.000000 0.000000 0.000000
0.000000 0.000000 0.000000
-0.070183 -0.043081 -0.255033
0.000000 0.000000 0.000000
0.000000 0.000000 0.000000
0.000000 0.000000 0.000000
-0.584274 0.048136 -0.372445
-0.186136 -0.061588 -0.292495
0.000000 0.000000 0.000000
-0.081544 -0.046314 -0.445441
0.000000 0.000000 0.000000
-0.137663 -0.153762 -0.168681
0.000000 0.000000 0.000000
0.000000 0.000000 0.000000
0.000000 0.000000 0.000000
0.000000 0.000000 0.000000
-0.626209 0.010284 -0.332977
-0.209980 0.007641 -0.409022
0.000000 0.000000 0.000000
0.000000 0.000000 0.000000
0.000000 0.000000 0.000000
0.000000 0.000000 0.000000
-0.648613 0.048781 -0.398134
0.000000 0.000000 0.000000
0.000000 0.000000 0.000000
0.000000 0.000000 0.000000
-0.010671 -0.133574 -0.524873
0.000000 0.000000 0.000000
-0.551496 0.424572 0.664930
-0.802825 0.085153 -0.478823
0.000000 0.000000 0.000000
0.000000 0.000000 0.000000
0.000000 0.000000 0.000000
0.000000 0.000000 0.000000
0.000000 0.000000 0.000000
0.000000 0.000000 0.000000
-0.105406 -0.028481 -0.389987
0.000000 0.000000 0.000000
0.000000 0.000000 0.000000
0.000000 0.000000 0.000000
-0.476390 0.022367 -0.325112
0.000000 0.000000 0.000000
0.000000 0.000000 0.000000
0.000000 0.000000 0.000000
0.000000 0.000000 0.000000
0.000000 0.000000 0.000000
0.000000 0.000000 0.000000
0.000000 0.000000 0.000000
0.000000 0.000000 0.000000
0.000000 0.000000 0.000000
0.000000 0.000000 0.000000
0.000000 0.000000 0.000000
-0.010246 -0.067715 -0.547115
0.000000 0.000000 0.000000
0.000000 0.000000 0.000000
0.000000 0.000000 0.000000
0.000000 0.000000 0.000000
0.000000 0.000000 0.000000
0.000000 0.000000 0.000000
0.000000 0.000000 0.000000
0.000000 0.000000 0.000000
-0.111212 -0.036219 -0.267083
0.000000 0.000000 0.000000
0.000000 0.000000 0.000000
0.000000 0.000000 0.000000
-0.047553 -0.039884 -0.286453
0.000000 0.000000 0.000000
-0.012191 -0.025939 -0.336522
0.000000 0.000000 0.000000
0.000000 0.000000 0.000000
0.000000 0.000000 0.000000
0.000000 0.000000 0.000000
0.000000 0.000000 0.000000
0.000000 0.000000 0.000000
0.000000 0.000000 0.000000
0.000000 0.000000 0.000000
0.000000 0.000000 0.000000
-0.260793 0.062844 0.167689
0.000000 0.000000 0.000000
0.000000 0.000000 0.000000
0.000000 0.000000 0.000000
0.000000 0.000000 0.000000
0.000000 0.000000 0.000000
0.000000 0.000000 0.000000
0.000000 0.000000 0.000000
0.000000 0.000000 0.000000
-0.024006 -0.042651 -0.428119
0.000000 0.000000 0.000000
0.000000 0.000000 0.000000
-0.705793 0.055593 -0.394802
0.000000 0.000000 0.000000
0.000000 0.000000 0.000000
0.000000 0.000000 0.000000
0.000000 0.000000 0.000000
0.000000 0.000000 0.000000
0.000000 0.000000 0.000000
0.000000 0.000000 0.000000
0.000000 0.000000 0.000000
-0.269052 0.010830 -0.297996
0.000000 0.000000 0.000000
-0.368807 0.011078 -0.266195
-0.419052 0.278312 0.507851
0.000000 0.000000 0.000000
-0.135299 -0.054242 -0.069835
-0.127527 -0.069094 -0.349776
0.000000 0.000000 0.000000
0.000000 0.000000 0.000000
0.000000 0.000000 0.000000
-0.122558 -0.133220 -0.185661
-0.133774 -0.157157 -0.215355
0.000000 0.000000 0.000000
-0.603461 0.061679 -0.440212
-0.482487 0.314849 0.587196
0.000000 0.000000 0.000000
-0.152890 -0.039249 -0.312527
-0.116894 -0.003381 -0.246905
-0.296054 0.024394 -0.420483
0.000000 0.000000 0.000000
0.000000 0.000000 0.000000
0.000000 0.000000 0.000000
0.000000 0.000000 0.000000
-0.232256 -0.017892 -0.232761
0.000000 0.000000 0.000000
0.000000 0.000000 0.000000
0.000000 0.000000 0.000000
-0.138149 -0.076014 -0.175748
-0.277326 -0.008721 -0.255496
0.000000 0.000000 0.000000
0.000000 0.000000 0.000000
0.001599 -0.034445 -0.489377
0.000000 0.000000 0.000000
0.000000 0.000000 0.000000
-0.033448 -0.089912 -0.531918
-0.638112 0.046294 -0.347222
-0.618686 0.050755 -0.374570
0.000000 0.000000 0.000000
0.000000 0.000000 0.000000
0.000000 0.000000 0.000000
0.000000 0.000000 0.000000
0.000000 0.000000 0.000000
-0.183324 -0.052972 -0.201914
-0.710229 0.072111 -0.446413
0.000000 0.000000 0.000000
0.000000 0.000000 0.000000
0.000000 0.000000 0.000000
0.000000 0.000000 0.000000
0.000000 0.000000 0.000000
0.000000 0.000000 0.000000
0.000000 0.000000 0.000000
-0.543593 0.031163 -0.327486
0.000000 0.000000 0.000000
0.000000 0.000000 0.000000
0.000000 0.000000 0.000000
-0.769461 0.071987 -0.427946
0.000000 0.000000 0.000000
0.000000 0.000000 0.000000
0.000000 0.000000 0.000000
0.000000 0.000000 0.000000
0.000000 0.000000 0.000000
-0.120629 -0.117456 -0.148871
0.000000 0.000000 0.000000
0.000000 0.000000 0.000000
-0.238102 0.014793 -0.334903
0.000000 0.000000 0.000000
0.000000 0.000000 0.000000
0.000000 0.000000 0.000000
0.000000 0.000000 0.000000
0.000000 0.000000 0.000000
0.000000 0.000000 0.000000
0.000000 0.000000 0.000000
-0.734169 0.078263 -0.476197
0.000000 0.000000 0.000000
0.000000 0.000000 0.000000
0.018633 -0.097272 -0.428527
-0.082471 -0.024299 -0.173990
0.000000 0.000000 0.000000
0.000000 0.000000 0.000000
0.000000 0.000000 0.000000
-0.193112 -0.022235 -0.287367
0.000000 0.000000 0.000000
-0.280197 0.023866 -0.384705
-0.161702 -0.133802 -0.172211
0.000000 0.000000 0.000000
0.000000 0.000000 0.000000
-0.342718 0.017325 -0.304553
-0.017262 -0.007029 -0.245409
-0.501487 0.037016 -0.346445
-0.197687 0.020749 0.066043
0.000000 0.000000 0.000000
-0.456248 0.024250 -0.407008
0.000000 0.000000 0.000000
-0.152385 0.009443 -0.371051
0.000000 0.000000 0.000000
0.000000 0.000000 0.000000
0.000000 0.000000 0.000000
0.000000 0.000000 0.000000
0.000000 0.000000 0.000000
0.000000 0.000000 0.000000
0.000000 0.000000 0.000000
-0.540852 0.391098 0.651619
0.000000 0.000000 0.000000
0.000000 0.000000 0.000000
-0.535637 0.040229 -0.445547
0.000000 0.000000 0.000000
0.000000 0.000000 0.000000
0.000000 0.000000 0.000000
-0.238215 0.009803 -0.299330
