0.193881 -0.085928 0.082756
0.000000 0.000000 0.000000
0.000000 0.000000 0.000000
0.606128 0.022557 -0.703905
0.000000 0.000000 0.000000
0.233245 0.100984 -0.376081
0.471155 -0.128057 -0.123796
0.479224 -0.017997 0.371434
0.316399 -0.081455 -0.412475
0.000000 0.000000 0.000000
0.029611 0.097669 0.065750
0.014622 -0.040993 -0.295808
0.317942 -0.044175 -0.135793
0.000000 0.000000 0.000000
0.451798 -0.009729 -0.649846
0.000000 0.000000 0.000000
-0.182029 0.003173 0.046790
0.529960 -0.010902 -0.449247
0.117151 0.118524 -0.189040
-0.036042 0.093566 0.145040
0.000000 0.000000 0.000000
0.391796 -0.019176 0.118940
0.312890 0.027046 -0.189888
0.378763 0.066370 -0.578945
0.157368 0.069917 -0.321887
0.000000 0.000000 0.000000
0.000000 0.000000 0.000000
0.437976 -0.189425 -0.487687
0.210000 -0.100160 -0.111922
0.000000 0.000000 0.000000
0.000000 0.000000 0.000000
0.465635 -0.125091 0.024880
0.500526 0.118639 -0.552421
0.163505 0.040370 -0.023679
0.000000 0.000000 0.000000
-0.050098 0.062306 -0.085455
-0.167783 0.092324 0.286133
0.401942 0.087538 -0.325046
0.397166 -0.035453 -0.309305
0.363656 -0.140679 0.024032
0.183415 -0.084156 -0.267323
-0.095045 -0.094206 -0.048990
-0.044427 0.105956 -0.022628
0.000000 0.000000 0.000000
0.267726 0.012446 -0.466822
0.532376 -0.075890 -0.572795
0.045480 -0.076397 -0.139215
0.239149 -0.022261 0.015717
0.101269 0.027365 0.050130
0.280876 0.075805 -0.179207
0.000000 0.000000 0.000000
0.000000 0.000000 0.000000
0.292858 -0.054602 0.021536
0.348356 0.113741 -0.483888
0.000000 0.000000 0.000000
0.000000 0.000000 0.000000
-0.173763 0.110042 0.151059
0.392236 -0.074128 -0.519760
0.000000 0.000000 0.000000
0.388303 -0.035561 0.247077
0.291876 -0.096372 0.150261
0.450384 -0.105841 -0.006336
0.000000 0.000000 0.000000
0.265333 -0.023076 0.127242
0.300207 -0.091950 -0.222157
0.000000 0.000000 0.000000
0.018795 -0.007156 -0.251749
0.616884 0.019508 -0.607248
0.032634 -0.028901 0.121830
0.000000 0.000000 0.000000
0.000000 0.000000 0.000000
-0.155635 0.039117 0.024236
0.000000 0.000000 0.000000
0.463462 0.108751 -0.425352
0.000000 0.000000 0.000000
0.130714 -0.064523 0.087797
0.058207 0.120131 -0.043420
0.525379 -0.088723 -0.060510
-0.096142 -0.088766 -0.140569
0.187337 0.124833 -0.225281
0.000000 0.000000 0.000000
0.000000 0.000000 0.000000
0.157214 -0.100678 -0.047017
0.206241 -0.052650 -0.377431
0.433520 -0.066206 -0.397557
0.102522 -0.030768 -0.346350
0.000000 0.000000 0.000000
-0.016921 0.027950 -0.140079
0.000000 0.000000 0.000000
0.000000 0.000000 0.000000
0.350813 -0.019238 0.014967
0.009814 -0.103949 -0.082531
0.243357 0.008782 -0.108022
0.093726 -0.053373 -0.232002
0.521336 0.053773 -0.666058
-0.088259 0.115077 0.079472
0.000000 0.000000 0.000000
0.330121 -0.039441 0.216593
0.000000 0.000000 0.000000
0.322006 0.123978 -0.318552
0.059869 -0.089522 -0.222794
0.000000 0.000000 0.000000
0.454837 0.123518 -0.549622
-0.076916 -0.056357 -0.038571
0.000000 0.000000 0.000000
0.568787 0.052246 -0.504999
0.562940 -0.060354 -0.671862
0.091068 0.041282 -0.260290
0.002940 -0.097367 0.014270
0.321709 -0.089525 -0.366444
0.464288 -0.179991 -0.057056
0.378913 -0.092752 0.057210
0.545572 -0.058974 -0.527370
0.288337 0.078762 -0.466245
0.000000 0.000000 0.000000
0.000000 0.000000 0.000000
0.112618 -0.002380 0.038594
0.000000 0.000000 0.000000
0.000000 0.000000 0.000000
0.000000 0.000000 0.000000
0.383445 0.055958 -0.277054
-0.120478 0.023196 -0.022226
0.191595 0.098877 -0.110852
0.131950 -0.076273 -0.055115
0.000000 0.000000 0.000000
-0.009811 0.013625 0.179683
0.230364 -0.067309 -0.058529
0.241630 -0.013861 -0.430829
0.000000 0.000000 0.000000
0.400914 -0.009225 0.335481
0.111463 -0.054925 0.125544
0.463666 -0.049849 -0.632660
-0.249558 0.109113 0.262877
0.305697 -0.049053 -0.067926
0.242375 -0.102190 -0.197333
0.000000 0.000000 0.000000
0.464608 0.019088 -0.360377
0.000000 0.000000 0.000000
0.000000 0.000000 0.000000
0.352257 -0.017854 -0.248183
0.388289 -0.123104 0.081671
-0.072554 0.052348 0.235886
0.000000 0.000000 0.000000
0.000000 0.000000 0.000000
0.000000 0.000000 0.000000
0.408258 -0.093348 -0.064074
0.028258 0.101683 -0.122401
0.326185 0.042929 -0.531227
0.000000 0.000000 0.000000
0.218990 0.066258 -0.398549
0.288071 0.107419 -0.232582
0.211590 -0.062256 0.167320
0.131330 -0.103065 -0.177429
0.312219 -0.050742 0.077179
0.038328 0.067268 0.098635
0.091672 0.080722 0.027351
0.220823 -0.076488 0.094349
0.475906 -0.080639 -0.495852
0.516115 0.064190 -0.434986
0.604612 -0.048932 -0.622234
0.004558 -0.022401 -0.191636
0.000000 0.000000 0.000000
0.231102 -0.045712 0.191788
0.224863 0.119047 -0.319316
0.414922 -0.163007 0.017099
0.332034 -0.076332 -0.299732
0.420290 0.152622 -0.472424
0.311911 0.124410 -0.411873
0.000000 0.000000 0.000000
0.000000 0.000000 0.000000
0.085055 -0.042484 -0.305681
0.538580 -0.137224 -0.058766
0.000000 0.000000 0.000000
-0.036918 -0.062306 -0.134016
0.466149 -0.018597 0.285770
0.229152 -0.057237 0.072468
0.000000 0.000000 0.000000
0.000000 0.000000 0.000000
0.389533 -0.012032 -0.594423
0.401569 -0.053632 0.015599
-0.116737 0.102684 0.057316
0.208914 -0.008478 -0.074616
-0.097427 0.068365 -0.022895
0.180905 -0.038973 0.101846
0.000000 0.000000 0.000000
0.320567 -0.051242 -0.487159
0.000000 0.000000 0.000000
0.343505 -0.016709 0.133840
-0.215756 0.110168 0.224674
0.241631 -0.092884 -0.309108
0.102072 0.123679 -0.109096
0.186453 -0.066691 -0.000250
-0.115146 0.099279 0.218359
0.119400 -0.087774 -0.289698
0.046473 0.062783 -0.199109
0.068062 -0.058001 -0.199044
0.420652 -0.028998 0.190976
0.000000 0.000000 0.000000
0.000000 0.000000 0.000000
0.571228 0.082154 -0.603544
0.268030 -0.037825 -0.159841
-0.019007 0.118135 0.010817
0.458798 -0.046304 -0.036614
0.000000 0.000000 0.000000
0.637318 -0.025614 -0.699272
0.361327 -0.023633 -0.557614
0.283824 -0.018378 0.060669
0.000000 0.000000 0.000000
0.184871 0.003785 -0.364975
0.000000 0.000000 0.000000
0.329286 -0.018773 -0.029568
0.000000 0.000000 0.000000
0.456670 -0.082105 -0.544622
0.000000 0.000000 0.000000
0.000000 0.000000 0.000000
0.000000 0.000000 0.000000
0.000000 0.000000 0.000000
0.428692 0.059403 -0.625495
-0.032064 -0.018495 -0.201489
0.000000 0.000000 0.000000
0.119734 -0.066961 0.022592
-0.079507 -0.009173 -0.083113
0.320713 -0.118026 0.087297
0.206701 0.057477 -0.079701
0.515380 0.100819 -0.480029
-0.142112 -0.043621 0.022323
0.401461 -0.156926 -0.046665
0.072071 -0.106996 -0.032169
0.496613 -0.052019 -0.445621
0.069340 -0.061615 0.079500
0.000000 0.000000 0.000000
0.137604 0.097181 -0.268143
0.164748 -0.041372 -0.026392
0.000000 0.000000 0.000000
0.000000 0.000000 0.000000
0.000000 0.000000 0.000000
0.378790 0.123438 -0.496104
0.060554 -0.005368 -0.300453
0.489254 -0.110690 -0.078962
0.384058 0.131369 -0.421283
0.000000 0.000000 0.000000
0.435928 -0.124377 -0.507360
0.125852 0.096969 -0.036220
0.260756 -0.017986 -0.054069
0.119883 -0.105114 -0.116869
0.000000 0.000000 0.000000
0.314512 -0.063285 -0.195967
0.143804 -0.059593 -0.335212
0.379982 -0.015098 0.182465
0.177623 -0.036924 0.047246
0.000000 0.000000 0.000000
0.441769 0.087370 -0.369337
0.000000 0.000000 0.000000
0.593871 0.017725 -0.542662
0.000000 0.000000 0.000000
0.255275 -0.061345 -0.375137
0.388701 -0.083448 -0.020659
0.565594 -0.023488 -0.715683
0.486537 0.094946 -0.618367
0.180227 0.125762 -0.191539
0.000000 0.000000 0.000000
0.273176 -0.039162 0.230101
0.000000 0.000000 0.000000
-0.095443 0.111984 0.152332
0.187526 -0.065406 -0.097546
0.000000 0.000000 0.000000
-0.010484 0.105835 -0.064406
0.000000 0.000000 0.000000
0.378572 -0.086694 -0.443024
0.179712 -0.103753 -0.153724
0.000000 0.000000 0.000000
0.284098 0.016666 -0.154659
0.000000 0.000000 0.000000
0.000000 0.000000 0.000000
0.000000 0.000000 0.000000
-0.066403 0.114072 0.036016
0.271027 -0.089541 -0.161264
-0.043751 -0.104113 -0.042236
-0.004957 -0.094350 -0.145045
0.582817 0.048746 -0.669177
0.000000 0.000000 0.000000
0.000000 0.000000 0.000000
-0.218049 0.102113 0.319658
0.337490 -0.035425 0.266076
0.427153 -0.061739 -0.577346
0.148781 0.006811 -0.330782
0.298842 0.029874 -0.504452
0.488483 -0.073712 -0.106030
0.020345 -0.107685 -0.029194
0.373090 -0.035850 0.060209
0.045390 -0.047848 -0.226425
0.375542 -0.076261 -0.352606
0.296323 -0.049688 0.127659
0.000000 0.000000 0.000000
0.000000 0.000000 0.000000
-0.019010 0.105701 0.102101
0.000000 0.000000 0.000000
0.000000 0.000000 0.000000
0.000000 0.000000 0.000000
0.000000 0.000000 0.000000
0.604220 -0.029502 -0.581979
0.320552 -0.024584 -0.511682
0.000000 0.000000 0.000000
0.000000 0.000000 0.000000
0.330623 -0.042117 -0.097880
0.372648 -0.031521 0.316154
0.202498 -0.028323 -0.018635
0.228710 0.105011 -0.163463
0.052085 -0.104506 -0.103258
0.504166 -0.107519 -0.002115
0.000000 0.000000 0.000000
0.117589 -0.006917 -0.304447
0.061232 0.010761 0.099641
0.166733 -0.043658 -0.322895
-0.055196 -0.091118 0.002620
0.000000 0.000000 0.000000
0.338861 0.062771 -0.231992
0.000000 0.000000 0.000000
0.197500 -0.102378 -0.228083
0.000000 0.000000 0.000000
0.000000 0.000000 0.000000
0.000000 0.000000 0.000000
-0.108787 -0.042630 -0.051623
-0.096443 -0.144299 -0.160921
0.473971 0.014878 -0.670194
0.165815 -0.044509 0.148124
0.119868 0.067785 -0.280106
0.111743 -0.098123 -0.234791
0.232956 -0.047506 -0.102706
0.513584 -0.064281 -0.642647
0.000000 0.000000 0.000000
0.000000 0.000000 0.000000
0.265273 -0.087472 -0.263731
0.000000 0.000000 0.000000
0.494759 0.059584 -0.404763
0.201740 -0.092319 -0.314176
0.000000 0.000000 0.000000
0.000000 0.000000 0.000000
0.541316 0.096148 -0.522207
0.557398 0.020203 -0.476542
0.000000 0.000000 0.000000
0.436185 -0.012410 0.256608
0.248511 0.127972 -0.270419
0.306088 -0.020205 0.175419
0.236646 -0.062666 0.013602
0.000000 0.000000 0.000000
0.426386 -0.063219 -0.499613
0.421460 0.101722 -0.581560
-0.167039 0.087849 0.081005
0.155451 0.122093 -0.146376
0.000000 0.000000 0.000000
0.364392 0.096724 -0.293463
0.040675 0.012870 -0.208844
0.156275 -0.101231 -0.222610
0.223262 -0.070145 -0.153270
0.000000 0.000000 0.000000
-0.078534 -0.045740 -0.095736
0.000000 0.000000 0.000000
0.283777 -0.053906 -0.197332
0.046662 0.112178 0.013552
0.000000 0.000000 0.000000
0.000000 0.000000 0.000000
0.285519 -0.017519 -0.113900
0.571164 -0.028889 -0.520584
0.150424 0.106211 -0.081324
0.000000 0.000000 0.000000
-0.002956 0.060591 -0.142914
0.231877 0.074570 -0.123400
0.427773 -0.086387 0.044064
-0.127606 0.064044 0.282797
0.435216 -0.081463 -0.448623
0.000000 0.000000 0.000000
0.000000 0.000000 0.000000
0.522176 0.008583 -0.695367
0.222361 -0.033094 0.160130
0.308690 -0.015034 -0.186576
0.474877 -0.030836 -0.395650
0.000000 0.000000 0.000000
0.432851 0.002409 -0.329210
0.000000 0.000000 0.000000
-0.066484 -0.082371 -0.094929
0.000000 0.000000 0.000000
0.000000 0.000000 0.000000
0.000000 0.000000 0.000000
-0.136836 0.110852 0.104623
0.273999 -0.058454 -0.028792
0.000000 0.000000 0.000000
0.269736 -0.056270 -0.423342
0.000000 0.000000 0.000000
0.361409 -0.015061 0.222906
0.238457 0.035012 -0.432821
0.007447 0.058692 0.140986
0.463045 -0.172680 0.000071
0.269470 0.121924 -0.366415
0.158062 -0.104611 -0.105374
0.009496 -0.041186 -0.148896
0.475452 0.124898 -0.506277
0.400815 0.115662 -0.371308
0.350563 -0.088772 -0.402081
0.023315 -0.087864 -0.185659
-0.036015 -0.021819 -0.132728
0.186724 0.113904 -0.285956
0.430612 -0.167480 -0.530692
0.496510 0.017699 -0.397131
0.386286 0.105151 -0.544557
0.000000 0.000000 0.000000
0.000000 0.000000 0.000000
0.498336 -0.164867 -0.067483
0.317818 -0.075821 0.112005
0.451347 -0.065474 -0.071564
0.430153 -0.153290 -0.083777
0.453349 -0.023005 0.339200
0.126210 -0.042766 -0.278040
0.078981 -0.066077 -0.264556
0.196256 -0.040773 0.203142
0.066615 -0.003789 -0.246064
0.085652 -0.089762 -0.141587
0.000000 0.000000 0.000000
0.519084 -0.038438 -0.679270
0.000000 0.000000 0.000000
0.320465 -0.051030 -0.237076
0.431548 -0.134818 0.057625
0.245551 -0.063691 0.116548
0.240413 0.121537 -0.225447
0.359627 -0.068216 0.085318
0.547310 -0.072341 -0.609929
-0.101157 -0.073030 0.012106
0.347416 -0.043378 0.163707
0.196246 -0.049391 -0.061570
0.272684 -0.049351 0.175479
0.197525 0.092297 -0.344171
0.000000 0.000000 0.000000
0.000000 0.000000 0.000000
0.000000 0.000000 0.000000
0.064752 0.106539 -0.155293
0.344810 0.006740 -0.225884
0.000000 0.000000 0.000000
0.214732 -0.103066 -0.155421
0.440354 -0.150363 -0.016447
0.387142 -0.003513 -0.278595
0.000000 0.000000 0.000000
0.000000 0.000000 0.000000
0.276126 -0.017755 -0.017786
0.343742 0.079643 -0.530372
0.084936 0.091002 -0.213020
0.000000 0.000000 0.000000
0.000000 0.000000 0.000000
0.000000 0.000000 0.000000
0.250820 -0.083689 -0.130727
0.000000 0.000000 0.000000
0.130257 0.071030 -0.006993
-0.149902 0.006410 0.009500
0.053144 -0.010319 -0.348552
0.128408 -0.081184 0.062615
0.030023 0.116650 -0.078161
0.001457 0.011502 -0.163775
0.074684 -0.018085 0.076626
0.000000 0.000000 0.000000
-0.123555 0.074442 0.014712
0.635347 -0.018019 -0.651420
0.000000 0.000000 0.000000
0.197466 -0.079390 -0.344950
0.317409 -0.017156 0.085339
0.000000 0.000000 0.000000
0.339227 -0.058044 -0.266704
0.000000 0.000000 0.000000
0.000000 0.000000 0.000000
0.265461 0.102754 -0.410889
0.000000 0.000000 0.000000
0.000000 0.000000 0.000000
0.041608 -0.089816 0.021377
0.510337 -0.159641 -0.029688
0.288429 -0.088895 -0.312266
0.422634 0.045767 -0.319125
0.358782 -0.142606 0.070470
0.483904 -0.073759 -0.599764
0.612897 -0.051424 -0.673255
0.344648 0.131362 -0.385775
0.604767 0.040203 -0.634240
0.532522 0.103984 -0.588021
0.000000 0.000000 0.000000
-0.092722 0.022282 -0.054619
0.000000 0.000000 0.000000
0.143452 -0.002968 0.002767
0.099549 0.007559 -0.274943
0.000000 0.000000 0.000000
0.000000 0.000000 0.000000
-0.163968 -0.035653 0.039349
-0.191124 0.108702 0.258274
0.000000 0.000000 0.000000
0.000000 0.000000 0.000000
0.000000 0.000000 0.000000
0.217408 -0.028558 0.049034
0.000000 0.000000 0.000000
0.000000 0.000000 0.000000
0.183304 0.040997 -0.366921
-0.287308 0.106534 0.288164
0.411218 -0.052614 -0.345152
0.571055 0.077009 -0.544497
0.399151 -0.017855 0.152005
0.429027 -0.074653 -0.005922
-0.061333 -0.032951 -0.144810
0.118912 -0.105624 -0.024784
-0.055377 0.085178 0.183003
0.000000 0.000000 0.000000
0.507687 -0.077565 -0.534197
0.000000 0.000000 0.000000
0.494468 -0.141731 0.004288
0.000000 0.000000 0.000000
0.310939 -0.077845 -0.277830
-0.118942 0.082544 0.254960
0.081176 -0.100887 -0.174982
0.000000 0.000000 0.000000
0.358238 0.122682 -0.346161
0.340670 -0.043896 0.110194
0.351697 0.034844 -0.561838
0.000000 0.000000 0.000000
0.000000 0.000000 0.000000
0.364161 -0.035196 -0.038840
0.000000 0.000000 0.000000
0.103934 0.116155 -0.064646
0.000000 0.000000 0.000000
0.561032 0.019486 -0.706009
0.442801 -0.112916 -0.111791
0.019295 -0.056643 -0.238850
0.217795 -0.097109 -0.276444
0.000000 0.000000 0.000000
0.000000 0.000000 0.000000
0.409760 0.019404 -0.620079
0.265118 -0.071123 0.188412
0.190025 -0.095454 -0.076296
-0.121521 -0.036016 -0.007678
0.000000 0.000000 0.000000
0.612073 -0.011940 -0.726888
-0.154751 0.112047 0.206877
0.418163 0.124312 -0.531387
0.000000 0.000000 0.000000
0.174512 -0.035600 0.007786
0.000000 0.000000 0.000000
0.000000 0.000000 0.000000
0.497773 -0.061942 -0.066402
0.291577 -0.024977 0.262471
0.148401 -0.098228 -0.259937
0.379799 -0.149482 -0.018648
0.320507 -0.046423 -0.011763
0.140545 -0.071085 0.000847
0.000000 0.000000 0.000000
0.416226 -0.152821 -0.488544
0.528163 -0.101209 -0.031447
0.635738 0.007825 -0.675252
0.000000 0.000000 0.000000
-0.018211 -0.094270 -0.014157
-0.052640 0.028089 -0.098774
0.401681 -0.031678 0.082423
0.164287 0.074889 -0.048460
0.108686 -0.098437 0.014046
0.368182 -0.054589 -0.296676
-0.078712 -0.068045 -0.124687
0.003257 -0.024660 0.151285
0.215486 -0.015361 -0.394481
0.377892 -0.079513 -0.483230
0.481061 0.055564 -0.654234
0.000000 0.000000 0.000000
0.262010 -0.075176 -0.213081
0.282277 -0.086086 -0.353052
0.075638 -0.106395 -0.070274
0.256946 -0.059248 0.040899
0.292457 -0.051568 -0.111301
0.468808 -0.068970 -0.004079
0.276676 -0.020160 -0.466797
0.497549 0.092313 -0.439258
0.000000 0.000000 0.000000
0.146582 -0.047478 0.125885
0.099638 -0.077932 -0.194624
0.509019 -0.062707 -0.484377
0.000000 0.000000 0.000000
-0.033673 -0.101800 -0.080922
0.000000 0.000000 0.000000
0.494253 -0.005111 0.405851
0.179830 -0.073421 0.112999
-0.007022 -0.060949 -0.179099
-0.052678 0.116399 0.085484
0.371228 -0.038121 0.128173
0.260614 0.127254 -0.306931
0.403409 -0.126714 -0.067715
-0.255234 0.111496 0.304954
-0.066645 -0.033653 -0.070997
0.000000 0.000000 0.000000
0.179162 -0.061739 0.065223
0.379190 -0.082796 0.013281
0.494937 -0.082172 -0.566192
0.411535 0.129516 -0.437208
0.339310 -0.073440 -0.463785
0.251481 -0.027043 -0.123001
0.441504 -0.157772 0.036511
-0.040386 0.043349 0.207245
0.000000 0.000000 0.000000
0.226728 -0.030114 0.119340
0.125059 0.034226 -0.302145
0.000000 0.000000 0.000000
0.036983 -0.055130 -0.166730
0.389744 -0.151879 0.057644
-0.053513 -0.013700 -0.112588
0.473994 -0.157586 -0.097964
0.465658 0.069920 -0.380029
0.396257 -0.033180 0.036360
0.297852 -0.023239 -0.157402
0.429199 0.118227 -0.407226
0.000000 0.000000 0.000000
0.148109 -0.086775 -0.317658
0.000000 0.000000 0.000000
0.000000 0.000000 0.000000
0.345076 0.127093 -0.433807
0.000000 0.000000 0.000000
0.000000 0.000000 0.000000
0.183349 -0.103083 -0.195985
0.081034 0.056323 0.061206
0.341100 -0.016954 0.178524
0.000000 0.000000 0.000000
0.000000 0.000000 0.000000
0.485249 -0.021741 -0.669600
0.000000 0.000000 0.000000
0.000000 0.000000 0.000000
0.176658 -0.008438 -0.043624
0.000000 0.000000 0.000000
0.000000 0.000000 0.000000
0.000000 0.000000 0.000000
0.312740 -0.017062 0.034437
0.340757 -0.042588 0.054185
0.278724 -0.052901 0.101769
0.252874 -0.022712 0.080189
0.000000 0.000000 0.000000
0.363511 -0.106071 0.091137
0.001759 0.117134 -0.030982
-0.021407 0.072912 -0.107327
0.000000 0.000000 0.000000
0.000000 0.000000 0.000000
0.393858 -0.078557 -0.380899
-0.067335 -0.103711 -0.030968
0.000000 0.000000 0.000000
0.257189 0.049493 -0.132013
0.440993 0.130195 -0.504068
0.000000 0.000000 0.000000
0.000000 0.000000 0.000000
0.000000 0.000000 0.000000
0.229046 -0.090062 -0.238348
0.362571 -0.038234 0.031854
0.307154 0.129244 -0.353764
0.445535 0.045574 -0.345103
0.064028 0.118329 -0.110753
0.000000 0.000000 0.000000
0.000000 0.000000 0.000000
0.197544 -0.053922 0.134809
0.417200 -0.013552 0.222953
-0.070216 0.073372 -0.049317
0.329341 -0.026335 -0.215797
-0.041986 -0.054814 -0.183530
0.070150 -0.107389 0.007100
0.104150 -0.052956 0.055497
0.000000 0.000000 0.000000
0.319289 0.090208 -0.235250
0.161055 -0.063177 -0.291139
0.432047 -0.027052 0.288293
0.000000 0.000000 0.000000
0.257983 -0.025844 0.166515
-0.141879 0.116149 0.170691
0.387572 -0.060698 0.056832
0.575697 0.010498 -0.506040
0.505836 -0.074105 -0.033917
0.000000 0.000000 0.000000
0.081981 -0.010701 -0.327017
0.254249 0.108490 -0.198160
0.000000 0.000000 0.000000
-0.024102 -0.097830 -0.112859
-0.003522 0.112549 0.060026
0.322658 0.113611 -0.282573
0.011479 0.085502 0.109995
0.610755 0.005945 -0.572003
0.193311 -0.035136 0.077974
0.344006 -0.119316 0.047091
0.000000 0.000000 0.000000
0.417354 -0.036020 -0.602430
0.112215 -0.105941 -0.059953
0.000000 0.000000 0.000000
0.000000 0.000000 0.000000
0.356427 -0.015666 0.333980
0.594588 -0.043201 -0.708773
0.591399 0.054797 -0.591220
0.000000 0.000000 0.000000
0.065068 0.020223 -0.238012
0.000000 0.000000 0.000000
0.000000 0.000000 0.000000
0.579183 -0.048387 -0.562948
0.365685 -0.013946 0.286505
0.000000 0.000000 0.000000
0.000000 0.000000 0.000000
0.000000 0.000000 0.000000
0.000000 0.000000 0.000000
0.398075 -0.059582 -0.555366
0.000000 0.000000 0.000000
0.306571 -0.017245 -0.055604
0.000000 0.000000 0.000000
0.168960 -0.048057 -0.054852
0.085129 -0.032063 -0.269457
0.505520 0.081022 -0.644489
0.405981 -0.077554 0.036674
0.537108 0.035253 -0.452114
0.152953 0.114693 -0.242654
0.429079 -0.063839 -0.036219
0.000000 0.000000 0.000000
0.347157 -0.046588 -0.521111
-0.109158 -0.059450 -0.075386
0.000000 0.000000 0.000000
0.386812 -0.115037 -0.026265
0.406837 -0.172296 -0.017624
-0.096961 0.099443 0.024834
0.000000 0.000000 0.000000
