-0.317777 0.403947 -0.166486
0.000000 0.000000 0.000000
-0.481010 0.669597 0.416938
0.000000 0.000000 0.000000
0.323254 0.244142 0.554900
0.576133 0.656324 0.211947
-0.080255 -0.149589 -0.075521
-0.249060 0.296055 0.234726
-0.126066 0.662851 -0.607581
-0.494988 0.495446 -0.315021
-0.244138 0.006102 0.429367
0.237169 0.132126 0.068199
0.240903 0.201186 0.340875
-0.515389 0.401159 -0.527074
0.347882 0.120612 0.691353
0.188237 0.067275 0.761756
-0.206706 0.107695 0.126654
-0.535562 0.465488 -0.342166
0.335490 0.229383 0.587266
-0.134010 -0.057841 -0.035953
0.237756 0.287452 0.488563
-0.062638 0.589782 -0.507457
-0.209124 0.399559 0.708455
-0.403382 0.196280 -0.741555
0.521216 0.493419 -0.273424
-0.036107 0.490853 0.597165
-0.004682 -0.043963 -0.840906
-0.060772 0.545377 0.449755
-0.027399 0.349129 -0.368927
-0.741308 0.134689 -0.039078
-0.651954 0.176604 -0.030838
0.863330 0.202023 0.026692
0.324411 0.236818 -0.567543
-0.736537 0.073172 -0.195279
0.405346 0.127773 -0.634736
0.726131 0.406088 -0.178104
0.261271 0.276301 -0.498519
-0.151532 -0.137115 -0.281172
0.120429 0.048503 -0.111452
0.000000 0.000000 0.000000
-0.149493 -0.117259 -0.177889
0.572810 0.060763 -0.560050
0.021309 -0.139733 -0.270648
0.000000 0.000000 0.000000
-0.042726 0.032698 0.157443
0.000000 0.000000 0.000000
0.354266 -0.071457 0.252361
0.050791 -0.068699 0.334587
-0.342201 0.058058 0.022150
0.422441 -0.050232 0.071652
-0.151716 -0.011526 0.143830
-0.037270 -0.085018 -0.180835
-0.260110 0.344820 0.263615
0.403851 0.151665 -0.095730
0.207967 0.059760 -0.271203
-0.451839 0.194796 0.714220
-0.405667 -0.016001 -0.052529
-0.162946 0.177607 0.412643
0.013675 -0.052756 -0.492350
0.302800 0.374080 -0.147081
-0.324440 0.184415 -0.299852
0.294349 0.024087 -0.350687
-0.294261 0.082197 -0.497914
-0.049907 0.217764 0.239278
0.388146 0.407526 0.107296
0.000000 0.000000 0.000000
0.215303 0.088501 0.355504
0.000000 0.000000 0.000000
0.000000 0.000000 0.000000
0.000000 0.000000 0.000000
0.184035 0.081474 0.508664
-0.487972 0.281659 0.047324
0.244584 -0.090104 -0.016775
0.609691 0.107613 -0.014647
-0.178800 0.173638 -0.108544
0.055289 -0.098803 -0.164973
0.330729 0.154078 -0.459064
-0.222774 -0.008652 0.045996
-0.388440 0.293575 -0.359776
0.040881 -0.096821 -0.343468
-0.020949 0.145687 -0.252690
0.000000 0.000000 0.000000
-0.106223 0.395149 -0.378636
-0.343751 0.525809 0.323660
0.175031 0.181446 -0.351828
-0.561142 0.105448 -0.102378
-0.375346 0.129890 0.521541
0.122144 -0.083573 -0.033395
-0.252518 0.048390 -0.217352
0.314379 0.270036 0.082805
0.098952 -0.007725 0.234449
-0.554756 -0.015998 0.283350
0.524917 0.312242 -0.146709
0.000000 0.000000 0.000000
0.027602 0.391019 0.354805
-0.196919 0.324026 0.542841
-0.332728 0.132634 -0.549600
0.397397 0.519243 -0.167221
0.537413 -0.012034 0.336682
0.453169 0.118796 -0.399999
0.205842 0.223806 -0.124340
0.172577 -0.118456 -0.760555
0.194036 -0.029710 0.055415
0.034918 -0.006576 -0.648378
-0.075638 0.033988 0.316682
0.111836 -0.055632 -0.198008
-0.378390 0.515060 -0.204390
0.461247 0.554630 0.151532
-0.194634 -0.028664 -0.403835
0.000000 0.000000 0.000000
0.226612 -0.075649 -0.228358
-0.298686 -0.079025 -0.120861
0.220237 0.145750 0.505989
-0.490382 0.120885 -0.007366
0.057959 0.010674 0.442837
0.027618 -0.114155 0.123118
0.000000 0.000000 0.000000
0.000000 0.000000 0.000000
-0.394662 0.179513 -0.023061
0.195939 0.085954 0.245287
0.310628 0.033986 -0.078655
-0.196501 -0.130781 -0.027226
0.506146 0.020687 0.073424
0.264550 0.291251 -0.415968
0.114772 0.110291 0.629508
-0.199612 0.257305 -0.175465
-0.172611 0.283312 0.497899
-0.119561 0.063121 -0.115672
0.115735 -0.109392 0.175111
0.743073 0.164253 0.052668
0.475038 0.248364 -0.129975
0.042156 0.146503 0.198040
-0.126476 -0.007206 0.268826
0.078283 0.020584 -0.238005
-0.590777 0.265846 -0.020834
-0.441376 0.033536 -0.172106
0.214312 0.103235 -0.390299
-0.184172 -0.073018 -0.013260
0.143509 -0.021062 0.376853
0.099199 -0.055671 0.164103
-0.031630 -0.097990 -0.339517
-0.154689 0.343572 0.598015
-0.130901 -0.108558 -0.331491
-0.049679 0.491481 -0.446452
-0.423102 0.599521 0.322002
-0.078906 0.252634 -0.302096
-0.206447 0.199694 0.200635
0.000000 0.000000 0.000000
0.000000 0.000000 0.000000
0.502513 0.016808 -0.016838
-0.268781 0.074759 0.508953
0.140086 0.090250 -0.275807
0.000000 0.000000 0.000000
-0.041502 0.037450 -0.211531
0.403989 0.065308 -0.317874
0.234090 0.296280 -0.171485
-0.449780 0.348523 -0.432117
0.327651 0.455369 -0.213312
0.466455 -0.045316 0.234686
-0.258848 -0.131148 -0.003160
-0.179976 0.130361 -0.055470
0.126169 -0.067634 -0.137220
-0.002393 0.309216 0.300593
-0.554753 0.121547 -0.205693
-0.334187 0.442749 0.264207
0.345738 0.168672 -0.569105
-0.235888 0.111435 -0.305552
-0.402303 0.549264 -0.296860
-0.322086 0.160779 -0.657907
0.161932 0.048001 0.467910
-0.160624 -0.018918 -0.232834
-0.321994 0.478564 -0.248341
0.113352 0.010943 -0.104035
0.153486 0.147271 0.334475
0.113897 0.052585 0.311399
0.322325 -0.019420 -0.238583
0.182391 0.139875 -0.051642
0.000000 0.000000 0.000000
0.081377 0.085274 0.540292
0.265233 0.215996 0.135573
-0.035662 -0.065094 0.132571
-0.062925 0.442272 0.383233
-0.317225 -0.085743 -0.020897
-0.413728 0.164924 0.626554
-0.265510 0.286482 -0.108157
0.262615 0.345345 -0.185030
-0.523399 -0.023413 0.287560
0.228495 0.195214 -0.335483
0.150580 0.149264 -0.127064
-0.200015 0.034051 -0.485781
0.548398 -0.018074 0.276843
0.135061 -0.092529 0.279900
0.630917 -0.010796 0.395176
0.357792 0.091019 -0.414415
0.627863 0.359039 -0.152500
0.000000 0.000000 0.000000
-0.266092 0.027544 -0.045259
-0.048874 -0.052567 0.256277
0.509171 0.272292 -0.076800
0.162593 0.060759 -0.303389
0.174359 0.105082 0.420771
-0.318236 0.026558 0.413599
-0.156829 0.023443 0.151404
-0.028246 -0.007686 -0.730715
-0.477281 0.041138 -0.081476
0.542944 0.051041 -0.018426
0.500456 0.090639 -0.488648
0.022437 0.494126 0.420958
-0.048612 0.343781 0.320516
0.000000 0.000000 0.000000
-0.214558 0.232599 0.219403
-0.318223 0.139085 0.587982
-0.410369 0.087960 -0.038480
-0.646382 0.102085 -0.152348
-0.146438 0.098037 0.350939
0.195353 0.254586 0.423500
0.293493 0.161082 0.621943
0.161511 -0.112400 -0.224274
0.406043 0.477529 0.180639
0.000000 0.000000 0.000000
0.416493 0.558690 -0.244614
0.196141 0.053553 0.114307
-0.373362 -0.019263 -0.151942
0.037363 0.064355 0.169668
0.272896 0.275142 0.400412
-0.352751 0.133634 0.047122
0.000000 0.000000 0.000000
0.189730 0.248947 -0.414543
0.640149 0.131911 0.071349
-0.251086 0.351375 -0.207310
-0.051411 0.130804 0.183188
0.000000 0.000000 0.000000
0.463397 0.584046 0.203263
0.164319 0.013200 0.186800
-0.456360 0.247055 -0.038710
-0.230392 -0.133419 -0.093735
-0.133959 -0.090746 0.133740
0.000000 0.000000 0.000000
0.431471 -0.043407 -0.021155
-0.079123 0.109785 0.378738
0.035213 -0.036003 -0.548951
-0.242022 0.095859 -0.545861
0.196181 0.115738 0.589471
0.000000 0.000000 0.000000
-0.154500 0.035460 -0.048541
0.354592 0.376193 0.153552
-0.028788 -0.025074 -0.585879
-0.319182 0.096886 -0.026031
0.573761 0.077883 0.064708
-0.314081 0.245195 -0.379207
-0.218103 -0.074230 -0.328870
-0.028336 -0.146400 -0.266440
0.252063 -0.028512 -0.292875
-0.272108 0.026032 -0.434294
-0.565924 0.152696 -0.012223
0.106692 -0.019314 -0.220557
0.336410 0.310820 0.089609
-0.013432 0.546955 0.506790
-0.015510 0.221914 -0.297927
-0.110166 0.222470 0.464067
0.031358 0.233703 0.253661
0.288570 0.160938 0.511617
-0.667239 0.232797 0.005236
0.058740 -0.091799 0.172197
-0.370001 0.325329 -0.440808
0.000000 0.000000 0.000000
0.161127 -0.110566 0.088563
0.365320 0.087083 -0.039228
0.063722 -0.045658 0.363224
0.618130 0.004835 0.322366
0.000000 0.000000 0.000000
-0.505085 0.074754 -0.149825
-0.040394 0.418766 -0.406401
0.684714 0.145611 -0.007042
0.377367 -0.075250 0.186719
-0.068032 0.123184 -0.229586
0.154538 0.044195 -0.218884
0.273749 0.308091 -0.110667
0.355450 0.444457 -0.143582
0.252479 0.133290 -0.450779
0.031872 -0.017187 0.148352
0.257154 -0.031442 -0.075296
-0.436371 0.532810 -0.293554
0.122999 0.077904 0.278908
-0.274850 0.048356 0.026522
0.015533 -0.078985 -0.403729
-0.455197 -0.050482 0.222773
0.155015 0.059385 -0.050022
-0.116933 0.513200 -0.444591
0.239479 0.117769 0.421359
-0.363028 0.478350 -0.184657
-0.187170 -0.059383 -0.170335
-0.229223 -0.063023 0.023578
0.221795 0.135666 0.122307
-0.347310 0.215141 -0.311862
-0.284561 0.111321 -0.256751
0.474131 -0.032115 0.310596
0.000000 0.000000 0.000000
0.295149 -0.093442 0.206194
-0.205736 0.239518 -0.144933
-0.338376 0.073592 0.466195
0.232596 0.294726 -0.465854
-0.625650 0.103662 -0.206651
0.000000 0.000000 0.000000
0.000000 0.000000 0.000000
-0.518417 0.297122 -0.022433
0.179391 0.054003 0.281675
0.529983 0.623312 0.191627
0.194075 0.088362 0.686176
0.049810 -0.034796 -0.196029
0.459375 0.213245 -0.079500
0.481553 -0.000222 0.064611
-0.587648 0.267199 0.028632
-0.131375 0.624967 -0.547612
0.206973 0.145805 -0.295791
0.312948 0.179267 0.548130
-0.346826 -0.052262 -0.082137
-0.287079 0.415319 -0.227406
-0.096811 0.317846 -0.335960
0.000000 0.000000 0.000000
-0.417620 0.204644 0.041770
-0.416762 0.626803 0.391140
0.000000 0.000000 0.000000
0.437644 -0.043449 0.297205
0.412455 0.116136 -0.454515
-0.211423 0.059512 -0.271072
0.261760 0.175985 0.072732
-0.445366 0.364838 -0.486140
-0.306530 0.347090 0.214155
-0.342466 0.059696 -0.049688
0.360686 0.104282 -0.109867
-0.239924 0.184997 0.151193
0.207520 0.137286 0.292745
0.141086 -0.006883 -0.172774
-0.134333 0.703404 -0.668832
0.292651 0.126150 -0.404555
0.309377 0.274967 0.480567
-0.112854 0.292768 0.521768
0.000000 0.000000 0.000000
0.181941 0.073279 -0.233742
-0.356437 0.536279 -0.263456
-0.284481 0.139097 -0.600082
0.444153 0.555149 -0.203227
-0.214224 -0.018012 -0.018663
0.103787 -0.063999 0.203884
-0.361072 0.149444 -0.594883
0.000000 0.000000 0.000000
0.199325 -0.121693 -0.824645
0.173058 0.216636 0.396342
-0.115885 0.479895 -0.425561
-0.181351 0.143933 0.181390
-0.420349 0.006957 -0.114632
-0.342826 0.128680 0.539114
-0.093917 0.173644 0.427845
-0.228322 0.218898 -0.085597
-0.009468 -0.029470 -0.200609
0.070863 0.043219 0.484662
-0.284221 0.344251 -0.147655
-0.141979 -0.075528 -0.370002
0.434120 0.494108 0.124207
0.144178 0.005336 -0.040626
-0.144898 0.134677 -0.114804
0.291509 -0.051185 -0.209062
-0.067461 0.183247 -0.264433
-0.056633 0.276970 0.277074
-0.177147 0.232309 0.454298
0.122000 -0.109540 0.128179
0.000000 0.000000 0.000000
-0.156534 -0.148551 -0.026123
0.132345 0.110511 -0.301649
0.205505 0.247461 -0.158404
-0.419666 0.561675 -0.232793
0.352446 0.057858 -0.356203
-0.120181 -0.007976 -0.080985
0.783923 0.177001 0.025021
-0.186735 0.370727 0.650050
-0.119462 0.571880 -0.477975
-0.385283 0.176149 -0.678463
0.116444 0.011686 0.429223
-0.324596 0.385178 0.226279
0.226298 0.087130 -0.336906
0.218600 0.069456 0.060996
0.066759 -0.030104 0.197449
-0.009884 0.087818 -0.230722
0.288035 -0.011792 -0.020995
-0.065028 0.533674 -0.467555
0.000000 0.000000 0.000000
0.030159 -0.000382 -0.708527
0.231756 0.232220 -0.372634
0.304146 0.284800 0.141641
-0.287613 -0.099420 -0.058634
0.329364 0.014478 -0.296481
0.013240 -0.023033 -0.777331
-0.279042 0.184771 -0.345652
-0.592801 0.164840 -0.052723
-0.368786 0.497227 0.271851
0.110236 -0.132174 -0.119151
-0.433945 0.096647 0.018431
-0.288369 0.401916 0.280484
-0.040042 -0.043194 -0.524657
-0.172435 -0.105093 0.040811
0.274760 0.142961 0.470637
0.170507 -0.093019 -0.252301
-0.030831 0.281855 -0.329297
-0.097144 -0.072827 -0.085830
0.302647 0.403456 -0.188865
0.000000 0.000000 0.000000
0.472970 0.527736 -0.244965
-0.038582 0.493861 0.417696
0.673303 -0.021255 0.385305
-0.521493 0.134987 -0.056474
0.000000 0.000000 0.000000
0.358679 0.508590 -0.227837
-0.540117 0.097219 -0.136581
-0.001910 0.441554 0.385861
-0.328644 0.094328 0.500389
0.241743 -0.096751 -0.172391
-0.125048 0.035026 0.304305
-0.037308 0.526246 0.539365
0.347643 -0.080995 0.199382
0.353557 0.177473 -0.510595
-0.283307 0.055254 0.473612
0.000000 0.000000 0.000000
0.106973 -0.050104 -0.081970
0.198590 0.100663 0.641806
-0.193655 0.061128 0.123715
-0.510482 0.066642 -0.089969
0.148799 0.105050 -0.087997
0.242637 0.244635 -0.081852
-0.307156 0.083720 0.056029
0.073809 -0.060362 0.221039
0.143102 -0.056695 0.327534
-0.257712 -0.108219 -0.121774
0.000000 0.000000 0.000000
-0.488758 -0.039084 0.241663
-0.203317 0.006730 -0.446901
-0.055776 0.393604 0.352246
0.150013 0.075297 0.353622
-0.091629 0.641248 -0.581287
0.130089 0.025135 0.234919
0.020693 0.346697 0.325905
0.448367 -0.028623 0.031972
-0.348059 0.128496 -0.009635
0.414184 0.095665 -0.365749
0.242505 0.167577 0.552932
-0.041386 -0.082040 -0.393406
0.313549 0.265115 -0.498221
0.204924 0.188093 -0.075702
0.223945 -0.119789 -0.739335
0.000000 0.000000 0.000000
0.203284 -0.063075 -0.276324
0.336367 0.404809 -0.124882
0.186362 0.184437 0.354697
-0.366126 0.147396 0.590149
0.010949 0.187893 0.223119
0.233298 0.163639 0.305660
-0.198612 -0.106354 -0.296325
-0.167504 0.079856 0.160844
0.395420 0.151299 -0.581222
0.177595 -0.127935 -0.710254
-0.029935 -0.110965 0.121025
0.084457 -0.016294 0.398629
0.574284 0.331937 -0.126297
0.692662 0.148357 0.049016
-0.326015 0.444756 -0.202085
-0.019150 0.094294 0.174530
0.000000 0.000000 0.000000
-0.342779 -0.048335 -0.116248
-0.208468 -0.109119 0.018755
-0.109407 -0.052583 0.238955
-0.382551 0.075552 -0.004047
-0.031435 -0.058227 -0.473866
0.000000 0.000000 0.000000
-0.279694 0.148541 -0.303870
0.000000 0.000000 0.000000
0.386714 0.099212 -0.400611
0.129485 0.073007 0.510926
0.161213 0.108543 0.552066
0.129548 0.035610 -0.253499
0.000000 0.000000 0.000000
-0.243423 0.044733 -0.475796
-0.371044 0.573890 0.333997
0.000000 0.000000 0.000000
0.105958 0.116074 0.576699
-0.316187 0.048333 -0.034051
-0.172054 -0.047711 0.106653
-0.013314 -0.021734 0.144889
-0.481309 0.065006 -0.186290
0.238876 0.289838 0.435557
-0.058370 -0.009461 0.285200
-0.452954 0.243325 0.026398
0.501380 0.282402 -0.137233
-0.073523 0.371751 -0.372117
0.000000 0.000000 0.000000
-0.114647 -0.109054 -0.041587
-0.694533 0.156270 -0.050067
0.428623 0.190973 -0.125199
0.000000 0.000000 0.000000
0.142489 -0.077004 -0.166867
0.100412 -0.077195 0.310063
-0.012625 0.552603 0.456849
0.000000 0.000000 0.000000
0.387925 0.435801 0.159983
-0.470838 0.043020 -0.113958
0.542663 0.076482 -0.514392
0.403431 -0.061274 0.236015
0.022123 -0.020118 -0.602625
-0.014652 0.253857 0.264313
-0.104091 -0.137252 -0.307716
0.291531 0.153177 -0.481870
0.094977 -0.024337 -0.180984
0.000000 0.000000 0.000000
-0.382946 0.166687 0.022107
0.464606 0.106482 -0.448208
-0.590331 0.118847 -0.141021
-0.227275 -0.061478 -0.028448
-0.125626 0.135616 0.387747
-0.202234 0.004770 -0.218117
-0.236632 0.293785 -0.161445
0.330068 0.329947 0.144422
0.672140 0.379824 -0.160534
0.231960 -0.089975 -0.067464
-0.036221 0.005645 -0.690220
0.571629 0.335019 -0.162359
-0.329083 0.466787 0.290124
-0.529022 0.292538 0.025489
0.189930 0.005153 0.094670
-0.038351 0.173959 0.211646
-0.193314 -0.048033 0.055234
-0.142007 0.321501 0.552098
0.288190 0.225960 0.082816
-0.202972 0.344750 0.587545
-0.427555 0.215522 -0.010538
-0.249645 0.020764 0.006981
-0.256678 0.092716 -0.263512
-0.350742 0.297502 -0.401928
0.531169 0.305808 -0.098654
-0.083020 0.443654 -0.411653
-0.002387 -0.111457 -0.294017
0.115296 -0.104609 -0.169848
-0.104526 0.078980 0.346333
-0.252610 0.038298 0.468511
0.114305 -0.014652 0.186297
0.524532 0.035848 0.026934
-0.353893 0.251798 -0.346893
0.121569 0.035502 0.460940
0.563764 0.069068 0.025727
0.364198 0.483175 -0.181162
0.293232 0.283539 -0.460730
0.000000 0.000000 0.000000
0.028492 0.279727 0.283161
0.199931 -0.102714 -0.203638
0.150703 0.003859 0.409571
0.600128 0.002676 0.366662
0.435504 0.521146 0.169651
0.101813 -0.093245 -0.067651
-0.146741 -0.075546 -0.201361
-0.284306 0.120582 -0.555535
-0.454505 0.106803 -0.053399
0.291943 0.292540 0.443687
0.151800 0.116948 0.596616
0.173251 -0.062443 0.090676
0.276253 -0.031124 -0.263158
-0.483272 0.276513 -0.040118
0.021204 -0.066175 0.135172
0.214890 0.094328 0.091288
0.160772 0.096523 0.666061
0.000000 0.000000 0.000000
-0.378580 0.540235 0.297277
-0.178657 -0.073421 -0.352192
0.254884 0.275103 -0.100946
-0.445749 0.015058 -0.064130
-0.671969 0.091344 -0.196623
0.232222 0.273029 -0.415411
-0.273993 0.010419 0.417631
-0.174163 0.200715 -0.147780
-0.107879 -0.140992 -0.036899
0.000000 0.000000 0.000000
0.465630 -0.014313 -0.003135
0.609911 0.108305 0.042305
0.000000 0.000000 0.000000
0.611934 0.679742 0.216980
0.320031 0.031024 -0.034380
-0.238405 -0.009174 -0.405581
-0.165794 0.081134 -0.052750
-0.007751 0.132605 0.186558
0.490542 0.593165 0.164800
-0.411242 0.343820 -0.456095
-0.293216 0.056367 -0.463503
0.636608 0.130589 0.023699
-0.122811 0.255788 0.488369
0.395228 0.546413 -0.209826
0.744717 0.164550 0.001755
-0.609429 0.170956 -0.012079
0.428181 -0.058701 0.210532
-0.532807 0.138755 -0.010307
0.167589 0.148949 -0.321846
-0.250293 -0.127432 -0.052368
0.147645 0.060902 0.246744
-0.183541 -0.051912 -0.378585
0.327533 0.166857 0.590648
0.129676 -0.038421 -0.044216
-0.289750 -0.015209 0.373163
0.000000 0.000000 0.000000
-0.245608 0.231755 0.184328
0.338581 0.139927 0.649703
0.246318 0.175939 0.120457
0.000000 0.000000 0.000000
0.323671 0.060104 -0.389900
0.097013 0.032051 0.265157
0.398092 -0.071603 -0.012393
0.227694 0.227908 0.376688
-0.147430 -0.152279 -0.162410
-0.215505 0.148568 0.147501
0.141063 -0.028625 0.156109
-0.096722 0.610717 -0.532786
-0.305333 0.105907 -0.523801
0.261863 0.271838 0.516356
-0.206849 0.180722 -0.073576
0.182100 0.185255 -0.116296
-0.008652 0.064399 0.167349
0.256413 -0.113308 -0.769821
0.116896 0.014783 -0.209593
-0.046840 0.236160 -0.299446
0.503981 -0.029771 0.274737
0.573957 -0.005716 0.316088
0.281976 0.113560 -0.375784
-0.366494 0.148679 -0.036695
0.213196 0.125763 0.456173
0.312839 0.174629 -0.528878
0.000000 0.000000 0.000000
0.192470 0.112369 -0.268896
0.258675 -0.045787 -0.025952
0.227808 0.100653 0.381584
-0.057233 0.078624 -0.219034
0.338709 -0.089217 0.159295
-0.370463 -0.031349 -0.101950
0.419678 0.157661 -0.055259
0.363392 0.042911 -0.316326
-0.139585 0.201150 0.438468
0.287923 0.001167 -0.061605
0.108383 -0.039602 0.360157
0.163686 0.094957 0.273405
-0.007576 0.009507 -0.211015
0.190218 0.218703 -0.382359
-0.007898 0.521536 0.437077
0.000000 0.000000 0.000000
0.000000 0.000000 0.000000
0.036826 0.106562 0.180530
0.276804 -0.004287 -0.314124
-0.587226 -0.003688 0.310299
-0.163792 -0.081856 0.103000
-0.181158 0.015100 -0.250920
0.542793 0.051649 0.064395
0.000000 0.000000 0.000000
0.170799 0.186022 -0.139462
-0.366967 -0.045372 -0.044415
-0.227781 0.064403 -0.511261
-0.289244 0.387731 -0.191385
-0.229601 -0.046728 -0.359656
-0.002382 0.017111 0.155465
0.400117 -0.055743 0.279128
-0.042485 0.451642 -0.424961
-0.413227 0.184075 0.697612
-0.303986 0.042290 0.009309
-0.392760 0.143419 0.559587
0.188256 0.081049 -0.344283
0.000000 0.000000 0.000000
0.339250 0.443123 -0.173354
-0.019250 0.412643 0.366360
-0.629615 0.249059 0.017605
-0.487957 0.281642 0.001443
0.284963 0.259425 -0.529927
0.177941 -0.088712 0.056426
-0.048124 -0.044786 -0.189056
0.031972 -0.068201 -0.440167
-0.176595 -0.099480 -0.160553
0.077627 -0.096761 0.200916
-0.058936 0.001024 -0.198721
-0.143181 0.052786 -0.074258
-0.420661 0.331072 -0.407954
-0.315578 0.092940 0.013120
-0.462262 0.647582 0.387734
0.000000 0.000000 0.000000
-0.011594 0.369796 0.339149
0.005403 0.001631 -0.676110
0.336779 0.071634 -0.097827
-0.091641 -0.110148 -0.076632
-0.234477 0.260434 -0.125277
-0.319430 -0.076093 -0.061211
0.078598 -0.065418 -0.165621
0.152000 0.011378 0.216839
0.178755 0.055171 0.222737
-0.287858 0.062595 -0.010504
0.154694 -0.038385 -0.179411
0.000000 0.000000 0.000000
-0.343319 0.480786 -0.218009
0.264819 -0.103414 0.191342
0.205111 0.284985 0.449931
-0.482289 0.380266 -0.496393
0.247198 0.083672 -0.313587
0.379682 0.169316 -0.545503
-0.357254 0.156077 0.627512
0.650067 -0.009371 0.353350
-0.311323 0.220361 -0.353774
-0.046697 0.558661 0.486007
0.489369 0.006028 0.023019
-0.155300 0.171096 -0.141860
-0.096208 -0.174462 -0.277434
-0.597946 0.113726 -0.178542
-0.160080 -0.138860 0.012991
0.248752 0.116713 -0.406211
-0.383899 0.316299 -0.399530
0.050049 -0.011749 0.413768
0.031643 0.021975 0.158444
0.000000 0.000000 0.000000
0.423898 0.121607 -0.416220
