0.378180 -0.028809 -0.172306
0.337726 -0.129338 0.281778
0.000000 0.000000 0.000000
0.000000 0.000000 0.000000
0.000000 0.000000 0.000000
-0.046236 -0.112696 0.860888
0.000000 0.000000 0.000000
-0.020215 -0.125032 0.711893
0.000000 0.000000 0.000000
0.000000 0.000000 0.000000
0.374936 -0.142724 0.683857
0.361339 -0.240369 -0.569879
0.000000 0.000000 0.000000
0.079678 -0.129852 -0.048913
-0.392425 -0.234587 0.580662
0.156593 0.050067 0.523603
0.000000 0.000000 0.000000
0.000000 0.000000 0.000000
0.000000 0.000000 0.000000
0.000000 0.000000 0.000000
0.000000 0.000000 0.000000
0.000000 0.000000 0.000000
0.237987 -0.125416 0.105373
-0.177869 -0.028292 0.550855
0.000000 0.000000 0.000000
0.233850 -0.045193 0.895300
0.000000 0.000000 0.000000
0.000000 0.000000 0.000000
0.000000 0.000000 0.000000
-0.285590 -0.113750 0.820606
0.082371 -0.125032 0.389315
0.000000 0.000000 0.000000
0.000000 0.000000 0.000000
0.156593 -0.122954 0.671059
0.000000 0.000000 0.000000
0.024153 -0.124464 0.146960
0.317946 -0.018389 0.480117
0.226421 -0.133653 -0.222788
0.000000 0.000000 0.000000
0.386715 0.109966 0.340571
0.000000 0.000000 0.000000
-0.233391 -0.044229 0.698692
0.000000 0.000000 0.000000
0.346466 -0.215324 0.458063
0.374222 0.067626 0.710571
0.000000 0.000000 0.000000
0.000000 0.000000 0.000000
0.000000 0.000000 0.000000
0.000000 0.000000 0.000000
0.040232 0.031676 0.982688
0.000000 0.000000 0.000000
0.000000 0.000000 0.000000
0.000000 0.000000 0.000000
0.000000 0.000000 0.000000
0.000000 0.000000 0.000000
-0.260394 -0.126368 0.420998
0.253559 -0.176466 -0.444551
0.000000 0.000000 0.000000
0.000000 0.000000 0.000000
0.381810 -0.053251 0.173903
0.000000 0.000000 0.000000
0.129425 -0.002553 0.211868
0.000000 0.000000 0.000000
0.000000 0.000000 0.000000
0.000000 0.000000 0.000000
-0.121070 -0.125032 0.419652
0.000000 0.000000 0.000000
0.189286 0.117612 0.889353
0.143333 -0.077146 0.833557
0.000000 0.000000 0.000000
0.000000 0.000000 0.000000
0.000000 0.000000 0.000000
0.000000 0.000000 0.000000
-0.087578 -0.125032 0.543261
0.282519 0.184379 0.639890
0.000000 0.000000 0.000000
0.000000 0.000000 0.000000
-0.168153 -0.033378 0.943117
0.000000 0.000000 0.000000
0.385603 0.121894 0.407627
0.000000 0.000000 0.000000
-0.073221 -0.127311 0.255850
0.000000 0.000000 0.000000
0.000000 0.000000 0.000000
0.257855 0.014772 0.668808
0.034214 -0.101778 0.978795
0.000000 0.000000 0.000000
0.334039 -0.130136 -0.064437
0.000000 0.000000 0.000000
0.000000 0.000000 0.000000
0.222607 -0.027827 0.387995
0.000000 0.000000 0.000000
0.000000 0.000000 0.000000
0.327951 0.076136 0.497310
0.108288 -0.112239 0.761874
0.254079 -0.215814 0.601340
0.000000 0.000000 0.000000
0.000000 0.000000 0.000000
0.000000 0.000000 0.000000
0.000000 0.000000 0.000000
0.302619 -0.111778 0.771053
0.000000 0.000000 0.000000
-0.271540 -0.218032 0.628062
0.000000 0.000000 0.000000
0.000000 0.000000 0.000000
0.000000 0.000000 0.000000
0.000000 0.000000 0.000000
0.360327 -0.241352 0.546685
0.000000 0.000000 0.000000
0.000000 0.000000 0.000000
0.207415 -0.110792 0.920449
0.000000 0.000000 0.000000
0.338826 -0.138104 -0.306258
-0.395578 -0.194079 0.444627
-0.177869 -0.112293 0.684662
0.386977 -0.183095 -0.420776
0.000000 0.000000 0.000000
-0.182718 -0.112547 0.866579
-0.260393 -0.198881 0.505860
0.000000 0.000000 0.000000
0.000000 0.000000 0.000000
0.189850 -0.126156 0.236179
0.000000 0.000000 0.000000
0.358333 -0.098175 0.585186
0.000000 0.000000 0.000000
0.000000 0.000000 0.000000
0.000000 0.000000 0.000000
0.000000 0.000000 0.000000
0.000000 0.000000 0.000000
0.156593 -0.044602 0.541303
0.360919 -0.069129 0.395776
0.000000 0.000000 0.000000
0.236870 -0.001597 0.102180
0.000000 0.000000 0.000000
0.000000 0.000000 0.000000
0.070399 -0.125032 0.583930
0.370898 0.033180 0.027762
0.000000 0.000000 0.000000
0.000000 0.000000 0.000000
-0.155274 -0.125032 0.461534
0.000000 0.000000 0.000000
0.311750 -0.097450 0.437034
0.000000 0.000000 0.000000
0.000000 0.000000 0.000000
0.000000 0.000000 0.000000
0.000000 0.000000 0.000000
0.000000 0.000000 0.000000
0.000000 0.000000 0.000000
0.000000 0.000000 0.000000
0.216767 -0.114154 0.373118
0.306253 0.084839 0.844068
0.000000 0.000000 0.000000
0.000000 0.000000 0.000000
0.000000 0.000000 0.000000
0.000000 0.000000 0.000000
-0.269334 -0.139585 0.359285
0.000000 0.000000 0.000000
0.119168 -0.111914 0.890788
-0.337853 -0.146359 0.679232
0.000000 0.000000 0.000000
0.000000 0.000000 0.000000
0.000000 0.000000 0.000000
-0.088824 -0.060052 0.870091
0.051016 0.115532 0.914883
0.255701 -0.190474 0.497962
0.000000 0.000000 0.000000
0.000000 0.000000 0.000000
0.345968 0.043002 0.593498
0.000000 0.000000 0.000000
0.000000 0.000000 0.000000
0.349857 0.123605 0.739542
0.000000 0.000000 0.000000
0.000000 0.000000 0.000000
0.283312 -0.000334 0.586775
0.199638 -0.130948 -0.108820
0.000000 0.000000 0.000000
0.274714 -0.067641 0.024621
0.000000 0.000000 0.000000
0.259191 -0.127805 0.024560
0.000000 0.000000 0.000000
0.190751 0.022105 0.661956
0.000000 0.000000 0.000000
0.000000 0.000000 0.000000
0.000000 0.000000 0.000000
0.355445 -0.128808 -0.201605
0.000000 0.000000 0.000000
0.000000 0.000000 0.000000
-0.129066 -0.114333 0.798334
0.087550 0.163284 0.825720
0.000000 0.000000 0.000000
0.000000 0.000000 0.000000
0.390503 -0.061636 0.652607
0.408430 0.003477 0.278985
0.000000 0.000000 0.000000
0.000000 0.000000 0.000000
0.000000 0.000000 0.000000
0.251255 0.069256 0.475484
0.253559 -0.082070 0.664898
-0.324780 -0.144854 0.527608
-0.024965 -0.115003 0.772734
0.065992 -0.126725 0.246263
0.000000 0.000000 0.000000
0.000000 0.000000 0.000000
0.000000 0.000000 0.000000
0.000000 0.000000 0.000000
0.000000 0.000000 0.000000
0.000000 0.000000 0.000000
-0.114178 0.071945 0.956972
-0.272785 -0.023072 0.880797
0.000000 0.000000 0.000000
0.000000 0.000000 0.000000
0.000000 0.000000 0.000000
0.000000 0.000000 0.000000
0.338003 -0.002362 0.799768
-0.101329 -0.110125 0.959143
0.129739 -0.019370 0.956680
0.000000 0.000000 0.000000
0.000000 0.000000 0.000000
0.000000 0.000000 0.000000
0.366200 0.154342 0.523762
0.146453 -0.065939 0.058983
0.000000 0.000000 0.000000
0.352772 -0.120794 0.130406
-0.022399 -0.125032 0.449306
0.228648 -0.034198 0.192266
0.000000 0.000000 0.000000
0.000000 0.000000 0.000000
0.290409 -0.244814 -0.532010
0.123332 -0.124813 0.130729
0.000000 0.000000 0.000000
0.000000 0.000000 0.000000
0.337122 -0.169175 0.599599
0.000000 0.000000 0.000000
0.000000 0.000000 0.000000
-0.260393 -0.104077 0.654835
0.000000 0.000000 0.000000
0.000000 0.000000 0.000000
0.000000 0.000000 0.000000
0.000000 0.000000 0.000000
0.034897 -0.044806 0.902905
0.000000 0.000000 0.000000
0.000000 0.000000 0.000000
0.000000 0.000000 0.000000
0.000000 0.000000 0.000000
0.369013 0.039785 0.198609
0.000000 0.000000 0.000000
0.000000 0.000000 0.000000
0.000000 0.000000 0.000000
0.000000 0.000000 0.000000
-0.051647 -0.028618 0.970849
0.000000 0.000000 0.000000
0.000000 0.000000 0.000000
0.000000 0.000000 0.000000
0.000000 0.000000 0.000000
0.000000 0.000000 0.000000
0.000000 0.000000 0.000000
0.000000 0.000000 0.000000
0.000000 0.000000 0.000000
0.000000 0.000000 0.000000
0.000000 0.000000 0.000000
0.000000 0.000000 0.000000
0.340224 0.023978 0.417358
0.374006 0.046276 0.149341
0.230230 0.153313 0.816188
0.338112 -0.237851 -0.488914
0.156593 -0.075387 0.437743
0.368587 -0.096460 0.022517
0.385350 -0.001707 0.336146
0.000000 0.000000 0.000000
0.000000 0.000000 0.000000
0.390192 -0.156491 -0.611603
0.000000 0.000000 0.000000
0.209779 -0.125447 0.726904
0.000000 0.000000 0.000000
-0.331896 -0.025544 0.808022
0.000000 0.000000 0.000000
0.000000 0.000000 0.000000
0.390503 0.012879 0.515299
0.000000 0.000000 0.000000
0.384652 0.115529 0.573645
0.257958 0.076730 0.571865
-0.154669 -0.135687 0.327700
0.000000 0.000000 0.000000
-0.248875 0.036620 0.915393
0.000000 0.000000 0.000000
0.000000 0.000000 0.000000
0.000000 0.000000 0.000000
0.106197 -0.125032 0.650963
0.000000 0.000000 0.000000
0.000000 0.000000 0.000000
0.192241 0.023557 0.944202
0.000000 0.000000 0.000000
0.000000 0.000000 0.000000
-0.308076 -0.188772 0.494510
0.235984 -0.124348 0.170161
0.273223 -0.147547 0.678862
0.000000 0.000000 0.000000
0.268573 -0.139121 -0.317460
0.000000 0.000000 0.000000
0.000000 0.000000 0.000000
0.000000 0.000000 0.000000
0.000000 0.000000 0.000000
0.000000 0.000000 0.000000
0.348973 -0.019483 0.668057
0.000000 0.000000 0.000000
0.000000 0.000000 0.000000
0.000000 0.000000 0.000000
0.000000 0.000000 0.000000
0.000000 0.000000 0.000000
0.000000 0.000000 0.000000
0.077242 -0.127195 0.044611
-0.177869 -0.110217 0.557635
0.000000 0.000000 0.000000
0.000000 0.000000 0.000000
-0.016347 -0.125032 0.564902
0.358028 -0.160539 0.536373
0.183680 -0.044120 0.698047
0.000000 0.000000 0.000000
0.317946 -0.163476 -0.461868
0.000000 0.000000 0.000000
0.024191 -0.135656 0.327491
0.000000 0.000000 0.000000
0.000000 0.000000 0.000000
0.156593 0.027372 0.587250
0.000000 0.000000 0.000000
0.000000 0.000000 0.000000
0.000000 0.000000 0.000000
0.000000 0.000000 0.000000
-0.222837 -0.102091 0.373554
0.000000 0.000000 0.000000
0.258942 -0.170828 0.413525
0.273767 0.166338 0.737331
-0.349479 -0.204114 0.645161
0.017949 -0.129799 -0.046028
0.391090 0.044594 0.436616
0.000000 0.000000 0.000000
0.000000 0.000000 0.000000
0.319397 -0.066115 0.703466
0.360016 -0.058023 0.536917
0.261647 0.091180 0.878183
0.000000 0.000000 0.000000
0.000000 0.000000 0.000000
0.377577 -0.101656 -0.141959
0.145260 -0.125032 0.518681
0.000000 0.000000 0.000000
0.193394 -0.113522 0.829339
0.137782 -0.023718 0.134610
0.386293 -0.065082 -0.055357
0.090302 -0.125032 0.480556
-0.093579 -0.126490 0.723998
0.036778 -0.125032 0.702894
0.000000 0.000000 0.000000
0.372498 -0.217515 0.627958
-0.315184 -0.242058 0.521167
0.000000 0.000000 0.000000
0.390192 -0.112914 0.443430
0.000000 0.000000 0.000000
0.107199 -0.061851 0.154436
0.308654 -0.243894 0.531824
0.000000 0.000000 0.000000
0.000000 0.000000 0.000000
0.041771 -0.084986 0.820240
0.000000 0.000000 0.000000
0.109663 0.068630 0.960714
0.000000 0.000000 0.000000
0.000000 0.000000 0.000000
0.000000 0.000000 0.000000
0.000000 0.000000 0.000000
-0.184187 -0.108498 0.938023
0.366333 -0.038759 0.721410
-0.080851 -0.137552 0.340208
0.000000 0.000000 0.000000
0.000000 0.000000 0.000000
0.000000 0.000000 0.000000
0.000000 0.000000 0.000000
0.147061 -0.133205 0.310915
0.169710 0.159240 0.813181
0.181648 -0.057441 0.872199
-0.064529 -0.124344 0.169832
-0.217897 -0.114887 0.777181
0.000000 0.000000 0.000000
0.000000 0.000000 0.000000
-0.394409 -0.145755 0.633549
0.378829 -0.077653 0.329543
0.000000 0.000000 0.000000
-0.031889 0.074369 0.966071
0.000000 0.000000 0.000000
0.000000 0.000000 0.000000
0.000000 0.000000 0.000000
0.000000 0.000000 0.000000
0.000000 0.000000 0.000000
0.324486 -0.136187 0.368801
0.000000 0.000000 0.000000
0.183311 -0.061778 0.195785
0.158816 -0.127311 0.040775
-0.028829 -0.074108 0.937840
0.000000 0.000000 0.000000
0.000000 0.000000 0.000000
0.000000 0.000000 0.000000
-0.088606 -0.084394 0.820152
0.105438 0.142036 0.878787
0.000000 0.000000 0.000000
0.266661 -0.068823 -0.056692
0.000000 0.000000 0.000000
0.000000 0.000000 0.000000
0.374061 -0.006373 0.597130
0.000000 0.000000 0.000000
0.253494 -0.132739 0.307756
0.000000 0.000000 0.000000
0.203835 -0.064961 0.116637
0.370149 -0.037688 0.072228
0.000000 0.000000 0.000000
-0.177869 -0.048158 0.639298
-0.284295 -0.057478 0.639990
0.000000 0.000000 0.000000
0.253559 -0.045370 0.441090
0.116098 -0.097839 0.963696
0.000000 0.000000 0.000000
0.000000 0.000000 0.000000
-0.374814 -0.241544 0.509956
0.000000 0.000000 0.000000
-0.315385 -0.061127 0.685662
0.000000 0.000000 0.000000
0.000000 0.000000 0.000000
0.040358 -0.112688 0.861213
0.295293 -0.008578 0.861398
0.273036 -0.113048 0.847435
-0.177869 -0.070363 0.395267
0.376187 -0.113682 -0.430018
0.151739 -0.125032 0.587680
0.317946 -0.088491 0.520443
0.000000 0.000000 0.000000
-0.135401 -0.125195 0.214134
0.000000 0.000000 0.000000
0.313501 -0.118043 -0.389180
0.197372 0.027045 0.420220
0.194255 -0.128933 -0.014714
0.000000 0.000000 0.000000
0.314084 -0.116542 0.644743
0.000000 0.000000 0.000000
0.000000 0.000000 0.000000
0.000000 0.000000 0.000000
0.000000 0.000000 0.000000
0.390397 -0.025414 0.428565
0.316170 -0.200078 -0.537197
0.000000 0.000000 0.000000
0.000000 0.000000 0.000000
-0.208830 -0.072144 0.842710
0.000000 0.000000 0.000000
0.000000 0.000000 0.000000
0.000000 0.000000 0.000000
0.000000 0.000000 0.000000
0.000000 0.000000 0.000000
-0.011470 -0.125211 0.214681
0.302083 0.007709 0.521811
0.288730 -0.068008 0.394728
0.027174 -0.039815 0.951471
0.000000 0.000000 0.000000
0.000000 0.000000 0.000000
-0.304324 -0.194074 0.577210
0.000000 0.000000 0.000000
0.308915 -0.131488 -0.138060
0.000000 0.000000 0.000000
0.334258 -0.193500 -0.420552
0.298321 0.001960 0.402840
0.000000 0.000000 0.000000
0.262604 -0.226732 -0.603798
0.000000 0.000000 0.000000
0.000000 0.000000 0.000000
0.000000 0.000000 0.000000
-0.322055 -0.211966 0.454569
0.000000 0.000000 0.000000
0.000000 0.000000 0.000000
0.000000 0.000000 0.000000
0.156593 -0.108229 0.393351
-0.074223 -0.125032 0.649177
0.319520 -0.147555 0.464274
0.374398 -0.172357 0.414825
0.000000 0.000000 0.000000
0.000000 0.000000 0.000000
0.296627 0.036715 0.648725
0.000000 0.000000 0.000000
0.000000 0.000000 0.000000
-0.006806 -0.125032 0.636599
0.000000 0.000000 0.000000
0.000000 0.000000 0.000000
0.000000 0.000000 0.000000
-0.363571 -0.081521 0.714835
-0.101533 -0.046490 0.936504
0.000000 0.000000 0.000000
0.000000 0.000000 0.000000
0.000000 0.000000 0.000000
0.000000 0.000000 0.000000
0.000000 0.000000 0.000000
0.000000 0.000000 0.000000
0.000000 0.000000 0.000000
0.000000 0.000000 0.000000
-0.287762 -0.124452 0.711697
-0.338213 -0.080390 0.761193
-0.311734 -0.176173 0.416811
0.390478 -0.178083 0.477387
0.000000 0.000000 0.000000
-0.324780 -0.116579 0.580728
-0.021009 -0.065462 0.861208
0.000000 0.000000 0.000000
0.359547 -0.011221 0.244210
0.000000 0.000000 0.000000
0.000000 0.000000 0.000000
0.000000 0.000000 0.000000
0.000000 0.000000 0.000000
0.374293 -0.203023 -0.636757
0.000000 0.000000 0.000000
0.000000 0.000000 0.000000
0.000000 0.000000 0.000000
-0.124516 -0.111536 0.905228
0.000000 0.000000 0.000000
0.000000 0.000000 0.000000
0.000000 0.000000 0.000000
0.000000 0.000000 0.000000
0.062404 -0.111019 0.924967
0.000000 0.000000 0.000000
0.250588 0.017123 0.910330
0.000000 0.000000 0.000000
0.000000 0.000000 0.000000
0.000000 0.000000 0.000000
0.000000 0.000000 0.000000
0.000000 0.000000 0.000000
0.000000 0.000000 0.000000
0.343475 0.069687 0.801747
0.000000 0.000000 0.000000
0.217598 -0.066607 0.057893
0.000000 0.000000 0.000000
0.000000 0.000000 0.000000
0.000000 0.000000 0.000000
0.000000 0.000000 0.000000
0.230151 -0.099620 0.789900
0.000000 0.000000 0.000000
0.261847 -0.126207 0.237076
-0.053841 -0.125622 0.098207
0.000000 0.000000 0.000000
0.000000 0.000000 0.000000
0.000000 0.000000 0.000000
0.000000 0.000000 0.000000
0.253559 0.008510 0.488099
0.000000 0.000000 0.000000
0.000000 0.000000 0.000000
-0.328506 -0.106489 0.646413
0.000000 0.000000 0.000000
0.000000 0.000000 0.000000
0.310586 -0.134727 -0.250361
0.000000 0.000000 0.000000
0.000000 0.000000 0.000000
-0.337826 -0.153122 0.454531
0.000000 0.000000 0.000000
0.346811 -0.181175 -0.592432
0.000000 0.000000 0.000000
0.133045 -0.130654 -0.092756
0.000000 0.000000 0.000000
0.161573 -0.134870 -0.253948
0.000000 0.000000 0.000000
0.330124 -0.107215 0.687479
0.371749 -0.088755 -0.307976
0.000000 0.000000 0.000000
0.000000 0.000000 0.000000
0.000000 0.000000 0.000000
0.000000 0.000000 0.000000
0.000000 0.000000 0.000000
0.378016 0.035147 0.651851
0.000000 0.000000 0.000000
0.378275 -0.168624 0.616576
0.000000 0.000000 0.000000
0.000000 0.000000 0.000000
0.368155 -0.190613 -0.489050
0.359300 -0.127065 -0.365899
0.000000 0.000000 0.000000
0.000000 0.000000 0.000000
0.000000 0.000000 0.000000
0.376315 0.073344 0.487659
0.190125 0.066879 0.601898
0.335567 -0.055503 0.616466
0.171203 -0.132449 -0.180463
0.000000 0.000000 0.000000
0.325027 -0.181485 0.664256
0.000000 0.000000 0.000000
0.000000 0.000000 0.000000
0.253559 -0.200424 -0.537126
0.390503 -0.213564 0.566144
0.000000 0.000000 0.000000
0.000000 0.000000 0.000000
0.325449 -0.188291 0.530314
0.000000 0.000000 0.000000
0.301989 -0.126248 0.076421
0.000000 0.000000 0.000000
0.000000 0.000000 0.000000
-0.354089 -0.149708 0.608085
0.246736 -0.130231 -0.069652
0.000000 0.000000 0.000000
0.000000 0.000000 0.000000
0.000000 0.000000 0.000000
0.000000 0.000000 0.000000
0.263254 0.035529 0.428137
0.156593 -0.059362 0.604505
0.283552 0.050751 0.533094
-0.117695 0.002057 0.966573
0.000000 0.000000 0.000000
-0.177869 -0.076274 0.506055
0.000000 0.000000 0.000000
0.000000 0.000000 0.000000
0.000000 0.000000 0.000000
0.000000 0.000000 0.000000
0.000000 0.000000 0.000000
0.000000 0.000000 0.000000
0.156593 0.012472 0.470536
0.000000 0.000000 0.000000
0.000000 0.000000 0.000000
-0.260569 -0.090184 0.858887
0.266871 -0.022664 0.147238
0.000000 0.000000 0.000000
0.000000 0.000000 0.000000
-0.180825 0.030465 0.951924
0.000000 0.000000 0.000000
0.000000 0.000000 0.000000
0.000000 0.000000 0.000000
0.000000 0.000000 0.000000
-0.278439 -0.177769 0.662582
0.000000 0.000000 0.000000
-0.177869 -0.106649 0.611580
0.306298 0.130267 0.798132
-0.168724 -0.128071 0.265927
0.000000 0.000000 0.000000
-0.123752 -0.125032 0.607827
-0.214291 -0.045139 0.896587
0.000000 0.000000 0.000000
-0.397027 -0.197208 0.536981
0.361082 0.132083 0.676865
0.035808 -0.125032 0.446614
0.000000 0.000000 0.000000
0.000000 0.000000 0.000000
0.000000 0.000000 0.000000
0.156593 -0.017275 0.634099
0.000000 0.000000 0.000000
0.217118 0.077005 0.513458
0.000000 0.000000 0.000000
0.000000 0.000000 0.000000
-0.001626 -0.125032 0.390668
0.000000 0.000000 0.000000
-0.168624 -0.116572 0.750940
0.000000 0.000000 0.000000
0.000000 0.000000 0.000000
0.000000 0.000000 0.000000
0.000000 0.000000 0.000000
0.000000 0.000000 0.000000
0.000000 0.000000 0.000000
0.000000 0.000000 0.000000
-0.149285 -0.078676 0.830600
0.000000 0.000000 0.000000
0.000000 0.000000 0.000000
0.000000 0.000000 0.000000
0.000000 0.000000 0.000000
0.102574 -0.065161 0.083486
0.000000 0.000000 0.000000
0.191440 -0.067501 -0.019364
-0.387761 -0.170670 0.671553
-0.059000 0.102640 0.929509
0.000000 0.000000 0.000000
0.000000 0.000000 0.000000
0.000000 0.000000 0.000000
0.000000 0.000000 0.000000
0.000000 0.000000 0.000000
-0.351597 -0.075082 0.612966
0.393231 0.060869 0.273382
0.328840 -0.219064 -0.612120
0.000000 0.000000 0.000000
0.000000 0.000000 0.000000
0.000000 0.000000 0.000000
0.034057 -0.128478 0.001678
0.381748 -0.089625 -0.236760
0.165782 -0.055549 0.379951
0.000000 0.000000 0.000000
0.182782 -0.124563 0.142354
0.088762 -0.135602 0.327132
0.000000 0.000000 0.000000
0.296946 -0.124358 0.151901
0.000000 0.000000 0.000000
0.000000 0.000000 0.000000
0.252490 0.025822 0.190215
0.000000 0.000000 0.000000
0.000000 0.000000 0.000000
0.396964 0.050322 0.337484
0.195382 -0.008958 0.153950
-0.396212 -0.107572 0.677988
0.000000 0.000000 0.000000
0.000000 0.000000 0.000000
0.166342 -0.107161 0.775267
0.355295 -0.084689 0.471473
0.362511 0.020701 0.082495
0.000000 0.000000 0.000000
0.000000 0.000000 0.000000
0.000000 0.000000 0.000000
0.000000 0.000000 0.000000
0.327950 -0.033241 0.560199
0.000000 0.000000 0.000000
0.000000 0.000000 0.000000
0.000000 0.000000 0.000000
-0.367231 -0.120053 0.549627
0.000000 0.000000 0.000000
0.000000 0.000000 0.000000
0.000000 0.000000 0.000000
0.281665 -0.170928 0.614812
-0.050976 -0.107945 0.977714
0.000000 0.000000 0.000000
0.389540 0.080340 0.621117
0.000000 0.000000 0.000000
0.000000 0.000000 0.000000
0.000000 0.000000 0.000000
0.000000 0.000000 0.000000
0.001108 -0.128649 0.273580
