0.000000 0.000000 0.000000
-0.342812 0.828389 -0.065172
-0.264209 0.139155 0.064138
0.000000 0.000000 0.000000
0.132982 0.830237 0.102099
0.000000 0.000000 0.000000
0.000000 0.000000 0.000000
0.191970 0.324361 0.121787
0.081839 0.139155 -0.039765
0.000000 0.000000 0.000000
-0.164311 0.563561 0.120258
-0.050300 0.775900 -0.161067
0.161755 -0.070641 0.120258
-0.254252 -0.549953 0.120258
0.000000 0.000000 0.000000
0.268694 0.822977 -0.206936
0.000000 0.000000 0.000000
0.000000 0.000000 0.000000
0.001818 0.475522 0.057819
0.323806 0.592235 0.082170
0.000000 0.000000 0.000000
0.137666 0.139155 -0.012669
-0.106119 0.830237 0.071850
-0.065476 -0.263507 0.121787
-0.116938 0.021006 0.120258
0.121012 0.438829 -0.174609
-0.324466 0.551392 -0.004423
0.000000 0.000000 0.000000
-0.060451 0.220048 0.120258
-0.085248 0.139155 -0.044114
0.000000 0.000000 0.000000
-0.342812 -0.051121 0.120674
-0.311278 0.770639 0.123316
0.000000 0.000000 0.000000
-0.221716 0.830237 -0.104674
-0.284772 0.356780 0.120258
0.342153 0.804602 0.008633
-0.023756 -0.625748 0.121787
0.153949 0.151387 0.062707
0.225089 0.475522 0.019457
0.000000 0.000000 0.000000
0.124759 0.572925 0.121787
0.000000 0.000000 0.000000
-0.085566 0.139155 0.029743
-0.183877 0.463291 0.061167
0.108699 0.830237 -0.123437
-0.052580 -0.056719 0.120258
0.000000 0.000000 0.000000
0.000000 0.000000 0.000000
-0.021233 0.635178 0.120258
0.012413 0.399895 0.120258
0.008490 0.438829 -0.168201
-0.053769 -0.460189 0.065077
0.000000 0.000000 0.000000
0.000000 0.000000 0.000000
0.000000 0.000000 0.000000
-0.117833 0.750731 -0.164267
-0.335525 -0.383400 0.123316
-0.123563 0.725855 0.121787
0.000000 0.000000 0.000000
0.000000 0.000000 0.000000
0.140862 -0.266476 0.121787
0.028600 -0.148286 0.033614
0.000000 0.000000 0.000000
0.000000 0.000000 0.000000
0.279322 0.720405 0.120258
0.321394 0.423397 0.123316
0.000000 0.000000 0.000000
-0.216045 -0.391449 0.120258
0.000000 0.000000 0.000000
-0.324466 0.411424 -0.006779
-0.101224 0.463291 -0.075740
-0.027258 0.105911 0.121787
-0.015658 0.830237 -0.035625
0.000000 0.000000 0.000000
-0.007350 0.750731 -0.170904
-0.199787 -0.190815 0.121787
0.000000 0.000000 0.000000
-0.205301 0.151387 0.065752
0.000000 0.000000 0.000000
0.190616 0.467561 -0.179414
-0.334549 0.067863 0.104968
0.000000 0.000000 0.000000
0.000000 0.000000 0.000000
-0.162722 -0.396425 0.121787
0.000000 0.000000 0.000000
-0.337457 0.494334 0.123316
-0.318350 0.763783 -0.086989
0.000000 0.000000 0.000000
0.000000 0.000000 0.000000
0.000000 0.000000 0.000000
-0.075520 -0.347895 0.120258
-0.102660 -0.472420 0.043758
-0.276182 0.626271 0.121787
-0.159867 0.355050 0.120258
0.000000 0.000000 0.000000
-0.241530 0.811889 0.069389
0.031954 -0.507085 0.120258
0.215941 0.811889 -0.051937
-0.002425 0.784942 0.120258
-0.125181 0.830237 -0.066106
0.000000 0.000000 0.000000
0.092189 -0.148286 -0.028046
0.000000 0.000000 0.000000
-0.100850 -0.148286 0.017090
0.105549 0.463291 -0.050311
0.000000 0.000000 0.000000
0.000000 0.000000 0.000000
-0.324466 0.709818 0.016471
-0.195741 0.475522 -0.052897
-0.331563 0.230420 0.123316
0.000000 0.000000 0.000000
-0.310318 -0.196876 0.123316
-0.235778 -0.035532 0.120258
0.323806 0.690173 0.007167
0.000000 0.000000 0.000000
0.000000 0.000000 0.000000
0.002794 -0.741219 0.120258
0.014550 0.151387 0.035270
0.071370 0.230052 0.121787
0.244779 0.087834 0.121787
0.000000 0.000000 0.000000
0.000000 0.000000 0.000000
0.035556 -0.377135 0.121787
0.156598 0.691045 0.120258
0.000000 0.000000 0.000000
0.112873 0.811889 0.004919
0.189276 0.753153 -0.179414
0.106404 0.151387 -0.084248
-0.075610 0.516541 0.120258
-0.200707 0.225912 0.121787
0.000000 0.000000 0.000000
0.085294 0.050855 0.120258
-0.127491 -0.547551 0.120258
0.113824 0.463291 0.092566
0.026804 0.811889 0.105896
0.215560 0.478638 0.121787
-0.206166 0.064640 0.121787
0.000000 0.000000 0.000000
0.086451 -0.153370 0.121787
0.000000 0.000000 0.000000
-0.324466 0.637857 -0.066654
0.000000 0.000000 0.000000
-0.103998 -0.693007 0.121787
0.000000 0.000000 0.000000
0.151606 0.245818 0.121787
0.241028 0.830237 0.053441
0.020191 -0.627662 0.121787
-0.161289 -0.304999 0.120258
0.110007 0.824319 -0.206936
0.306705 0.825520 0.123316
0.000000 0.000000 0.000000
-0.211750 0.139155 0.005959
0.307529 0.811889 -0.092236
-0.046384 -0.179452 0.121787
-0.324466 0.128543 -0.000564
-0.050497 0.830237 0.000170
0.091956 -0.434843 0.120258
0.238114 0.556381 0.121787
0.000000 0.000000 0.000000
0.181937 0.139155 0.001373
-0.243459 -0.296990 0.121787
0.199205 0.475522 -0.084856
0.000000 0.000000 0.000000
0.036010 0.508623 0.121787
0.317690 0.533546 0.013948
0.000000 0.000000 0.000000
0.000000 0.000000 0.000000
0.000000 0.000000 0.000000
-0.332185 0.556154 0.123316
-0.260013 0.830237 -0.011016
-0.029642 0.322192 0.120258
0.000000 0.000000 0.000000
0.000000 0.000000 0.000000
0.000000 0.000000 0.000000
0.042355 -0.238063 0.121787
-0.342812 0.826760 0.037748
0.000000 0.000000 0.000000
0.108623 0.475522 -0.005680
-0.203341 0.622376 0.121787
0.044947 0.463291 -0.124613
0.023580 -0.460189 0.076038
0.070341 0.630432 0.120258
0.000000 0.000000 0.000000
0.000000 0.000000 0.000000
0.000000 0.000000 0.000000
-0.154929 0.830237 -0.179434
-0.183208 -0.148286 0.073170
0.000000 0.000000 0.000000
0.000000 0.000000 0.000000
0.000000 0.000000 0.000000
-0.010403 0.006356 0.120258
-0.278183 -0.472420 0.108641
0.000000 0.000000 0.000000
-0.114326 0.160458 0.120258
0.000000 0.000000 0.000000
-0.092491 0.449102 0.121787
-0.269920 0.463291 0.003149
-0.128841 -0.120450 0.120258
0.000000 0.000000 0.000000
-0.085601 0.475522 0.009263
0.110630 0.408373 0.121787
-0.318350 0.317620 0.061280
0.000000 0.000000 0.000000
-0.256688 0.012385 0.120258
0.000000 0.000000 0.000000
0.098249 0.154339 0.121787
-0.342812 0.137157 0.121391
0.226294 0.811889 -0.129822
0.328809 0.707587 0.123316
-0.116769 -0.844763 0.104968
0.026458 0.830237 -0.116271
0.000000 0.000000 0.000000
-0.027075 -0.820245 0.104968
0.000000 0.000000 0.000000
0.260622 0.397596 0.120258
-0.186396 0.806827 0.121787
-0.004224 -0.160517 0.096527
-0.226537 0.731837 0.121787
-0.175847 0.811889 0.014003
-0.342812 0.690456 0.107346
-0.022864 0.178232 0.120258
0.000000 0.000000 0.000000
0.000000 0.000000 0.000000
-0.252434 0.442871 0.120258
0.000000 0.000000 0.000000
-0.091374 0.626950 0.121787
-0.324466 0.413167 0.064450
0.265204 0.275582 0.120258
0.000000 0.000000 0.000000
0.155696 0.047009 0.120258
0.000000 0.000000 0.000000
-0.173358 -0.631854 0.121787
0.263513 0.636366 0.120258
0.000000 0.000000 0.000000
0.069912 0.730306 0.121787
0.013506 0.463291 -0.034293
0.117133 0.750731 -0.177394
-0.057878 -0.520623 0.121787
0.340519 0.512776 0.104968
0.221833 0.177603 0.120258
0.000000 0.000000 0.000000
0.313242 0.463291 0.038752
0.053580 0.320115 0.120258
-0.066400 0.811889 -0.105534
0.000000 0.000000 0.000000
-0.032155 -0.160517 -0.023408
-0.251028 -0.124184 0.121787
0.000000 0.000000 0.000000
0.123229 0.284594 0.121787
0.000000 0.000000 0.000000
0.000000 0.000000 0.000000
-0.226924 0.297438 0.121787
0.317690 0.731373 -0.061353
0.127968 -0.160517 0.052274
0.000000 0.000000 0.000000
-0.029979 -0.428410 0.121787
-0.160040 -0.465055 0.120258
0.137755 0.830237 -0.048112
0.059617 -0.039455 0.120258
-0.078086 0.369725 0.121787
-0.243578 0.522609 0.121787
0.000000 0.000000 0.000000
0.037903 0.830237 0.028936
-0.318350 -0.073098 0.052757
0.000000 0.000000 0.000000
-0.318350 0.205571 0.042377
0.000000 0.000000 0.000000
-0.181486 0.830237 -0.125764
0.000000 0.000000 0.000000
0.024757 0.830237 -0.189201
-0.135616 0.475522 0.085881
0.000000 0.000000 0.000000
0.193104 0.824460 -0.206936
-0.324466 0.616368 0.065024
0.317690 0.627077 -0.020925
0.046985 0.475522 0.080559
0.000000 0.000000 0.000000
0.000000 0.000000 0.000000
-0.135006 -0.236717 0.121787
0.141925 0.463291 -0.124161
-0.144835 -0.058257 0.121787
-0.151481 0.463291 -0.118219
0.066655 -0.300005 0.120258
-0.190158 0.434564 0.120258
0.264355 0.830237 0.106864
0.048517 0.082984 0.121787
0.193597 0.783738 0.121787
-0.095559 0.075283 0.121787
-0.318350 0.650790 -0.007591
0.280333 0.830237 -0.016854
0.000000 0.000000 0.000000
-0.104868 -0.628419 0.120258
-0.333983 -0.121744 0.123316
0.000000 0.000000 0.000000
-0.038030 0.475522 -0.123451
-0.172572 0.664187 0.120258
0.075169 0.151387 0.028477
0.000000 0.000000 0.000000
0.000000 0.000000 0.000000
0.000000 0.000000 0.000000
0.266121 0.463291 -0.040864
0.000000 0.000000 0.000000
0.000000 0.000000 0.000000
0.000000 0.000000 0.000000
-0.036771 0.811889 0.074990
-0.032350 0.716016 0.120258
-0.074394 -0.772490 0.121787
0.000000 0.000000 0.000000
0.000000 0.000000 0.000000
-0.342812 0.764546 -0.024890
0.168515 -0.155554 0.121787
0.000000 0.000000 0.000000
0.000000 0.000000 0.000000
-0.052235 0.553383 0.120258
0.323806 0.750422 0.064873
0.000000 0.000000 0.000000
0.017135 -0.103480 0.121787
0.000000 0.000000 0.000000
-0.083639 0.791578 0.120258
0.000000 0.000000 0.000000
0.000000 0.000000 0.000000
-0.318350 0.683683 -0.103481
-0.254248 0.125393 0.121787
-0.134108 0.463291 -0.016125
-0.214274 -0.489477 0.120258
-0.106686 0.830237 -0.126125
0.160201 0.830237 0.031160
-0.283346 0.830237 -0.139534
0.170433 0.139155 -0.069087
0.158167 0.830237 -0.123022
-0.141222 0.285032 0.120258
0.000000 0.000000 0.000000
-0.324466 -0.002553 0.041566
-0.140273 0.151387 0.062107
0.059012 0.811889 -0.056783
-0.041815 0.825027 -0.206936
-0.324466 0.309204 0.006063
0.000000 0.000000 0.000000
0.299404 0.830237 0.064479
0.181956 0.398981 0.120258
-0.280762 -0.160517 0.055230
-0.227722 0.375557 0.121787
-0.039473 0.139155 0.081610
0.125034 -0.008820 0.121787
0.000000 0.000000 0.000000
-0.318350 0.529773 0.048589
-0.306727 0.475522 -0.014478
0.099885 0.771078 0.120258
0.175313 0.463291 0.064225
0.000000 0.000000 0.000000
-0.261484 0.801590 0.121787
-0.318350 0.126654 0.047852
0.000000 0.000000 0.000000
-0.285970 0.260320 0.121787
-0.023169 -0.318686 0.120258
0.000000 0.000000 0.000000
-0.032994 -0.148286 0.025818
-0.342812 0.323924 0.122592
-0.333923 -0.285664 0.123316
-0.047229 0.453208 0.121787
0.018828 0.151387 -0.039360
0.053766 0.139155 0.090685
-0.342812 0.770873 0.076483
0.000000 0.000000 0.000000
0.000000 0.000000 0.000000
-0.031263 0.151387 -0.046404
0.053565 0.778675 -0.161067
0.000000 0.000000 0.000000
-0.003655 -0.567982 0.121787
-0.110306 -0.317787 0.120258
-0.159521 0.139155 -0.030540
0.000000 0.000000 0.000000
0.000000 0.000000 0.000000
-0.279387 0.151387 -0.006782
0.014360 0.589711 0.120258
-0.293672 -0.363830 0.120258
-0.166202 -0.702738 0.120258
0.000000 0.000000 0.000000
-0.342812 0.828630 -0.110817
0.000000 0.000000 0.000000
-0.199433 -0.097608 0.121787
-0.131230 -0.757243 0.120258
-0.196086 0.830237 -0.063865
0.000000 0.000000 0.000000
0.000000 0.000000 0.000000
-0.282865 -0.041185 0.121787
0.000000 0.000000 0.000000
0.254899 0.767835 -0.179414
-0.094915 -0.466967 0.120258
-0.299553 0.830237 0.090227
0.000000 0.000000 0.000000
0.257865 0.463291 0.071795
-0.000793 -0.472420 0.016699
0.000000 0.000000 0.000000
0.267978 0.811889 -0.112433
0.317690 0.719040 -0.105597
0.175334 0.126509 0.121787
-0.119276 0.811889 0.007039
0.073903 -0.148286 0.030688
0.200976 0.040980 0.120258
0.281382 0.484398 0.120258
-0.342812 -0.448597 0.119121
-0.172534 0.132335 0.120258
0.000000 0.000000 0.000000
-0.165296 0.009914 0.121787
0.000000 0.000000 0.000000
0.124311 -0.096978 0.120258
-0.273859 -0.148286 0.102261
-0.194949 -0.267996 0.121787
-0.038453 -0.699617 0.120258
0.000000 0.000000 0.000000
0.000000 0.000000 0.000000
0.342153 0.786323 -0.043436
0.000000 0.000000 0.000000
-0.250735 0.475522 -0.064115
-0.191791 -0.572344 0.121787
0.162197 0.513311 0.120258
0.000000 0.000000 0.000000
-0.318350 0.466248 0.068249
0.000000 0.000000 0.000000
-0.173538 0.498458 0.121787
0.084514 0.830237 0.083022
-0.342812 0.391563 0.121282
0.180144 0.608882 0.120258
-0.096390 -0.412878 0.120258
0.052468 0.139155 -0.085177
0.000000 0.000000 0.000000
0.127755 -0.207500 0.121787
0.000000 0.000000 0.000000
0.000000 0.000000 0.000000
-0.178588 0.775715 -0.179414
0.000000 0.000000 0.000000
0.000000 0.000000 0.000000
-0.271899 0.203194 0.121787
-0.096224 0.830237 -0.195963
-0.275265 0.562352 0.121787
0.000000 0.000000 0.000000
-0.103682 -0.160517 0.081804
0.000000 0.000000 0.000000
0.135154 0.637979 0.120258
0.000000 0.000000 0.000000
-0.086381 -0.196221 0.120258
0.000696 0.238428 0.120258
-0.229043 0.659603 0.120258
0.000000 0.000000 0.000000
-0.164090 -0.148286 0.008341
-0.293886 -0.522881 0.123270
-0.324466 0.254103 0.065332
0.205542 0.661739 0.120258
0.228394 0.717566 0.120258
-0.300883 0.830237 -0.094070
0.000000 0.000000 0.000000
-0.074122 0.676545 0.121787
0.325715 0.595592 0.123316
0.316149 0.377817 0.123316
0.323806 0.652905 0.087158
-0.068314 -0.008072 0.121787
0.210159 0.811889 0.009152
0.000000 0.000000 0.000000
-0.228896 -0.629469 0.120258
-0.089596 0.315388 0.120258
0.000000 0.000000 0.000000
-0.331382 -0.241368 0.123316
0.000000 0.000000 0.000000
0.039813 0.675044 0.120258
0.000000 0.000000 0.000000
0.204270 0.830237 0.084286
0.049460 -0.148286 0.099869
0.000000 0.000000 0.000000
-0.293193 0.078418 0.120258
-0.131956 0.530093 0.120258
0.000000 0.000000 0.000000
0.290260 0.333421 0.121787
0.000000 0.000000 0.000000
-0.020471 0.809567 -0.161067
-0.324466 0.591458 -0.037411
-0.027418 0.463291 0.003785
-0.324466 0.365559 0.073768
0.317690 0.685031 0.065107
0.000000 0.000000 0.000000
-0.298612 -0.425196 0.104968
0.295977 0.742454 -0.161067
0.000000 0.000000 0.000000
0.081276 0.440153 0.121787
0.110515 0.475522 0.045993
0.113051 0.732870 0.120258
-0.293886 0.437014 0.108018
-0.203705 0.811889 -0.022968
-0.086119 -0.571963 0.121787
0.088791 0.475522 -0.176187
0.000000 0.000000 0.000000
-0.293886 0.510748 0.117367
0.000000 0.000000 0.000000
0.028887 -0.438656 0.120258
0.211061 0.250694 0.121787
-0.191637 0.830237 0.074859
-0.176578 0.759504 0.121787
0.000000 0.000000 0.000000
-0.318350 0.073689 0.033449
-0.166141 -0.784324 0.123290
0.000000 0.000000 0.000000
0.000000 0.000000 0.000000
-0.005595 0.468534 0.120258
0.000000 0.000000 0.000000
-0.324466 0.234909 0.011103
0.220267 0.360603 0.120258
0.000000 0.000000 0.000000
0.000000 0.000000 0.000000
0.008506 -0.187380 0.121787
0.152314 0.463291 -0.015982
0.000000 0.000000 0.000000
0.138332 0.196456 0.121787
0.324248 0.830237 -0.055411
0.000000 0.000000 0.000000
0.000000 0.000000 0.000000
-0.080387 -0.837538 0.123316
-0.093167 -0.082117 0.120258
0.000000 0.000000 0.000000
0.231689 0.139155 0.111549
0.000000 0.000000 0.000000
0.309617 0.830237 -0.165584
-0.039571 0.408738 0.121787
0.000000 0.000000 0.000000
-0.037689 0.049352 0.120258
-0.342812 0.601902 0.113289
0.000000 0.000000 0.000000
0.000000 0.000000 0.000000
-0.049295 0.475522 0.051052
0.000000 0.000000 0.000000
-0.306893 0.026211 0.104968
0.250218 0.475522 -0.099266
0.000000 0.000000 0.000000
0.000000 0.000000 0.000000
-0.215915 0.811889 0.029078
-0.324466 -0.020009 0.084680
0.298540 0.770358 0.123316
0.293226 0.535965 0.120681
0.018804 0.120849 0.121787
0.000000 0.000000 0.000000
-0.026055 0.475522 -0.068921
0.000000 0.000000 0.000000
0.028482 -0.160517 -0.014175
-0.181877 0.475522 0.010528
0.178788 0.811889 -0.078239
0.000000 0.000000 0.000000
-0.293886 0.306191 0.105215
0.000000 0.000000 0.000000
-0.240710 0.811889 -0.156238
0.000000 0.000000 0.000000
0.000000 0.000000 0.000000
-0.146108 0.200283 0.120258
-0.028123 0.830237 -0.106080
0.264728 0.225540 0.120258
0.039713 0.475522 -0.074185
0.000000 0.000000 0.000000
-0.280665 0.811889 0.047422
0.000000 0.000000 0.000000
-0.318350 0.709370 0.063392
0.086937 -0.194207 0.120258
0.000000 0.000000 0.000000
0.000000 0.000000 0.000000
0.000000 0.000000 0.000000
-0.246741 -0.340992 0.121787
-0.084164 0.463291 -0.128350
0.258899 0.830237 -0.068510
0.000000 0.000000 0.000000
-0.012343 -0.477737 0.120258
0.107131 0.494619 0.121787
0.245943 0.781564 0.120258
0.000000 0.000000 0.000000
0.342153 0.779330 -0.103051
0.000000 0.000000 0.000000
0.092789 0.475522 -0.105443
0.074681 0.583914 0.121787
0.189105 -0.012075 0.120258
-0.003752 -0.260698 0.121787
0.342153 0.816396 0.060304
-0.003588 0.811889 0.005785
-0.215261 0.161225 0.120258
-0.156197 0.139155 0.018197
-0.342812 0.811976 0.110619
0.080796 0.811889 -0.159185
0.000000 0.000000 0.000000
0.034744 -0.472420 -0.003181
-0.274470 -0.596924 0.121787
0.000000 0.000000 0.000000
0.072860 0.370054 0.120258
-0.324466 0.527320 -0.049782
0.000000 0.000000 0.000000
0.000000 0.000000 0.000000
-0.315434 0.658253 0.104968
-0.318350 0.361406 -0.025302
-0.093358 0.261402 0.120258
-0.146855 -0.472420 0.078198
0.000000 0.000000 0.000000
0.000000 0.000000 0.000000
0.000000 0.000000 0.000000
0.317690 0.495762 0.065623
0.193172 0.475522 -0.023075
-0.318350 0.172924 0.090511
0.317690 0.576829 0.038685
0.000000 0.000000 0.000000
-0.208323 0.565523 0.121787
0.342153 0.757366 0.118915
-0.037852 0.475522 -0.175415
0.000000 0.000000 0.000000
-0.047225 0.265786 0.120258
-0.006484 0.536539 0.121787
-0.318350 0.686096 -0.046653
-0.318350 0.670091 0.046907
0.157286 0.811889 -0.179337
-0.117880 0.403162 0.120258
-0.133320 0.803652 0.120258
-0.210976 0.463291 0.105566
-0.242115 0.811889 -0.058704
-0.020771 0.151387 0.005716
0.202068 0.517661 0.120258
-0.032587 -0.381077 0.120258
0.061198 -0.148286 -0.057963
-0.332887 0.811889 -0.017600
0.003897 0.064038 0.120258
-0.162514 0.084259 0.121787
0.152086 0.439053 0.121787
0.000000 0.000000 0.000000
0.323806 0.684827 -0.047910
0.280440 0.799928 -0.161067
-0.318350 0.456443 0.019752
-0.266571 0.392633 0.120258
-0.294380 0.708056 0.104968
-0.244137 0.463291 0.047285
0.000000 0.000000 0.000000
0.230444 0.805042 -0.179414
0.000000 0.000000 0.000000
-0.224377 0.475522 -0.010422
0.000000 0.000000 0.000000
0.000000 0.000000 0.000000
0.000000 0.000000 0.000000
0.000000 0.000000 0.000000
0.000000 0.000000 0.000000
-0.138789 0.621339 0.120258
0.022873 0.738672 0.120258
-0.145806 0.811889 0.067442
-0.235987 -0.148286 0.065955
-0.201230 0.330788 0.120258
0.325876 0.463349 0.104968
0.000000 0.000000 0.000000
0.000000 0.000000 0.000000
-0.193308 -0.142843 0.120258
0.031034 0.830237 -0.026716
-0.021058 0.830237 0.113248
0.000000 0.000000 0.000000
0.000000 0.000000 0.000000
0.001595 -0.678943 0.121787
0.009180 0.278665 0.120258
0.060343 -0.548664 0.121787
-0.049742 -0.129543 0.120258
0.114070 0.107267 0.120258
0.095224 -0.248619 0.121787
0.000000 0.000000 0.000000
0.061693 -0.472420 0.111390
-0.342726 0.447569 0.123316
-0.091934 0.811889 -0.027843
-0.315607 -0.148286 0.088091
0.111956 -0.320247 0.121787
0.000000 0.000000 0.000000
0.000000 0.000000 0.000000
-0.266309 -0.218529 0.120258
-0.185806 -0.033821 0.120258
0.331607 0.750731 -0.016462
0.000000 0.000000 0.000000
-0.178672 -0.345336 0.121787
-0.042009 -0.148286 0.064840
0.000000 0.000000 0.000000
-0.180982 0.268400 0.120258
0.161499 0.168618 0.120258
-0.122223 0.801138 -0.179414
0.025880 0.463291 0.018230
0.000000 0.000000 0.000000
0.158405 0.475522 -0.064511
-0.212960 0.007625 0.121787
0.013655 0.151387 0.086988
0.000000 0.000000 0.000000
-0.251585 0.068067 0.121787
-0.257373 -0.433141 0.120258
-0.241808 -0.178894 0.120258
0.266160 0.583310 0.120258
-0.144085 0.445810 0.120258
-0.121607 -0.373499 0.120258
-0.086493 0.139155 0.089102
0.102011 -0.160517 0.075072
0.022341 -0.160517 0.068687
-0.004552 -0.060583 0.121787
0.000000 0.000000 0.000000
0.193846 0.084719 0.121787
0.096973 0.688394 0.121787
0.036703 0.013425 0.121787
0.000000 0.000000 0.000000
-0.117793 0.575079 0.121787
0.000000 0.000000 0.000000
0.000000 0.000000 0.000000
0.119830 -0.160517 0.017248
0.274293 0.463291 0.033211
0.000000 0.000000 0.000000
-0.305960 0.830237 0.009517
0.000000 0.000000 0.000000
-0.094314 0.475522 0.085778
0.105445 0.327657 0.120258
0.035084 0.445809 0.121787
-0.339328 -0.167091 0.123316
0.339369 0.557374 0.104968
0.000000 0.000000 0.000000
-0.138354 0.475522 0.047334
0.000000 0.000000 0.000000
0.092058 0.540860 0.121787
0.000000 0.000000 0.000000
0.274223 0.811889 0.019629
