0.000000 0.000000 0.000000
-0.551696 -0.260386 -0.228887
0.125228 -0.539423 0.589299
0.000000 0.000000 0.000000
-0.350998 0.602858 0.522853
-0.645664 0.666724 -0.236583
0.178527 0.109966 0.630323
-0.388529 -0.109993 0.319055
0.603998 -0.232175 0.193109
0.000000 0.000000 0.000000
0.000000 0.000000 0.000000
-0.683710 0.384997 0.193664
0.000000 0.000000 0.000000
-0.185015 -0.616504 0.400625
-0.594134 -0.576886 0.116905
-0.146079 -0.169069 0.646320
0.000000 0.000000 0.000000
-0.586015 0.149756 -0.259210
0.000000 0.000000 0.000000
0.000000 0.000000 0.000000
-0.298623 0.209850 0.525764
0.306666 -0.271533 0.423751
-0.695478 -0.047649 0.077615
0.000000 0.000000 0.000000
0.000000 0.000000 0.000000
-0.332313 -0.042942 -0.402949
0.000000 0.000000 0.000000
-0.713687 0.659067 0.065167
-0.110290 0.393423 0.685792
-0.588549 0.669241 0.289340
-0.533637 0.164997 0.316059
0.000000 0.000000 0.000000
-0.379346 -0.374262 0.282388
0.123162 -0.451749 0.607015
0.070162 -0.616504 0.237357
-0.731232 0.403386 -0.098362
0.113439 -0.205451 0.624809
0.000000 0.000000 0.000000
-0.078343 0.087067 0.699982
-0.574004 -0.602609 -0.154688
0.000000 0.000000 0.000000
-0.454209 0.368452 0.333572
-0.620281 -0.305513 0.163197
0.292118 -0.531081 0.355145
-0.218620 -0.404566 0.513452
0.000000 0.000000 0.000000
0.000000 0.000000 0.000000
-0.217440 -0.616504 0.117295
-0.171980 0.654428 0.698975
0.000000 0.000000 0.000000
-0.528734 0.002919 -0.286499
0.334098 0.180023 0.492929
-0.518059 0.409953 -0.324907
0.423453 -0.033876 0.336149
-0.271434 -0.027354 0.569109
0.146310 0.358711 0.696150
0.000000 0.000000 0.000000
-0.375497 0.194299 -0.381529
-0.417223 -0.445960 -0.268717
0.000000 0.000000 0.000000
-0.695087 0.202896 0.056888
-0.640978 -0.312841 -0.050871
0.000000 0.000000 0.000000
0.000000 0.000000 0.000000
0.000000 0.000000 0.000000
0.454756 -0.344157 0.280729
0.000000 0.000000 0.000000
0.299920 -0.063401 0.513721
0.000000 0.000000 0.000000
-0.081248 -0.563457 0.579675
-0.411455 -0.598737 0.227008
-0.688573 -0.013363 -0.122806
-0.048457 -0.322789 0.628382
-0.298503 -0.216463 0.412559
-0.554257 -0.108219 0.236443
-0.291581 0.421859 0.554658
0.000000 0.000000 0.000000
-0.450893 0.542010 0.370993
-0.396179 0.024316 0.331400
0.000000 0.000000 0.000000
-0.684423 0.233972 -0.120746
0.021087 -0.066762 0.690535
0.000000 0.000000 0.000000
-0.430505 -0.152245 -0.309144
-0.003661 -0.616504 0.365459
-0.621603 0.179564 0.208671
-0.738346 0.487374 0.056223
-0.185039 0.238613 0.674660
-0.446697 -0.222827 0.305722
-0.334961 -0.266488 -0.352944
0.000000 0.000000 0.000000
0.000000 0.000000 0.000000
-0.632933 -0.521497 -0.035604
0.031546 0.235710 0.717782
-0.431656 -0.616504 0.063253
0.000000 0.000000 0.000000
-0.660698 0.517946 0.186655
0.000000 0.000000 0.000000
-0.297035 0.097106 -0.525845
-0.292331 -0.486388 0.335785
-0.471232 0.042331 -0.316739
0.000000 0.000000 0.000000
-0.387434 0.237762 0.398506
0.000000 0.000000 0.000000
-0.555562 0.577049 -0.309422
-0.061877 0.531181 0.701410
-0.624855 0.477103 -0.246405
-0.725037 0.654770 -0.139374
-0.657704 -0.155175 -0.086389
0.326970 -0.126583 0.368398
0.000000 0.000000 0.000000
0.000000 0.000000 0.000000
0.000000 0.000000 0.000000
0.000000 0.000000 0.000000
0.000000 0.000000 0.000000
-0.575829 -0.442650 -0.160251
0.195236 -0.616504 0.482849
0.000000 0.000000 0.000000
-0.647188 -0.203478 0.147633
0.241725 -0.417330 0.461129
-0.555337 -0.465495 0.201442
-0.408371 -0.616504 -0.107959
0.000000 0.000000 0.000000
0.149559 -0.300623 0.592981
0.168070 -0.062272 0.616937
0.343663 0.072111 0.381072
-0.647346 0.300671 -0.248391
-0.214003 0.528209 0.673040
-0.321423 0.088002 0.449609
-0.580284 0.030586 0.235215
0.000000 0.000000 0.000000
-0.504896 0.247096 -0.349959
-0.586577 0.434024 0.300230
0.461690 -0.187405 0.302438
0.000000 0.000000 0.000000
-0.221662 -0.248005 0.547459
-0.581800 -0.114476 -0.229011
-0.293202 -0.078571 0.474051
-0.381295 0.655126 0.448877
0.000000 0.000000 0.000000
0.000000 0.000000 0.000000
0.280266 0.077865 0.523568
-0.200052 0.074985 0.614715
-0.648291 0.040828 -0.166367
-0.519288 -0.309374 0.261160
0.335613 -0.387649 0.339531
-0.292931 0.241962 -0.552018
-0.417786 0.355145 -0.394563
-0.691461 0.103253 -0.039002
0.219974 -0.207181 0.550428
0.000000 0.000000 0.000000
-0.229451 -0.616504 -0.034553
0.243973 -0.158508 0.570845
0.000000 0.000000 0.000000
-0.001671 -0.466743 0.635280
0.026734 -0.616504 0.527803
-0.735768 0.332293 0.021111
0.000000 0.000000 0.000000
-0.489450 0.299961 0.315518
0.000000 0.000000 0.000000
-0.351711 0.433483 0.430167
0.000000 0.000000 0.000000
-0.128852 -0.024605 0.672111
0.054363 0.089736 0.702547
0.000000 0.000000 0.000000
-0.684653 0.358786 -0.205415
-0.216403 -0.543732 0.516137
0.000000 0.000000 0.000000
0.000000 0.000000 0.000000
-0.703624 0.518411 -0.109786
-0.276133 -0.365016 0.412315
-0.422485 0.485020 -0.398396
0.000000 0.000000 0.000000
-0.405116 0.148438 0.370966
-0.646937 -0.284458 0.021633
-0.251421 -0.616504 0.263977
0.000000 0.000000 0.000000
-0.622216 -0.414211 0.058631
-0.613285 -0.262254 -0.156653
0.000000 0.000000 0.000000
0.214510 -0.616504 0.350293
0.000000 0.000000 0.000000
-0.432106 -0.340224 -0.281629
0.000000 0.000000 0.000000
-0.267828 0.627313 0.594650
-0.659466 0.088415 0.135669
-0.653574 0.160896 -0.179810
0.000000 0.000000 0.000000
-0.286108 0.307210 0.552351
0.527482 -0.067477 0.257848
-0.101490 -0.616504 0.204770
-0.108491 -0.449157 0.590100
0.000000 0.000000 0.000000
0.201432 -0.616504 0.244260
0.000000 0.000000 0.000000
0.000000 0.000000 0.000000
-0.490923 -0.002575 0.288683
-0.546541 -0.224575 0.255520
0.000000 0.000000 0.000000
0.000000 0.000000 0.000000
0.000000 0.000000 0.000000
0.000000 0.000000 0.000000
-0.574790 0.558677 0.279136
-0.294606 -0.070321 -0.546231
0.000000 0.000000 0.000000
-0.267627 0.130653 0.556201
0.000000 0.000000 0.000000
0.416116 -0.480961 0.270910
0.000000 0.000000 0.000000
-0.044019 0.656574 0.734522
0.000000 0.000000 0.000000
0.000000 0.000000 0.000000
0.137735 -0.616504 0.371735
-0.054344 -0.225496 0.666719
-0.444054 -0.504403 0.258963
0.147256 0.240373 0.687755
-0.712624 0.395440 0.133113
-0.749064 0.571104 -0.009921
0.000000 0.000000 0.000000
0.381946 -0.255946 0.326482
-0.335732 0.272116 -0.466620
0.000000 0.000000 0.000000
0.000000 0.000000 0.000000
0.000000 0.000000 0.000000
0.031001 0.407432 0.700208
-0.521075 -0.409070 -0.255152
0.000000 0.000000 0.000000
-0.331508 0.060825 -0.428623
0.000000 0.000000 0.000000
0.235532 -0.000950 0.569586
-0.391091 -0.050260 0.325346
-0.587813 0.315287 0.256994
0.000000 0.000000 0.000000
-0.138624 -0.616504 0.473019
-0.614663 -0.606276 0.036986
-0.175064 -0.334475 0.602923
-0.682899 0.257542 0.182256
-0.667181 0.650407 0.182497
0.000000 0.000000 0.000000
-0.337513 -0.145023 -0.374536
0.000000 0.000000 0.000000
-0.125286 0.165221 0.693200
0.232510 -0.438832 0.517271
0.000000 0.000000 0.000000
0.268460 0.213900 0.601257
-0.492015 -0.392460 0.259757
0.064657 -0.340023 0.647556
0.262441 -0.322409 0.509090
0.000000 0.000000 0.000000
0.000000 0.000000 0.000000
-0.660079 -0.065701 0.161255
-0.044599 -0.616504 0.602030
-0.466844 -0.040700 -0.337346
-0.539705 0.663074 -0.350634
-0.208241 -0.109578 0.616558
0.300710 -0.176867 0.475480
-0.519218 -0.522987 -0.231576
0.000000 0.000000 0.000000
-0.112259 0.311003 0.680468
0.550325 -0.282100 0.237371
-0.705883 -0.039293 -0.020839
-0.326286 -0.589241 0.304915
-0.488789 0.085350 0.327099
0.068318 -0.269599 0.632625
-0.357979 -0.223709 0.323530
-0.711651 0.095172 0.066899
-0.458091 -0.235634 -0.287410
0.150961 0.044187 0.668049
-0.553747 0.269883 -0.294765
-0.553709 0.094403 -0.311396
0.011472 0.021652 0.701621
0.000000 0.000000 0.000000
-0.423911 0.131286 -0.342831
-0.251722 0.408615 0.638157
0.000000 0.000000 0.000000
0.000000 0.000000 0.000000
0.000000 0.000000 0.000000
0.000000 0.000000 0.000000
-0.699991 -0.097133 0.000521
-0.346163 -0.134335 0.393959
-0.092709 -0.113747 0.675987
-0.315815 -0.616504 0.057835
-0.319075 -0.326683 0.343057
-0.719755 0.315989 -0.119876
-0.467978 0.651735 0.368031
-0.689978 0.552555 -0.211621
0.000000 0.000000 0.000000
0.000000 0.000000 0.000000
-0.537223 -0.172255 -0.286677
0.094456 -0.032156 0.682772
0.337590 -0.023576 0.430210
-0.723614 0.564448 0.123304
-0.507773 -0.563686 0.185717
-0.629820 -0.025044 -0.225264
-0.513898 0.169058 -0.339751
-0.742099 0.468070 -0.037629
-0.593553 -0.400466 0.133506
-0.170451 0.336053 0.657991
-0.294339 -0.004963 -0.507012
0.000000 0.000000 0.000000
-0.358083 0.333944 0.404676
0.000000 0.000000 0.000000
0.000000 0.000000 0.000000
-0.196398 0.144538 0.625138
-0.647215 -0.426502 -0.053848
-0.515243 -0.115619 0.292763
0.033773 -0.164196 0.651282
0.000000 0.000000 0.000000
-0.245992 -0.448227 0.452865
0.000000 0.000000 0.000000
-0.341719 -0.006342 0.380283
-0.661539 -0.189566 0.009906
0.000000 0.000000 0.000000
0.000000 0.000000 0.000000
0.000000 0.000000 0.000000
-0.528626 0.437894 0.336827
-0.612378 -0.488327 -0.130610
-0.389024 0.528150 -0.391774
-0.151566 -0.491157 0.558058
-0.044613 0.239616 0.689966
-0.450670 0.234513 0.354823
-0.005303 0.461360 0.734742
-0.352449 0.313176 0.488938
-0.631052 0.372549 -0.276405
-0.020755 0.342036 0.699356
-0.407656 -0.302431 0.307968
0.114241 -0.616504 0.471704
-0.402157 0.463946 0.362775
0.253925 -0.517152 0.449954
-0.533799 0.338430 0.329261
-0.562757 -0.355702 -0.200027
-0.287633 -0.218130 0.508214
0.203740 0.336203 0.630931
0.000000 0.000000 0.000000
0.088166 0.321259 0.715971
0.000000 0.000000 0.000000
0.148493 -0.163550 0.615986
0.000000 0.000000 0.000000
-0.256364 0.238799 0.621972
0.112382 0.142004 0.693839
-0.290217 0.507926 0.607372
-0.651229 -0.150188 -0.170884
-0.411419 0.263532 -0.359659
-0.566758 -0.297719 0.194117
-0.362157 0.532256 0.413804
-0.615059 -0.114733 0.170447
-0.591116 -0.616504 -0.033558
0.000000 0.000000 0.000000
0.000000 0.000000 0.000000
0.308551 -0.003215 0.510344
-0.705944 0.248812 -0.014054
-0.070071 0.021309 0.694715
-0.711982 0.453977 0.141842
0.000000 0.000000 0.000000
-0.364099 0.493144 0.483292
0.278437 -0.105052 0.486119
0.000000 0.000000 0.000000
-0.247696 -0.562539 0.391424
-0.500353 0.502921 0.320746
-0.574078 0.120292 0.283751
-0.643471 0.435464 0.250298
-0.121192 -0.297454 0.610584
-0.739158 0.404877 0.023582
-0.135890 -0.616504 0.316143
0.000000 0.000000 0.000000
-0.275448 0.126352 -0.604130
0.000000 0.000000 0.000000
0.000000 0.000000 0.000000
-0.634415 -0.367308 -0.130351
0.000000 0.000000 0.000000
-0.674720 0.311084 0.141404
-0.145389 0.052713 0.645557
0.000000 0.000000 0.000000
-0.353927 0.382310 0.495300
0.036171 -0.544701 0.616211
-0.722333 0.180012 -0.056337
-0.406048 -0.096893 -0.355310
0.000000 0.000000 0.000000
-0.478076 0.331742 -0.367080
-0.378258 -0.616504 0.144724
-0.119989 0.583536 0.688405
0.368409 -0.015479 0.377908
-0.197528 -0.183696 0.581159
0.566652 -0.147924 0.215845
0.529109 -0.221590 0.232834
0.182195 0.201783 0.636593
0.381415 -0.334787 0.312988
0.000000 0.000000 0.000000
0.000000 0.000000 0.000000
-0.703071 0.445807 -0.177751
-0.718912 0.639251 -0.030817
0.000000 0.000000 0.000000
0.000000 0.000000 0.000000
0.179599 -0.375264 0.555558
-0.334616 0.184870 0.436421
-0.401646 0.025901 -0.374503
-0.656731 -0.168333 0.066310
-0.432871 0.409707 -0.357999
0.000000 0.000000 0.000000
0.000000 0.000000 0.000000
-0.088980 -0.373093 0.611476
0.000000 0.000000 0.000000
0.000000 0.000000 0.000000
0.000000 0.000000 0.000000
0.000000 0.000000 0.000000
-0.319007 -0.616504 0.218006
0.003996 0.154981 0.688109
-0.605672 -0.523673 0.041642
-0.046650 -0.616504 0.463335
0.000000 0.000000 0.000000
-0.299890 0.117736 0.508749
-0.588041 0.457950 -0.315446
-0.585227 -0.487662 0.118582
-0.586544 0.201035 -0.263770
0.000000 0.000000 0.000000
-0.512024 -0.318497 -0.248944
0.016107 -0.223992 0.645815
0.018590 -0.616504 0.149888
-0.654638 0.561591 0.242825
0.000000 0.000000 0.000000
0.000000 0.000000 0.000000
-0.211295 0.447423 0.671521
-0.628078 -0.008631 0.215389
-0.362794 0.324693 -0.411029
0.000000 0.000000 0.000000
-0.301218 -0.290612 0.448594
-0.510010 0.598643 0.349896
-0.632414 0.261443 0.248469
-0.686814 0.161180 0.155123
0.285584 -0.453928 0.396940
-0.649632 -0.075927 -0.131523
-0.239196 -0.174196 0.540710
-0.387001 -0.209944 -0.350414
0.000000 0.000000 0.000000
-0.277530 -0.117326 0.544093
0.000000 0.000000 0.000000
-0.705988 0.140235 -0.119556
-0.583196 -0.198619 -0.210232
-0.349483 0.086214 0.384508
-0.528665 -0.084893 -0.274711
-0.195304 -0.031852 0.605108
0.000000 0.000000 0.000000
-0.342475 0.327639 -0.530646
0.000000 0.000000 0.000000
-0.091689 -0.616504 0.382207
0.481526 -0.418300 0.256846
0.068855 0.484628 0.698172
-0.383352 -0.454402 0.265654
-0.230905 0.326666 0.614372
0.000000 0.000000 0.000000
-0.680764 0.243545 -0.198685
-0.363533 0.134154 -0.437691
-0.641143 0.570461 -0.275867
0.000000 0.000000 0.000000
-0.678626 -0.114949 0.101223
-0.298043 -0.414402 0.348788
-0.610400 -0.202881 0.200022
0.174438 -0.606973 0.538706
-0.681824 0.057402 -0.079962
-0.371192 -0.616504 -0.007831
0.118554 0.406246 0.680331
-0.552086 0.342203 -0.335984
-0.273322 0.063012 -0.597060
0.000000 0.000000 0.000000
-0.237680 -0.473625 0.509106
0.000000 0.000000 0.000000
0.000000 0.000000 0.000000
0.000000 0.000000 0.000000
-0.696402 0.150923 0.016379
0.340963 0.104681 0.459854
0.000000 0.000000 0.000000
0.000000 0.000000 0.000000
0.096644 -0.130265 0.669422
0.375941 -0.153264 0.316690
0.055696 -0.399314 0.614770
-0.652430 0.635814 0.248206
0.241292 0.136523 0.582812
0.000000 0.000000 0.000000
0.000000 0.000000 0.000000
0.000000 0.000000 0.000000
-0.606307 0.047265 -0.265329
-0.628779 0.120144 0.191828
-0.230158 -0.317636 0.560837
-0.467442 0.567461 -0.351398
0.000000 0.000000 0.000000
-0.085952 0.267204 0.686249
-0.197141 0.609843 0.652581
-0.584017 -0.561262 -0.102248
0.345271 -0.503330 0.304136
-0.491782 -0.249069 0.256321
-0.556968 -0.385604 0.184903
0.217000 -0.082642 0.576655
-0.527161 -0.616504 0.109429
-0.684687 0.004424 0.122196
-0.482268 -0.616504 0.201784
0.184950 -0.235996 0.608585
-0.679519 0.608480 -0.172949
-0.331223 0.011674 0.475594
-0.674729 -0.241085 -0.063061
0.000000 0.000000 0.000000
-0.626144 -0.302949 0.096865
0.260118 -0.242296 0.484685
-0.307142 -0.097816 -0.449587
0.349251 -0.225506 0.360619
0.000000 0.000000 0.000000
-0.249487 0.062074 0.569738
0.507744 -0.126495 0.291709
0.000000 0.000000 0.000000
0.000000 0.000000 0.000000
-0.548892 0.254267 0.316184
0.000000 0.000000 0.000000
0.000000 0.000000 0.000000
0.296154 0.157882 0.557755
-0.629220 0.493855 0.226424
0.394060 0.033499 0.329625
0.000000 0.000000 0.000000
0.288195 -0.354387 0.438696
0.412908 -0.405245 0.285573
0.000000 0.000000 0.000000
0.000000 0.000000 0.000000
-0.324880 0.194156 -0.478988
-0.618629 0.632051 -0.298139
0.000000 0.000000 0.000000
-0.458869 -0.086777 0.319988
-0.430895 0.309294 0.338223
-0.621516 0.364862 0.227927
-0.670536 -0.235830 0.079294
0.000000 0.000000 0.000000
-0.723880 0.269771 0.079989
-0.668833 -0.118430 -0.036259
0.000000 0.000000 0.000000
-0.402546 0.387789 0.358468
0.000000 0.000000 0.000000
-0.358099 -0.514012 0.296896
0.000000 0.000000 0.000000
0.495920 -0.033475 0.308355
0.212739 -0.281773 0.543007
0.000000 0.000000 0.000000
-0.323919 0.533110 0.510439
-0.156370 0.488713 0.700971
-0.466996 0.103800 -0.324607
0.000000 0.000000 0.000000
-0.712609 0.022439 -0.021392
-0.462988 -0.616504 -0.164339
-0.572732 -0.535428 -0.177118
-0.015088 -0.529248 0.598749
-0.139503 -0.073522 0.633993
-0.315656 -0.166583 0.458392
-0.658976 -0.216674 -0.129448
-0.644272 0.086998 -0.225052
0.000000 0.000000 0.000000
-0.242049 -0.601051 0.452950
0.000000 0.000000 0.000000
0.000000 0.000000 0.000000
-0.393162 -0.271558 -0.307521
-0.603189 0.511496 0.291057
-0.213996 0.085538 -0.620394
-0.409817 0.603651 0.398187
0.000000 0.000000 0.000000
-0.047237 0.152546 0.683079
-0.467719 0.165958 0.343461
-0.378943 0.238043 -0.425927
0.018670 0.603952 0.736370
0.000000 0.000000 0.000000
-0.659958 -0.364388 0.018932
0.133537 -0.006613 0.641527
-0.282797 0.348734 0.605519
0.000000 0.000000 0.000000
0.000000 0.000000 0.000000
-0.167838 -0.410258 0.593403
-0.224531 0.016536 0.622048
-0.241885 -0.352204 0.496277
0.000000 0.000000 0.000000
0.000000 0.000000 0.000000
-0.030200 -0.034807 0.667684
0.000000 0.000000 0.000000
0.000000 0.000000 0.000000
0.000000 0.000000 0.000000
-0.190146 -0.613516 0.528746
0.000000 0.000000 0.000000
-0.636986 0.410721 -0.226428
0.000000 0.000000 0.000000
0.097969 -0.609032 0.586416
-0.485827 -0.453574 0.251173
0.235172 -0.566627 0.408125
0.000000 0.000000 0.000000
0.000000 0.000000 0.000000
-0.442490 -0.147232 0.290869
-0.417062 0.085249 0.355943
-0.272002 0.209277 -0.619623
0.325453 -0.308316 0.332447
0.000000 0.000000 0.000000
-0.253032 -0.007486 -0.569195
-0.400298 0.416510 -0.414569
0.000000 0.000000 0.000000
0.000000 0.000000 0.000000
-0.567069 -0.052309 0.267000
-0.019532 -0.115740 0.685719
-0.681829 0.033118 0.047703
-0.319556 0.112793 -0.475210
0.000000 0.000000 0.000000
0.000000 0.000000 0.000000
0.000000 0.000000 0.000000
0.000000 0.000000 0.000000
0.000000 0.000000 0.000000
-0.374977 -0.356237 -0.332455
-0.446700 -0.305975 0.266452
-0.266756 -0.605405 0.335304
-0.698326 0.275922 -0.164741
0.407144 -0.290116 0.280413
0.000000 0.000000 0.000000
-0.454420 -0.017818 0.329690
0.076629 -0.616504 0.411456
-0.007961 -0.287635 0.638919
-0.484824 -0.364754 -0.282603
-0.241590 0.183817 0.627939
-0.036371 -0.423259 0.614226
-0.711581 0.365310 -0.022511
0.000000 0.000000 0.000000
-0.565430 -0.530837 0.172912
0.473140 -0.254492 0.287552
-0.469676 -0.113854 -0.299367
-0.619350 -0.307938 -0.126433
-0.640367 0.159650 -0.240628
0.000000 0.000000 0.000000
-0.687242 0.370554 -0.134448
0.099633 0.097312 0.666250
0.000000 0.000000 0.000000
-0.346700 -0.192575 0.379443
0.000000 0.000000 0.000000
-0.560674 0.003943 0.279777
0.000000 0.000000 0.000000
0.000000 0.000000 0.000000
0.000000 0.000000 0.000000
-0.217536 -0.616504 0.201266
0.000000 0.000000 0.000000
0.000000 0.000000 0.000000
-0.706414 0.446369 0.074779
-0.612082 -0.481026 -0.064515
-0.171612 -0.229201 0.624992
0.204044 -0.498238 0.498157
0.176791 -0.453440 0.541746
-0.011780 0.285760 0.724542
-0.170316 0.112985 0.669850
-0.368824 -0.071283 0.375346
0.000000 0.000000 0.000000
0.000000 0.000000 0.000000
-0.342167 -0.206901 -0.398024
0.000000 0.000000 0.000000
0.000000 0.000000 0.000000
-0.171247 0.193200 0.647623
0.303751 0.035972 0.464199
0.182066 -0.542546 0.548137
0.000000 0.000000 0.000000
-0.318948 0.560401 0.572616
0.000000 0.000000 0.000000
0.400751 -0.103349 0.338445
0.234084 -0.561588 0.476009
0.370799 0.127261 0.397353
0.000000 0.000000 0.000000
0.000000 0.000000 0.000000
0.000000 0.000000 0.000000
-0.161283 -0.616504 0.241306
0.000000 0.000000 0.000000
-0.084889 -0.616504 0.548824
0.000000 0.000000 0.000000
0.295032 -0.471997 0.327803
0.135904 0.302686 0.667425
0.328632 0.150205 0.426035
0.000000 0.000000 0.000000
-0.652696 0.065136 0.195492
-0.328116 0.441491 0.492828
-0.480801 0.459658 -0.342529
-0.628295 0.211613 -0.219144
-0.644515 -0.468526 0.003639
-0.595909 0.523452 -0.312322
-0.386525 0.396000 0.416395
-0.270417 -0.616504 0.159483
-0.322614 0.147865 -0.544664
0.000000 0.000000 0.000000
-0.327361 0.353882 0.547854
-0.302116 0.025511 -0.553625
-0.525376 -0.450412 -0.212414
-0.524080 -0.595305 -0.181004
0.000000 0.000000 0.000000
0.000000 0.000000 0.000000
-0.044454 -0.616504 0.239038
-0.189075 -0.279453 0.571291
-0.529611 0.052538 0.306789
-0.538833 -0.146718 0.242357
-0.672686 0.585041 0.173318
-0.713716 0.665691 0.137922
0.010897 -0.603391 0.608392
-0.467716 -0.616504 -0.078667
-0.256336 -0.288708 0.492771
-0.686877 0.076901 -0.150608
-0.042875 -0.481507 0.603467
-0.713141 0.585052 -0.067831
0.226950 0.093839 0.624552
-0.427289 0.217207 -0.378295
-0.130414 0.233404 0.696923
-0.400733 0.083079 -0.350030
0.000000 0.000000 0.000000
-0.664632 0.448489 0.177921
-0.255600 -0.616504 0.032931
0.188016 -0.000727 0.609935
-0.741251 0.600531 0.058716
-0.001573 0.082312 0.709198
-0.587224 0.341502 -0.274490
0.059871 0.176009 0.709327
-0.167294 0.285019 0.685318
-0.086441 0.344339 0.718406
0.000000 0.000000 0.000000
-0.151363 -0.546621 0.575693
-0.424550 -0.405413 0.258394
-0.252027 0.119577 0.613396
-0.073558 -0.616504 0.296436
