-0.234203 -0.072753 -0.764505
0.195161 0.306063 -0.484949
0.000000 0.000000 0.000000
0.000000 0.000000 0.000000
0.275453 -0.242240 -0.586088
0.710353 -0.152246 -0.221333
0.000000 0.000000 0.000000
0.282305 0.037664 -0.924468
0.639914 0.209693 -0.178107
0.000000 0.000000 0.000000
0.000000 0.000000 0.000000
0.000000 0.000000 0.000000
0.000000 0.000000 0.000000
0.000000 0.000000 0.000000
0.200465 -0.242240 -0.634275
0.000000 0.000000 0.000000
0.000000 0.000000 0.000000
0.530486 0.072295 -0.550304
0.000000 0.000000 0.000000
0.000000 0.000000 0.000000
-0.087093 -0.154622 -0.716322
0.000000 0.000000 0.000000
0.000000 0.000000 0.000000
-0.100295 -0.242240 -0.435971
0.000000 0.000000 0.000000
0.000000 0.000000 0.000000
-0.101253 0.200342 -0.641986
0.570929 -0.210064 -0.301576
0.000000 0.000000 0.000000
0.000000 0.000000 0.000000
0.000000 0.000000 0.000000
-0.430828 0.164771 -0.587694
0.000000 0.000000 0.000000
0.000000 0.000000 0.000000
0.000000 0.000000 0.000000
0.759954 0.092456 -0.218151
0.018190 -0.242240 -0.645165
-0.305559 -0.175939 -0.619966
0.000000 0.000000 0.000000
0.000000 0.000000 0.000000
0.754792 -0.054240 -0.325150
0.000000 0.000000 0.000000
0.000000 0.000000 0.000000
-0.028376 0.375082 -0.504446
0.231171 0.367967 -0.495398
0.000000 0.000000 0.000000
0.000000 0.000000 0.000000
0.000000 0.000000 0.000000
0.317468 0.182623 -0.686924
0.158674 -0.116105 -0.849046
0.446902 -0.084937 -0.724773
0.395559 0.244234 -0.412662
0.050721 0.104820 -0.798159
0.000000 0.000000 0.000000
0.000000 0.000000 0.000000
0.000000 0.000000 0.000000
0.246800 -0.242240 -0.408414
-0.500964 -0.053640 -0.687120
0.000000 0.000000 0.000000
0.000000 0.000000 0.000000
0.580198 -0.097605 -0.522420
-0.073183 -0.220382 -0.642572
0.000000 0.000000 0.000000
0.876402 -0.050583 -0.160644
0.101504 0.219468 -0.679478
0.000000 0.000000 0.000000
0.000000 0.000000 0.000000
0.691499 0.109424 -0.298634
0.000000 0.000000 0.000000
0.000000 0.000000 0.000000
0.000000 0.000000 0.000000
-0.165202 0.087115 -0.736859
0.404825 0.226773 -0.460664
0.000000 0.000000 0.000000
0.884639 0.110432 -0.031984
0.000000 0.000000 0.000000
0.000000 0.000000 0.000000
0.460525 0.267288 -0.218126
0.000000 0.000000 0.000000
0.000000 0.000000 0.000000
0.000000 0.000000 0.000000
0.000000 0.000000 0.000000
0.000000 0.000000 0.000000
0.022493 -0.242240 -0.332359
-0.245819 -0.206059 -0.603527
0.603716 -0.242240 -0.065139
0.000000 0.000000 0.000000
-0.051766 0.293044 -0.447695
-0.262726 0.235882 -0.536283
0.000000 0.000000 0.000000
0.000000 0.000000 0.000000
0.000000 0.000000 0.000000
0.409291 -0.230280 -0.485118
0.000000 0.000000 0.000000
0.000000 0.000000 0.000000
-0.017914 -0.030356 -0.850980
0.366280 -0.242240 -0.236341
0.820353 -0.154338 -0.065591
0.000000 0.000000 0.000000
0.645349 0.080374 -0.385670
0.000000 0.000000 0.000000
0.528213 0.222487 -0.301127
0.338586 -0.242240 -0.181283
0.000000 0.000000 0.000000
0.097204 -0.242240 -0.479461
-0.338254 0.078055 -0.685163
0.000000 0.000000 0.000000
0.810429 -0.187514 -0.015360
0.000000 0.000000 0.000000
0.000000 0.000000 0.000000
0.254024 0.242123 -0.617096
0.000000 0.000000 0.000000
0.000000 0.000000 0.000000
0.000000 0.000000 0.000000
0.000000 0.000000 0.000000
-0.384814 -0.120366 -0.666577
0.313762 -0.141901 -0.790282
0.445866 0.052540 -0.697616
0.000000 0.000000 0.000000
0.614856 -0.153164 -0.350725
-0.178105 0.252669 -0.516469
0.000000 0.000000 0.000000
0.000000 0.000000 0.000000
0.000000 0.000000 0.000000
0.000000 0.000000 0.000000
0.168893 -0.212311 -0.730832
0.000000 0.000000 0.000000
0.000000 0.000000 0.000000
0.200552 0.169584 -0.785699
0.000000 0.000000 0.000000
-0.258180 -0.242240 -0.446950
0.000000 0.000000 0.000000
0.000000 0.000000 0.000000
0.000000 0.000000 0.000000
0.000000 0.000000 0.000000
0.000000 0.000000 0.000000
0.290847 0.321660 -0.368370
0.788266 -0.036929 -0.290725
0.000000 0.000000 0.000000
0.533249 0.181561 -0.392479
-0.083019 -0.242240 -0.491439
0.328029 0.069700 -0.831060
0.000000 0.000000 0.000000
0.000000 0.000000 0.000000
0.000000 0.000000 0.000000
0.000000 0.000000 0.000000
-0.033544 0.202651 -0.660558
0.000000 0.000000 0.000000
0.000000 0.000000 0.000000
0.000000 0.000000 0.000000
0.000000 0.000000 0.000000
0.086407 0.380269 -0.544643
0.473226 -0.242240 -0.158925
0.455940 -0.242240 -0.338283
0.000000 0.000000 0.000000
0.000000 0.000000 0.000000
0.657952 0.028244 -0.447273
0.000000 0.000000 0.000000
0.000000 0.000000 0.000000
0.000000 0.000000 0.000000
0.121353 0.020899 -0.889899
0.000000 0.000000 0.000000
0.000000 0.000000 0.000000
0.000000 0.000000 0.000000
0.283673 0.262674 -0.482581
0.000000 0.000000 0.000000
0.420976 -0.167973 -0.589028
0.346185 -0.058874 -0.883904
0.000000 0.000000 0.000000
0.000000 0.000000 0.000000
0.736871 -0.215361 -0.062974
0.000000 0.000000 0.000000
0.934672 -0.096145 -0.037787
0.000000 0.000000 0.000000
0.000000 0.000000 0.000000
0.066755 -0.147553 -0.775803
0.067485 0.278637 -0.523086
-0.172580 0.025403 -0.789631
0.334184 -0.188671 -0.668626
0.027778 -0.107018 -0.819049
0.000000 0.000000 0.000000
0.512358 -0.180350 -0.439418
0.000000 0.000000 0.000000
0.144787 -0.242240 -0.326377
0.000000 0.000000 0.000000
0.000000 0.000000 0.000000
0.000000 0.000000 0.000000
-0.248937 -0.164384 -0.652116
0.000000 0.000000 0.000000
0.000000 0.000000 0.000000
0.000000 0.000000 0.000000
0.000000 0.000000 0.000000
0.452582 0.152681 -0.572858
-0.582264 0.015551 -0.666935
0.000000 0.000000 0.000000
0.464445 -0.000614 -0.736427
0.811101 -0.104094 -0.190128
0.722126 0.133974 -0.236606
0.000000 0.000000 0.000000
0.342944 -0.242240 -0.323978
0.544815 -0.017589 -0.625807
0.000000 0.000000 0.000000
0.000000 0.000000 0.000000
-0.350911 -0.018801 -0.742783
0.000000 0.000000 0.000000
0.000000 0.000000 0.000000
0.000000 0.000000 0.000000
0.000000 0.000000 0.000000
0.084061 -0.242240 -0.551125
0.000000 0.000000 0.000000
0.000000 0.000000 0.000000
0.000000 0.000000 0.000000
0.530891 0.149921 -0.471704
0.802439 0.134836 -0.125365
-0.466042 0.071297 -0.647022
0.225110 -0.055105 -0.922325
-0.055597 0.059684 -0.791392
0.000000 0.000000 0.000000
0.000000 0.000000 0.000000
-0.320686 0.172897 -0.611421
0.000000 0.000000 0.000000
0.760391 0.154432 -0.144989
0.365385 0.218941 -0.533756
0.000000 0.000000 0.000000
0.000000 0.000000 0.000000
0.000000 0.000000 0.000000
0.000000 0.000000 0.000000
0.000000 0.000000 0.000000
0.205576 0.086115 -0.857832
0.871975 0.035652 -0.140023
0.000000 0.000000 0.000000
0.000000 0.000000 0.000000
0.000000 0.000000 0.000000
0.033264 0.256048 -0.575624
0.000000 0.000000 0.000000
0.000000 0.000000 0.000000
0.659867 -0.059839 -0.451397
0.000000 0.000000 0.000000
0.000000 0.000000 0.000000
0.000000 0.000000 0.000000
-0.492920 -0.127854 -0.621123
0.466809 0.241279 -0.328073
0.000000 0.000000 0.000000
0.000000 0.000000 0.000000
0.000000 0.000000 0.000000
0.000000 0.000000 0.000000
0.000000 0.000000 0.000000
0.000000 0.000000 0.000000
0.297186 0.380269 -0.333707
0.000000 0.000000 0.000000
0.000000 0.000000 0.000000
0.119981 0.265727 -0.576524
0.045226 0.155937 -0.755484
0.000000 0.000000 0.000000
0.000000 0.000000 0.000000
0.000000 0.000000 0.000000
0.000000 0.000000 0.000000
-0.185185 -0.242240 -0.529470
0.000000 0.000000 0.000000
0.000000 0.000000 0.000000
0.000000 0.000000 0.000000
0.000000 0.000000 0.000000
0.254964 -0.242240 -0.272878
0.000000 0.000000 0.000000
0.560798 -0.242240 -0.199215
-0.067447 0.255169 -0.545377
0.000000 0.000000 0.000000
0.000000 0.000000 0.000000
0.000000 0.000000 0.000000
0.599104 0.021616 -0.539611
0.000000 0.000000 0.000000
-0.323400 -0.240893 -0.536858
0.000000 0.000000 0.000000
0.000000 0.000000 0.000000
0.000000 0.000000 0.000000
0.000000 0.000000 0.000000
0.138504 -0.242240 -0.439470
0.006861 -0.242240 -0.416653
0.000000 0.000000 0.000000
-0.317027 -0.071396 -0.738253
0.288932 -0.108293 -0.899462
0.830758 -0.056926 -0.218477
0.000000 0.000000 0.000000
0.000000 0.000000 0.000000
0.000000 0.000000 0.000000
0.000000 0.000000 0.000000
0.678233 -0.217107 -0.140321
0.000000 0.000000 0.000000
0.000000 0.000000 0.000000
0.000000 0.000000 0.000000
0.378218 0.051931 -0.791766
0.000000 0.000000 0.000000
0.619390 0.180591 -0.276243
0.000000 0.000000 0.000000
0.000000 0.000000 0.000000
-0.214553 0.153804 -0.674243
-0.138856 -0.088688 -0.787737
0.248733 0.208237 -0.720019
-0.155995 0.219945 -0.595105
0.000000 0.000000 0.000000
0.000000 0.000000 0.000000
0.497470 -0.105204 -0.619327
0.000000 0.000000 0.000000
0.629017 -0.183018 -0.273711
0.000000 0.000000 0.000000
0.000000 0.000000 0.000000
0.000000 0.000000 0.000000
0.000000 0.000000 0.000000
0.000000 0.000000 0.000000
0.000000 0.000000 0.000000
0.000000 0.000000 0.000000
-0.094781 -0.025669 -0.826005
0.000000 0.000000 0.000000
0.000000 0.000000 0.000000
0.000000 0.000000 0.000000
0.000000 0.000000 0.000000
0.457663 0.102596 -0.626008
0.000000 0.000000 0.000000
0.305498 -0.242240 -0.499234
0.347059 -0.242240 -0.401825
0.366448 0.273086 -0.321169
0.000000 0.000000 0.000000
0.000000 0.000000 0.000000
0.186354 -0.242240 -0.559017
0.000000 0.000000 0.000000
0.000000 0.000000 0.000000
0.000000 0.000000 0.000000
0.717763 0.032114 -0.358332
0.000000 0.000000 0.000000
0.182609 0.268668 -0.588583
0.000000 0.000000 0.000000
0.000000 0.000000 0.000000
0.000000 0.000000 0.000000
0.000000 0.000000 0.000000
0.358731 0.122968 -0.745687
0.281821 0.138848 -0.838689
0.000000 0.000000 0.000000
0.269776 -0.175544 -0.782558
-0.032336 -0.242240 -0.577282
0.000000 0.000000 0.000000
0.000000 0.000000 0.000000
-0.100578 0.351534 -0.466877
0.268026 0.380269 -0.399643
0.000000 0.000000 0.000000
0.388035 -0.242240 -0.180225
0.000000 0.000000 0.000000
0.235843 0.318730 -0.441235
0.533085 0.246743 -0.211938
0.000000 0.000000 0.000000
-0.251850 0.041988 -0.746338
0.000000 0.000000 0.000000
0.158282 0.109407 -0.830814
0.398542 -0.056877 -0.813411
0.769163 0.042861 -0.269197
0.000000 0.000000 0.000000
0.000000 0.000000 0.000000
-0.410608 -0.174120 -0.587999
0.000000 0.000000 0.000000
0.931506 0.029138 -0.069229
0.000000 0.000000 0.000000
0.068951 -0.209994 -0.701118
-0.114797 0.159588 -0.698072
0.375364 -0.130910 -0.730023
0.000000 0.000000 0.000000
0.000000 0.000000 0.000000
0.500569 -0.242240 -0.257683
0.000000 0.000000 0.000000
0.224515 -0.242240 -0.312360
-0.021233 -0.181393 -0.705858
0.000000 0.000000 0.000000
0.000000 0.000000 0.000000
0.000000 0.000000 0.000000
0.000000 0.000000 0.000000
0.000000 0.000000 0.000000
0.275169 -0.223715 -0.682365
0.586156 0.076646 -0.470159
0.000000 0.000000 0.000000
-0.034893 0.111072 -0.767214
-0.159477 -0.178139 -0.664812
0.590871 -0.134188 -0.426087
0.840699 0.151961 -0.040388
-0.604762 -0.046002 -0.657109
0.375492 0.177366 -0.619686
0.000000 0.000000 0.000000
0.000000 0.000000 0.000000
0.000000 0.000000 0.000000
-0.160385 -0.223896 -0.610055
0.000000 0.000000 0.000000
0.452681 -0.197574 -0.488385
0.390328 0.152900 -0.658020
0.687435 -0.114624 -0.336839
0.000000 0.000000 0.000000
0.000000 0.000000 0.000000
0.000000 0.000000 0.000000
0.000000 0.000000 0.000000
0.062581 -0.042141 -0.875819
0.000000 0.000000 0.000000
-0.459618 -0.078949 -0.688250
0.603864 0.155325 -0.358288
0.000000 0.000000 0.000000
0.000000 0.000000 0.000000
0.000000 0.000000 0.000000
0.000000 0.000000 0.000000
0.000000 0.000000 0.000000
0.693356 -0.083447 -0.386730
0.000000 0.000000 0.000000
0.000000 0.000000 0.000000
0.000000 0.000000 0.000000
0.000000 0.000000 0.000000
-0.054052 -0.107980 -0.791133
0.180760 -0.031850 -0.915534
0.000000 0.000000 0.000000
0.000000 0.000000 0.000000
0.000000 0.000000 0.000000
0.230383 0.262450 -0.556951
0.000000 0.000000 0.000000
0.519089 -0.219288 -0.355165
0.000000 0.000000 0.000000
0.016792 0.322478 -0.487605
0.000000 0.000000 0.000000
0.000000 0.000000 0.000000
0.000000 0.000000 0.000000
0.209967 -0.242240 -0.483509
0.325245 0.329347 -0.328476
0.000000 0.000000 0.000000
0.000000 0.000000 0.000000
0.169962 0.206001 -0.721709
0.000000 0.000000 0.000000
0.186202 -0.167651 -0.789613
0.763936 -0.154067 -0.143766
0.000000 0.000000 0.000000
0.462084 0.213073 -0.414754
0.000000 0.000000 0.000000
0.527508 -0.242240 -0.109698
0.000000 0.000000 0.000000
0.150764 0.380269 -0.544890
0.000000 0.000000 0.000000
-0.402305 0.096504 -0.655122
0.000000 0.000000 0.000000
0.000000 0.000000 0.000000
-0.227218 0.188516 -0.618611
0.000000 0.000000 0.000000
0.943114 -0.023467 -0.077595
-0.449754 0.003198 -0.710667
0.342759 -0.219895 -0.596691
0.000000 0.000000 0.000000
0.457669 -0.228837 -0.421309
0.214492 -0.101048 -0.887951
0.053288 0.054538 -0.832213
0.047044 0.380269 -0.488604
0.000000 0.000000 0.000000
-0.323089 0.033424 -0.732246
0.000000 0.000000 0.000000
0.000000 0.000000 0.000000
0.000000 0.000000 0.000000
0.000000 0.000000 0.000000
0.000000 0.000000 0.000000
0.000000 0.000000 0.000000
0.000000 0.000000 0.000000
0.000000 0.000000 0.000000
0.000000 0.000000 0.000000
0.522529 -0.060337 -0.640034
0.000000 0.000000 0.000000
0.623953 -0.036280 -0.516882
0.000000 0.000000 0.000000
0.685637 -0.242240 -0.067183
0.004978 -0.242240 -0.487451
0.000000 0.000000 0.000000
0.096570 -0.242240 -0.627423
0.289844 -0.041462 -0.949991
0.000000 0.000000 0.000000
-0.113072 0.266669 -0.498146
-0.223077 -0.121844 -0.717091
-0.522026 0.017463 -0.684486
0.000000 0.000000 0.000000
0.004606 0.041778 -0.829888
0.076555 -0.242240 -0.384071
0.000000 0.000000 0.000000
0.504888 0.028188 -0.658048
0.598266 -0.242240 -0.143505
0.000000 0.000000 0.000000
0.000000 0.000000 0.000000
0.000000 0.000000 0.000000
0.000000 0.000000 0.000000
0.000000 0.000000 0.000000
-0.049671 0.158655 -0.720617
0.000000 0.000000 0.000000
0.401546 0.002890 -0.822998
0.000000 0.000000 0.000000
0.000000 0.000000 0.000000
0.016778 0.183846 -0.704819
0.428711 -0.125864 -0.667860
0.000000 0.000000 0.000000
0.000000 0.000000 0.000000
0.000000 0.000000 0.000000
0.880710 -0.111446 -0.077913
-0.294650 -0.034834 -0.761063
-0.269212 0.106965 -0.693134
0.000000 0.000000 0.000000
0.000000 0.000000 0.000000
0.444300 -0.036067 -0.764152
0.325463 0.266277 -0.408632
0.000000 0.000000 0.000000
0.000000 0.000000 0.000000
-0.106433 0.101466 -0.748776
0.000000 0.000000 0.000000
0.000000 0.000000 0.000000
0.000000 0.000000 0.000000
0.000000 0.000000 0.000000
0.288392 0.163428 -0.773040
0.000000 0.000000 0.000000
0.405062 0.114662 -0.688641
0.515936 -0.132445 -0.533115
0.000000 0.000000 0.000000
0.000000 0.000000 0.000000
0.000000 0.000000 0.000000
0.481592 0.186611 -0.451450
0.857023 -0.104914 -0.125090
-0.103227 -0.242240 -0.561965
0.000000 0.000000 0.000000
0.000000 0.000000 0.000000
0.811109 0.073938 -0.162732
-0.240679 -0.242240 -0.527644
0.000000 0.000000 0.000000
0.000000 0.000000 0.000000
0.343977 0.022226 -0.889722
-0.551370 -0.093097 -0.650072
0.000000 0.000000 0.000000
0.765778 -0.112637 -0.233444
-0.170955 -0.242240 -0.471385
0.338906 0.247242 -0.476927
0.138784 -0.081644 -0.881372
-0.323363 0.138007 -0.660010
0.633502 0.128813 -0.362763
0.000000 0.000000 0.000000
0.000000 0.000000 0.000000
0.000000 0.000000 0.000000
0.000000 0.000000 0.000000
0.187224 0.035182 -0.896199
0.000000 0.000000 0.000000
0.000000 0.000000 0.000000
0.000000 0.000000 0.000000
0.000000 0.000000 0.000000
0.000000 0.000000 0.000000
0.000000 0.000000 0.000000
0.000000 0.000000 0.000000
0.110020 0.155438 -0.777277
-0.179883 -0.049939 -0.793246
0.000000 0.000000 0.000000
0.430017 0.262867 -0.280277
-0.369585 -0.201554 -0.568675
0.000000 0.000000 0.000000
0.432603 -0.242240 -0.261208
0.000000 0.000000 0.000000
0.000000 0.000000 0.000000
0.656604 0.177701 -0.231962
-0.059930 0.236805 -0.599572
0.000000 0.000000 0.000000
0.000000 0.000000 0.000000
0.000000 0.000000 0.000000
0.000000 0.000000 0.000000
0.000000 0.000000 0.000000
0.000000 0.000000 0.000000
0.000000 0.000000 0.000000
0.000000 0.000000 0.000000
0.084137 -0.111185 -0.831612
0.420565 0.379778 -0.246169
-0.307023 0.207972 -0.563804
0.257625 0.087230 -0.874185
0.000000 0.000000 0.000000
0.000000 0.000000 0.000000
0.181982 0.234118 -0.683883
0.868670 0.073093 -0.084191
0.000000 0.000000 0.000000
0.000000 0.000000 0.000000
0.100644 0.326957 -0.517533
0.332032 -0.028056 -0.918676
0.000000 0.000000 0.000000
0.000000 0.000000 0.000000
0.700934 0.180018 -0.165383
0.154529 0.298000 -0.517694
0.000000 0.000000 0.000000
0.000000 0.000000 0.000000
0.000000 0.000000 0.000000
0.000000 0.000000 0.000000
0.000000 0.000000 0.000000
0.000000 0.000000 0.000000
0.000000 0.000000 0.000000
0.314596 0.219427 -0.602495
0.000000 0.000000 0.000000
0.000000 0.000000 0.000000
0.000000 0.000000 0.000000
0.563338 -0.060341 -0.583864
0.000000 0.000000 0.000000
0.000000 0.000000 0.000000
0.588448 0.238681 -0.172498
0.000000 0.000000 0.000000
0.552594 -0.179779 -0.385137
0.000000 0.000000 0.000000
0.000000 0.000000 0.000000
0.681204 0.208126 -0.125039
0.484024 -0.046831 -0.703658
0.000000 0.000000 0.000000
0.594644 0.130620 -0.414785
0.000000 0.000000 0.000000
0.822421 0.014749 -0.243715
0.000000 0.000000 0.000000
0.541766 0.035366 -0.595006
0.000000 0.000000 0.000000
0.180859 -0.242240 -0.398608
0.000000 0.000000 0.000000
0.000000 0.000000 0.000000
0.000000 0.000000 0.000000
0.000000 0.000000 0.000000
0.000000 0.000000 0.000000
0.637095 -0.106968 -0.423213
0.000000 0.000000 0.000000
0.000000 0.000000 0.000000
0.000000 0.000000 0.000000
-0.085875 0.026071 -0.817098
0.000000 0.000000 0.000000
0.000000 0.000000 0.000000
0.117094 -0.236385 -0.685347
0.000000 0.000000 0.000000
0.000000 0.000000 0.000000
0.127158 -0.172113 -0.765117
0.446967 0.177408 -0.521206
0.000000 0.000000 0.000000
0.000000 0.000000 0.000000
0.395094 -0.242240 -0.362383
0.000000 0.000000 0.000000
0.000000 0.000000 0.000000
0.698024 -0.025672 -0.414932
0.000000 0.000000 0.000000
0.000000 0.000000 0.000000
0.000000 0.000000 0.000000
0.507500 0.137182 -0.529418
0.000000 0.000000 0.000000
0.000000 0.000000 0.000000
0.000000 0.000000 0.000000
0.000000 0.000000 0.000000
0.000000 0.000000 0.000000
-0.438797 -0.130206 -0.635466
0.979014 -0.039130 -0.028182
0.000000 0.000000 0.000000
0.054901 0.233054 -0.644171
0.000000 0.000000 0.000000
0.000000 0.000000 0.000000
0.000000 0.000000 0.000000
0.892809 -0.130589 -0.018537
0.320869 0.126721 -0.794762
-0.226780 -0.010211 -0.783115
0.904939 -0.065623 -0.109534
0.398364 0.069727 -0.734232
0.000000 0.000000 0.000000
0.000000 0.000000 0.000000
-0.058980 0.380269 -0.459700
0.000000 0.000000 0.000000
0.000000 0.000000 0.000000
0.014985 -0.161930 -0.740792
0.000000 0.000000 0.000000
0.352259 -0.109000 -0.810720
0.669601 -0.149296 -0.284010
0.260303 -0.131666 -0.860603
0.000000 0.000000 0.000000
0.000000 0.000000 0.000000
0.000000 0.000000 0.000000
0.362202 -0.242240 -0.523246
0.000000 0.000000 0.000000
0.000000 0.000000 0.000000
0.000000 0.000000 0.000000
0.000000 0.000000 0.000000
0.000000 0.000000 0.000000
0.569641 0.216558 -0.258346
0.000000 0.000000 0.000000
0.226674 -0.210630 -0.751607
-0.160552 0.188199 -0.640741
0.338831 -0.242240 -0.462078
0.000000 0.000000 0.000000
0.118857 0.245136 -0.634186
0.485312 0.116502 -0.576698
0.000000 0.000000 0.000000
0.000000 0.000000 0.000000
0.000000 0.000000 0.000000
0.671971 -0.192577 -0.196180
0.000000 0.000000 0.000000
0.000000 0.000000 0.000000
0.000000 0.000000 0.000000
0.189164 0.345183 -0.531127
-0.020567 0.272374 -0.512125
0.000000 0.000000 0.000000
0.000000 0.000000 0.000000
0.000000 0.000000 0.000000
0.479021 -0.092250 -0.673631
0.000000 0.000000 0.000000
0.000000 0.000000 0.000000
0.000000 0.000000 0.000000
0.000000 0.000000 0.000000
0.516062 -0.242240 -0.168086
0.102874 0.111640 -0.811693
0.000000 0.000000 0.000000
0.408531 0.180191 -0.567427
0.000000 0.000000 0.000000
0.000000 0.000000 0.000000
0.758278 0.178511 -0.090072
0.000000 0.000000 0.000000
0.000000 0.000000 0.000000
0.250990 -0.242240 -0.520788
0.224240 0.380269 -0.439865
0.000000 0.000000 0.000000
0.766025 0.007986 -0.321338
0.000000 0.000000 0.000000
0.000000 0.000000 0.000000
0.000000 0.000000 0.000000
0.554478 -0.135723 -0.472752
0.000000 0.000000 0.000000
0.000000 0.000000 0.000000
