0.454276 0.418263 -0.081458
0.034844 0.485171 -0.082703
0.259628 -0.118486 0.403372
-0.484615 0.062638 0.155071
-0.409228 0.485171 -0.635486
0.290231 0.486506 0.645672
-0.444274 0.519520 0.644959
0.031780 0.184986 0.045897
0.003709 -0.627775 0.451024
0.076955 -0.149923 0.135245
0.428188 0.042997 0.234229
-0.069471 0.257599 0.410950
-0.415915 0.223174 -0.314313
-0.461286 0.485171 -0.118788
-0.358268 -0.119006 0.508909
0.134926 0.500308 -0.636715
0.428188 -0.365943 0.276162
-0.043148 0.261563 -0.442067
-0.464577 0.507314 0.305105
-0.254119 -0.161373 -0.111670
0.114821 0.485171 0.234368
0.295138 0.445096 -0.272716
0.387708 0.567998 -0.636715
0.265477 0.020692 0.471060
-0.496065 -0.325143 0.237661
0.011380 -0.227077 0.376600
-0.370640 0.287444 0.565264
0.246584 -0.580917 0.485374
0.010571 0.519520 -0.274795
0.454276 0.356275 0.361783
0.445362 0.102618 -0.176620
-0.381268 -0.221860 0.242105
-0.067293 0.485171 0.596379
-0.331302 0.147398 -0.288065
0.293977 0.339605 0.172378
0.454276 -0.326180 0.405762
-0.238440 -0.496283 0.297194
-0.496065 -0.394390 0.281369
-0.415915 0.319903 0.084736
-0.197515 0.519520 0.082613
0.225279 0.085335 0.113214
0.182210 0.173536 -0.287660
-0.258705 0.184986 -0.021813
-0.450265 -0.042506 -0.191514
-0.313954 0.113048 0.288060
-0.311666 0.519520 -0.304244
0.179478 -0.339981 0.228888
-0.285552 0.184986 0.283922
0.145217 0.324470 0.451024
-0.352942 -0.359286 0.490350
0.185706 0.173536 0.259189
-0.169622 0.011786 0.465336
0.454276 0.260662 -0.279160
0.391151 0.582494 0.170271
-0.258935 0.282992 -0.476416
0.308304 0.286123 0.451024
0.454276 -0.119309 0.456207
-0.074297 0.184986 -0.264160
-0.192412 -0.484834 0.205549
-0.145137 0.485171 -0.512828
0.419926 0.270770 0.083460
-0.324057 0.113048 -0.127980
-0.311389 0.341864 0.410950
-0.311586 -0.118380 0.376600
0.293977 0.293648 -0.089763
0.428188 -0.114823 0.167845
0.177141 -0.297635 0.459611
0.129774 0.380314 -0.476416
-0.381565 0.302216 -0.143661
0.012925 0.519520 0.378006
0.351226 0.136626 0.336660
-0.360421 0.158507 0.538431
-0.484615 0.003612 0.379466
0.030190 -0.136047 0.459611
-0.065632 -0.421707 0.476786
0.225022 0.519520 0.026670
-0.157886 0.366928 0.451024
0.340989 0.485171 0.347979
0.465725 0.509210 0.497110
-0.238359 -0.668163 0.485374
0.259628 -0.055888 0.242534
-0.285023 -0.282490 0.376600
0.099199 0.272434 -0.476416
0.139935 -0.149923 -0.095322
0.154429 0.000489 0.376600
0.419926 0.463832 -0.407048
0.425651 0.226252 0.548632
-0.450265 -0.184959 0.006252
-0.415915 0.362769 -0.461133
-0.247611 -0.568575 0.485374
-0.174545 -0.161373 0.173573
0.354388 0.113048 -0.292394
0.000000 0.000000 0.000000
-0.381565 0.114041 0.168621
-0.459193 0.519520 0.066566
-0.254156 0.519520 -0.120709
-0.098386 0.362077 -0.476416
-0.263825 0.485171 0.291944
-0.391855 0.009489 0.376600
0.347237 0.519520 -0.483137
-0.464577 0.486662 -0.410689
0.249017 0.110186 -0.105254
-0.168227 -0.149923 0.312522
0.150586 0.519520 0.631751
0.359016 -0.187510 0.299112
-0.381565 0.289633 0.300576
0.271557 0.269244 -0.367643
-0.011889 -0.484834 0.312810
0.002565 0.110186 0.395367
0.374126 0.582410 -0.074085
0.428188 0.047808 0.006054
0.446615 -0.399261 0.462474
0.060572 0.418848 -0.442067
-0.247552 0.179766 0.476786
-0.484615 0.063428 -0.398626
0.437711 0.046523 0.485374
-0.267056 0.339738 -0.401993
-0.242624 -0.149923 0.103515
0.272427 0.321250 -0.476416
-0.271833 0.519520 0.530320
-0.041879 -0.078413 0.376600
-0.115558 0.173536 0.176709
-0.478447 -0.519900 0.410950
0.084470 0.275850 0.485374
0.166672 0.422171 0.485374
-0.450265 0.024401 0.308186
-0.043932 0.485171 0.175609
-0.484615 -0.010463 -0.001144
0.425651 0.342667 0.565423
0.423711 0.377914 -0.579961
0.149832 0.519520 -0.261562
-0.530414 -0.254498 0.409402
-0.404375 -0.762867 0.476268
-0.530414 -0.236094 -0.067051
0.445362 0.192252 0.361093
0.061325 0.173536 -0.202228
0.057119 -0.321585 0.376600
0.235576 0.519520 -0.446805
0.454276 0.296438 -0.105734
-0.261853 0.458940 -0.442067
-0.084908 -0.149923 0.019498
-0.313549 0.485171 0.217035
0.442826 0.575283 -0.276215
0.259628 -0.104844 0.066195
-0.480317 0.110186 -0.249411
-0.179403 0.170299 -0.368954
-0.484615 -0.152403 0.307571
0.362677 -0.608235 0.483325
-0.125354 0.519520 0.413553
0.107885 -0.502382 0.467075
-0.394777 0.519520 0.450980
0.454276 -0.201307 0.480936
0.107495 0.485171 0.350837
-0.219253 -0.147439 0.476786
0.320415 0.147398 0.146902
-0.406368 -0.556769 0.464097
-0.176310 -0.562013 0.451024
0.413730 0.565319 0.642736
-0.352942 -0.259462 0.493481
0.111493 -0.161373 0.311433
-0.416498 -0.221860 0.328448
0.323392 0.519520 0.197228
0.003302 0.429154 0.485374
0.454276 0.447164 0.112652
0.036291 0.397201 -0.367643
-0.120012 0.113048 0.439441
-0.095363 0.485171 -0.220271
-0.332708 0.450820 -0.054652
-0.358783 0.342868 -0.570464
-0.082579 -0.267164 0.476786
-0.430228 0.132703 -0.002893
-0.415915 0.236064 0.007784
-0.233159 0.184986 -0.176490
0.293977 0.370355 -0.117782
0.200016 0.332273 -0.367643
-0.012983 0.519520 -0.472286
-0.391731 -0.392552 0.376600
0.063034 0.180391 -0.401993
0.436929 0.565319 0.381014
-0.169600 -0.387932 0.410950
0.165898 -0.413501 0.376600
0.223291 0.126668 0.370874
-0.125956 0.519520 -0.344415
-0.006229 0.032480 0.485374
0.463320 0.485171 0.273442
-0.337282 0.058264 0.485374
0.164979 0.143830 0.471060
-0.251883 0.076370 -0.367643
-0.530414 -0.304719 0.087463
0.328326 0.235788 -0.213962
-0.439372 0.485171 -0.280793
-0.430228 0.142892 0.426088
0.187792 0.173536 0.073009
0.225279 -0.003199 -0.036059
-0.129395 0.224567 -0.467829
0.202933 -0.224723 0.319069
0.197815 -0.224723 0.118873
0.355522 0.113048 0.031384
-0.116709 0.251402 -0.367643
0.278766 -0.430605 0.471060
-0.347142 -0.556769 0.343188
0.328326 0.175579 0.213906
-0.140522 -0.283544 0.376600
0.445362 -0.043320 0.314298
0.419926 0.302181 -0.014707
0.093557 -0.237934 0.476786
0.286288 -0.224618 0.471060
-0.381565 0.353424 -0.285181
0.296840 0.519520 0.492318
-0.368214 0.024117 -0.367643
0.351226 -0.212254 0.157018
0.293977 0.267951 0.296717
-0.258018 0.001826 0.376600
-0.252610 0.485171 -0.625631
-0.115405 0.173536 -0.086020
0.293977 0.412851 0.100779
-0.223255 0.110186 0.393365
-0.381565 0.349285 -0.083000
-0.415915 0.236528 0.212780
0.163266 -0.556769 0.405170
0.411896 0.450820 -0.226682
0.178258 0.519520 -0.118663
0.332083 0.485171 -0.135112
-0.217408 0.485171 0.618876
0.308063 0.519520 -0.605563
0.463542 0.519520 0.019656
-0.253726 0.341159 0.485374
0.454276 0.358332 0.215974
0.419926 0.313599 -0.417095
0.111220 0.519520 -0.495604
-0.149869 0.485171 0.244977
-0.352942 0.407480 0.534361
0.028456 0.173536 0.211762
-0.415915 0.155385 0.306542
-0.023306 0.307493 0.485374
-0.099699 0.026931 0.376600
0.440742 -0.506621 0.408087
0.465399 0.485171 -0.513107
-0.057282 0.485171 -0.626539
-0.083066 0.519520 0.031452
0.159102 -0.118845 0.471060
0.328326 0.150508 -0.135639
-0.415915 0.432844 0.151600
0.173110 0.485171 -0.350760
0.328326 0.373946 0.308111
-0.354638 -0.161373 0.125771
-0.324317 -0.618869 0.482801
-0.496065 -0.400413 0.134699
-0.422739 -0.496283 0.280318
0.358483 0.519520 -0.356503
-0.273030 -0.439231 0.376600
-0.518965 -0.386127 0.405984
0.419601 -0.060579 0.072775
-0.460046 -0.187510 0.137261
0.225279 0.074795 0.261141
-0.119865 -0.494489 0.410950
-0.024993 -0.153539 0.485374
0.012129 -0.161373 0.318740
-0.530414 -0.520579 0.240506
0.428188 0.205059 0.188136
0.107618 0.519520 0.004260
0.328326 0.285038 0.062695
0.136932 -0.584816 0.451024
-0.362408 0.485171 -0.517810
0.117170 0.173536 -0.070142
-0.334427 0.485171 0.076859
-0.079422 0.485171 -0.082700
0.133882 0.195672 0.376600
0.225279 -0.012364 0.117119
-0.410877 0.398978 0.410950
-0.354994 -0.149923 -0.041387
0.184070 0.411357 0.376600
-0.450265 -0.060387 0.132735
-0.415915 0.219061 -0.227135
0.213829 -0.311192 0.131492
-0.215654 0.438900 0.410950
-0.381565 0.255089 -0.419097
0.044538 0.514525 0.645672
0.213829 -0.375114 0.277793
0.096466 -0.043799 0.470865
0.328326 0.378790 -0.389858
0.029004 0.323003 0.376600
-0.216302 -0.285311 0.476786
-0.006193 0.166355 0.451024
0.382919 0.131120 0.451024
-0.041809 -0.390284 0.376600
-0.273104 0.151379 -0.462105
0.148686 -0.221860 0.399899
-0.391593 0.113048 -0.063099
0.374126 0.573648 -0.536002
0.227092 -0.161373 0.190275
0.316801 -0.522420 0.400138
-0.400590 -0.075913 0.376600
0.428188 -0.254538 0.361064
-0.187315 0.257816 0.376600
-0.453693 -0.161373 -0.127769
-0.484615 0.062060 -0.117069
-0.020518 0.173536 0.337969
0.059521 0.276604 -0.367643
-0.415915 -0.181935 0.424609
0.290735 0.402090 0.451024
-0.450265 -0.017835 -0.314337
0.428188 0.147061 -0.038201
-0.415915 0.412523 0.020108
0.260406 0.519520 -0.190113
-0.173372 0.374915 -0.401993
0.018276 0.110186 -0.380797
-0.159553 0.184986 0.324808
0.027605 -0.346777 0.476786
0.294996 0.163416 0.471060
-0.381565 0.200521 0.091702
0.247077 0.216188 -0.401993
-0.484615 -0.060377 0.204462
0.391302 0.450889 0.592761
0.132966 0.519520 0.121481
-0.205359 0.485171 -0.239096
-0.415915 -0.053665 0.471528
0.428188 0.079198 0.092946
0.259628 0.091023 -0.333433
0.028664 -0.149923 0.000837
0.313532 -0.221860 0.384317
0.227816 0.485171 0.297382
0.298602 0.445096 -0.035193
0.328326 0.242047 -0.315570
0.454276 -0.001075 0.394578
0.445405 0.311689 0.485374
-0.415915 0.180821 -0.155285
0.041573 0.485171 0.191501
-0.154404 -0.069895 0.376600
0.259628 0.077208 -0.189768
-0.092657 -0.180720 0.410950
-0.349714 -0.149923 -0.141013
-0.118365 -0.098433 0.476786
0.382235 -0.321356 0.485374
-0.450265 -0.127240 -0.237325
0.100162 0.480746 0.451024
-0.045537 0.433235 0.410950
0.190481 0.317099 -0.442067
0.445689 0.222982 -0.185344
0.087509 -0.089577 0.410950
-0.381565 0.314599 0.205264
-0.415915 0.396527 0.317699
-0.220193 0.379833 0.376600
-0.331684 -0.519547 0.485374
-0.310953 0.195143 0.410950
0.055254 -0.446108 0.410950
0.406522 0.582494 0.052140
-0.376696 0.113048 -0.201238
-0.312137 0.485171 -0.233808
0.425651 0.558932 -0.173081
0.419926 0.392517 -0.336093
-0.396214 0.110186 -0.396537
0.033249 -0.534977 0.485374
-0.312867 0.120674 0.077858
-0.306478 -0.091298 0.465336
0.259628 -0.183340 0.033765
-0.213378 0.485171 -0.021798
0.431697 0.218171 -0.399130
-0.063426 -0.149923 0.250074
0.428188 -0.286740 0.165004
0.320282 0.519520 0.117517
-0.484615 -0.074689 -0.105775
-0.353724 0.445096 -0.374212
-0.410009 0.305138 0.451024
0.428188 0.104022 0.331560
0.428188 -0.133736 0.348423
0.186574 0.173536 -0.155305
-0.312867 -0.213231 0.419437
-0.317427 -0.161373 0.302108
-0.290147 0.425842 0.376600
-0.479651 0.110186 0.310658
0.115053 -0.541167 0.370874
-0.396997 0.249836 0.451024
-0.113336 0.184986 0.059897
-0.430228 0.115450 0.247419
-0.084081 0.158848 -0.415537
-0.084184 0.051310 -0.367643
-0.268682 -0.442584 0.476786
-0.047313 0.450820 -0.385719
0.032117 0.519520 -0.572505
-0.052787 0.374102 0.376600
-0.253060 -0.556769 0.372291
-0.048484 -0.161373 -0.085830
0.029890 -0.007600 0.376600
-0.379044 0.485171 -0.142851
0.042982 0.485171 -0.335629
-0.484615 -0.115102 0.022108
0.225279 0.073322 0.017833
-0.350676 0.519520 0.308455
0.454276 0.327785 -0.206304
0.145326 0.485171 -0.172487
-0.336733 0.184986 0.190021
0.246203 0.485171 0.170232
0.374251 0.565319 0.479070
-0.450265 0.022281 -0.229623
0.259628 -0.027544 0.379232
-0.366987 0.193774 -0.476416
0.389496 0.253995 -0.442067
0.289100 0.173536 -0.010784
0.197931 -0.225054 0.471060
-0.300026 0.214799 -0.367643
0.006913 0.184986 -0.304819
-0.190891 -0.161373 -0.034233
0.042248 0.358588 0.485374
-0.038196 0.485171 0.266302
0.425651 0.521392 -0.099065
0.089313 0.173536 0.304106
0.203585 0.485171 -0.545390
-0.177873 0.519520 0.477417
0.453950 -0.050057 -0.033196
-0.415915 -0.452539 0.476375
-0.245249 0.519520 -0.347731
0.179478 -0.233938 0.221624
0.445362 0.194449 -0.022052
0.215233 0.485171 0.551008
-0.399129 -0.149923 0.064094
-0.161944 0.443159 0.376600
-0.484615 0.097988 0.045920
-0.460162 0.485171 0.402741
-0.134433 0.210859 0.476786
0.386514 0.582494 0.264816
-0.267098 -0.371752 0.465336
0.293977 0.361952 -0.288273
-0.150584 0.105939 -0.450655
0.373238 0.450820 -0.016248
0.445362 0.131481 -0.261809
0.328203 0.445096 0.225755
0.328326 0.363148 0.023176
0.262197 0.184986 0.300417
-0.464577 0.500044 0.508423
-0.001548 -0.255667 0.451024
0.363525 -0.500786 0.485374
0.445362 -0.157390 0.076098
0.131973 0.184986 0.151875
0.374672 0.416153 -0.467829
0.266777 0.213846 0.376600
-0.450265 -0.149291 0.202857
-0.359884 0.311251 -0.401993
-0.135647 0.519520 -0.584513
0.139590 0.403743 -0.401993
-0.351607 -0.496283 0.250086
0.465725 0.506806 0.626630
-0.496065 -0.255864 0.291123
0.268219 0.485171 -0.364784
0.407441 0.433473 0.451024
-0.004390 0.485171 0.017770
0.004820 0.315171 -0.442067
-0.101869 0.346839 -0.367643
-0.282879 0.519520 0.139215
0.454276 0.414267 0.018028
0.259628 -0.082434 -0.057252
-0.480661 -0.496283 0.331138
-0.179668 -0.187510 0.387134
0.162327 0.232535 0.474928
0.099132 0.017601 0.459611
0.372436 0.485171 0.074797
-0.415915 0.418053 -0.199308
-0.387291 0.477056 0.565729
-0.381565 0.226086 -0.082649
-0.352942 0.278190 -0.508947
-0.204568 0.281200 -0.401993
-0.415915 -0.668172 0.471544
-0.399006 0.445096 0.249632
0.376830 -0.073449 0.459611
-0.234265 -0.099998 0.410950
-0.004182 -0.043651 0.485374
-0.039426 0.184986 -0.165972
0.362677 0.199312 0.469140
0.273751 0.173536 -0.281506
0.293977 0.314439 -0.191532
0.003608 0.361018 -0.476416
0.448997 0.485171 -0.615573
0.132302 0.113048 0.404527
0.293977 0.266457 0.217869
0.424188 0.565319 -0.422135
-0.406425 -0.161373 0.358353
-0.169431 0.485171 -0.120495
0.445689 0.076044 0.403463
0.058608 0.193087 0.451024
-0.388830 -0.221860 -0.097332
-0.484615 0.086730 0.397996
-0.464577 0.515800 -0.554680
-0.395501 -0.307345 0.376600
0.187951 -0.161373 0.122918
0.049806 0.485171 -0.184011
-0.122380 0.485171 0.113044
0.203897 -0.490177 0.459611
-0.459589 0.519520 -0.033870
-0.268179 0.246966 0.410950
-0.083000 0.454410 0.485374
-0.406781 0.045479 0.451024
0.152219 0.180751 -0.379093
-0.484615 -0.046669 0.347896
-0.496065 -0.397980 0.057492
-0.318289 0.485171 0.601395
0.134444 0.485171 -0.430144
-0.346653 0.382350 -0.367643
-0.049834 -0.556769 0.375970
-0.096114 0.519520 0.314299
0.184374 0.113048 0.421035
-0.171797 -0.149923 0.069121
-0.173436 0.485171 -0.408944
0.454209 -0.063620 0.485374
-0.381565 0.271340 0.385829
0.391302 0.522495 -0.284254
0.182719 0.519520 0.463894
0.002469 0.170234 -0.450655
-0.146846 0.519520 0.552315
-0.092758 0.056186 0.465336
0.445362 0.006982 -0.084197
0.370947 -0.177204 0.451024
0.454276 0.378569 -0.471828
-0.403203 0.443331 -0.442067
-0.324317 0.441936 0.461317
0.121084 0.305236 -0.401993
0.419926 -0.421115 0.398572
0.147325 -0.413805 0.471060
0.445362 0.156717 -0.351571
0.225279 -0.148139 0.280375
-0.271752 -0.161373 0.188551
-0.037679 0.173536 -0.021814
0.235773 0.485171 0.394390
-0.321954 0.110186 0.395729
-0.484615 -0.173512 -0.045586
-0.045046 0.066389 0.410950
0.361769 0.006944 0.459611
-0.349470 0.519520 0.502941
0.413852 0.582494 0.564380
0.419926 0.363126 0.138901
0.312771 0.519520 -0.270329
-0.281596 -0.003903 0.476786
-0.333262 -0.697825 0.451024
0.442720 0.565319 -0.568324
-0.530414 -0.255051 0.166542
-0.399222 0.519520 -0.428725
0.037513 0.445096 0.392705
-0.275128 0.519520 -0.540762
-0.361193 0.113048 0.018398
0.425651 0.519987 0.214248
0.454276 0.266406 0.305163
-0.247197 0.519520 0.370554
-0.344472 0.519520 0.000514
0.328326 0.347948 0.379752
0.297331 0.458614 -0.442067
0.259628 0.024514 0.206364
-0.381545 0.519520 -0.200181
0.061620 0.095299 0.476786
-0.182138 -0.496283 0.385571
-0.090047 -0.597325 0.451024
0.445362 -0.023794 0.174327
-0.352191 -0.492704 0.410950
-0.225048 0.519520 0.166935
0.216044 0.434721 -0.442067
-0.297039 0.519520 0.059217
0.143573 -0.161373 -0.001076
0.371481 0.352974 0.459611
-0.484615 0.060183 0.225568
-0.045156 0.519520 -0.394906
0.374201 0.485171 0.505111
0.130455 -0.496283 0.296599
0.091682 -0.176060 0.429587
-0.008171 0.218686 0.410950
-0.070231 0.442743 -0.442067
-0.236400 0.173536 -0.295135
0.394580 -0.391035 0.516359
-0.244376 -0.369891 0.376600
0.048057 -0.149923 0.224685
-0.196399 0.184986 0.103811
0.095546 -0.325749 0.485374
-0.320461 0.220693 0.476786
0.459375 0.519520 -0.246372
0.452315 0.203291 0.462474
-0.132504 -0.161373 -0.097317
0.363019 0.307677 -0.467829
0.401193 0.450820 0.235679
-0.409196 0.445096 -0.068346
0.241557 0.184986 0.174537
0.230873 0.485171 -0.278905
-0.426303 0.485171 0.188361
0.179478 -0.300741 0.306429
-0.473693 0.110186 -0.327427
0.430270 0.485171 -0.330799
-0.014043 -0.161373 0.141327
0.069614 0.229390 0.410950
0.128981 0.485171 0.542139
-0.212977 -0.500927 0.476786
0.445362 -0.214058 0.305761
0.291971 0.416212 0.376600
0.304859 0.485171 -0.529845
0.241606 0.050215 0.394624
0.364800 0.485171 -0.194441
-0.381565 -0.232017 0.424058
-0.259948 0.100857 0.465336
-0.039443 0.147398 -0.417152
-0.329582 -0.221860 -0.028016
-0.327865 -0.343906 0.410950
-0.415915 0.330171 -0.006510
-0.352942 -0.008530 0.509734
0.328326 0.194467 0.066891
0.328326 0.173740 0.405718
0.387906 -0.250303 0.451024
-0.080925 0.485171 -0.311076
-0.039904 0.184986 0.128998
-0.451748 0.519520 -0.209109
0.328326 0.217199 -0.089869
0.166785 0.273139 0.376600
0.011620 -0.488071 0.386116
0.428188 0.181402 0.082182
0.390977 0.519520 0.427893
-0.232113 0.173536 0.231778
-0.389293 0.519520 -0.320442
0.259628 0.011952 0.308081
-0.415915 0.161659 -0.291990
0.445677 0.266382 0.408087
-0.031568 0.353587 -0.367643
-0.041435 0.485171 -0.539460
0.259628 0.015346 -0.248916
-0.072836 -0.221860 0.373364
0.169628 -0.161373 0.248325
0.425651 0.521025 -0.475359
-0.450265 -0.041196 0.270652
-0.051857 -0.304250 0.376600
0.445362 0.123800 0.159716
0.059308 0.485171 0.564361
0.322021 0.460882 0.451024
0.068161 -0.155342 0.388050
0.454276 -0.204774 0.401558
-0.414208 -0.522420 0.353413
-0.098841 0.192139 0.376600
-0.352942 0.333130 0.492794
0.179478 -0.487125 0.374783
0.445362 0.188671 -0.098098
0.056311 0.485171 -0.421082
0.328326 0.308662 -0.340136
0.179478 -0.294897 0.378901
0.442826 0.579650 -0.027102
0.218789 0.154719 -0.401993
0.112852 0.338937 0.376600
-0.450265 -0.069004 -0.050344
0.328326 0.433701 -0.342094
0.419926 0.304586 -0.348814
-0.381565 0.445125 0.443984
0.154123 0.057004 0.471060
-0.381565 0.465975 0.352388
0.143027 -0.141682 0.410950
-0.309090 0.147398 -0.390995
0.391302 0.526193 0.325468
-0.316935 0.519520 -0.618069
-0.044374 -0.501335 0.476786
-0.364463 0.367707 0.376600
0.110368 0.519520 -0.346622
-0.389342 0.445096 0.092490
-0.065626 0.177085 0.485374
0.210152 0.485171 -0.052588
0.321482 -0.365336 0.471060
-0.472394 -0.342192 0.376600
-0.160313 0.326766 0.376600
-0.530414 -0.282488 0.015312
-0.261172 0.435439 0.485374
-0.484615 0.061988 -0.033166
-0.530414 -0.310453 0.336801
0.225279 -0.178401 0.381232
-0.373125 0.147398 0.377844
-0.410798 0.485171 0.025024
-0.368222 0.519520 0.129676
-0.281426 0.445096 -0.380602
-0.381565 0.180762 -0.392953
-0.415915 0.252882 0.134424
-0.090060 -0.437241 0.410950
0.445362 -0.072870 0.382289
-0.318120 0.473718 -0.476416
-0.381565 0.400538 -0.334159
0.324107 0.262982 0.376600
0.066644 0.519520 0.287268
-0.069739 0.147398 -0.371471
0.291869 0.213291 -0.456380
-0.342314 -0.427319 0.451024
-0.139807 -0.169601 0.476786
-0.133938 0.296380 -0.442067
0.442826 0.572770 0.110816
0.295789 0.170299 -0.200940
-0.478381 -0.496283 0.191850
0.428188 -0.196699 0.171957
-0.522184 -0.224723 -0.147480
0.208124 0.218223 -0.473886
0.224825 0.456035 0.451024
0.325335 0.212985 -0.380566
-0.077129 0.389179 -0.401993
-0.115306 0.519520 -0.401084
-0.198950 0.110186 -0.377539
0.293977 0.295093 -0.008524
0.281383 0.113048 0.416204
-0.415915 0.351850 -0.219826
-0.101236 0.119276 0.370874
0.259628 -0.181885 0.134948
-0.387063 0.147398 0.102275
-0.202780 0.485171 -0.572248
0.125912 -0.470066 0.410950
-0.043597 0.485171 0.088063
0.243856 0.415175 -0.367643
-0.215887 0.223448 -0.462105
0.259628 0.011150 -0.135834
-0.396212 0.147398 -0.114013
0.345366 0.485171 -0.063406
-0.381565 -0.214343 0.063604
0.407033 0.262144 0.451024
-0.415915 0.365387 -0.390440
0.103674 0.173536 -0.301364
-0.381565 0.213570 0.336567
0.257186 0.261494 0.410950
0.446821 -0.081466 -0.087121
-0.364966 0.519520 -0.080351
-0.068006 -0.149923 0.329506
-0.092135 -0.149923 0.150703
0.261968 0.184986 -0.144468
-0.048193 -0.096012 0.451024
-0.159439 0.147398 0.390753
