0.000000 0.000000 0.000000
0.000000 0.000000 0.000000
0.000000 0.000000 0.000000
0.000000 0.000000 0.000000
0.000000 0.000000 0.000000
-0.195568 -0.392222 0.052750
0.000000 0.000000 0.000000
0.000000 0.000000 0.000000
0.000000 0.000000 0.000000
0.000000 0.000000 0.000000
0.000000 0.000000 0.000000
-0.520895 -0.246600 -0.132647
0.000000 0.000000 0.000000
0.000000 0.000000 0.000000
0.000000 0.000000 0.000000
0.000000 0.000000 0.000000
-0.255373 -0.392222 0.430562
0.000000 0.000000 0.000000
0.000000 0.000000 0.000000
0.207236 -0.392222 -0.108532
0.000000 0.000000 0.000000
-0.324105 -0.392222 0.112078
0.000000 0.000000 0.000000
0.000000 0.000000 0.000000
-0.588131 -0.183079 0.211264
0.000000 0.000000 0.000000
0.000000 0.000000 0.000000
0.000000 0.000000 0.000000
-0.355864 -0.392222 -0.340088
0.000000 0.000000 0.000000
0.000000 0.000000 0.000000
0.000000 0.000000 0.000000
-0.510771 -0.270324 -0.403341
0.000000 0.000000 0.000000
0.000000 0.000000 0.000000
0.000000 0.000000 0.000000
-0.583581 -0.326232 0.336051
0.000000 0.000000 0.000000
0.000000 0.000000 0.000000
0.002914 -0.392222 -0.375312
0.000000 0.000000 0.000000
0.000000 0.000000 0.000000
0.000000 0.000000 0.000000
-0.588131 0.017203 -0.325018
0.463063 -0.310462 -0.435563
0.349560 -0.392222 -0.239387
0.000000 0.000000 0.000000
0.000000 0.000000 0.000000
0.000000 0.000000 0.000000
0.000000 0.000000 0.000000
0.000000 0.000000 0.000000
0.000000 0.000000 0.000000
0.000000 0.000000 0.000000
0.000000 0.000000 0.000000
-0.031554 -0.392222 0.293877
0.000000 0.000000 0.000000
0.000000 0.000000 0.000000
0.000000 0.000000 0.000000
0.000000 0.000000 0.000000
0.000000 0.000000 0.000000
0.000000 0.000000 0.000000
0.000000 0.000000 0.000000
0.000000 0.000000 0.000000
0.000000 0.000000 0.000000
-0.510771 -0.321527 0.101418
0.000000 0.000000 0.000000
0.000000 0.000000 0.000000
0.000000 0.000000 0.000000
0.000000 0.000000 0.000000
0.000000 0.000000 0.000000
0.000000 0.000000 0.000000
-0.372090 -0.392222 -0.572049
0.000000 0.000000 0.000000
-0.588131 -0.094306 -0.051654
0.000000 0.000000 0.000000
-0.287932 -0.392222 -0.197776
0.000000 0.000000 0.000000
0.070413 -0.392222 0.062792
0.000000 0.000000 0.000000
-0.064453 -0.392222 -0.125129
-0.055328 -0.392222 -0.381079
0.000000 0.000000 0.000000
0.000000 0.000000 0.000000
0.000000 0.000000 0.000000
-0.588131 0.036468 -0.253680
0.000000 0.000000 0.000000
0.000000 0.000000 0.000000
0.000000 0.000000 0.000000
0.000000 0.000000 0.000000
0.000000 0.000000 0.000000
0.000000 0.000000 0.000000
0.403235 -0.392222 -0.086352
-0.449984 -0.392222 -0.070867
-0.588131 -0.103000 -0.482111
-0.521434 -0.246600 -0.323441
-0.495708 -0.392222 0.517388
0.000000 0.000000 0.000000
0.000000 0.000000 0.000000
0.000000 0.000000 0.000000
-0.588131 -0.208249 -0.238919
0.000000 0.000000 0.000000
0.000000 0.000000 0.000000
0.000000 0.000000 0.000000
0.000000 0.000000 0.000000
-0.405361 -0.392222 0.279313
0.000000 0.000000 0.000000
0.000000 0.000000 0.000000
0.000000 0.000000 0.000000
-0.226445 -0.392222 -0.421882
0.000000 0.000000 0.000000
-0.270663 -0.392222 0.272111
0.000000 0.000000 0.000000
0.059970 -0.392222 0.124020
0.407925 -0.392222 -0.482154
0.000000 0.000000 0.000000
0.000000 0.000000 0.000000
0.000000 0.000000 0.000000
0.000000 0.000000 0.000000
0.000000 0.000000 0.000000
0.189478 -0.392222 -0.379405
0.000000 0.000000 0.000000
0.000000 0.000000 0.000000
0.000000 0.000000 0.000000
0.000000 0.000000 0.000000
0.000000 0.000000 0.000000
-0.516032 -0.337613 -0.265011
0.000000 0.000000 0.000000
0.000000 0.000000 0.000000
0.000000 0.000000 0.000000
0.000000 0.000000 0.000000
0.000000 0.000000 0.000000
0.074249 -0.392222 -0.210960
0.000000 0.000000 0.000000
0.000000 0.000000 0.000000
0.000000 0.000000 0.000000
0.173265 -0.392222 0.100387
0.000000 0.000000 0.000000
-0.108789 -0.392222 0.349325
0.000000 0.000000 0.000000
0.000000 0.000000 0.000000
-0.583581 -0.292271 -0.488651
0.000000 0.000000 0.000000
0.000000 0.000000 0.000000
0.000000 0.000000 0.000000
0.474673 -0.337613 -0.231449
0.000000 0.000000 0.000000
0.000000 0.000000 0.000000
0.000000 0.000000 0.000000
0.000000 0.000000 0.000000
0.000000 0.000000 0.000000
0.000000 0.000000 0.000000
0.000000 0.000000 0.000000
0.000000 0.000000 0.000000
-0.513107 -0.246600 0.293733
0.000000 0.000000 0.000000
0.000000 0.000000 0.000000
0.000000 0.000000 0.000000
0.000000 0.000000 0.000000
0.000000 0.000000 0.000000
-0.145884 -0.392222 -0.126397
0.000000 0.000000 0.000000
0.000000 0.000000 0.000000
0.000000 0.000000 0.000000
-0.493575 -0.392222 -0.472810
0.000000 0.000000 0.000000
0.000000 0.000000 0.000000
0.000000 0.000000 0.000000
-0.115561 -0.392222 0.162205
-0.588131 -0.125833 -0.373211
0.000000 0.000000 0.000000
-0.307727 -0.392222 -0.428975
0.000000 0.000000 0.000000
0.000000 0.000000 0.000000
0.090639 -0.392222 -0.500476
0.000000 0.000000 0.000000
0.000000 0.000000 0.000000
0.000000 0.000000 0.000000
0.000000 0.000000 0.000000
0.000000 0.000000 0.000000
-0.395605 -0.392222 0.450310
0.000000 0.000000 0.000000
0.000000 0.000000 0.000000
-0.363630 -0.392222 -0.040883
0.000000 0.000000 0.000000
0.000000 0.000000 0.000000
0.000000 0.000000 0.000000
0.000000 0.000000 0.000000
0.000000 0.000000 0.000000
-0.582890 -0.275041 0.064017
0.000000 0.000000 0.000000
-0.398655 -0.424075 0.598094
-0.581245 -0.337613 -0.090923
0.000000 0.000000 0.000000
0.208762 -0.392222 -0.239931
0.000000 0.000000 0.000000
0.000000 0.000000 0.000000
0.453607 -0.392222 -0.339713
0.000000 0.000000 0.000000
0.000000 0.000000 0.000000
0.000000 0.000000 0.000000
0.000000 0.000000 0.000000
0.000000 0.000000 0.000000
0.000000 0.000000 0.000000
0.000000 0.000000 0.000000
-0.583581 -0.305138 0.447258
0.000000 0.000000 0.000000
0.000000 0.000000 0.000000
0.000000 0.000000 0.000000
0.000000 0.000000 0.000000
0.000000 0.000000 0.000000
-0.459003 -0.392222 0.130280
-0.236155 -0.392222 -0.532125
0.000000 0.000000 0.000000
0.000000 0.000000 0.000000
-0.018347 -0.392222 -0.506536
-0.588131 -0.074362 -0.167336
-0.510771 -0.285383 0.002025
0.000000 0.000000 0.000000
-0.588131 -0.215822 -0.015609
0.000000 0.000000 0.000000
0.317022 -0.392222 -0.386840
0.000000 0.000000 0.000000
-0.516340 -0.374617 -0.420478
0.000000 0.000000 0.000000
-0.384584 -0.392222 -0.202740
0.000000 0.000000 0.000000
0.000000 0.000000 0.000000
0.088362 -0.392222 -0.068939
-0.583581 -0.299740 0.248370
0.000000 0.000000 0.000000
0.000000 0.000000 0.000000
0.000000 0.000000 0.000000
0.256507 -0.392222 0.018578
0.000000 0.000000 0.000000
0.000000 0.000000 0.000000
0.000000 0.000000 0.000000
0.000000 0.000000 0.000000
0.000000 0.000000 0.000000
-0.485351 -0.392222 0.384410
0.000000 0.000000 0.000000
0.000000 0.000000 0.000000
0.000000 0.000000 0.000000
0.000000 0.000000 0.000000
0.005044 -0.392222 0.157821
0.000000 0.000000 0.000000
0.000000 0.000000 0.000000
0.000000 0.000000 0.000000
0.326189 -0.392222 -0.098061
-0.086003 -0.392222 -0.248231
0.000000 0.000000 0.000000
0.000000 0.000000 0.000000
0.000000 0.000000 0.000000
0.538980 -0.344806 -0.360446
0.000000 0.000000 0.000000
0.000000 0.000000 0.000000
0.000000 0.000000 0.000000
0.000000 0.000000 0.000000
0.000000 0.000000 0.000000
0.000000 0.000000 0.000000
0.000000 0.000000 0.000000
0.000000 0.000000 0.000000
0.000000 0.000000 0.000000
0.000000 0.000000 0.000000
0.000000 0.000000 0.000000
0.000000 0.000000 0.000000
0.000000 0.000000 0.000000
0.000000 0.000000 0.000000
0.000000 0.000000 0.000000
-0.239853 -0.392222 -0.296746
-0.583649 -0.323751 -0.203860
0.000000 0.000000 0.000000
-0.088443 -0.392222 0.004096
0.000000 0.000000 0.000000
0.000000 0.000000 0.000000
0.000000 0.000000 0.000000
0.000000 0.000000 0.000000
0.000000 0.000000 0.000000
0.000000 0.000000 0.000000
0.000000 0.000000 0.000000
-0.510771 -0.262706 -0.497909
0.000000 0.000000 0.000000
0.000000 0.000000 0.000000
0.000000 0.000000 0.000000
0.000000 0.000000 0.000000
0.000000 0.000000 0.000000
0.000000 0.000000 0.000000
0.000000 0.000000 0.000000
0.000000 0.000000 0.000000
0.000000 0.000000 0.000000
0.000000 0.000000 0.000000
-0.452549 -0.392222 -0.288438
0.000000 0.000000 0.000000
0.000000 0.000000 0.000000
0.000000 0.000000 0.000000
0.000000 0.000000 0.000000
0.000000 0.000000 0.000000
0.000000 0.000000 0.000000
0.000000 0.000000 0.000000
-0.254467 -0.392222 -0.003264
0.113903 -0.392222 -0.287539
0.000000 0.000000 0.000000
-0.583581 -0.309147 -0.344058
-0.047129 -0.392222 0.064385
0.000000 0.000000 0.000000
0.000000 0.000000 0.000000
0.000000 0.000000 0.000000
0.000000 0.000000 0.000000
0.000000 0.000000 0.000000
0.000000 0.000000 0.000000
0.000000 0.000000 0.000000
0.000000 0.000000 0.000000
0.000000 0.000000 0.000000
0.000000 0.000000 0.000000
0.000000 0.000000 0.000000
-0.504703 -0.388581 -0.188846
0.000000 0.000000 0.000000
0.000000 0.000000 0.000000
0.000000 0.000000 0.000000
0.000000 0.000000 0.000000
0.000000 0.000000 0.000000
-0.310920 -0.392222 0.222426
-0.588131 -0.143952 0.050302
0.000000 0.000000 0.000000
-0.583581 -0.306698 0.531053
0.506106 -0.384256 -0.130437
0.000000 0.000000 0.000000
-0.588131 -0.192182 -0.149708
-0.234257 -0.392222 0.140664
0.000000 0.000000 0.000000
-0.515889 -0.246600 0.203965
-0.504688 -0.388599 0.228920
0.000000 0.000000 0.000000
0.000000 0.000000 0.000000
-0.431012 -0.392222 -0.395730
0.000000 0.000000 0.000000
0.000000 0.000000 0.000000
0.000000 0.000000 0.000000
0.000000 0.000000 0.000000
0.000000 0.000000 0.000000
0.000000 0.000000 0.000000
0.000000 0.000000 0.000000
0.000000 0.000000 0.000000
0.000000 0.000000 0.000000
0.000000 0.000000 0.000000
-0.588131 -0.077194 -0.269907
-0.334353 -0.392222 0.369968
0.000000 0.000000 0.000000
-0.588131 -0.205568 -0.450101
-0.283522 -0.392222 0.511095
0.000000 0.000000 0.000000
0.000000 0.000000 0.000000
0.000000 0.000000 0.000000
0.000000 0.000000 0.000000
0.000000 0.000000 0.000000
0.000000 0.000000 0.000000
0.000000 0.000000 0.000000
0.000000 0.000000 0.000000
0.000000 0.000000 0.000000
0.000000 0.000000 0.000000
0.000000 0.000000 0.000000
0.000000 0.000000 0.000000
0.000000 0.000000 0.000000
0.000000 0.000000 0.000000
0.000000 0.000000 0.000000
0.000000 0.000000 0.000000
-0.509998 -0.382227 -0.000866
0.000000 0.000000 0.000000
-0.246307 -0.392222 -0.104215
0.000000 0.000000 0.000000
-0.173706 -0.392222 -0.227179
0.000000 0.000000 0.000000
-0.079224 -0.392222 -0.553816
0.000000 0.000000 0.000000
0.000000 0.000000 0.000000
0.000000 0.000000 0.000000
0.000000 0.000000 0.000000
-0.521513 -0.368410 0.289697
0.113384 -0.392222 0.210204
-0.130121 -0.392222 -0.348292
0.000000 0.000000 0.000000
0.000000 0.000000 0.000000
0.000000 0.000000 0.000000
0.000000 0.000000 0.000000
-0.115246 -0.392222 -0.458495
-0.146828 -0.392222 0.249946
0.000000 0.000000 0.000000
0.000000 0.000000 0.000000
0.000000 0.000000 0.000000
0.006926 -0.392222 -0.277906
0.000000 0.000000 0.000000
0.000000 0.000000 0.000000
0.000000 0.000000 0.000000
0.000000 0.000000 0.000000
0.000000 0.000000 0.000000
0.000000 0.000000 0.000000
0.000000 0.000000 0.000000
0.000000 0.000000 0.000000
-0.583581 -0.324237 0.168600
0.000000 0.000000 0.000000
0.000000 0.000000 0.000000
0.000000 0.000000 0.000000
0.000000 0.000000 0.000000
0.000000 0.000000 0.000000
0.188913 -0.392222 -0.494308
0.000000 0.000000 0.000000
-0.579926 -0.337613 -0.562702
-0.029943 -0.392222 -0.033609
0.000000 0.000000 0.000000
0.000000 0.000000 0.000000
0.000000 0.000000 0.000000
0.000000 0.000000 0.000000
0.000000 0.000000 0.000000
-0.375112 -0.392222 -0.464733
0.000000 0.000000 0.000000
0.000000 0.000000 0.000000
0.000000 0.000000 0.000000
0.000000 0.000000 0.000000
0.000000 0.000000 0.000000
-0.467227 -0.392222 0.629110
0.000000 0.000000 0.000000
-0.510771 -0.289316 -0.204487
-0.413522 -0.392222 0.013673
0.000000 0.000000 0.000000
0.000000 0.000000 0.000000
0.000000 0.000000 0.000000
0.000000 0.000000 0.000000
0.000000 0.000000 0.000000
0.000000 0.000000 0.000000
0.000000 0.000000 0.000000
0.000000 0.000000 0.000000
0.000000 0.000000 0.000000
0.000000 0.000000 0.000000
0.109658 -0.392222 -0.391810
0.000000 0.000000 0.000000
0.000000 0.000000 0.000000
0.000000 0.000000 0.000000
0.198996 -0.392222 -0.016296
0.000000 0.000000 0.000000
0.000000 0.000000 0.000000
0.000000 0.000000 0.000000
0.000000 0.000000 0.000000
0.000000 0.000000 0.000000
0.000000 0.000000 0.000000
0.000000 0.000000 0.000000
0.000000 0.000000 0.000000
0.000000 0.000000 0.000000
0.000000 0.000000 0.000000
-0.165942 -0.392222 -0.036606
0.000000 0.000000 0.000000
0.000000 0.000000 0.000000
0.000000 0.000000 0.000000
0.000000 0.000000 0.000000
0.000000 0.000000 0.000000
-0.226393 -0.392222 0.350902
-0.555398 -0.246600 0.381358
0.524471 -0.337613 -0.273043
0.000000 0.000000 0.000000
0.000000 0.000000 0.000000
0.000000 0.000000 0.000000
0.000000 0.000000 0.000000
0.000000 0.000000 0.000000
0.000000 0.000000 0.000000
0.000000 0.000000 0.000000
-0.588131 -0.210560 -0.518201
-0.352609 -0.392222 -0.128259
0.000000 0.000000 0.000000
0.431429 -0.392222 -0.211195
-0.588131 0.066198 -0.411876
-0.588131 -0.191542 0.125062
-0.548748 -0.246600 0.025554
0.000000 0.000000 0.000000
0.260890 -0.392222 -0.331053
0.000000 0.000000 0.000000
0.000000 0.000000 0.000000
-0.525079 -0.364129 0.445267
-0.510771 -0.329028 0.348334
0.000000 0.000000 0.000000
0.000000 0.000000 0.000000
0.000000 0.000000 0.000000
0.000000 0.000000 0.000000
0.000000 0.000000 0.000000
0.000000 0.000000 0.000000
0.000000 0.000000 0.000000
-0.272108 -0.392222 -0.372310
0.000000 0.000000 0.000000
-0.395968 -0.392222 0.187857
0.000000 0.000000 0.000000
0.000000 0.000000 0.000000
0.000000 0.000000 0.000000
0.000000 0.000000 0.000000
0.000000 0.000000 0.000000
0.000000 0.000000 0.000000
0.000000 0.000000 0.000000
0.000000 0.000000 0.000000
0.000000 0.000000 0.000000
0.000000 0.000000 0.000000
-0.312152 -0.392222 0.025644
0.000000 0.000000 0.000000
0.000000 0.000000 0.000000
0.000000 0.000000 0.000000
-0.465819 -0.392222 -0.540074
0.000000 0.000000 0.000000
-0.588131 -0.032810 -0.094860
0.000000 0.000000 0.000000
0.000000 0.000000 0.000000
0.115586 -0.392222 -0.007281
0.000000 0.000000 0.000000
0.000000 0.000000 0.000000
-0.588131 -0.036966 -0.452492
0.000000 0.000000 0.000000
0.000000 0.000000 0.000000
0.000000 0.000000 0.000000
0.000000 0.000000 0.000000
0.000000 0.000000 0.000000
0.000000 0.000000 0.000000
0.000000 0.000000 0.000000
0.000000 0.000000 0.000000
-0.588131 -0.062685 -0.349722
-0.449231 -0.392222 -0.142949
0.000000 0.000000 0.000000
0.000000 0.000000 0.000000
-0.510771 -0.333490 -0.057496
0.000000 0.000000 0.000000
0.000000 0.000000 0.000000
0.000000 0.000000 0.000000
0.000000 0.000000 0.000000
0.000000 0.000000 0.000000
-0.129722 -0.392222 0.094142
0.000000 0.000000 0.000000
0.000000 0.000000 0.000000
0.000000 0.000000 0.000000
-0.588131 -0.229135 -0.091933
-0.074537 -0.392222 0.218987
0.000000 0.000000 0.000000
-0.583581 -0.281580 -0.154397
0.000000 0.000000 0.000000
0.000000 0.000000 0.000000
0.503066 -0.387905 -0.277054
-0.588131 -0.237244 -0.364872
0.000000 0.000000 0.000000
0.000000 0.000000 0.000000
0.469256 -0.337613 -0.356336
0.000000 0.000000 0.000000
0.000000 0.000000 0.000000
0.000000 0.000000 0.000000
-0.528525 -0.337613 -0.485261
-0.413623 -0.392222 0.357293
0.000000 0.000000 0.000000
0.000000 0.000000 0.000000
0.000000 0.000000 0.000000
-0.583581 -0.248404 0.150058
0.000000 0.000000 0.000000
0.000000 0.000000 0.000000
-0.510823 -0.381238 -0.340164
0.000000 0.000000 0.000000
0.000000 0.000000 0.000000
0.000000 0.000000 0.000000
0.000000 0.000000 0.000000
-0.532888 -0.337613 0.524134
0.000000 0.000000 0.000000
0.000000 0.000000 0.000000
-0.562188 -0.337613 -0.009933
0.000000 0.000000 0.000000
0.000000 0.000000 0.000000
0.000000 0.000000 0.000000
0.000000 0.000000 0.000000
0.507588 -0.382477 -0.386886
0.000000 0.000000 0.000000
0.000000 0.000000 0.000000
0.000000 0.000000 0.000000
0.000000 0.000000 0.000000
-0.427279 -0.388511 -0.644358
0.000000 0.000000 0.000000
0.000000 0.000000 0.000000
0.000000 0.000000 0.000000
0.283330 -0.392222 -0.162486
0.000000 0.000000 0.000000
0.336801 -0.423990 -0.473950
0.000000 0.000000 0.000000
0.000000 0.000000 0.000000
-0.218445 -0.392222 -0.167928
0.000000 0.000000 0.000000
0.000000 0.000000 0.000000
-0.516488 -0.374439 0.588622
0.025734 -0.392222 -0.444578
-0.498064 -0.392222 0.080631
0.000000 0.000000 0.000000
0.000000 0.000000 0.000000
0.000000 0.000000 0.000000
0.000000 0.000000 0.000000
0.000000 0.000000 0.000000
0.000000 0.000000 0.000000
0.000000 0.000000 0.000000
0.000000 0.000000 0.000000
0.000000 0.000000 0.000000
0.000000 0.000000 0.000000
0.000000 0.000000 0.000000
0.000000 0.000000 0.000000
0.000000 0.000000 0.000000
-0.417286 -0.392222 0.521984
0.000000 0.000000 0.000000
-0.522059 -0.337613 0.050610
0.000000 0.000000 0.000000
0.003102 -0.392222 0.244773
0.000000 0.000000 0.000000
0.000000 0.000000 0.000000
-0.514011 -0.337613 -0.127251
-0.572436 -0.337613 -0.425802
0.159854 -0.392222 -0.183845
0.000000 0.000000 0.000000
0.000000 0.000000 0.000000
0.000000 0.000000 0.000000
0.000000 0.000000 0.000000
0.000000 0.000000 0.000000
0.071598 -0.392222 -0.137111
0.000000 0.000000 0.000000
0.000000 0.000000 0.000000
0.273074 -0.392222 -0.446066
0.261329 -0.392222 -0.054623
0.000000 0.000000 0.000000
0.000000 0.000000 0.000000
0.162719 -0.392222 -0.065343
0.000000 0.000000 0.000000
0.000000 0.000000 0.000000
0.000000 0.000000 0.000000
0.000000 0.000000 0.000000
0.000000 0.000000 0.000000
-0.583581 -0.266736 -0.290796
0.000000 0.000000 0.000000
0.335922 -0.392222 -0.317550
0.000000 0.000000 0.000000
0.000000 0.000000 0.000000
0.000000 0.000000 0.000000
0.010840 -0.392222 0.023192
-0.524880 -0.364367 0.156396
0.000000 0.000000 0.000000
0.000000 0.000000 0.000000
0.000000 0.000000 0.000000
0.000000 0.000000 0.000000
-0.504158 -0.389236 -0.092584
0.000000 0.000000 0.000000
-0.167760 -0.392222 0.392763
0.000000 0.000000 0.000000
-0.588131 -0.128246 -0.121041
-0.326963 -0.392222 -0.491727
0.000000 0.000000 0.000000
-0.310489 -0.392222 -0.283469
0.000000 0.000000 0.000000
0.000000 0.000000 0.000000
0.000000 0.000000 0.000000
0.000000 0.000000 0.000000
-0.588131 -0.140377 -0.216752
0.000000 0.000000 0.000000
0.000000 0.000000 0.000000
0.000000 0.000000 0.000000
0.000000 0.000000 0.000000
0.000000 0.000000 0.000000
0.000000 0.000000 0.000000
-0.588131 -0.147238 -0.009244
-0.458697 -0.392222 0.449981
0.000000 0.000000 0.000000
0.000000 0.000000 0.000000
0.000000 0.000000 0.000000
0.000000 0.000000 0.000000
0.000000 0.000000 0.000000
0.000000 0.000000 0.000000
0.000000 0.000000 0.000000
0.133083 -0.392222 -0.125047
0.413899 -0.392222 -0.295571
0.000000 0.000000 0.000000
0.000000 0.000000 0.000000
0.000000 0.000000 0.000000
0.433406 -0.392222 -0.402409
0.000000 0.000000 0.000000
0.000000 0.000000 0.000000
0.000000 0.000000 0.000000
0.000000 0.000000 0.000000
-0.588131 -0.141148 -0.313788
0.000000 0.000000 0.000000
0.245698 -0.392222 0.087115
0.000000 0.000000 0.000000
0.000000 0.000000 0.000000
0.000000 0.000000 0.000000
0.000000 0.000000 0.000000
0.000000 0.000000 0.000000
0.000000 0.000000 0.000000
0.000000 0.000000 0.000000
0.000000 0.000000 0.000000
-0.338679 -0.392222 0.293655
0.000000 0.000000 0.000000
0.000000 0.000000 0.000000
0.000000 0.000000 0.000000
0.000000 0.000000 0.000000
0.000000 0.000000 0.000000
0.000000 0.000000 0.000000
0.000000 0.000000 0.000000
0.000000 0.000000 0.000000
0.000000 0.000000 0.000000
-0.547786 -0.314182 -0.600775
0.000000 0.000000 0.000000
0.000000 0.000000 0.000000
0.000000 0.000000 0.000000
0.026003 -0.392222 -0.087701
0.000000 0.000000 0.000000
0.000000 0.000000 0.000000
-0.230303 -0.392222 0.227385
0.000000 0.000000 0.000000
0.000000 0.000000 0.000000
0.000000 0.000000 0.000000
0.000000 0.000000 0.000000
0.000000 0.000000 0.000000
0.580329 -0.310309 -0.356590
0.463254 -0.392222 -0.085594
0.000000 0.000000 0.000000
0.000000 0.000000 0.000000
0.000000 0.000000 0.000000
0.000000 0.000000 0.000000
