0.000000 0.000000 0.000000
0.000000 0.000000 0.000000
0.000000 0.000000 0.000000
0.000000 0.000000 0.000000
0.000000 0.000000 0.000000
0.107242 -0.149270 0.094656
-0.010579 -0.023822 -0.098557
-0.012120 0.096565 0.094656
0.148721 -0.104621 -0.017780
-0.185805 0.360650 0.124141
0.000000 0.000000 0.000000
0.090477 -0.194568 -0.092651
-0.041331 0.190040 -0.011100
0.000000 0.000000 0.000000
-0.078769 0.155969 -0.021751
-0.061837 -0.108187 0.094656
0.004768 -0.205338 0.024089
0.000000 0.000000 0.000000
0.000000 0.000000 0.000000
0.000000 0.000000 0.000000
0.000000 0.000000 0.000000
0.008012 0.084019 -0.098557
-0.063229 -0.154658 -0.098557
0.000000 0.000000 0.000000
0.132831 -0.008008 0.094656
0.000000 0.000000 0.000000
0.000000 0.000000 0.000000
0.028639 -0.205338 0.025217
0.186286 -0.205338 0.032908
-0.130419 0.113362 -0.096185
0.000000 0.000000 0.000000
-0.069580 0.021865 0.094656
0.000000 0.000000 0.000000
0.000000 0.000000 0.000000
0.000000 0.000000 0.000000
0.000000 0.000000 0.000000
-0.004869 -0.205338 0.046321
0.000000 0.000000 0.000000
0.069454 -0.103654 -0.098557
0.000000 0.000000 0.000000
0.000000 0.000000 0.000000
0.143334 -0.187379 0.013039
0.000000 0.000000 0.000000
-0.185981 0.477120 0.124371
-0.090587 0.155969 0.076975
-0.043430 -0.134230 -0.098557
0.000000 0.000000 0.000000
0.000000 0.000000 0.000000
0.000000 0.000000 0.000000
0.030406 -0.036710 0.094656
0.000000 0.000000 0.000000
-0.144301 0.152271 -0.086691
0.166478 -0.142170 -0.098557
0.000000 0.000000 0.000000
-0.022143 -0.157614 0.094656
0.000000 0.000000 0.000000
0.043731 0.010713 -0.121085
0.000000 0.000000 0.000000
-0.088794 0.015389 -0.097332
0.054535 0.108657 0.094656
0.000000 0.000000 0.000000
0.000706 -0.205338 -0.057236
0.000000 0.000000 0.000000
0.184525 -0.205338 -0.053172
0.000000 0.000000 0.000000
0.000000 0.000000 0.000000
-0.082710 -0.205338 -0.038653
0.016783 0.023979 0.094656
-0.063951 0.155068 -0.081085
-0.087078 -0.072214 -0.095836
0.189097 -0.125994 0.023346
0.093478 -0.081820 0.094656
0.000000 0.000000 0.000000
0.000000 0.000000 0.000000
0.004414 0.014713 -0.109891
-0.057781 0.078770 -0.098557
0.090992 -0.205338 0.073988
0.182370 -0.184043 0.094656
0.002111 -0.067401 -0.098557
0.208204 -0.186017 -0.091761
0.105000 0.062988 0.094656
0.084465 -0.205338 -0.028149
0.000000 0.000000 0.000000
0.000000 0.000000 0.000000
0.000000 0.000000 0.000000
0.064329 0.037296 -0.098557
-0.088519 0.096846 0.094656
0.000000 0.000000 0.000000
0.190917 -0.173944 -0.017802
0.000000 0.000000 0.000000
-0.079081 -0.205338 0.072509
0.167665 -0.073600 0.094656
-0.139926 0.180724 -0.000620
0.000000 0.000000 0.000000
-0.024956 0.155969 0.072878
-0.032803 -0.005341 -0.121085
0.000000 0.000000 0.000000
-0.151686 0.128583 0.094656
0.000000 0.000000 0.000000
-0.035071 -0.031638 0.094656
0.022101 -0.178465 -0.090828
0.000000 0.000000 0.000000
0.231176 -0.205338 -0.011657
0.000000 0.000000 0.000000
0.000000 0.000000 0.000000
0.000000 0.000000 0.000000
0.095891 -0.205338 0.008237
0.000000 0.000000 0.000000
0.000000 0.000000 0.000000
0.030736 0.040085 0.094656
0.061449 -0.028613 -0.098557
0.000000 0.000000 0.000000
-0.115911 -0.022890 0.094656
0.000000 0.000000 0.000000
-0.015501 0.155969 0.019189
0.000000 0.000000 0.000000
0.000000 0.000000 0.000000
0.110578 -0.205338 0.065168
0.141113 -0.164973 -0.093045
0.000000 0.000000 0.000000
0.044879 -0.173308 0.094656
0.000000 0.000000 0.000000
0.000000 0.000000 0.000000
0.126911 -0.205112 0.082027
0.177145 -0.150469 0.094656
-0.042464 -0.197578 -0.090834
0.000000 0.000000 0.000000
0.010583 0.152918 0.089552
0.000000 0.000000 0.000000
0.028900 -0.205338 -0.037007
0.000000 0.000000 0.000000
0.245010 -0.165827 0.094656
0.041261 -0.109503 0.094656
0.132535 -0.205338 -0.030931
-0.113438 0.038899 0.094656
0.000000 0.000000 0.000000
0.000000 0.000000 0.000000
-0.017833 -0.067197 0.094656
0.013831 0.155969 -0.020135
0.000000 0.000000 0.000000
0.000000 0.000000 0.000000
0.010667 0.189182 -0.008840
0.000000 0.000000 0.000000
0.000000 0.000000 0.000000
0.000000 0.000000 0.000000
-0.011817 0.150936 -0.088320
-0.183062 0.534122 0.133537
-0.116906 0.155969 0.026143
0.071806 -0.144343 -0.098557
0.114659 -0.056950 -0.098557
0.000000 0.000000 0.000000
-0.069519 -0.205338 0.014121
0.000000 0.000000 0.000000
0.068971 -0.002191 0.094656
0.000000 0.000000 0.000000
0.000000 0.000000 0.000000
0.009166 -0.141090 -0.098557
0.053496 -0.010634 -0.117286
0.223013 -0.211946 0.067561
-0.109181 0.155853 -0.077143
0.000000 0.000000 0.000000
0.012510 -0.124759 0.094656
-0.187235 0.412687 0.129143
0.122876 -0.120450 -0.099514
-0.054198 0.131445 0.094656
0.000000 0.000000 0.000000
0.000000 0.000000 0.000000
0.154511 -0.151232 -0.022553
-0.049614 0.155969 0.024191
-0.091176 -0.037901 0.094656
-0.030945 0.044925 -0.098557
-0.049362 -0.080530 -0.098557
-0.075481 -0.172367 0.094656
-0.046096 -0.080931 0.094656
-0.108667 0.187549 0.003567
0.040456 -0.205237 0.080748
0.000000 0.000000 0.000000
-0.103506 0.063995 -0.099397
0.000000 0.000000 0.000000
0.000000 0.000000 0.000000
0.000000 0.000000 0.000000
0.231561 -0.205338 -0.059386
0.000000 0.000000 0.000000
0.151907 -0.120863 0.094656
0.000000 0.000000 0.000000
0.000000 0.000000 0.000000
-0.121712 0.155969 -0.027944
0.159017 -0.201784 -0.086477
0.000000 0.000000 0.000000
0.000000 0.000000 0.000000
0.175776 -0.205338 0.057734
0.000000 0.000000 0.000000
-0.135761 0.155969 0.021823
0.000000 0.000000 0.000000
0.058495 0.076482 -0.098557
0.000000 0.000000 0.000000
-0.090111 -0.031166 -0.098594
-0.037169 -0.205338 -0.017173
-0.104144 -0.052586 0.094656
-0.026202 0.039587 0.094656
-0.063403 0.006447 -0.098557
0.000000 0.000000 0.000000
-0.028592 0.155969 -0.042288
-0.134569 0.112930 0.094656
0.169315 -0.163828 0.030829
0.000000 0.000000 0.000000
0.027595 -0.106935 -0.098557
0.000000 0.000000 0.000000
0.058016 -0.058705 -0.098557
0.080290 0.017058 -0.098557
0.000000 0.000000 0.000000
0.000000 0.000000 0.000000
-0.051742 0.155969 0.063378
0.000000 0.000000 0.000000
0.000000 0.000000 0.000000
0.000000 0.000000 0.000000
0.089370 -0.036194 0.094656
0.000000 0.000000 0.000000
0.158852 -0.093041 0.028469
0.000000 0.000000 0.000000
-0.132574 0.155969 0.051101
0.205043 -0.205338 -0.006870
-0.085386 0.109906 -0.092372
-0.040114 -0.205338 0.077398
0.233353 -0.205338 0.035201
0.000000 0.000000 0.000000
0.000000 0.000000 0.000000
0.123556 -0.067788 0.094656
0.015257 -0.205323 0.079431
0.000000 0.000000 0.000000
0.000000 0.000000 0.000000
0.024174 0.050215 -0.098557
0.138507 -0.136274 0.094656
0.000000 0.000000 0.000000
0.038526 0.116599 -0.090828
0.000000 0.000000 0.000000
0.000000 0.000000 0.000000
0.000000 0.000000 0.000000
-0.079417 0.064733 -0.091562
0.000000 0.000000 0.000000
0.000000 0.000000 0.000000
-0.085478 -0.200712 -0.087856
0.000000 0.000000 0.000000
0.053405 -0.140385 -0.098557
0.066062 -0.149190 0.094656
0.000000 0.000000 0.000000
-0.098807 -0.128648 0.094656
0.000000 0.000000 0.000000
0.000000 0.000000 0.000000
0.087104 -0.008428 0.094656
0.000000 0.000000 0.000000
0.000000 0.000000 0.000000
0.055624 -0.205338 -0.006652
0.000000 0.000000 0.000000
-0.018896 -0.099755 -0.098557
0.052625 -0.205338 -0.071902
-0.083791 -0.118161 -0.090828
0.000000 0.000000 0.000000
0.020429 -0.014867 -0.098557
0.175616 -0.205338 -0.035826
-0.063616 0.066086 0.094656
0.000000 0.000000 0.000000
0.010996 0.155969 0.056747
-0.067502 0.101857 0.094656
0.000000 0.000000 0.000000
-0.027246 0.092334 -0.098557
0.000000 0.000000 0.000000
0.198328 -0.090308 0.094656
0.000000 0.000000 0.000000
0.000000 0.000000 0.000000
0.000000 0.000000 0.000000
0.000000 0.000000 0.000000
0.015278 -0.015772 0.094656
-0.047642 -0.192884 0.097228
0.053324 0.067602 0.094656
0.017994 -0.076190 0.094656
0.100020 -0.156339 -0.098232
0.128499 -0.204858 -0.079475
0.000000 0.000000 0.000000
0.099040 -0.205338 -0.051589
0.056204 -0.055902 0.094656
0.196455 -0.143398 -0.008884
-0.041006 -0.205338 0.023768
0.020189 0.102535 0.094656
-0.113077 0.140423 0.098105
0.000000 0.000000 0.000000
0.148998 -0.116731 0.021970
0.000000 0.000000 0.000000
-0.007983 -0.164263 -0.093527
0.000000 0.000000 0.000000
0.000000 0.000000 0.000000
0.000000 0.000000 0.000000
-0.038663 0.155969 -0.013512
0.000000 0.000000 0.000000
0.102012 0.030363 0.094656
0.140671 -0.175019 0.094656
-0.044302 -0.164164 -0.093809
0.134919 -0.205338 0.063426
0.000000 0.000000 0.000000
-0.061503 -0.020647 -0.098557
-0.033997 -0.055019 -0.098557
-0.070295 0.116763 -0.090828
0.000000 0.000000 0.000000
-0.105089 0.081815 0.094656
0.094545 -0.014094 -0.091863
0.142864 -0.086542 -0.099514
0.000000 0.000000 0.000000
-0.077389 0.179974 0.000247
-0.095783 -0.163589 -0.096532
0.000000 0.000000 0.000000
-0.029018 0.118353 -0.090828
0.000000 0.000000 0.000000
0.164791 -0.200665 0.091736
0.000000 0.000000 0.000000
-0.050086 -0.205338 -0.061770
0.000000 0.000000 0.000000
0.024740 0.009984 -0.098557
0.098698 -0.188447 0.098360
0.165975 -0.129917 -0.026561
0.000000 0.000000 0.000000
0.015584 0.155969 0.003227
0.174036 -0.173585 -0.090828
-0.080012 -0.065870 0.094656
0.000000 0.000000 0.000000
0.000000 0.000000 0.000000
0.000000 0.000000 0.000000
0.000000 0.000000 0.000000
0.000000 0.000000 0.000000
0.000000 0.000000 0.000000
0.208831 -0.165656 0.094656
0.102477 -0.086451 -0.098557
0.000000 0.000000 0.000000
0.084144 -0.114804 0.094656
0.000000 0.000000 0.000000
0.000000 0.000000 0.000000
0.000000 0.000000 0.000000
-0.051581 -0.142055 0.094656
0.000000 0.000000 0.000000
0.116922 -0.102437 0.094656
0.000336 0.052306 0.094656
0.000000 0.000000 0.000000
0.000000 0.000000 0.000000
0.000000 0.000000 0.000000
0.000000 0.000000 0.000000
-0.111056 0.031050 -0.099397
0.000000 0.000000 0.000000
0.000000 0.000000 0.000000
0.000000 0.000000 0.000000
0.064558 -0.187545 -0.094593
-0.112215 -0.049445 -0.099397
0.150111 -0.144179 0.023004
0.160772 -0.026722 0.094656
0.081945 -0.205338 0.048811
-0.076946 0.149261 0.093781
-0.029210 -0.110955 0.094656
0.000000 0.000000 0.000000
0.000000 0.000000 0.000000
-0.017105 -0.119554 -0.098557
0.041573 0.136648 0.098177
-0.101146 -0.086863 0.094656
-0.083499 0.155969 0.020075
-0.081029 0.155969 0.048739
-0.077479 -0.205338 0.041303
0.193547 -0.185222 0.018202
0.000000 0.000000 0.000000
0.082591 -0.171722 0.094656
0.116259 -0.035383 0.094656
0.063469 -0.205338 0.025225
0.000000 0.000000 0.000000
0.000000 0.000000 0.000000
0.000000 0.000000 0.000000
-0.033427 0.015255 -0.098557
-0.106608 0.006601 0.094656
-0.130983 0.080606 -0.099397
-0.016456 -0.095556 0.094656
0.000000 0.000000 0.000000
-0.076386 -0.009702 0.094656
0.076814 0.050387 0.094656
-0.024029 0.124651 0.094656
-0.104800 -0.093926 -0.099397
0.000000 0.000000 0.000000
0.000000 0.000000 0.000000
-0.016512 0.186835 0.002233
0.192854 -0.157476 -0.091766
0.196598 -0.130933 0.094656
0.254827 -0.195137 0.096198
0.000000 0.000000 0.000000
0.151203 -0.193818 -0.020014
-0.102488 0.155969 -0.045970
0.000000 0.000000 0.000000
-0.034860 -0.003480 0.094656
0.000000 0.000000 0.000000
0.006612 -0.163798 0.094656
0.169293 -0.113480 -0.099514
0.000000 0.000000 0.000000
-0.180727 0.504488 0.122497
0.000000 0.000000 0.000000
0.000000 0.000000 0.000000
0.000000 0.000000 0.000000
-0.067262 0.035471 -0.098557
0.061984 -0.083026 0.094656
0.000000 0.000000 0.000000
0.000000 0.000000 0.000000
0.000000 0.000000 0.000000
-0.045660 0.080687 0.094656
0.000000 0.000000 0.000000
0.000000 0.000000 0.000000
0.000000 0.000000 0.000000
0.000000 0.000000 0.000000
0.053877 0.026046 0.094656
0.000000 0.000000 0.000000
0.000000 0.000000 0.000000
0.088677 -0.127719 -0.095502
-0.084451 0.137734 -0.094622
0.177213 -0.092696 -0.024596
-0.000022 0.155969 -0.053649
-0.138590 0.153387 0.088846
-0.134727 0.155969 -0.048712
0.000000 0.000000 0.000000
0.000000 0.000000 0.000000
0.055504 0.006947 -0.098557
0.195728 -0.205323 0.079427
0.142454 -0.056244 0.094656
0.057295 -0.205338 -0.038150
0.127816 -0.205338 -0.000630
0.006673 0.128225 -0.090828
0.126364 -0.182139 -0.090828
0.000000 0.000000 0.000000
0.000000 0.000000 0.000000
0.000000 0.000000 0.000000
0.029548 -0.185721 0.094656
0.035639 -0.205338 0.054566
0.021973 -0.205338 -0.007534
-0.176487 0.440957 0.130143
-0.037270 0.155969 -0.073714
-0.007735 0.054720 -0.098557
0.000000 0.000000 0.000000
-0.001720 -0.054534 0.094656
0.002006 0.125938 0.094656
0.222086 -0.201695 0.090438
0.000000 0.000000 0.000000
0.000000 0.000000 0.000000
0.000000 0.000000 0.000000
0.000000 0.000000 0.000000
-0.008327 0.009469 0.094656
0.000000 0.000000 0.000000
-0.013456 -0.205338 -0.031215
-0.107435 -0.008599 -0.098557
-0.067699 -0.182459 -0.090828
0.000000 0.000000 0.000000
0.108002 0.007702 0.094656
0.203608 -0.205261 -0.076554
-0.082686 -0.205338 -0.067130
0.000000 0.000000 0.000000
0.000000 0.000000 0.000000
-0.010161 0.155969 -0.008259
-0.077875 -0.100510 -0.098557
0.000000 0.000000 0.000000
0.000000 0.000000 0.000000
0.154959 -0.205338 -0.064140
0.138474 -0.143155 -0.098557
0.000000 0.000000 0.000000
0.000000 0.000000 0.000000
0.000000 0.000000 0.000000
0.035135 -0.072202 0.094656
-0.019724 -0.205338 0.009391
0.000000 0.000000 0.000000
0.070389 -0.186017 0.095823
0.000000 0.000000 0.000000
0.000000 0.000000 0.000000
0.048071 0.057230 -0.098557
0.000000 0.000000 0.000000
-0.012288 -0.205338 0.072982
-0.097743 0.089170 -0.099397
0.000000 0.000000 0.000000
0.000000 0.000000 0.000000
-0.085315 0.038748 0.094656
0.143511 -0.087471 0.094656
-0.063006 0.197258 0.001287
-0.138846 0.155969 -0.004154
0.000000 0.000000 0.000000
0.028067 -0.078070 -0.098557
0.000000 0.000000 0.000000
0.084402 0.075464 0.094656
0.000000 0.000000 0.000000
0.125714 -0.205338 0.020230
0.259128 -0.205338 0.072711
0.000000 0.000000 0.000000
0.000000 0.000000 0.000000
0.084802 -0.064629 -0.098557
0.000000 0.000000 0.000000
0.010041 -0.202630 -0.085211
0.000000 0.000000 0.000000
0.040296 0.155969 0.071266
0.141892 -0.134766 -0.005731
0.000000 0.000000 0.000000
0.026781 -0.036149 -0.098557
-0.091535 0.177080 -0.003308
0.000000 0.000000 0.000000
0.000000 0.000000 0.000000
0.003492 -0.094922 -0.098557
0.000000 0.000000 0.000000
-0.055296 0.010490 -0.118384
0.000000 0.000000 0.000000
-0.049177 0.045856 -0.098557
-0.073906 -0.055561 -0.098557
0.177006 -0.146707 -0.026122
0.000000 0.000000 0.000000
0.000000 0.000000 0.000000
0.000000 0.000000 0.000000
0.000000 0.000000 0.000000
-0.047563 0.020079 0.094656
-0.031339 -0.012820 -0.098557
0.000000 0.000000 0.000000
0.158912 -0.092696 -0.000414
0.000000 0.000000 0.000000
0.000000 0.000000 0.000000
0.096357 0.007907 -0.096432
0.045567 -0.014278 0.094656
0.000000 0.000000 0.000000
0.037569 -0.202965 -0.084595
-0.085826 -0.141329 -0.092428
-0.058591 -0.057994 0.094656
-0.083967 0.126972 0.094656
0.000000 0.000000 0.000000
0.064148 -0.205338 0.069543
0.000000 0.000000 0.000000
0.000000 0.000000 0.000000
-0.115177 0.155969 0.070747
-0.111460 0.015528 -0.098557
0.000000 0.000000 0.000000
-0.105420 0.155969 -0.008020
-0.019396 -0.187903 -0.094569
0.000000 0.000000 0.000000
0.000000 0.000000 0.000000
0.000000 0.000000 0.000000
0.000000 0.000000 0.000000
0.211105 -0.205338 0.037117
0.000000 0.000000 0.000000
0.000000 0.000000 0.000000
0.052642 -0.164244 -0.093585
0.000000 0.000000 0.000000
-0.134777 0.128559 -0.090828
0.075996 -0.205338 -0.061094
0.143191 -0.169402 -0.008867
-0.178271 0.389220 0.123587
-0.024465 -0.205338 -0.062477
0.000000 0.000000 0.000000
0.000000 0.000000 0.000000
0.000000 0.000000 0.000000
0.000000 0.000000 0.000000
0.078714 0.101884 0.094656
0.000000 0.000000 0.000000
0.122942 -0.082026 -0.098557
-0.067598 -0.076640 -0.098557
-0.007276 0.155969 -0.031989
0.169487 -0.189029 0.030851
0.045379 -0.009324 -0.098557
0.039709 0.030189 -0.098557
-0.033638 0.155969 0.045930
0.000000 0.000000 0.000000
0.168720 -0.098565 0.094656
-0.062965 -0.205338 -0.023158
0.111669 -0.032308 -0.098557
0.170217 -0.183138 -0.027017
-0.103261 0.136648 -0.092051
-0.143176 0.087076 0.088159
-0.129251 0.058502 -0.099397
0.000000 0.000000 0.000000
-0.066757 -0.032791 0.094656
0.004161 -0.006365 -0.110589
-0.052861 0.152944 0.089513
0.004128 -0.192167 0.097472
0.000000 0.000000 0.000000
0.158366 -0.177472 0.094656
0.104939 -0.205338 -0.014929
0.104592 -0.205338 -0.074546
0.000000 0.000000 0.000000
0.002505 0.111275 -0.097647
0.000000 0.000000 0.000000
-0.055325 0.155969 -0.058432
0.000000 0.000000 0.000000
-0.107241 0.123015 0.094656
0.000000 0.000000 0.000000
0.024746 -0.146275 0.094656
0.000000 0.000000 0.000000
-0.052014 -0.111962 -0.098557
-0.034860 0.064864 0.094656
0.000000 0.000000 0.000000
0.000000 0.000000 0.000000
0.185126 -0.194430 -0.092719
-0.034197 -0.180112 0.094656
0.000000 0.000000 0.000000
0.000000 0.000000 0.000000
-0.124430 0.171157 0.002615
0.000000 0.000000 0.000000
0.162665 -0.095102 -0.099514
0.000000 0.000000 0.000000
0.000000 0.000000 0.000000
0.000000 0.000000 0.000000
0.000000 0.000000 0.000000
-0.086294 -0.008690 -0.094424
0.000000 0.000000 0.000000
-0.011575 -0.128434 0.094656
0.000000 0.000000 0.000000
0.222094 -0.135785 0.094656
0.141060 -0.064649 -0.099514
-0.086194 -0.098847 0.094656
0.035113 0.077714 -0.098557
0.173502 -0.123935 0.094656
0.008719 0.030928 -0.098557
0.000000 0.000000 0.000000
-0.106554 -0.072247 -0.098557
0.000000 0.000000 0.000000
0.002590 0.198455 0.005353
0.000000 0.000000 0.000000
-0.106064 -0.117296 -0.099397
-0.038842 0.194581 0.006053
-0.088504 0.045017 -0.097541
0.000000 0.000000 0.000000
0.000000 0.000000 0.000000
0.000000 0.000000 0.000000
-0.095281 -0.152262 0.094656
-0.009765 0.200838 -0.006103
0.254430 -0.205338 0.046846
0.151988 -0.205338 0.057345
-0.032665 0.147592 0.095073
0.000000 0.000000 0.000000
0.000000 0.000000 0.000000
0.000000 0.000000 0.000000
0.168820 -0.130279 0.030763
-0.045614 0.146184 -0.092165
0.000000 0.000000 0.000000
-0.151426 0.155969 -0.018575
-0.014316 -0.142342 -0.098557
0.000000 0.000000 0.000000
0.000000 0.000000 0.000000
0.035158 -0.125591 -0.098557
0.040069 0.086972 0.094656
0.000000 0.000000 0.000000
-0.110825 0.180170 -0.011226
0.000000 0.000000 0.000000
0.198260 -0.126182 0.006082
0.000000 0.000000 0.000000
0.000000 0.000000 0.000000
-0.000325 0.034164 0.094656
0.000000 0.000000 0.000000
-0.057253 -0.205338 0.061590
0.000000 0.000000 0.000000
0.000000 0.000000 0.000000
0.000000 0.000000 0.000000
0.000000 0.000000 0.000000
0.102574 -0.109518 -0.099514
-0.079017 0.155969 -0.063866
-0.154254 0.170910 -0.010643
-0.007243 0.073944 0.094656
0.000000 0.000000 0.000000
0.068661 -0.202537 0.089179
-0.142466 0.094506 -0.098557
0.223551 -0.205338 0.015472
0.000000 0.000000 0.000000
0.121721 -0.205338 0.045074
0.131787 -0.158274 0.094656
-0.032187 -0.205338 -0.044512
0.000000 0.000000 0.000000
0.000000 0.000000 0.000000
0.082111 0.019019 0.094656
0.137553 -0.109856 -0.099514
0.069175 -0.126579 0.094656
0.000000 0.000000 0.000000
0.188002 -0.152438 0.024186
0.000000 0.000000 0.000000
0.000000 0.000000 0.000000
0.000000 0.000000 0.000000
-0.030850 -0.205338 0.044180
0.000000 0.000000 0.000000
0.029898 0.062873 0.094656
0.000000 0.000000 0.000000
0.000000 0.000000 0.000000
-0.129170 0.001364 -0.098557
0.000264 -0.032867 0.094656
0.000000 0.000000 0.000000
0.000000 0.000000 0.000000
0.000000 0.000000 0.000000
-0.095066 0.061576 0.094656
0.000000 0.000000 0.000000
0.031896 -0.205338 -0.059315
-0.054643 -0.205338 0.041421
-0.068484 -0.130324 -0.098557
0.046200 -0.205338 0.011046
0.126090 0.025726 0.094656
0.231124 -0.205338 -0.034872
0.000000 0.000000 0.000000
0.004987 0.155969 0.028140
0.000000 0.000000 0.000000
0.000000 0.000000 0.000000
0.140492 -0.192447 -0.093549
0.000000 0.000000 0.000000
0.141595 -0.161769 0.007612
0.000000 0.000000 0.000000
0.000000 0.000000 0.000000
0.000000 0.000000 0.000000
-0.050506 -0.205338 0.002698
0.000000 0.000000 0.000000
0.000000 0.000000 0.000000
-0.093982 -0.205338 0.000165
0.074905 -0.044419 -0.098557
0.175953 -0.092696 0.012317
-0.037535 0.072941 -0.098557
0.000000 0.000000 0.000000
0.187866 -0.197750 -0.020463
0.000000 0.000000 0.000000
0.019800 0.102363 -0.098557
0.000000 0.000000 0.000000
0.232061 -0.182858 0.094656
-0.020410 -0.071187 -0.098557
-0.108810 0.112569 -0.096785
