-0.055111 0.060914 -0.744670
0.000000 0.000000 0.000000
-0.411995 -0.110701 -0.237953
0.301048 -0.049095 -0.354773
0.185697 0.310257 -0.892784
0.003347 -0.214288 -0.745359
0.050147 0.155900 -0.267652
-0.440076 -0.071730 0.330690
0.000000 0.000000 0.000000
-0.426233 0.065005 -0.749712
-0.084082 -0.030035 -0.058325
0.301048 -0.139374 -0.815994
0.218457 0.283706 -0.244060
-0.088013 -0.072959 -0.468326
-0.397040 -0.312211 -0.820938
-0.021629 -0.161340 -0.259273
0.000000 0.000000 0.000000
-0.439543 -0.048965 -0.659193
0.223143 0.363132 -0.568361
0.000000 0.000000 0.000000
0.000000 0.000000 0.000000
0.000000 0.000000 0.000000
0.153323 -0.161340 -0.154733
0.142458 0.136882 0.062341
0.127041 0.139123 -0.610947
0.301048 0.109110 -0.699483
-0.258143 -0.161340 -0.515723
-0.363171 -0.030035 0.033847
-0.136657 -0.072959 0.144006
-0.090721 -0.190064 -0.845585
0.000000 0.000000 0.000000
-0.057400 0.094668 -0.830486
0.000000 0.000000 0.000000
-0.131066 -0.072959 -0.286625
0.164584 -0.161340 -0.500817
0.301048 0.005859 -0.104553
0.301048 0.180345 -0.481735
-0.172738 -0.161340 -0.037274
0.132397 -0.161340 -0.065565
0.201217 -0.312211 -0.761414
0.056703 0.180030 0.179698
-0.219365 -0.072959 -0.638765
0.000000 0.000000 0.000000
0.184480 0.345914 -0.341016
0.067009 0.208657 -0.696473
-0.313013 -0.030035 -0.470803
0.000000 0.000000 0.000000
0.294680 0.118114 -0.845049
0.060882 -0.006151 -0.285949
0.029023 -0.129697 -0.845585
-0.361004 -0.161340 0.123624
-0.204010 -0.288758 -0.745359
0.058125 0.080567 -0.069574
0.301048 -0.088507 -0.577980
0.290959 0.248399 -0.071685
0.052729 -0.072959 -0.633934
0.061491 -0.000068 0.171369
-0.258482 0.060448 -0.891811
-0.275855 -0.053607 -0.845585
0.000000 0.000000 0.000000
0.301048 -0.093152 -0.015071
-0.438288 -0.154292 -0.401068
0.000000 0.000000 0.000000
0.049244 0.151915 -0.515908
0.000000 0.000000 0.000000
-0.241547 -0.030035 -0.069278
0.301048 0.182168 -0.266688
0.290394 0.248399 -0.527841
0.131311 0.149244 -0.393994
-0.229215 -0.161340 -0.237898
0.000209 -0.161340 -0.497962
0.000000 0.000000 0.000000
0.208493 -0.161340 -0.255600
0.000000 0.000000 0.000000
0.263798 0.328865 -0.729792
-0.229765 -0.030035 -0.353133
0.096822 0.268428 -0.119199
0.120168 0.094161 -0.796847
0.000000 0.000000 0.000000
0.085812 -0.031505 -0.459106
-0.305949 -0.030035 -0.265877
0.000000 0.000000 0.000000
0.227439 -0.161340 -0.684062
0.148734 0.148910 -0.129670
0.000000 0.000000 0.000000
0.000000 0.000000 0.000000
-0.085840 -0.030035 -0.161531
-0.339759 -0.161340 -0.711848
-0.119470 -0.161340 -0.642748
0.002165 -0.072959 0.118390
0.033698 -0.072959 -0.059490
-0.413589 -0.168537 -0.062223
0.000000 0.000000 0.000000
-0.260224 0.017218 -0.710195
-0.225978 -0.238459 -0.845585
-0.004363 -0.311885 -0.838435
-0.060235 -0.030035 0.319824
0.174243 0.341752 -0.276912
-0.026281 -0.161340 -0.141640
-0.061341 -0.030035 -0.316916
0.270477 0.332830 -0.392077
-0.286440 -0.072959 0.154288
0.185065 -0.018703 -0.845585
-0.287706 0.097367 -0.852696
-0.101161 -0.030035 -0.694680
-0.059483 -0.030035 -0.639121
0.181337 0.211400 -0.767706
-0.437931 -0.042945 0.242098
-0.384169 -0.030035 -0.107761
-0.438557 -0.045285 -0.506569
0.085734 0.235767 -0.862346
0.090046 -0.128755 -0.343762
0.114224 0.286309 -0.507979
0.301048 0.220532 -0.711739
-0.439485 -0.048747 -0.404164
-0.346504 -0.030035 -0.615497
0.107276 0.280247 0.056775
0.000000 0.000000 0.000000
-0.411995 -0.124573 -0.807463
0.000000 0.000000 0.000000
-0.143634 -0.161340 -0.381047
0.000000 0.000000 0.000000
-0.177050 0.078463 -0.891754
-0.357658 -0.161340 -0.531877
0.301048 -0.297060 -0.819912
0.153633 0.328428 -0.658202
-0.000856 -0.030035 -0.509301
0.301048 0.080778 -0.409450
0.000000 0.000000 0.000000
0.301048 0.009877 -0.700835
0.301048 -0.119517 -0.708130
0.054197 0.085074 -0.666976
-0.283328 -0.161340 -0.360394
0.000000 0.000000 0.000000
0.216702 0.371907 -0.831941
0.060539 -0.010769 0.048423
0.000000 0.000000 0.000000
0.171346 -0.229713 -0.845585
0.301048 -0.142272 -0.482441
0.300643 0.241543 -0.762622
0.000000 0.000000 0.000000
0.100930 -0.201610 -0.745359
-0.220416 -0.072959 -0.569840
0.069443 0.128099 -0.891918
0.046253 0.110739 -0.425362
0.301048 -0.092281 -0.263625
0.301048 0.032490 -0.507480
0.000000 0.000000 0.000000
-0.051827 -0.036127 -0.845585
0.071022 -0.161340 -0.625773
0.073804 0.224088 -0.175344
0.113104 0.080621 -0.237943
0.000000 0.000000 0.000000
-0.196523 -0.164501 -0.745359
0.173533 0.226597 -0.126259
0.261292 0.326026 -0.117189
-0.322336 -0.101918 -0.745359
0.301048 0.098341 -0.141264
0.000000 0.000000 0.000000
0.240129 0.248399 -0.358011
-0.200753 -0.109257 0.000293
0.074635 -0.034705 -0.154363
0.090046 -0.110967 -0.245873
-0.002558 -0.030035 0.266929
0.049571 -0.044382 -0.745359
-0.347983 -0.030035 -0.387502
0.030611 -0.204780 -0.845585
0.088722 0.250139 -0.366531
-0.197168 -0.072959 -0.195299
0.025225 0.020668 -0.794126
0.178051 0.205100 -0.499967
-0.122748 -0.161340 -0.488612
-0.440076 -0.079765 0.129784
-0.153421 -0.030035 0.263276
-0.417671 0.052189 -0.884682
0.090046 -0.113733 -0.555536
-0.411995 -0.151336 -0.502117
0.000000 0.000000 0.000000
0.098567 0.077761 -0.502038
0.000000 0.000000 0.000000
0.000000 0.000000 0.000000
0.045981 0.117209 0.072766
-0.424936 -0.031584 -0.258935
-0.336484 -0.312211 -0.770392
0.000000 0.000000 0.000000
0.000000 0.000000 0.000000
-0.286861 -0.030035 0.255583
0.090046 -0.125009 -0.163952
0.000000 0.000000 0.000000
-0.121991 -0.030035 -0.574618
-0.291588 -0.030035 0.056576
-0.000499 -0.161340 -0.031877
0.252085 0.248399 -0.152425
0.060882 -0.312211 -0.779612
0.206460 0.247634 -0.641488
0.301048 0.126424 -0.014922
0.000000 0.000000 0.000000
0.301048 -0.136329 -0.137159
-0.164430 -0.001408 -0.756385
0.000000 0.000000 0.000000
0.237525 0.303229 -0.812168
-0.068520 -0.144099 -0.745359
0.000000 0.000000 0.000000
-0.052841 -0.030035 0.050387
0.000000 0.000000 0.000000
0.085918 0.177319 0.000288
-0.143494 -0.025527 -0.845585
0.149070 0.186400 -0.281659
0.045785 0.127058 -0.773645
0.000000 0.000000 0.000000
0.169430 0.335148 -0.467143
-0.280696 -0.161340 -0.655974
-0.351602 -0.168537 -0.181227
0.262510 0.378606 -0.208163
-0.223354 -0.126755 -0.845585
0.000000 0.000000 0.000000
-0.253325 -0.161340 0.058544
0.235703 0.301863 -0.525675
-0.165916 -0.030035 0.028179
-0.362229 -0.030035 -0.678432
-0.439561 -0.049860 -0.019796
-0.063599 -0.030035 -0.374555
-0.411995 -0.206476 -0.835765
-0.437955 -0.155539 -0.611609
-0.348867 0.010746 -0.780136
-0.078099 -0.312211 -0.752365
0.090046 -0.116536 0.057274
-0.070598 -0.161340 -0.077432
0.284878 -0.161340 -0.388991
0.091929 0.040036 0.231558
0.194857 0.177617 -0.845585
-0.280566 -0.161340 -0.090666
0.000000 0.000000 0.000000
0.000000 0.000000 0.000000
-0.420042 -0.030272 -0.565081
0.000000 0.000000 0.000000
0.000000 0.000000 0.000000
0.000000 0.000000 0.000000
0.201149 0.271758 -0.031577
-0.321739 0.042655 -0.726641
0.127052 0.309383 -0.772025
-0.220280 -0.030035 0.174336
0.047263 0.103545 -0.159408
0.301048 -0.192862 -0.774222
0.096774 0.023960 -0.545928
-0.017179 -0.030035 -0.687320
0.301048 -0.056974 0.141970
-0.411995 -0.111962 0.045959
-0.197804 -0.161340 -0.350223
0.000000 0.000000 0.000000
0.017037 -0.168537 -0.385308
-0.292430 -0.098618 0.000293
0.000000 0.000000 0.000000
-0.157301 -0.168537 -0.146742
0.239301 -0.161340 -0.057869
0.265729 0.328832 -0.470744
-0.010001 -0.030035 -0.182973
-0.160950 -0.072959 -0.447380
0.139408 -0.139467 -0.845585
0.183996 0.354077 -0.164014
0.000000 0.000000 0.000000
-0.133845 -0.168537 -0.258308
-0.071317 -0.072959 0.213580
0.301048 0.152655 -0.597225
0.007030 -0.072959 -0.268897
0.067575 -0.032787 -0.371730
-0.311812 -0.312211 -0.833036
-0.239342 -0.072959 -0.279908
0.272194 0.339706 -0.845316
-0.371553 -0.032524 -0.845585
-0.159031 -0.072959 -0.057746
0.000000 0.000000 0.000000
-0.201401 -0.092134 -0.745359
-0.263588 -0.030035 -0.156004
0.000000 0.000000 0.000000
0.090046 -0.111486 -0.399667
0.018657 -0.072959 0.185316
0.000000 0.000000 0.000000
0.301048 -0.045976 -0.471007
0.180920 0.210600 0.024944
0.153520 0.058788 -0.845585
-0.440076 -0.126737 -0.684279
-0.038125 -0.168537 -0.663564
0.068733 0.035480 -0.007797
0.129995 0.146073 -0.729384
-0.423698 -0.167321 -0.299553
-0.054502 -0.099959 0.000293
0.000000 0.000000 0.000000
0.071140 0.217702 -0.429354
0.301048 0.051491 -0.233568
0.014481 -0.030035 0.051090
-0.369734 -0.030035 0.180542
-0.389826 -0.030035 0.348760
0.000000 0.000000 0.000000
0.301048 -0.016372 0.019939
-0.411995 -0.051113 -0.766260
0.000000 0.000000 0.000000
0.287873 0.353942 -0.306800
0.072790 0.221114 -0.589474
-0.256061 -0.030035 -0.434815
0.249787 0.315275 -0.634951
0.111752 0.103614 0.164014
-0.053916 -0.055031 -0.745359
0.099649 0.048138 -0.370786
-0.369129 -0.072959 -0.195805
0.264241 -0.161340 -0.576767
0.301048 -0.042202 -0.835090
0.253704 0.248399 -0.277671
-0.385777 0.096175 -0.867294
0.091142 0.038527 -0.746203
-0.336098 -0.030035 -0.052663
-0.215758 -0.168537 -0.577462
-0.354117 -0.226334 -0.745359
-0.074988 -0.168537 0.034224
0.219043 -0.161340 -0.421257
0.146553 -0.297347 -0.845585
0.099946 0.080173 -0.322188
0.000000 0.000000 0.000000
-0.077133 -0.161340 -0.401275
-0.156515 0.090909 -0.809024
0.161871 0.208831 0.105008
0.118754 0.091450 -0.054883
-0.350194 -0.072959 -0.533088
-0.094264 -0.259404 -0.845585
-0.303609 -0.072959 -0.347101
0.301048 0.011683 -0.265745
0.102958 0.273292 -0.626139
0.000000 0.000000 0.000000
0.301048 0.077308 -0.774219
0.068121 -0.033455 -0.845585
0.118270 0.294842 -0.214067
0.000000 0.000000 0.000000
0.000000 0.000000 0.000000
0.301048 0.211659 -0.382113
0.113664 0.287360 -0.310687
0.107247 0.069395 -0.139259
-0.137089 -0.072959 -0.660363
-0.140710 -0.262058 -0.745359
0.000000 0.000000 0.000000
-0.262007 0.024374 -0.795195
-0.195696 -0.030035 0.100394
0.000000 0.000000 0.000000
0.151329 -0.161340 -0.595496
0.013785 -0.030035 -0.412358
0.162510 0.175316 -0.039022
-0.411995 -0.126972 -0.146621
-0.307762 -0.168537 -0.266079
0.000000 0.000000 0.000000
0.066757 0.207904 -0.345124
0.301048 0.145148 -0.349386
0.049940 0.094624 -0.582289
-0.368067 -0.161340 0.019172
0.000000 0.000000 0.000000
0.000000 0.000000 0.000000
0.000000 0.000000 0.000000
0.059254 -0.161340 -0.100189
-0.162937 -0.030035 -0.117813
-0.259784 -0.200653 -0.745359
-0.312026 -0.156408 -0.845585
0.054234 -0.161340 -0.479936
0.211176 0.368186 -0.727502
0.301048 0.141650 -0.766225
0.000000 0.000000 0.000000
-0.041109 -0.168537 -0.568061
0.178605 0.206162 -0.381064
0.000000 0.000000 0.000000
0.265238 0.235966 -0.845585
-0.244586 -0.030035 -0.510186
0.000000 0.000000 0.000000
0.000000 0.000000 0.000000
0.301048 0.225560 -0.173717
-0.026235 -0.072959 -0.093516
0.000000 0.000000 0.000000
-0.219929 -0.072959 -0.430911
0.064297 -0.125450 0.000293
-0.265655 0.074624 -0.763434
0.277190 -0.161340 -0.219022
0.218068 -0.158436 -0.845585
0.287772 -0.289968 -0.745359
0.038832 -0.168537 -0.699583
-0.140819 -0.030035 -0.403653
0.046811 0.106764 -0.492058
0.000000 0.000000 0.000000
0.093649 0.007486 0.110749
0.068327 0.034181 -0.444705
0.063855 0.197516 0.052978
-0.158899 -0.214661 -0.845585
-0.278153 -0.168537 -0.164330
-0.245070 -0.030938 0.017844
0.090046 0.029712 -0.226619
-0.022210 -0.004178 -0.765049
0.086342 -0.039596 -0.684308
-0.350922 -0.072959 0.089239
0.000000 0.000000 0.000000
0.229092 0.295117 -0.335740
-0.163530 -0.161340 -0.454208
0.055474 0.082660 0.164217
0.000000 0.000000 0.000000
0.113958 0.108401 -0.691511
0.092271 -0.000402 -0.080125
0.162932 0.176122 -0.207186
0.194407 0.256089 -0.451384
0.183932 -0.161340 -0.343185
-0.411995 -0.090942 -0.337696
-0.097277 0.027849 -0.808700
0.033885 -0.072959 -0.163828
0.063610 0.199462 -0.075483
0.000000 0.000000 0.000000
0.079609 0.234914 -0.249917
0.156103 -0.161340 0.039575
0.301048 -0.043971 -0.177641
0.153610 0.227421 -0.882340
-0.143909 0.054035 -0.737298
0.027108 -0.168537 -0.196058
0.226552 -0.208222 -0.745359
-0.022338 -0.072959 -0.587417
-0.323655 -0.161340 -0.470822
0.301048 -0.038022 -0.742905
-0.440041 -0.050826 -0.149653
-0.145756 -0.161340 0.051739
0.000000 0.000000 0.000000
-0.092575 -0.072959 -0.338804
0.236022 -0.161340 -0.143388
0.277176 0.248399 -0.601088
0.287986 0.352190 -0.557912
0.000000 0.000000 0.000000
-0.217226 -0.312211 -0.800342
0.052837 -0.030035 0.300588
0.000000 0.000000 0.000000
0.301048 0.055413 -0.028636
0.223257 -0.086411 -0.845585
0.278107 0.344050 -0.786039
0.000000 0.000000 0.000000
0.073100 -0.167473 -0.300353
0.000000 0.000000 0.000000
-0.210024 -0.168537 -0.099137
0.000000 0.000000 0.000000
-0.214352 -0.072959 0.255762
-0.001158 -0.072959 -0.358987
0.157722 0.201765 -0.592733
-0.078035 -0.030035 0.158167
0.301048 0.152795 -0.125754
-0.152930 -0.072959 -0.354975
-0.401897 -0.072959 -0.472777
0.101441 0.253405 -0.015389
-0.367491 -0.072959 0.253460
0.090046 -0.046072 -0.513646
0.301048 -0.036450 -0.632295
-0.072052 -0.072959 -0.231114
0.060594 0.042678 -0.861510
0.117987 0.089980 0.027632
0.299885 -0.157200 -0.297802
0.000000 0.000000 0.000000
0.000000 0.000000 0.000000
-0.122711 -0.106713 -0.845585
0.048189 -0.072959 0.079475
0.000000 0.000000 0.000000
0.090046 0.012975 -0.627378
0.258764 0.248399 -0.022120
0.052572 -0.072959 -0.492316
-0.152393 -0.072959 -0.525421
0.053204 0.168856 -0.648887
0.130234 0.146843 -0.464643
0.281956 0.039276 -0.845585
-0.362306 -0.161340 -0.377241
0.102204 0.084124 0.114004
-0.289620 -0.072959 -0.214406
0.253079 -0.224457 -0.845585
0.120118 -0.279965 -0.745359
-0.161608 -0.030035 -0.226985
0.060612 -0.009651 -0.197740
0.000000 0.000000 0.000000
-0.272784 -0.072959 -0.697360
0.000000 0.000000 0.000000
0.118897 -0.065195 -0.845585
-0.119771 -0.048509 -0.000362
0.064450 0.201751 -0.521501
0.000000 0.000000 0.000000
0.132444 -0.161340 -0.426369
0.165120 0.213967 -0.671037
0.000000 0.000000 0.000000
0.118718 -0.161340 -0.670734
-0.353079 -0.072959 -0.297464
0.000000 0.000000 0.000000
0.000000 0.000000 0.000000
-0.389849 -0.297069 -0.745359
0.000000 0.000000 0.000000
0.048256 0.147279 0.255601
-0.192699 -0.030035 -0.709634
-0.258148 -0.161340 -0.003559
-0.354352 -0.254567 -0.845585
0.000000 0.000000 0.000000
0.000000 0.000000 0.000000
-0.080894 -0.161340 -0.327106
0.132151 0.156991 -0.835714
-0.295553 -0.072959 -0.110993
0.075368 -0.034751 -0.570573
-0.325613 0.044477 -0.868687
0.211376 0.248399 -0.730545
0.243123 0.248399 -0.429683
0.069520 -0.072959 -0.304147
0.301048 0.042713 -0.632224
-0.240619 -0.045034 -0.745359
0.133294 0.119317 -0.522386
0.301048 0.105276 -0.471053
0.000000 0.000000 0.000000
0.210602 -0.161340 -0.549139
0.127628 0.302757 -0.571824
-0.387611 -0.072959 -0.709278
-0.092294 -0.030035 0.245798
0.085962 0.248955 -0.749933
0.062625 0.198091 -0.781938
-0.155550 -0.168537 -0.697254
-0.173012 0.033331 -0.825255
-0.361251 -0.072959 -0.022449
0.132715 -0.161340 -0.240938
-0.030214 -0.030035 -0.247142
0.090046 -0.074558 -0.194166
-0.097160 -0.168537 -0.191000
0.130757 0.304581 -0.411501
0.090046 -0.029486 0.235938
0.276282 0.376821 -0.689715
0.015092 0.097297 -0.859981
0.291606 -0.161340 -0.657749
-0.128808 -0.161340 -0.566975
0.000000 0.000000 0.000000
0.301048 -0.120359 0.055926
0.000000 0.000000 0.000000
0.204015 0.246817 -0.558524
-0.110889 -0.133934 0.000293
-0.196423 -0.030035 -0.295734
0.111475 -0.161340 -0.528554
0.000000 0.000000 0.000000
-0.108104 -0.072959 -0.104765
0.190542 0.229042 -0.315204
-0.411995 -0.097695 -0.549902
-0.383728 -0.072959 -0.616560
0.212877 0.248399 -0.088378
0.141549 0.135140 -0.322386
-0.019140 -0.030035 0.146366
0.000000 0.000000 0.000000
0.000000 0.000000 0.000000
0.233378 -0.311280 -0.840692
-0.350282 -0.168537 -0.332052
-0.434689 -0.160662 0.093127
-0.349691 -0.168537 -0.095369
-0.292933 -0.072959 -0.584048
-0.045348 -0.214590 -0.845585
0.301048 0.123346 -0.278403
0.217185 0.095400 -0.845585
0.000000 0.000000 0.000000
0.090046 0.014991 -0.778376
0.020225 -0.276872 -0.745359
0.184704 0.242480 -0.190946
0.009397 0.007286 -0.845585
0.078436 0.234337 0.139232
-0.247107 -0.030035 -0.606379
0.000000 0.000000 0.000000
0.101791 0.058936 -0.597221
0.000000 0.000000 0.000000
0.072890 0.046557 0.060067
-0.039934 -0.107691 -0.845585
0.000000 0.000000 0.000000
0.000000 0.000000 0.000000
0.056142 -0.262268 -0.845585
0.301048 -0.115935 -0.423795
-0.411995 0.012271 -0.805221
-0.044058 -0.072959 -0.670692
-0.411995 -0.107959 -0.058390
0.301048 -0.139940 -0.061366
-0.193188 -0.291045 -0.845585
0.000000 0.000000 0.000000
-0.105115 0.080777 -0.890368
-0.331177 -0.161340 -0.604882
0.143811 -0.161340 -0.291142
-0.059981 -0.231753 -0.745359
-0.198117 0.045039 -0.728754
-0.256954 -0.161340 -0.314355
0.105036 0.008680 -0.845585
0.062162 -0.030035 -0.036470
0.301048 0.221102 -0.325913
-0.034242 -0.072959 -0.417974
-0.105683 -0.030035 0.096222
0.000000 0.000000 0.000000
0.071282 -0.147258 -0.744782
0.114034 0.108567 -0.435725
-0.372999 -0.096089 -0.845585
-0.189425 -0.161340 -0.640127
-0.411995 -0.229941 -0.770799
0.207668 0.355184 -0.411936
-0.297803 -0.223289 -0.845585
-0.411995 -0.087145 0.194754
-0.312965 -0.072959 0.239146
0.301048 0.032671 -0.175559
0.174050 0.227448 -0.247691
0.296648 -0.160279 -0.005889
0.159879 0.284568 0.000044
0.046791 -0.072959 -0.398279
-0.288368 -0.072959 -0.414722
0.000000 0.000000 0.000000
0.090046 -0.051251 0.156795
0.103948 0.278871 -0.810740
0.042081 0.054302 -0.737561
0.070410 -0.168194 0.041646
-0.188932 -0.168537 0.088030
-0.331286 -0.030035 0.297693
-0.100678 -0.312211 -0.828859
0.301048 0.018517 -0.348763
0.240587 0.248399 -0.499913
0.301048 0.165874 -0.660761
-0.404715 -0.161049 -0.445452
0.045095 -0.161340 -0.545588
0.128644 0.142895 -0.251141
-0.167966 -0.072959 0.198779
0.301048 -0.024567 -0.555597
0.090163 -0.020514 0.345516
-0.303837 -0.271735 -0.745359
0.301048 0.128203 -0.202625
0.167748 -0.173844 -0.745359
0.301048 0.002706 -0.786769
0.000000 0.000000 0.000000
0.000000 0.000000 0.000000
0.000000 0.000000 0.000000
0.030578 -0.072959 -0.697561
0.162086 0.210667 -0.816372
0.301048 -0.111469 -0.349990
-0.198528 -0.061103 -0.845585
0.301048 -0.046120 0.076008
-0.003833 -0.152533 -0.744042
-0.133069 -0.072959 0.053934
0.051446 0.161389 0.107386
0.237939 0.303520 -0.183158
-0.411394 -0.155215 -0.557654
0.064084 0.016779 -0.681678
0.000000 0.000000 0.000000
-0.376531 -0.161340 -0.657803
0.000000 0.000000 0.000000
-0.406826 -0.114898 -0.745359
-0.221270 -0.161340 -0.435454
-0.440076 -0.062921 -0.085246
0.000000 0.000000 0.000000
0.000000 0.000000 0.000000
-0.336061 0.081971 -0.778406
-0.015860 -0.168537 -0.328152
-0.353487 -0.188703 -0.845585
0.000000 0.000000 0.000000
0.064058 -0.072959 0.031236
0.051992 0.163619 -0.191374
-0.258766 -0.295715 -0.845585
0.046856 0.137230 -0.103584
-0.008802 -0.072959 0.019747
-0.440076 0.055651 -0.813302
-0.018809 -0.161340 0.043907
-0.316442 -0.034453 -0.746849
0.046216 0.111002 -0.229482
0.000000 0.000000 0.000000
0.045702 0.121028 -0.369505
-0.143066 -0.062611 -0.745359
-0.440076 -0.121436 -0.461256
0.228266 0.375895 -0.134823
0.000000 0.000000 0.000000
-0.037064 -0.072959 -0.159036
0.000000 0.000000 0.000000
-0.431603 0.013677 -0.710754
0.000000 0.000000 0.000000
0.268394 0.375576 -0.887078
0.210497 -0.161340 -0.613474
0.288140 0.362384 -0.616604
-0.117674 -0.030035 -0.495227
0.060336 0.075132 -0.790462
-0.426165 -0.166474 0.018624
-0.282706 -0.168537 -0.571502
-0.369319 -0.030035 -0.520458
0.285627 -0.094160 -0.845585
-0.272836 -0.072959 -0.050873
0.000000 0.000000 0.000000
0.000000 0.000000 0.000000
0.216566 0.366796 -0.665102
0.000000 0.000000 0.000000
0.000000 0.000000 0.000000
-0.046147 -0.161340 -0.457438
-0.267969 -0.139877 -0.745359
-0.276291 -0.072959 0.091876
0.301048 0.189458 -0.010409
0.000000 0.000000 0.000000
0.301048 -0.004759 -0.034324
0.225188 0.248399 -0.790241
0.000000 0.000000 0.000000
-0.157313 -0.161340 -0.319817
0.000000 0.000000 0.000000
0.301048 0.065846 -0.573732
-0.094229 -0.072959 -0.533069
-0.340528 -0.168537 0.074713
-0.440076 -0.144306 -0.203856
0.000000 0.000000 0.000000
0.000000 0.000000 0.000000
0.244538 0.147104 -0.845585
0.000000 0.000000 0.000000
0.222613 0.288141 -0.683284
-0.061520 -0.041481 -0.002244
0.217357 0.283184 -0.393844
-0.278207 -0.312211 -0.786342
0.133917 0.309948 -0.854514
0.067616 -0.072959 -0.111969
-0.237856 -0.161340 -0.699413
0.254187 0.248399 -0.221189
0.301048 0.178431 -0.835296
0.000000 0.000000 0.000000
0.166709 0.218498 -0.069755
0.000000 0.000000 0.000000
0.301048 -0.004054 -0.427528
-0.356731 0.032929 -0.823489
-0.031269 0.032662 -0.822625
0.266471 0.382901 -0.745358
0.301048 0.212120 -0.632493
0.000000 0.000000 0.000000
0.301048 -0.053462 -0.116672
