-0.477634 0.553462 -0.109333
-0.340774 -0.123391 -0.386472
-0.456764 -0.779116 -0.413264
-0.407292 -0.770333 0.407920
0.034311 0.049144 -0.137094
-0.043329 0.374891 0.416611
-0.384790 -0.198800 -0.051210
-0.326342 0.079985 0.259207
0.000000 0.000000 0.000000
-0.451961 0.102868 -0.415082
-0.332651 0.642813 0.337793
-0.430300 -0.343987 -0.372586
0.120208 0.649297 0.457062
0.000000 0.000000 0.000000
-0.395080 0.629691 0.324965
-0.406855 -0.361589 0.337964
-0.068427 0.074687 0.343431
0.000000 0.000000 0.000000
-0.322123 0.040188 -0.082684
-0.125063 0.030236 -0.436615
-0.466680 0.359375 0.132998
-0.417344 -0.179467 -0.367957
-0.063292 -0.153688 -0.403270
0.184952 0.055755 -0.428029
0.107238 0.010100 0.157954
-0.115381 0.639417 0.502856
0.318799 0.651651 0.355170
-0.144490 0.019488 0.091853
-0.331873 -0.107103 0.290312
0.077291 0.412518 0.428977
-0.469522 -0.547904 -0.398559
-0.023801 0.144231 0.355136
-0.301787 0.043998 -0.304469
-0.491696 0.565252 0.122074
-0.374016 -0.549398 0.399316
-0.215461 -0.331229 0.348810
0.229229 0.061725 -0.213510
-0.404362 -0.256798 0.159970
-0.372489 0.265488 0.177240
-0.230837 -0.016732 0.290160
-0.422268 0.056102 0.066145
-0.394785 -0.205376 -0.163679
-0.119825 0.052521 -0.101554
0.007803 0.019384 -0.318451
0.168561 0.059625 -0.030357
-0.448594 0.074411 -0.218570
0.255333 0.656537 0.398626
-0.143429 0.055314 -0.251331
-0.104892 0.482366 0.428127
0.018565 -0.012986 0.245564
-0.030431 0.033344 0.191340
-0.399116 -0.027232 -0.402114
0.000000 0.000000 0.000000
0.006012 0.024368 0.020550
-0.468967 -0.448558 -0.417142
-0.400410 0.162369 0.255685
0.090804 -0.157808 -0.394943
-0.281022 0.053682 0.120524
-0.385852 -0.068123 0.266056
0.058024 0.060096 -0.428856
-0.343511 -0.252691 0.346625
-0.280278 0.054580 -0.401615
-0.407583 -0.640925 0.392013
-0.479338 0.426261 0.078547
0.116259 0.051465 -0.290540
0.067092 0.263550 0.366963
-0.009530 0.619508 0.486176
-0.200444 -0.157118 -0.390320
-0.180564 0.000502 0.349558
-0.454456 -0.052475 -0.420194
0.198776 0.651414 0.427772
0.000000 0.000000 0.000000
0.329971 0.074536 -0.304219
-0.209289 0.058047 -0.026842
-0.463878 -0.627883 -0.432175
-0.388929 0.083547 -0.347381
-0.318400 0.020503 0.167721
-0.081726 0.255348 0.365770
-0.438003 0.562986 0.167439
-0.443322 -0.257289 -0.259611
-0.257749 0.063696 -0.176388
0.057876 0.123836 0.333631
0.117679 0.559290 0.463376
-0.421434 0.087771 -0.080717
-0.485693 0.582799 -0.011294
0.000000 0.000000 0.000000
-0.210687 0.643281 0.470549
-0.442967 -0.203305 -0.429118
-0.385982 -0.255895 -0.055685
-0.377339 -0.432232 0.323946
-0.205129 0.040806 0.191340
0.224351 0.015209 -0.355215
-0.420597 0.297480 0.146785
-0.335581 0.018781 0.315758
-0.362259 -0.186109 0.204983
-0.431560 -0.233985 -0.142930
-0.343008 0.078302 -0.196374
-0.373319 -0.205736 0.069964
-0.122918 -0.008281 0.240264
-0.071462 0.016793 -0.206870
-0.200285 0.014605 -0.343602
-0.064948 0.029259 -0.090796
0.145941 0.055136 -0.143679
-0.084321 0.014613 -0.385776
0.000000 0.000000 0.000000
0.009121 0.060461 -0.344860
-0.393651 0.066361 0.194819
-0.352656 0.249068 0.233268
0.000000 0.000000 0.000000
-0.468053 0.047438 -0.392394
-0.324488 0.070653 0.022782
-0.304357 0.027957 0.032001
-0.126308 0.038140 0.267874
0.103637 0.024555 0.038916
-0.394167 -0.231770 0.270479
-0.232667 0.009325 -0.372789
-0.403837 -0.508179 0.355640
0.030433 0.054988 -0.234648
0.039692 0.034826 0.133561
-0.412166 0.223927 0.210836
-0.388095 -0.161814 0.342251
-0.097574 0.060379 -0.348456
0.089830 0.014829 -0.380222
-0.426967 0.263261 0.204602
-0.061168 0.006996 0.162174
-0.087868 0.044571 -0.005363
0.097656 0.017325 -0.266447
0.228746 0.040012 -0.104529
-0.038486 -0.011204 0.331197
-0.099397 0.569724 0.472669
-0.291458 0.633424 0.425827
-0.462167 -0.307381 -0.421935
0.280545 0.054773 -0.404433
0.047618 0.632895 0.509231
-0.228173 0.036720 0.299386
0.000000 0.000000 0.000000
-0.374356 0.039186 -0.039913
0.062520 0.026165 -0.037655
0.000000 0.000000 0.000000
-0.416115 0.070114 -0.420075
0.031448 0.351785 0.392863
0.484352 0.572531 -0.065857
-0.221808 0.025534 0.072471
-0.023042 0.026092 -0.437136
0.008774 0.031368 0.276976
0.099060 0.029934 -0.090484
-0.471412 0.521831 0.041848
-0.415436 0.624876 0.220151
-0.378302 -0.058555 0.330901
-0.205501 0.039917 -0.111167
-0.424682 -0.491715 -0.386526
-0.344211 -0.380015 0.349945
-0.213569 0.033295 -0.279629
-0.396165 0.043996 -0.146751
0.185106 -0.120970 -0.397947
-0.397744 0.043992 -0.289523
0.165277 0.042256 0.100581
-0.341032 0.008258 -0.406874
-0.359893 -0.706335 0.395530
0.345925 0.054496 -0.378029
0.181357 0.026468 -0.277235
-0.042315 0.051100 -0.278199
0.049784 0.482220 0.440381
-0.060884 0.013970 0.073198
-0.349474 0.078993 -0.098309
0.017254 -0.140740 -0.365198
-0.408220 -0.229423 -0.305112
-0.417754 -0.236263 0.010932
-0.376609 -0.589708 0.352651
-0.340354 0.022504 0.216766
0.193049 0.061381 -0.010297
-0.158678 0.032966 -0.016103
-0.470909 -0.713091 -0.406474
-0.409993 -0.271974 -0.219898
-0.356281 0.084235 -0.267306
-0.267847 0.040093 0.226914
0.107461 0.053328 -0.199065
0.123341 0.057015 -0.429276
-0.397151 0.073822 0.280189
-0.028497 0.052497 -0.185531
-0.215183 0.034582 0.149678
-0.094152 -0.013372 0.328694
-0.432418 -0.094500 -0.357165
-0.150249 0.047241 -0.159883
-0.416354 -0.271201 -0.339137
-0.355602 -0.180139 0.294208
-0.436715 0.425960 0.117842
-0.298520 0.038869 -0.234074
-0.304039 -0.328924 0.349517
-0.170105 0.055426 -0.418562
-0.405199 0.342509 0.185581
0.000000 0.000000 0.000000
-0.062371 0.671368 0.498994
-0.362903 0.038487 0.119073
-0.361435 0.079677 0.121264
0.000000 0.000000 0.000000
0.055952 0.033145 0.207848
0.244994 0.048916 -0.283931
-0.334055 0.183509 0.265325
-0.106669 0.021088 -0.299191
-0.138496 -0.121334 -0.400807
-0.434668 -0.380141 -0.432501
-0.410339 0.073671 -0.006982
-0.124372 0.039809 0.185302
-0.191842 0.059478 -0.355960
-0.369972 -0.445375 0.384892
-0.429780 0.089778 -0.150868
-0.184679 0.035610 -0.163996
-0.406388 -0.283424 0.331625
-0.382576 0.039806 -0.215461
0.020555 0.208640 0.350916
-0.000307 0.021380 -0.254116
-0.446640 0.080905 -0.326617
0.182690 0.059137 -0.349690
-0.358157 -0.250210 0.246862
0.031964 0.016768 0.086454
-0.443729 -0.015517 -0.354547
-0.300330 -0.010331 0.278893
-0.436198 -0.136541 -0.428733
0.169301 0.637295 0.484600
-0.035354 0.307567 0.379503
-0.275743 0.068963 -0.095439
-0.149064 -0.297641 0.343266
0.166837 0.039667 -0.205145
0.044084 0.023483 -0.197383
0.000000 0.000000 0.000000
-0.394244 -0.193356 -0.100868
-0.024446 0.003629 0.129118
-0.344837 0.595452 0.359751
-0.332803 0.066912 0.186899
0.082213 0.017654 -0.340209
0.040364 0.053808 0.323231
-0.008030 0.029467 -0.054786
-0.406516 0.128231 -0.374798
-0.426180 -0.611494 -0.395447
0.232287 0.019185 -0.432552
-0.408106 -0.263072 0.086697
-0.013888 0.024341 -0.093834
-0.275311 0.037221 -0.047193
0.223526 0.028391 -0.016977
-0.365446 0.051225 0.038315
0.117271 0.034278 -0.061601
0.118760 0.055179 -0.368246
-0.496678 0.517004 -0.054924
0.163888 0.008567 -0.376964
-0.418396 -0.564017 -0.407774
-0.324519 0.043315 -0.149279
-0.463098 0.613926 0.178256
-0.350562 -0.308440 0.309760
-0.263356 0.049750 -0.327259
0.021395 0.001954 0.182671
0.292415 0.027244 -0.362996
-0.231404 0.049116 -0.255170
-0.357335 -0.640240 0.392976
-0.095170 0.033167 -0.104143
-0.318711 0.074550 -0.156945
-0.341177 0.044333 -0.357328
-0.417724 -0.194442 -0.225371
-0.077918 0.185054 0.358517
-0.371087 0.069887 0.312277
-0.234220 0.620946 0.403897
0.052220 0.057007 -0.274201
-0.342379 0.075207 -0.013942
-0.391010 -0.185376 0.017531
-0.399249 -0.212082 0.204576
-0.329209 0.061109 -0.399557
0.179319 0.052266 0.043052
-0.057699 -0.005533 0.252558
0.255230 0.037249 -0.171185
-0.275114 0.020476 0.156025
-0.191413 -0.002744 0.222431
-0.087211 0.426014 0.432800
-0.373066 -0.183050 0.142423
-0.055529 0.037840 0.264819
-0.449933 -0.257389 -0.380594
-0.270631 0.064003 0.070692
0.001952 0.015796 -0.377064
0.313416 0.070656 -0.236309
0.077256 0.034597 -0.133067
0.000000 0.000000 0.000000
-0.376736 -0.010630 0.253004
-0.451452 0.594274 0.092149
-0.276247 -0.132478 -0.403983
-0.356399 0.159426 0.218960
-0.071440 0.061476 -0.419316
-0.407754 -0.216459 0.112238
-0.384438 -0.265296 0.013986
-0.303021 0.015307 0.221066
-0.349463 -0.481915 0.356987
-0.180613 0.041767 0.155670
-0.404448 -0.703639 0.410808
-0.130363 0.053169 -0.196838
-0.295076 0.039943 0.275755
-0.018617 0.231619 0.358522
-0.218623 0.036339 -0.438604
0.203018 0.065756 -0.064965
-0.151636 -0.009286 0.295329
0.101465 0.039110 0.209635
-0.401499 -0.119883 0.294149
-0.486328 0.506566 0.086704
-0.423971 -0.233420 -0.059387
-0.270689 0.031756 0.078790
0.250470 0.055671 -0.241963
-0.386325 0.084656 0.051068
-0.139324 0.655724 0.455588
-0.027511 0.030600 -0.025812
-0.133100 0.055115 -0.367035
-0.106126 0.029918 0.327399
-0.103304 0.044213 0.036002
-0.393833 0.005647 0.306629
0.084487 0.042057 0.092004
-0.174380 0.060577 -0.099755
-0.362927 -0.769529 0.406950
-0.417223 0.095139 -0.269936
-0.013102 -0.112366 -0.389391
-0.394411 -0.265845 -0.116357
-0.393621 0.580312 0.280688
0.000000 0.000000 0.000000
-0.448216 -0.666947 -0.388810
-0.355442 -0.104129 0.338307
-0.026660 0.056261 -0.391079
-0.267410 -0.000368 0.329844
-0.056201 0.027086 -0.149299
0.000000 0.000000 0.000000
-0.126496 0.027860 -0.052400
-0.140496 0.007699 -0.395445
0.000000 0.000000 0.000000
0.049871 -0.004395 0.305396
-0.390807 0.044532 -0.100330
-0.013849 0.034412 0.337868
0.000000 0.000000 0.000000
-0.401540 0.094906 -0.196897
-0.181163 0.036225 0.315058
0.300760 0.058717 -0.330673
0.152717 0.058200 -0.097549
-0.110018 0.034571 0.142220
-0.266360 0.069710 0.007535
-0.405362 -0.237769 -0.401035
-0.368475 -0.246349 0.132615
-0.190873 0.027008 0.030264
-0.416201 -0.431414 -0.391855
-0.147333 0.003245 0.177722
-0.450228 0.587962 0.237968
0.000000 0.000000 0.000000
-0.516216 0.511754 -0.136284
-0.398932 -0.079405 -0.387826
0.054866 0.019646 0.032630
-0.097797 0.042423 0.086161
-0.469868 -0.138143 -0.388483
0.101006 0.026158 -0.017524
-0.405549 -0.264525 -0.259940
-0.287798 0.068464 -0.179968
0.189193 0.054056 -0.237956
-0.262091 0.042020 -0.134645
0.000000 0.000000 0.000000
-0.338458 -0.068019 0.270841
0.000000 0.000000 0.000000
-0.006788 0.035347 0.065998
0.042613 0.009074 -0.413984
-0.468165 -0.178314 -0.384542
-0.066474 0.521798 0.452385
-0.403842 0.027879 -0.359598
-0.464706 -0.387093 -0.385251
0.253217 0.057628 -0.350702
-0.154391 0.018206 -0.346659
-0.065832 0.631130 0.465847
0.080745 0.675349 0.478195
0.302038 0.015028 -0.409105
0.141988 0.041083 0.153527
-0.093101 0.056902 -0.271958
0.079303 0.339591 0.408328
-0.384538 0.217086 0.269463
-0.334795 -0.198578 0.327461
0.038364 0.032783 -0.082033
-0.299495 0.077493 -0.060897
-0.288481 0.606947 0.369723
-0.134304 0.058344 -0.309297
-0.287613 0.010795 -0.417369
0.071273 0.595565 0.464253
-0.405072 -0.590472 0.389371
0.249227 0.618647 0.441309
-0.205709 0.058029 -0.203966
-0.109157 0.019720 -0.239463
0.000000 0.000000 0.000000
0.040201 0.021415 -0.280390
0.060541 0.052767 -0.313506
-0.243857 0.003820 0.232146
0.461014 0.593834 0.055975
0.080942 0.025322 -0.436479
0.020315 0.295101 0.390260
-0.406900 0.043728 0.151636
-0.398435 -0.413266 0.371680
-0.311316 0.016726 -0.370744
-0.389882 0.082275 -0.042193
-0.456176 0.125192 -0.372904
-0.049461 0.043322 0.028041
-0.422086 0.049214 -0.199258
-0.417044 -0.283580 -0.422802
-0.336193 0.075283 0.077462
-0.370665 0.107153 0.233241
-0.046424 0.053835 -0.335710
-0.437363 -0.256205 -0.194377
0.000000 0.000000 0.000000
-0.090969 0.345607 0.408128
0.000000 0.000000 0.000000
0.181934 0.009409 -0.415205
-0.353622 0.047727 0.248071
-0.341350 0.075181 -0.310419
-0.259499 -0.300811 0.332627
-0.004113 -0.015091 0.296356
0.127492 -0.116485 -0.386947
-0.439704 0.059555 -0.346134
0.018532 0.051633 -0.173311
-0.078319 0.053018 -0.195166
-0.032040 0.048983 -0.238170
0.205047 0.036025 -0.163948
-0.433723 -0.198242 -0.276905
0.170086 0.029109 -0.053411
-0.385727 0.072923 -0.163934
-0.441974 0.058526 -0.272144
0.455709 0.562394 -0.012221
-0.364395 -0.350293 0.309994
-0.408451 0.064643 0.110127
-0.350622 0.078078 -0.060739
-0.170929 0.039545 0.224229
0.280616 0.038662 -0.208521
-0.335285 0.026908 0.079234
-0.057091 0.018881 0.308970
-0.213152 0.022512 0.333045
0.069176 -0.013595 0.269969
0.100974 0.468346 0.427337
-0.041853 0.019953 -0.306501
0.002285 0.038335 0.229579
-0.024333 0.048405 -0.122318
-0.385452 -0.266671 0.209278
-0.425530 -0.711445 -0.407805
-0.434219 -0.521666 -0.434551
0.120780 0.035720 0.107982
-0.399435 -0.188546 0.296490
-0.356964 -0.535414 0.354259
-0.254001 0.028075 0.001419
-0.031552 -0.007740 0.209443
-0.191643 0.048003 -0.234121
-0.182700 0.046785 0.069839
0.000000 0.000000 0.000000
-0.350224 0.036985 -0.009995
-0.174523 0.030416 -0.071375
-0.384132 0.296555 0.219471
0.113624 0.055128 -0.239259
0.085142 0.040716 0.141867
-0.175959 0.054917 0.011574
0.001461 0.054990 -0.436905
0.077513 0.056173 -0.394912
-0.323741 0.131703 0.264062
-0.227206 0.062425 -0.087215
-0.424187 0.050375 -0.050177
0.083008 0.004067 0.190135
-0.164911 0.025710 -0.291353
-0.231509 0.031764 -0.068565
-0.188717 0.040384 0.115258
0.464956 0.527675 -0.095532
-0.306231 0.070161 -0.264395
-0.481395 0.594631 0.048732
-0.359864 0.213255 0.200915
-0.434241 0.612626 0.271466
0.235265 -0.157009 -0.388167
0.069414 0.201929 0.363140
-0.523195 0.554187 -0.083336
-0.093899 0.009096 0.120923
0.007620 0.164093 0.340861
-0.232803 0.054730 -0.407718
-0.473513 0.532187 -0.006760
-0.199222 0.056484 -0.310464
0.227391 0.061518 -0.144459
-0.197624 0.008319 -0.403801
-0.082390 0.033430 0.197353
-0.331824 0.039321 -0.221540
-0.128232 0.010564 0.356238
0.040202 0.427224 0.423011
-0.234811 0.006425 0.193845
-0.315523 0.653862 0.384684
-0.003389 0.040041 0.115373
-0.376250 -0.175351 0.247275
0.006176 0.024213 -0.208397
0.000000 0.000000 0.000000
-0.428076 0.364356 0.107734
0.138917 0.024443 0.068811
0.291536 0.044158 -0.279968
0.000000 0.000000 0.000000
0.041661 0.031513 0.282745
0.124891 0.033090 -0.176585
0.059603 0.529138 0.458198
-0.373786 0.054956 -0.388640
0.000000 0.000000 0.000000
-0.396954 0.341300 0.145524
0.170589 0.050861 -0.307296
0.142041 0.045639 0.003872
-0.362482 0.032213 0.170777
-0.336873 -0.150350 0.329848
0.215586 0.046368 -0.262937
-0.408722 0.576073 0.231843
-0.467155 -0.295959 -0.385177
0.174468 0.055501 -0.394385
-0.452552 0.328760 0.165030
-0.425543 -0.660164 -0.427134
-0.042733 0.008324 -0.391518
-0.385836 -0.739078 0.378197
-0.437710 0.053683 -0.118983
-0.351778 -0.236353 0.293520
-0.381152 0.073061 -0.113865
-0.373210 -0.350355 0.373998
-0.134147 0.041730 0.052255
-0.073466 0.040477 -0.043971
-0.116322 0.519465 0.459556
-0.222485 0.059653 0.035607
-0.136174 -0.330622 0.321513
-0.328394 0.016749 0.268619
-0.379616 0.043783 -0.327364
-0.216496 0.038447 0.257225
-0.058835 0.022214 -0.244645
-0.105312 -0.014811 0.279990
0.128124 0.009056 -0.411395
-0.195843 -0.019896 0.320950
-0.450057 -0.236025 -0.346175
0.127600 0.014324 -0.310965
-0.087668 0.300599 0.384509
0.000297 -0.001343 0.197806
-0.469679 -0.096190 -0.392541
0.065837 -0.124924 -0.368106
0.000000 0.000000 0.000000
-0.455683 -0.744186 -0.440076
-0.062641 0.458305 0.421495
0.000000 0.000000 0.000000
-0.435615 -0.199314 -0.325599
0.060974 0.033284 -0.109247
-0.123662 0.050873 -0.011797
-0.381114 -0.668289 0.365988
0.005587 0.051178 -0.284962
-0.485342 0.469360 0.058956
0.074227 0.382159 0.400817
-0.153272 0.056427 -0.133683
0.000000 0.000000 0.000000
-0.000585 0.110997 0.331473
-0.288827 0.030553 0.320135
-0.440072 0.386356 0.155660
0.041887 0.005456 0.125626
-0.381385 -0.229231 -0.011938
-0.398522 0.256465 0.246146
-0.229403 0.067602 -0.140438
0.034958 0.037546 -0.001522
-0.107665 0.051946 -0.175967
-0.106498 0.017444 -0.341650
-0.403740 -0.461832 0.348621
0.122528 0.053708 -0.036294
-0.405918 0.017000 -0.413619
-0.120978 0.061557 -0.410478
0.082107 0.038121 0.248408
0.145641 0.059794 -0.345814
0.175930 0.027214 -0.013322
-0.363489 0.072101 0.213769
0.087379 0.023780 -0.222672
-0.471621 0.608403 0.132256
0.226252 0.053143 -0.364688
-0.078582 -0.127168 -0.367697
-0.030983 0.191576 0.346935
-0.266912 0.065501 -0.232560
-0.042476 0.035616 0.095412
-0.399378 -0.231187 -0.207892
-0.393709 0.085345 -0.390160
0.045929 -0.151667 -0.405536
-0.432066 -0.092502 -0.427536
-0.359238 0.042150 -0.108566
0.140862 0.028439 -0.249374
-0.451484 -0.583612 -0.436841
0.000000 0.000000 0.000000
-0.401204 -0.035317 0.288937
0.093819 0.641046 0.505985
-0.064265 0.014984 -0.433523
0.000000 0.000000 0.000000
0.000000 0.000000 0.000000
0.181328 0.040316 -0.124387
-0.452533 0.558455 0.063766
-0.461781 -0.239289 -0.419901
-0.321909 0.031780 -0.038576
-0.244648 -0.132724 -0.371473
0.182325 0.612046 0.442908
-0.260337 0.032807 0.267457
-0.403560 -0.151584 -0.405209
-0.300052 0.056783 -0.351170
-0.028993 0.037383 0.293750
-0.382427 0.077237 0.083099
0.219350 0.054869 -0.400107
-0.282101 0.038610 -0.196613
-0.411128 0.094427 -0.309565
-0.392684 0.637860 0.280834
-0.290033 0.043932 0.183101
-0.381489 0.310733 0.165414
-0.430167 -0.431678 -0.431719
-0.426171 -0.275352 -0.292867
-0.271165 0.072657 -0.031285
-0.326266 0.039569 -0.268301
0.057776 0.314063 0.381277
0.235344 0.037204 -0.320262
-0.160292 0.053432 -0.204674
0.051262 0.055098 -0.364686
-0.425198 0.099292 -0.359721
-0.467299 -0.046089 -0.378309
-0.148657 0.012107 0.134266
-0.377704 -0.732803 0.424647
-0.317041 0.067950 0.127289
-0.413405 -0.226707 -0.362574
0.188743 0.024244 -0.324682
-0.404631 0.034101 0.035646
-0.287354 0.035210 -0.004586
-0.156698 -0.157204 -0.383245
-0.265435 0.033077 0.036107
0.264711 0.013522 -0.403412
-0.013596 0.020198 -0.168701
0.087133 0.009996 0.114958
-0.249530 0.029460 0.123562
-0.423927 0.070311 0.028714
-0.346631 -0.274076 0.306278
0.233658 0.065078 0.011229
-0.215249 0.654183 0.424540
-0.027136 0.646676 0.515197
-0.412257 -0.225066 0.066376
0.214515 0.007652 -0.395721
-0.295956 0.041354 -0.111349
-0.227882 0.029176 -0.031395
-0.414293 -0.323818 -0.418845
-0.056790 -0.016836 0.292873
0.222253 0.622292 0.406547
-0.377194 0.033924 0.071153
0.033190 0.239682 0.378294
0.152367 0.055379 -0.257522
-0.404042 -0.320867 0.351193
0.007319 0.042965 -0.002493
0.125362 0.038267 -0.109617
-0.164974 0.016703 -0.433535
-0.183268 -0.328453 0.320706
-0.243610 0.053579 0.100662
0.086125 0.060093 -0.341630
-0.448836 0.450332 0.072211
-0.412570 -0.273037 -0.164246
0.193070 0.025846 0.067776
-0.360571 -0.227810 0.214290
0.162670 -0.142184 -0.368862
-0.235038 0.053280 -0.366881
0.024568 0.021030 -0.441521
-0.154230 0.051691 -0.043354
-0.426786 -0.220380 -0.097222
0.102462 0.617293 0.472221
-0.067449 0.011119 -0.347955
-0.239347 0.025393 -0.333941
-0.366871 0.072176 0.164331
0.332572 0.048156 -0.415253
-0.002809 0.659695 0.476568
-0.188056 0.062728 -0.057176
-0.102194 0.030624 -0.147774
-0.391710 0.038574 0.248698
0.000000 0.000000 0.000000
-0.073645 0.055710 -0.379894
0.047250 0.016293 -0.237626
-0.374712 0.083773 -0.221315
-0.352570 -0.026500 0.326642
-0.420535 -0.473763 -0.423752
0.062299 0.047910 -0.215152
0.072905 0.037773 0.291434
-0.402896 -0.222368 -0.248849
-0.355039 0.080643 -0.133859
0.171067 0.056539 -0.169876
-0.382049 -0.629436 0.358889
-0.320124 0.051629 0.230051
-0.098452 0.385732 0.412939
0.190549 0.032302 -0.087678
-0.404130 -0.270789 -0.020038
-0.393808 -0.309650 0.307927
-0.317844 0.055426 -0.333953
-0.214191 0.055829 -0.178476
-0.426238 -0.196403 -0.135700
-0.296541 0.071794 -0.128471
-0.460721 -0.626428 -0.391027
0.289463 0.038727 -0.240444
-0.242409 0.043394 -0.298311
-0.243511 0.037656 -0.217865
0.070778 0.044380 0.004589
-0.388799 -0.235094 -0.091258
-0.359365 -0.125587 0.269863
0.129086 0.045264 0.033740
-0.420885 0.055477 -0.084452
-0.058924 0.048154 -0.120773
0.064755 0.009760 0.147989
-0.084400 0.021710 0.039810
-0.042132 0.023273 -0.200702
-0.125147 -0.137731 -0.366602
-0.154645 0.031999 -0.098528
-0.031301 0.021287 0.051424
0.052967 0.009562 -0.372270
-0.425440 0.095848 -0.198132
-0.375350 0.017286 -0.378572
0.140366 0.050520 -0.059448
-0.423438 0.045492 -0.236575
0.000000 0.000000 0.000000
-0.018939 0.009948 0.080796
-0.129522 0.026848 0.013664
-0.336615 0.206371 0.231671
0.275216 0.039656 -0.315648
-0.212106 -0.008992 0.258010
0.084204 0.045268 -0.168399
-0.091603 -0.001527 0.186936
0.045877 0.673172 0.496849
-0.294345 0.064195 0.039009
0.075268 0.041313 -0.064181
0.199113 0.065000 -0.102898
0.050812 0.085100 0.344919
0.043207 0.036441 0.063671
-0.159531 0.037788 0.286751
