-0.096134 -0.083391 0.044740
-0.169757 -0.124820 -0.058557
-0.041643 -0.081452 0.044740
0.000000 0.000000 0.000000
0.000000 0.000000 0.000000
0.029461 0.068844 -0.035337
0.196239 -0.212854 -0.010714
-0.288815 0.049122 0.044740
0.000000 0.000000 0.000000
-0.145031 0.103008 -0.026440
0.000000 0.000000 0.000000
0.000000 0.000000 0.000000
0.047049 -0.113883 -0.026440
-0.246837 -0.023631 -0.026440
0.000000 0.000000 0.000000
0.000000 0.000000 0.000000
-0.050679 -0.019349 -0.026440
-0.028504 0.093283 0.044740
0.078671 -0.160544 0.045828
-0.183827 -0.063259 0.044740
0.000000 0.000000 0.000000
0.000000 0.000000 0.000000
0.000000 0.000000 0.000000
0.000000 0.000000 0.000000
-0.247783 0.075023 -0.026440
-0.288529 0.169159 0.044740
-0.000736 0.093634 -0.026440
-0.154112 -0.026262 -0.046636
-0.062093 -0.149794 -0.026440
-0.233995 0.148781 0.021487
0.024712 -0.182966 0.020812
-0.158212 0.064338 0.045852
0.000000 0.000000 0.000000
0.000000 0.000000 0.000000
0.131245 -0.201078 -0.026440
0.014881 0.013818 0.044740
0.073856 -0.090932 0.044740
0.046690 -0.029057 -0.006991
-0.304584 0.126378 -0.026440
0.000000 0.000000 0.000000
0.000000 0.000000 0.000000
0.000000 0.000000 0.000000
0.000000 0.000000 0.000000
-0.101864 -0.214061 -0.062302
0.136197 -0.224339 0.038075
0.000000 0.000000 0.000000
-0.215817 0.101615 0.044740
-0.081900 0.004631 0.044740
-0.250223 -0.055475 -0.026440
-0.092004 0.037826 -0.026440
0.000000 0.000000 0.000000
-0.064989 0.107663 0.017391
-0.076143 -0.145539 0.010212
0.000000 0.000000 0.000000
-0.017924 -0.046292 -0.026440
0.054641 0.048622 -0.006763
-0.142386 0.030286 -0.045894
-0.036492 -0.160253 0.026338
0.000000 0.000000 0.000000
0.000000 0.000000 0.000000
-0.125200 -0.099284 -0.026440
0.154749 -0.021205 -0.021523
0.113086 -0.130919 -0.021426
0.000000 0.000000 0.000000
0.000000 0.000000 0.000000
-0.214223 -0.084069 -0.026440
0.000000 0.000000 0.000000
-0.230194 0.008047 0.045852
-0.043615 -0.066711 -0.026440
0.000000 0.000000 0.000000
0.000000 0.000000 0.000000
-0.332899 0.186126 -0.019665
-0.283238 0.047061 -0.040514
0.108955 0.016631 -0.044975
0.085254 -0.000956 0.044740
0.000000 0.000000 0.000000
0.081081 -0.048534 -0.011790
-0.201850 0.021851 -0.026825
-0.149250 -0.037451 0.045852
-0.044833 0.049762 -0.026440
0.188798 -0.232487 -0.017787
0.000000 0.000000 0.000000
0.000000 0.000000 0.000000
0.000000 0.000000 0.000000
-0.149702 -0.140424 0.005339
0.016464 0.006273 -0.035564
-0.208379 0.097233 -0.026440
0.000000 0.000000 0.000000
0.000000 0.000000 0.000000
-0.150580 -0.112493 0.044740
0.000000 0.000000 0.000000
0.015301 -0.127727 0.044740
-0.011742 -0.143309 -0.026440
0.015911 -0.055310 0.044740
0.149390 -0.163663 0.043607
-0.096899 0.075425 0.044740
0.000000 0.000000 0.000000
0.000000 0.000000 0.000000
0.000000 0.000000 0.000000
0.064031 -0.189321 -0.026440
0.000000 0.000000 0.000000
0.000000 0.000000 0.000000
-0.402742 0.212499 -0.016765
0.000000 0.000000 0.000000
0.000000 0.000000 0.000000
-0.249232 0.154534 -0.018404
-0.296486 0.066122 -0.026440
-0.199382 -0.064542 -0.061451
0.000000 0.000000 0.000000
0.000000 0.000000 0.000000
-0.104166 -0.038908 -0.031720
-0.301302 0.130900 0.044740
0.000000 0.000000 0.000000
0.000000 0.000000 0.000000
0.000000 0.000000 0.000000
-0.154101 0.118613 0.037540
-0.084302 0.103211 -0.023774
0.000000 0.000000 0.000000
-0.351940 0.193316 0.040309
0.081583 -0.022777 -0.045145
0.000000 0.000000 0.000000
-0.194948 -0.030505 -0.026440
-0.045279 0.036775 0.045852
0.000000 0.000000 0.000000
-0.159580 -0.067018 -0.026440
-0.079073 -0.098907 -0.026440
0.000000 0.000000 0.000000
0.110590 -0.128668 0.030992
0.082293 -0.204334 0.026609
-0.244023 0.122789 0.044740
0.000000 0.000000 0.000000
0.189317 -0.231934 0.031392
0.000000 0.000000 0.000000
0.159769 -0.173025 -0.000085
-0.202350 -0.064479 -0.026440
-0.059406 -0.024303 0.045852
-0.097906 0.044871 -0.046302
0.000000 0.000000 0.000000
0.000000 0.000000 0.000000
0.081332 -0.100479 -0.014278
0.000000 0.000000 0.000000
-0.195576 -0.154410 -0.026440
-0.136492 0.022033 0.045852
-0.028947 0.028919 -0.045871
-0.188073 0.131440 -0.008757
0.080307 0.012139 -0.006228
-0.146077 0.006304 -0.017769
0.000000 0.000000 0.000000
-0.279450 0.005737 -0.040431
-0.059292 0.044111 -0.045356
0.172570 -0.184572 0.038717
-0.348501 0.090520 -0.026440
0.000000 0.000000 0.000000
0.049719 -0.054390 -0.026440
0.000000 0.000000 0.000000
0.000000 0.000000 0.000000
0.000000 0.000000 0.000000
0.000000 0.000000 0.000000
0.000000 0.000000 0.000000
-0.150870 0.053822 -0.025747
0.000000 0.000000 0.000000
0.000000 0.000000 0.000000
0.140671 -0.225998 -0.007687
-0.081771 -0.011386 -0.046198
-0.034540 0.115316 -0.022205
0.048527 -0.191804 0.043834
0.073966 -0.066039 0.016337
-0.100279 -0.037983 0.044740
0.000000 0.000000 0.000000
-0.185487 0.035648 -0.031845
-0.213248 -0.133596 -0.026440
-0.020917 -0.017797 0.044740
0.064333 -0.138141 0.045039
0.000000 0.000000 0.000000
-0.112133 0.000314 -0.017769
-0.180822 -0.006611 0.044740
-0.263192 0.102623 -0.026440
0.000000 0.000000 0.000000
0.000000 0.000000 0.000000
0.000000 0.000000 0.000000
0.000000 0.000000 0.000000
-0.009675 0.037435 -0.017769
-0.235984 0.055021 0.045852
0.000000 0.000000 0.000000
0.000000 0.000000 0.000000
-0.247236 0.032153 -0.026440
0.006347 -0.087106 -0.026440
-0.282925 0.167256 -0.004987
0.069778 -0.055122 0.044740
-0.230442 -0.051772 0.047230
0.000000 0.000000 0.000000
-0.112726 -0.135334 0.030103
-0.138248 -0.162560 -0.062470
0.000000 0.000000 0.000000
0.000000 0.000000 0.000000
-0.111568 0.098630 0.044740
0.000000 0.000000 0.000000
0.000000 0.000000 0.000000
0.000000 0.000000 0.000000
-0.183550 0.020711 0.045852
0.000000 0.000000 0.000000
-0.115805 -0.130894 -0.026440
0.000000 0.000000 0.000000
-0.257242 0.002455 -0.054675
0.000000 0.000000 0.000000
-0.200636 -0.100720 0.044740
0.000000 0.000000 0.000000
0.000000 0.000000 0.000000
-0.279432 0.096103 0.044740
0.025779 -0.178145 -0.026440
-0.021334 0.002847 -0.045811
-0.017935 -0.142623 0.044740
0.018156 -0.023169 -0.044876
0.050321 -0.148105 -0.051770
0.000000 0.000000 0.000000
-0.251238 -0.104397 -0.026440
0.000000 0.000000 0.000000
0.019689 0.043011 -0.044850
-0.066478 -0.118633 0.044740
-0.019103 -0.007449 -0.017769
0.000000 0.000000 0.000000
0.118550 -0.028783 -0.008982
-0.102364 0.038489 0.044740
0.000000 0.000000 0.000000
-0.123190 0.081412 -0.026440
0.056002 0.029491 -0.045326
0.097499 -0.209978 0.005357
0.000000 0.000000 0.000000
0.000000 0.000000 0.000000
0.000000 0.000000 0.000000
0.000000 0.000000 0.000000
0.000000 0.000000 0.000000
0.000000 0.000000 0.000000
-0.377086 0.168858 -0.026440
-0.037555 -0.110956 -0.026440
0.000000 0.000000 0.000000
0.073786 -0.148862 -0.026440
-0.323887 0.182724 0.019463
-0.142337 -0.075629 0.044740
0.000000 0.000000 0.000000
0.114909 -0.190681 0.045039
0.000000 0.000000 0.000000
-0.219071 -0.022106 -0.026440
0.000000 0.000000 0.000000
0.000000 0.000000 0.000000
-0.252584 0.023409 0.044740
0.000000 0.000000 0.000000
0.023889 -0.093615 0.044740
-0.019002 0.052154 0.044740
0.000000 0.000000 0.000000
0.000000 0.000000 0.000000
0.000000 0.000000 0.000000
-0.207606 0.057598 -0.031845
0.046204 -0.019968 0.044740
0.057736 0.000899 -0.038974
-0.122622 0.106820 0.008071
-0.230089 0.044136 -0.047830
0.000000 0.000000 0.000000
0.000000 0.000000 0.000000
0.091080 -0.038212 0.040557
0.000000 0.000000 0.000000
-0.120789 -0.011119 -0.045761
0.000000 0.000000 0.000000
0.000000 0.000000 0.000000
-0.243619 0.080486 0.044740
-0.185283 0.004238 -0.026440
-0.009366 0.054508 -0.021499
-0.182740 -0.151911 0.015201
0.129167 -0.023068 -0.044162
0.093660 -0.187172 -0.026440
0.000000 0.000000 0.000000
0.000000 0.000000 0.000000
0.000000 0.000000 0.000000
0.000000 0.000000 0.000000
0.000000 0.000000 0.000000
0.000000 0.000000 0.000000
-0.023336 -0.165135 -0.002730
0.000000 0.000000 0.000000
0.041292 0.015377 -0.006201
-0.056682 0.021746 -0.026440
-0.364295 0.197981 -0.008490
0.137508 -0.160032 -0.026440
-0.137047 -0.052822 -0.030405
0.000000 0.000000 0.000000
0.000000 0.000000 0.000000
-0.260703 0.042163 -0.053499
-0.301363 0.013319 -0.026440
0.000000 0.000000 0.000000
0.000000 0.000000 0.000000
-0.210890 0.128910 -0.026440
0.000000 0.000000 0.000000
0.032885 -0.161569 0.045820
0.000000 0.000000 0.000000
0.000000 0.000000 0.000000
0.163510 -0.234794 0.026313
0.000000 0.000000 0.000000
0.021647 0.034470 -0.017769
-0.199975 -0.028159 0.045852
0.000000 0.000000 0.000000
-0.016202 -0.116403 -0.026440
-0.008007 -0.170824 0.029338
-0.206489 0.044947 0.044740
-0.020619 -0.064666 0.044740
-0.275478 -0.029819 -0.045972
0.073527 -0.015433 -0.017938
-0.178009 0.074038 -0.026440
0.000000 0.000000 0.000000
-0.220130 0.004548 -0.047504
0.128050 -0.144415 0.009597
0.000000 0.000000 0.000000
0.025878 -0.139041 -0.026440
-0.117945 -0.114934 0.044740
-0.185933 0.123774 0.044740
0.110653 -0.022930 0.011583
0.111300 -0.008377 -0.032301
0.000000 0.000000 0.000000
0.000000 0.000000 0.000000
0.000000 0.000000 0.000000
0.000000 0.000000 0.000000
0.056741 0.010905 -0.024747
0.000000 0.000000 0.000000
0.073319 -0.079521 -0.017033
-0.099502 -0.073113 -0.026440
-0.158504 0.120275 0.001795
0.000000 0.000000 0.000000
-0.124316 -0.019775 0.045852
-0.175360 -0.044672 -0.026440
-0.014780 0.017599 0.044740
0.000000 0.000000 0.000000
0.000000 0.000000 0.000000
0.000000 0.000000 0.000000
-0.186228 -0.105565 -0.026440
-0.055937 0.069417 0.045852
0.000000 0.000000 0.000000
0.000000 0.000000 0.000000
0.000000 0.000000 0.000000
-0.032312 -0.111318 0.044740
0.000000 0.000000 0.000000
0.020890 -0.046055 -0.035337
0.000000 0.000000 0.000000
-0.138119 -0.025845 -0.017769
0.000000 0.000000 0.000000
-0.112018 0.060876 -0.035337
-0.171262 0.016131 -0.046297
0.086753 -0.121339 0.045818
-0.079029 -0.039755 -0.026440
-0.155560 -0.100604 -0.026440
-0.123684 0.062382 0.045852
0.000000 0.000000 0.000000
0.000000 0.000000 0.000000
0.000000 0.000000 0.000000
0.012028 -0.022613 0.044740
-0.065744 -0.045833 0.044740
-0.322568 0.166605 0.044740
-0.048143 0.082529 -0.026440
-0.171504 -0.014875 -0.026440
-0.350340 0.160310 -0.026440
-0.014232 -0.024736 -0.045531
0.000000 0.000000 0.000000
0.181726 -0.192832 -0.014289
-0.281729 -0.073397 -0.026440
0.000000 0.000000 0.000000
0.000000 0.000000 0.000000
-0.149574 0.002784 -0.045939
0.000000 0.000000 0.000000
0.000000 0.000000 0.000000
0.000000 0.000000 0.000000
0.000000 0.000000 0.000000
0.051218 -0.192802 0.008166
0.000000 0.000000 0.000000
0.000000 0.000000 0.000000
-0.161709 -0.144598 -0.018276
0.000000 0.000000 0.000000
0.095108 -0.007895 -0.002196
0.000000 0.000000 0.000000
0.000000 0.000000 0.000000
0.000000 0.000000 0.000000
-0.165046 -0.123016 -0.026440
-0.149352 0.032778 -0.026440
0.000000 0.000000 0.000000
0.000000 0.000000 0.000000
0.006773 -0.008210 -0.017769
-0.090728 0.102539 0.007113
-0.278216 -0.009747 -0.026440
0.040380 -0.011899 -0.038974
-0.186561 0.088921 0.044740
0.000000 0.000000 0.000000
-0.201953 0.136682 0.028516
0.000000 0.000000 0.000000
-0.326715 0.075440 -0.026440
0.000000 0.000000 0.000000
-0.125794 -0.024790 -0.046276
-0.114949 0.104611 -0.019949
0.000000 0.000000 0.000000
0.000000 0.000000 0.000000
0.016497 -0.166053 0.044740
-0.119009 -0.188029 -0.064022
-0.267464 0.146111 0.044740
0.000000 0.000000 0.000000
-0.184439 -0.011314 -0.046858
-0.067432 -0.148771 0.040162
0.000000 0.000000 0.000000
0.046076 -0.072623 0.044740
0.000000 0.000000 0.000000
0.000000 0.000000 0.000000
-0.213121 -0.048017 -0.048213
-0.057511 0.003301 -0.045348
-0.227800 0.021873 -0.026825
0.065381 0.041456 -0.044557
0.000000 0.000000 0.000000
0.132379 -0.017933 -0.017594
0.084284 0.016954 -0.032301
-0.051435 0.004344 0.045852
0.000000 0.000000 0.000000
0.196244 -0.213032 0.037048
0.000000 0.000000 0.000000
0.000000 0.000000 0.000000
-0.161060 0.030445 0.045852
0.000000 0.000000 0.000000
-0.065086 -0.064309 0.044740
-0.141170 0.094704 0.044740
0.000000 0.000000 0.000000
0.000000 0.000000 0.000000
-0.001432 0.070110 -0.035337
0.000000 0.000000 0.000000
-0.228973 -0.080164 0.044740
0.000000 0.000000 0.000000
0.000000 0.000000 0.000000
0.000000 0.000000 0.000000
-0.116201 0.025380 -0.038194
0.011569 0.011316 -0.017769
0.000000 0.000000 0.000000
-0.177652 -0.142640 0.044740
0.000000 0.000000 0.000000
0.000000 0.000000 0.000000
0.106918 -0.156727 0.045039
0.000000 0.000000 0.000000
0.000000 0.000000 0.000000
0.080418 -0.120059 -0.026440
-0.301951 0.167916 -0.026440
0.080151 -0.188972 0.045039
0.000000 0.000000 0.000000
-0.066658 0.035850 0.045852
-0.107401 -0.135943 0.000432
0.000000 0.000000 0.000000
0.080776 -0.203771 -0.010799
-0.230525 -0.005924 -0.026440
-0.009198 -0.089161 0.044740
0.000000 0.000000 0.000000
-0.140586 0.047880 -0.038194
0.112520 -0.215552 0.028496
0.000000 0.000000 0.000000
-0.298119 0.172994 0.015226
0.166279 -0.021268 -0.044412
-0.002520 0.029080 -0.044996
-0.151919 -0.002011 0.045852
-0.112019 -0.019288 -0.025537
-0.291745 0.094425 -0.026440
0.059808 -0.114769 0.047093
0.000000 0.000000 0.000000
0.000000 0.000000 0.000000
0.078807 -0.096511 0.019381
-0.172894 0.124326 -0.026440
-0.205537 0.003171 0.045852
0.000000 0.000000 0.000000
0.000000 0.000000 0.000000
0.000000 0.000000 0.000000
0.096412 -0.029769 -0.026440
-0.089828 -0.140460 -0.025926
-0.321817 0.104142 -0.026440
-0.191160 0.044492 -0.046483
0.000000 0.000000 0.000000
0.052194 -0.004871 -0.008548
-0.252286 -0.128521 -0.026440
-0.210861 -0.032824 -0.047830
0.000000 0.000000 0.000000
-0.127489 0.025839 -0.017769
-0.263892 0.018515 -0.044338
0.000000 0.000000 0.000000
0.000000 0.000000 0.000000
-0.092596 -0.012588 0.045852
0.000000 0.000000 0.000000
-0.277676 0.025642 -0.026440
0.000000 0.000000 0.000000
0.000000 0.000000 0.000000
-0.021300 0.087566 -0.026440
-0.145408 -0.139003 0.039321
0.000000 0.000000 0.000000
0.086910 -0.005221 -0.026440
-0.235078 -0.026890 0.045852
-0.087854 -0.119809 0.044740
0.170834 -0.213834 -0.026440
0.100314 -0.211022 -0.024449
0.005385 -0.033063 -0.026813
-0.206525 0.070074 0.045659
-0.016976 -0.072233 -0.026440
0.066955 0.031899 -0.012460
-0.233167 -0.151405 -0.026440
0.000000 0.000000 0.000000
0.000000 0.000000 0.000000
0.000000 0.000000 0.000000
0.000000 0.000000 0.000000
0.000000 0.000000 0.000000
-0.065085 -0.122056 -0.026440
0.000000 0.000000 0.000000
-0.180301 0.100535 -0.026440
0.000000 0.000000 0.000000
-0.035830 -0.154819 -0.026440
0.000000 0.000000 0.000000
-0.225336 0.145511 -0.010246
0.000000 0.000000 0.000000
0.169350 -0.237101 -0.000072
0.000000 0.000000 0.000000
0.014824 0.051592 -0.017769
0.101588 -0.154347 -0.026440
-0.218960 0.036941 -0.026825
-0.081666 0.014879 -0.026440
0.000000 0.000000 0.000000
-0.115606 0.005966 0.045852
0.000000 0.000000 0.000000
-0.304771 0.041083 -0.026440
-0.227305 -0.167404 -0.007951
0.037641 0.017919 -0.038974
-0.182406 0.055311 0.044740
-0.235974 -0.034913 -0.034602
0.000000 0.000000 0.000000
-0.270672 0.068138 0.044740
0.000000 0.000000 0.000000
-0.031064 0.014582 -0.035131
-0.249900 0.054847 -0.043051
0.074213 -0.029057 -0.010275
0.000000 0.000000 0.000000
-0.175539 -0.033805 0.045852
0.000000 0.000000 0.000000
0.048657 0.056176 -0.026440
-0.067540 -0.093235 0.044740
0.194742 -0.207335 0.016743
-0.343716 0.190211 0.004406
-0.068282 -0.074330 -0.026440
0.043345 -0.105986 0.044740
-0.251661 -0.026106 -0.053530
0.000000 0.000000 0.000000
-0.013250 -0.166925 -0.026440
0.000000 0.000000 0.000000
-0.129070 -0.072826 -0.026440
0.057493 -0.157303 0.045039
0.000000 0.000000 0.000000
0.000000 0.000000 0.000000
0.000000 0.000000 0.000000
0.000000 0.000000 0.000000
0.000000 0.000000 0.000000
-0.311942 0.178213 -0.009681
0.000000 0.000000 0.000000
-0.205379 0.023615 -0.046431
0.000000 0.000000 0.000000
0.000000 0.000000 0.000000
0.000000 0.000000 0.000000
-0.257776 0.017501 -0.026440
0.000000 0.000000 0.000000
0.000000 0.000000 0.000000
-0.373788 0.142389 -0.026440
-0.228429 0.112220 -0.026440
-0.039661 -0.011462 -0.045659
-0.181655 -0.083981 -0.026440
-0.383592 0.200565 -0.026440
0.000000 0.000000 0.000000
-0.130582 0.047173 -0.017769
-0.271802 0.119651 0.044740
-0.062741 0.102201 -0.026440
0.038117 0.043442 -0.032200
-0.033203 0.115652 0.016302
-0.274674 0.158508 -0.026440
0.000000 0.000000 0.000000
-0.001609 -0.003493 0.044740
0.000000 0.000000 0.000000
0.000000 0.000000 0.000000
-0.008331 0.013990 -0.026440
0.095713 -0.035144 -0.006130
0.051179 -0.142099 -0.030262
-0.130662 -0.052001 0.044740
0.000000 0.000000 0.000000
-0.091089 -0.139993 0.040605
-0.162237 0.067712 -0.035337
0.162203 -0.205525 0.044740
0.000000 0.000000 0.000000
0.000000 0.000000 0.000000
0.000000 0.000000 0.000000
-0.102379 -0.111197 -0.026440
0.000000 0.000000 0.000000
0.000000 0.000000 0.000000
-0.028561 -0.024859 -0.026440
0.063248 -0.028757 -0.033384
-0.208785 -0.002415 -0.026440
-0.041392 -0.057220 0.044740
-0.083871 0.055663 0.045852
0.040901 -0.137855 0.045039
-0.164492 -0.019932 0.044740
-0.041614 -0.146196 0.044740
-0.120002 -0.084942 0.044740
-0.031454 0.070457 -0.033484
-0.115341 0.036914 -0.026440
-0.329179 0.126570 -0.026440
0.038481 -0.051844 0.044740
0.022888 -0.182289 -0.002908
0.000000 0.000000 0.000000
-0.286438 -0.030827 -0.026440
0.000000 0.000000 0.000000
-0.142045 -0.128906 -0.026440
-0.005526 -0.110521 0.044740
0.000000 0.000000 0.000000
-0.219437 -0.046409 -0.026825
0.000000 0.000000 0.000000
-0.261238 0.045391 0.044740
-0.212266 -0.109973 -0.026440
0.000000 0.000000 0.000000
-0.012048 0.046940 -0.038194
-0.258877 0.002377 0.044740
-0.227575 0.057322 -0.031845
-0.048706 -0.155721 0.008085
0.000000 0.000000 0.000000
-0.135753 0.014228 -0.038136
0.001606 -0.071762 0.044740
0.000000 0.000000 0.000000
-0.275111 0.164306 0.016934
-0.257424 -0.014275 -0.041394
-0.097321 0.102421 0.027334
-0.240815 0.014844 -0.044509
0.179425 -0.190755 0.017417
0.000000 0.000000 0.000000
0.000000 0.000000 0.000000
-0.243374 0.133434 -0.026440
0.000000 0.000000 0.000000
0.070985 -0.006458 -0.002196
0.000000 0.000000 0.000000
0.007489 -0.160423 -0.026440
0.166918 -0.236532 -0.024539
0.000000 0.000000 0.000000
0.092294 -0.145492 0.044740
-0.135219 -0.012459 -0.030339
0.000000 0.000000 0.000000
-0.002442 0.003468 -0.045035
0.031535 -0.030556 -0.029792
0.000000 0.000000 0.000000
0.000000 0.000000 0.000000
-0.124331 0.037002 0.045852
0.000000 0.000000 0.000000
0.000000 0.000000 0.000000
-0.209873 0.074432 -0.026440
0.000000 0.000000 0.000000
0.000000 0.000000 0.000000
-0.163906 0.044878 -0.035337
0.000000 0.000000 0.000000
0.035079 -0.095065 -0.026440
0.000000 0.000000 0.000000
0.000000 0.000000 0.000000
0.000000 0.000000 0.000000
0.000000 0.000000 0.000000
0.000000 0.000000 0.000000
-0.204908 -0.159617 0.022893
0.115383 -0.004777 -0.002698
0.000000 0.000000 0.000000
0.000000 0.000000 0.000000
0.153887 -0.008941 -0.044684
0.049752 0.020510 0.044740
0.114795 -0.025704 -0.027460
0.000000 0.000000 0.000000
0.000000 0.000000 0.000000
0.000000 0.000000 0.000000
0.000000 0.000000 0.000000
0.000000 0.000000 0.000000
0.000000 0.000000 0.000000
0.000000 0.000000 0.000000
0.000000 0.000000 0.000000
0.000000 0.000000 0.000000
0.017477 0.025094 -0.035564
-0.193425 -0.084886 -0.058702
0.000000 0.000000 0.000000
0.000000 0.000000 0.000000
0.000000 0.000000 0.000000
0.126027 -0.220564 0.011870
0.000000 0.000000 0.000000
0.000000 0.000000 0.000000
0.000000 0.000000 0.000000
-0.146171 0.042776 0.045852
-0.158394 -0.029362 -0.025206
0.000000 0.000000 0.000000
0.041752 -0.163165 -0.026440
0.012277 -0.066035 -0.026440
0.000000 0.000000 0.000000
-0.120480 -0.033751 -0.025251
-0.075347 0.078792 0.044740
0.002788 -0.174829 0.010905
-0.359807 0.181705 -0.026440
0.000000 0.000000 0.000000
-0.223461 -0.060835 -0.026440
0.038117 0.035305 -0.007709
0.000000 0.000000 0.000000
0.000000 0.000000 0.000000
0.000000 0.000000 0.000000
0.145076 -0.159772 0.008301
0.000000 0.000000 0.000000
0.082966 -0.046233 0.022433
-0.155354 -0.055210 0.044740
0.136719 -0.180048 -0.026440
0.000000 0.000000 0.000000
0.067981 0.016728 -0.044592
0.000000 0.000000 0.000000
0.000000 0.000000 0.000000
-0.200113 -0.049882 0.045852
0.000000 0.000000 0.000000
-0.000054 -0.015791 -0.033358
-0.223586 0.028179 0.044740
0.083182 0.002205 -0.045060
0.000000 0.000000 0.000000
0.000000 0.000000 0.000000
-0.173699 -0.121840 0.044740
0.000000 0.000000 0.000000
