0.000000 0.000000 0.000000
0.765744 -0.468332 -0.380552
0.227147 -0.459792 0.388578
0.000000 0.000000 0.000000
0.395839 0.020781 0.291120
0.000000 0.000000 0.000000
0.000000 0.000000 0.000000
0.699118 -0.458697 0.174552
-0.298886 -0.468332 0.371775
0.000000 0.000000 0.000000
0.000000 0.000000 0.000000
0.383359 -0.207905 -0.005146
0.000000 0.000000 0.000000
0.000000 0.000000 0.000000
0.296169 -0.468332 -0.386390
0.000000 0.000000 0.000000
0.000000 0.000000 0.000000
0.000000 0.000000 0.000000
0.005634 -0.181082 0.364152
0.138623 -0.143889 0.350696
0.726832 -0.205853 0.385441
0.000000 0.000000 0.000000
0.767512 -0.208854 -0.147248
0.000000 0.000000 0.000000
0.000000 0.000000 0.000000
-0.345065 -0.217596 0.378073
0.000000 0.000000 0.000000
0.000000 0.000000 0.000000
0.000000 0.000000 0.000000
0.000000 0.000000 0.000000
0.000000 0.000000 0.000000
0.721943 -0.181815 0.150034
0.000000 0.000000 0.000000
-0.616548 -0.458554 0.323744
0.000000 0.000000 0.000000
0.509601 -0.368241 0.321873
0.641192 0.040485 0.283991
0.750316 -0.468332 -0.128316
0.000000 0.000000 0.000000
-0.021379 -0.457020 0.323744
0.000000 0.000000 0.000000
0.000000 0.000000 0.000000
0.000000 0.000000 0.000000
0.499619 -0.205853 0.382742
0.000000 0.000000 0.000000
0.000000 0.000000 0.000000
0.000000 0.000000 0.000000
0.000000 0.000000 0.000000
0.000000 0.000000 0.000000
0.527998 -0.468332 -0.404753
0.000000 0.000000 0.000000
0.713878 -0.156051 -0.189844
0.000000 0.000000 0.000000
0.000000 0.000000 0.000000
0.000000 0.000000 0.000000
0.151604 -0.206005 0.131496
0.267309 -0.117456 0.341133
0.697218 -0.278832 0.281316
0.000000 0.000000 0.000000
0.000000 0.000000 0.000000
0.000000 0.000000 0.000000
0.047711 -0.460067 0.389044
0.000000 0.000000 0.000000
0.000000 0.000000 0.000000
0.000000 0.000000 0.000000
0.710460 -0.145130 -0.044104
0.000000 0.000000 0.000000
0.343850 -0.206036 0.219786
0.000000 0.000000 0.000000
0.000000 0.000000 0.000000
0.760453 -0.458582 0.352115
0.000000 0.000000 0.000000
-0.156126 -0.280778 0.346512
0.303468 -0.334359 0.346512
0.000000 0.000000 0.000000
0.000000 0.000000 0.000000
0.000000 0.000000 0.000000
0.721885 -0.329825 -0.259693
0.000000 0.000000 0.000000
0.000000 0.000000 0.000000
0.000000 0.000000 0.000000
0.561096 -0.206036 -0.056319
0.000000 0.000000 0.000000
0.000000 0.000000 0.000000
-0.337412 -0.320763 0.346512
0.000000 0.000000 0.000000
0.094384 -0.274114 0.346512
-0.182351 -0.206005 0.274447
0.535016 -0.104641 0.336497
0.000000 0.000000 0.000000
0.578292 -0.206005 -0.285102
0.532169 -0.206005 0.185110
-0.595994 -0.307562 0.346512
0.000000 0.000000 0.000000
0.000000 0.000000 0.000000
0.697218 -0.338375 0.003105
0.000000 0.000000 0.000000
0.000000 0.000000 0.000000
0.000000 0.000000 0.000000
0.000000 0.000000 0.000000
-0.487899 -0.430335 0.329367
0.721885 -0.352718 -0.306958
0.000000 0.000000 0.000000
0.000000 0.000000 0.000000
0.688090 -0.073662 0.129981
0.000000 0.000000 0.000000
-0.020634 -0.206005 0.097277
0.405228 -0.468332 0.345847
0.000000 0.000000 0.000000
0.629683 0.112937 0.163995
0.000000 0.000000 0.000000
0.000000 0.000000 0.000000
0.000000 0.000000 0.000000
0.000000 0.000000 0.000000
0.000000 0.000000 0.000000
0.472813 -0.344578 -0.341162
0.000000 0.000000 0.000000
0.702459 -0.119566 -0.109990
0.000000 0.000000 0.000000
-0.198661 -0.460252 0.389312
0.000000 0.000000 0.000000
0.000000 0.000000 0.000000
0.000000 0.000000 0.000000
0.212959 -0.206036 0.265508
0.000000 0.000000 0.000000
0.000000 0.000000 0.000000
0.000000 0.000000 0.000000
0.000000 0.000000 0.000000
0.617591 -0.468332 0.363921
0.000000 0.000000 0.000000
0.000000 0.000000 0.000000
0.214553 -0.025161 0.307742
-0.742044 -0.468332 0.286068
0.000000 0.000000 0.000000
0.000000 0.000000 0.000000
0.721885 -0.338591 0.147443
0.748115 -0.205853 0.032108
-0.181153 -0.220473 0.372065
0.000000 0.000000 0.000000
0.000000 0.000000 0.000000
0.263755 -0.205976 0.045252
0.000000 0.000000 0.000000
0.767512 -0.468179 0.065943
0.000000 0.000000 0.000000
0.162715 -0.295594 0.323774
-0.015422 -0.314024 0.323744
0.000000 0.000000 0.000000
0.000000 0.000000 0.000000
0.045802 -0.207905 0.220137
0.000000 0.000000 0.000000
0.698166 -0.105853 0.294940
-0.467232 -0.284066 0.346512
0.745403 -0.452458 -0.252460
0.000000 0.000000 0.000000
0.000000 0.000000 0.000000
0.697218 -0.335911 -0.151595
0.599117 -0.257998 0.323774
0.337618 -0.228022 0.362737
0.000000 0.000000 0.000000
0.654327 -0.458475 -0.341162
0.000000 0.000000 0.000000
0.000000 0.000000 0.000000
0.000000 0.000000 0.000000
0.000000 0.000000 0.000000
0.637651 -0.205976 -0.277172
0.735404 -0.231277 -0.082152
0.000000 0.000000 0.000000
0.508749 -0.206036 -0.178112
0.000000 0.000000 0.000000
-0.591342 -0.346926 0.346512
-0.183688 -0.150276 0.353007
0.000000 0.000000 0.000000
0.000000 0.000000 0.000000
0.751707 -0.455898 0.011087
0.605469 -0.206005 0.069099
0.000000 0.000000 0.000000
0.000000 0.000000 0.000000
0.000000 0.000000 0.000000
0.000000 0.000000 0.000000
0.432380 -0.266133 0.321873
0.646507 -0.207905 0.257255
-0.101812 -0.206036 0.167398
0.000000 0.000000 0.000000
0.000000 0.000000 0.000000
0.661763 0.010447 0.064732
0.610921 -0.380952 -0.363959
0.000000 0.000000 0.000000
0.715222 -0.385780 0.346512
0.155842 -0.205976 -0.003116
0.000000 0.000000 0.000000
0.000000 0.000000 0.000000
0.472317 -0.206005 0.088319
0.410374 -0.468180 -0.352516
0.000000 0.000000 0.000000
0.000000 0.000000 0.000000
0.000000 0.000000 0.000000
0.000000 0.000000 0.000000
0.665030 -0.257123 -0.339261
0.000000 0.000000 0.000000
0.000000 0.000000 0.000000
0.000000 0.000000 0.000000
0.000000 0.000000 0.000000
0.386845 -0.207905 -0.120613
0.000000 0.000000 0.000000
0.000000 0.000000 0.000000
-0.254070 -0.327501 0.323774
0.000000 0.000000 0.000000
0.289906 0.070669 0.273072
0.000000 0.000000 0.000000
0.000000 0.000000 0.000000
0.000000 0.000000 0.000000
0.000000 0.000000 0.000000
-0.033161 -0.207905 0.253653
0.000000 0.000000 0.000000
0.000000 0.000000 0.000000
0.000000 0.000000 0.000000
0.714731 -0.158775 -0.297562
0.000000 0.000000 0.000000
0.631731 -0.205976 -0.150140
0.220925 -0.396720 0.346512
0.000000 0.000000 0.000000
0.000000 0.000000 0.000000
0.309698 -0.459593 0.388238
0.098752 -0.073636 0.325280
0.495575 -0.206005 -0.094674
0.393336 -0.104619 0.336489
0.000000 0.000000 0.000000
0.000000 0.000000 0.000000
0.000000 0.000000 0.000000
0.000000 0.000000 0.000000
-0.408212 -0.468332 0.388656
0.000000 0.000000 0.000000
-0.130587 -0.382293 0.323774
0.000000 0.000000 0.000000
-0.076292 -0.238235 0.352375
0.000000 0.000000 0.000000
0.000000 0.000000 0.000000
0.000000 0.000000 0.000000
0.000000 0.000000 0.000000
0.325012 -0.205976 0.332367
0.264378 -0.206036 0.168128
0.000000 0.000000 0.000000
0.711654 -0.148946 0.206525
0.000000 0.000000 0.000000
0.000000 0.000000 0.000000
0.000000 0.000000 0.000000
0.000000 0.000000 0.000000
0.700494 -0.468332 0.280670
0.000000 0.000000 0.000000
0.000000 0.000000 0.000000
0.072730 -0.380097 0.323774
0.000000 0.000000 0.000000
0.000000 0.000000 0.000000
0.432836 -0.206005 0.242704
0.000000 0.000000 0.000000
0.543338 -0.207905 0.269709
0.000000 0.000000 0.000000
0.000000 0.000000 0.000000
0.000000 0.000000 0.000000
0.000000 0.000000 0.000000
0.000000 0.000000 0.000000
-0.252391 -0.251628 0.321873
-0.691784 -0.455443 0.375378
0.725991 -0.240469 -0.292652
0.000000 0.000000 0.000000
0.000000 0.000000 0.000000
0.000000 0.000000 0.000000
0.517812 -0.468332 0.350481
0.000000 0.000000 0.000000
0.000000 0.000000 0.000000
0.158547 -0.459378 0.387867
0.000000 0.000000 0.000000
0.000000 0.000000 0.000000
-0.507241 -0.219280 0.374250
0.679988 -0.047774 0.228598
0.000000 0.000000 0.000000
-0.005600 -0.127836 0.344889
0.721885 -0.271780 0.211819
0.530678 0.058343 0.277531
0.000000 0.000000 0.000000
0.000000 0.000000 0.000000
0.552908 -0.205976 0.378935
0.000000 0.000000 0.000000
0.391105 -0.356359 0.346512
0.000000 0.000000 0.000000
0.093024 -0.213731 0.389555
0.272904 -0.206036 -0.050766
0.359633 -0.206036 0.091220
0.000000 0.000000 0.000000
0.000000 0.000000 0.000000
0.000000 0.000000 0.000000
0.767512 -0.208611 0.328377
0.721885 -0.402784 0.034959
-0.368614 -0.412730 0.323744
0.571376 -0.206005 0.053295
0.000000 0.000000 0.000000
0.000000 0.000000 0.000000
0.233006 -0.238234 0.346512
0.615535 0.125648 0.253181
0.000000 0.000000 0.000000
0.000000 0.000000 0.000000
0.697218 -0.395695 0.243354
0.000000 0.000000 0.000000
0.000000 0.000000 0.000000
0.000000 0.000000 0.000000
0.000000 0.000000 0.000000
0.000000 0.000000 0.000000
0.000000 0.000000 0.000000
0.000000 0.000000 0.000000
0.000000 0.000000 0.000000
-0.125094 -0.206005 0.362374
0.227908 -0.407386 -0.340856
0.000000 0.000000 0.000000
0.000000 0.000000 0.000000
0.000000 0.000000 0.000000
0.000000 0.000000 0.000000
0.000000 0.000000 0.000000
0.639834 -0.347804 0.321873
0.000000 0.000000 0.000000
0.432025 -0.398540 -0.341162
0.000000 0.000000 0.000000
0.699118 -0.404591 -0.070569
0.675816 -0.206005 -0.015974
0.699111 -0.247401 -0.189053
0.000000 0.000000 0.000000
-0.561882 -0.391280 0.346512
0.697218 -0.253468 0.090305
0.483663 -0.418735 0.323744
0.641705 -0.154967 0.354705
0.000000 0.000000 0.000000
0.000000 0.000000 0.000000
0.000000 0.000000 0.000000
0.000000 0.000000 0.000000
0.000000 0.000000 0.000000
-0.060216 -0.468332 0.386528
0.000000 0.000000 0.000000
0.000000 0.000000 0.000000
0.000000 0.000000 0.000000
0.638716 -0.206005 0.174003
0.000000 0.000000 0.000000
0.000000 0.000000 0.000000
0.000000 0.000000 0.000000
0.000000 0.000000 0.000000
0.000000 0.000000 0.000000
0.000000 0.000000 0.000000
0.000000 0.000000 0.000000
-0.292450 -0.399916 0.323774
-0.253918 -0.148952 0.352527
0.059141 -0.206005 0.103419
0.000000 0.000000 0.000000
-0.440444 -0.354999 0.323744
0.000000 0.000000 0.000000
-0.402733 -0.265690 0.323774
0.495773 -0.207905 0.004018
0.450966 -0.206005 0.153630
0.000000 0.000000 0.000000
0.000000 0.000000 0.000000
0.526778 -0.290595 0.321873
0.000000 0.000000 0.000000
0.000000 0.000000 0.000000
0.000000 0.000000 0.000000
0.111544 -0.468332 -0.350754
0.000000 0.000000 0.000000
0.603050 -0.030231 0.309576
0.000000 0.000000 0.000000
0.000000 0.000000 0.000000
0.129447 -0.206005 0.236212
0.000000 0.000000 0.000000
0.162594 -0.206036 0.059005
0.000000 0.000000 0.000000
0.000000 0.000000 0.000000
0.000000 0.000000 0.000000
0.721885 -0.266682 -0.231647
0.000000 0.000000 0.000000
0.699115 -0.389915 -0.224504
0.000000 0.000000 0.000000
0.000000 0.000000 0.000000
0.000000 0.000000 0.000000
0.000000 0.000000 0.000000
0.000000 0.000000 0.000000
0.699090 -0.309266 -0.087293
-0.557728 -0.458364 0.383941
0.294206 -0.394769 0.323774
0.052430 -0.294455 0.346512
0.000000 0.000000 0.000000
0.000000 0.000000 0.000000
0.000000 0.000000 0.000000
0.000000 0.000000 0.000000
0.000000 0.000000 0.000000
0.456500 -0.317219 0.346512
0.266300 -0.206005 0.390206
0.000000 0.000000 0.000000
-0.679714 -0.396801 0.321873
-0.142533 -0.451370 0.323744
0.000000 0.000000 0.000000
-0.096184 -0.206005 0.274637
0.701815 -0.205853 0.293657
0.000000 0.000000 0.000000
0.081362 -0.206036 0.292873
0.189384 -0.206005 0.389649
-0.263057 -0.205976 0.387755
0.000000 0.000000 0.000000
0.686722 -0.069288 0.043825
0.000000 0.000000 0.000000
0.000000 0.000000 0.000000
0.000000 0.000000 0.000000
0.000000 0.000000 0.000000
0.000000 0.000000 0.000000
0.704568 -0.395831 -0.363959
0.000000 0.000000 0.000000
0.665444 -0.306257 -0.339261
0.000000 0.000000 0.000000
0.150411 -0.207905 0.309184
0.000000 0.000000 0.000000
0.000000 0.000000 0.000000
0.000000 0.000000 0.000000
0.000000 0.000000 0.000000
0.492491 -0.041254 0.313564
0.000000 0.000000 0.000000
0.074767 -0.206005 0.020794
0.000000 0.000000 0.000000
0.000000 0.000000 0.000000
0.000000 0.000000 0.000000
0.000000 0.000000 0.000000
0.000000 0.000000 0.000000
-0.031127 -0.206005 0.332574
0.215232 -0.294527 0.346512
0.479677 -0.218979 0.323774
0.000000 0.000000 0.000000
0.335743 -0.065195 0.322226
0.000000 0.000000 0.000000
0.700122 -0.206005 -0.360065
0.000000 0.000000 0.000000
0.000000 0.000000 0.000000
0.421683 -0.206005 0.367708
0.668577 -0.011321 0.156156
0.575084 -0.205976 -0.138884
-0.050489 -0.398675 0.321873
0.325459 -0.285709 0.321873
0.000000 0.000000 0.000000
0.000000 0.000000 0.000000
0.532287 -0.317228 -0.363959
-0.117626 -0.310916 0.346512
0.000000 0.000000 0.000000
0.553889 -0.391629 -0.363959
0.000000 0.000000 0.000000
0.000000 0.000000 0.000000
0.000000 0.000000 0.000000
0.000000 0.000000 0.000000
-0.225115 -0.420809 0.323744
0.000000 0.000000 0.000000
0.699109 -0.441494 -0.181849
-0.022263 -0.206005 0.165143
0.000000 0.000000 0.000000
0.000000 0.000000 0.000000
0.000000 0.000000 0.000000
0.721885 -0.342144 0.253479
-0.475279 -0.456550 0.377968
0.000000 0.000000 0.000000
0.748145 -0.205853 0.192065
0.699118 -0.460601 0.042006
0.323193 -0.205976 -0.008019
0.699097 -0.423327 0.104850
0.000000 0.000000 0.000000
0.000000 0.000000 0.000000
0.000000 0.000000 0.000000
0.291382 -0.004561 0.300289
0.699110 -0.206005 -0.122536
0.000000 0.000000 0.000000
0.000000 0.000000 0.000000
0.410455 0.092501 0.265173
0.000000 0.000000 0.000000
0.699101 -0.259010 0.032156
0.630944 -0.206005 -0.071199
0.000000 0.000000 0.000000
0.274475 -0.439251 0.323774
0.030577 -0.243850 0.348711
0.636838 -0.404757 0.323774
0.568070 -0.452008 -0.341192
0.000000 0.000000 0.000000
-0.419042 -0.205853 0.367751
0.000000 0.000000 0.000000
0.000000 0.000000 0.000000
0.209268 -0.206005 0.194194
0.000000 0.000000 0.000000
0.000000 0.000000 0.000000
0.000000 0.000000 0.000000
0.000000 0.000000 0.000000
0.656779 -0.225214 0.346512
0.563754 -0.206005 -0.215508
0.382462 -0.355644 -0.363959
-0.078418 -0.301873 0.346512
0.000000 0.000000 0.000000
-0.081114 -0.132175 0.346458
0.000000 0.000000 0.000000
0.699114 -0.435565 -0.305413
0.000000 0.000000 0.000000
0.455013 -0.454598 -0.391068
-0.691516 -0.458715 0.195545
0.686667 -0.280491 0.346512
-0.264672 -0.206005 0.298303
0.081737 -0.445759 0.323744
0.762290 -0.205853 -0.305904
0.000000 0.000000 0.000000
0.733931 -0.468332 -0.060831
0.000000 0.000000 0.000000
0.000000 0.000000 0.000000
0.553717 -0.206005 -0.013182
0.000000 0.000000 0.000000
-0.156601 -0.206005 0.207988
0.654019 -0.205976 0.092569
0.000000 0.000000 0.000000
0.000000 0.000000 0.000000
0.743762 -0.451288 0.224862
-0.322769 -0.266799 0.323744
0.000000 0.000000 0.000000
0.000000 0.000000 0.000000
0.000000 0.000000 0.000000
0.000000 0.000000 0.000000
0.000000 0.000000 0.000000
-0.514171 -0.345154 0.323774
0.227875 -0.205976 -0.000820
0.000000 0.000000 0.000000
0.000000 0.000000 0.000000
0.699087 -0.244663 0.245045
0.230160 -0.343881 0.346512
-0.615594 -0.402105 0.346512
0.000000 0.000000 0.000000
0.535411 -0.205976 0.119890
0.000000 0.000000 0.000000
0.000000 0.000000 0.000000
0.697218 -0.273127 -0.028740
0.000000 0.000000 0.000000
0.000000 0.000000 0.000000
0.000000 0.000000 0.000000
0.000000 0.000000 0.000000
0.579868 -0.207905 0.134270
0.000000 0.000000 0.000000
0.714742 -0.206005 -0.244948
0.590330 -0.434635 0.323744
0.000000 0.000000 0.000000
0.668329 -0.010527 -0.003956
0.000000 0.000000 0.000000
0.000000 0.000000 0.000000
0.000000 0.000000 0.000000
0.157593 -0.353972 0.321873
0.000000 0.000000 0.000000
0.451268 -0.206005 -0.053992
0.640061 -0.468332 -0.397647
0.000000 0.000000 0.000000
0.000000 0.000000 0.000000
0.511348 -0.433208 -0.341192
0.000000 0.000000 0.000000
0.699095 -0.238712 0.155359
0.382904 -0.207905 0.162022
-0.395847 -0.378900 0.346512
0.000000 0.000000 0.000000
0.000000 0.000000 0.000000
0.000000 0.000000 0.000000
0.000000 0.000000 0.000000
0.000000 0.000000 0.000000
0.467255 -0.158303 0.355911
0.573718 -0.348382 -0.341192
0.646246 0.060022 0.112884
0.384388 -0.206036 0.282265
0.012929 -0.394524 0.323774
0.000000 0.000000 0.000000
0.000000 0.000000 0.000000
0.000000 0.000000 0.000000
-0.202567 -0.307919 0.321873
0.721885 -0.292300 -0.355459
0.000000 0.000000 0.000000
0.000000 0.000000 0.000000
0.000000 0.000000 0.000000
0.000000 0.000000 0.000000
0.214624 -0.205976 0.111763
0.090558 -0.325578 0.346512
0.000000 0.000000 0.000000
0.000000 0.000000 0.000000
0.694894 -0.341984 0.321873
0.583356 -0.321876 0.323774
0.000000 0.000000 0.000000
0.000000 0.000000 0.000000
0.350282 -0.389874 0.346512
0.343092 -0.205976 -0.073064
0.000000 0.000000 0.000000
0.000000 0.000000 0.000000
0.000000 0.000000 0.000000
0.000000 0.000000 0.000000
0.721885 -0.323599 -0.209355
0.000000 0.000000 0.000000
0.446263 -0.206005 -0.133846
0.765215 -0.205853 0.138194
0.000000 0.000000 0.000000
0.000000 0.000000 0.000000
0.000000 0.000000 0.000000
-0.250756 -0.467937 0.323744
0.000000 0.000000 0.000000
-0.390198 -0.322484 0.346512
0.000000 0.000000 0.000000
0.381137 -0.234392 0.321873
0.697218 -0.379842 0.124241
0.000000 0.000000 0.000000
0.623354 -0.206005 0.378299
0.000000 0.000000 0.000000
0.000000 0.000000 0.000000
0.000000 0.000000 0.000000
0.593667 -0.205976 0.226315
0.000000 0.000000 0.000000
0.000000 0.000000 0.000000
0.718661 -0.171330 0.328517
0.284260 -0.246325 0.323774
0.000000 0.000000 0.000000
0.000000 0.000000 0.000000
0.000000 0.000000 0.000000
0.000000 0.000000 0.000000
0.699112 -0.438150 -0.021499
0.000000 0.000000 0.000000
0.000000 0.000000 0.000000
0.721885 -0.390577 -0.147142
0.000000 0.000000 0.000000
0.000000 0.000000 0.000000
0.637557 -0.282721 0.323774
0.000000 0.000000 0.000000
0.000000 0.000000 0.000000
0.000000 0.000000 0.000000
0.000000 0.000000 0.000000
0.618839 -0.206036 -0.000814
-0.310290 -0.233036 0.346512
0.000000 0.000000 0.000000
0.000000 0.000000 0.000000
0.117607 -0.207905 0.074971
0.000000 0.000000 0.000000
0.000000 0.000000 0.000000
0.000000 0.000000 0.000000
0.000000 0.000000 0.000000
0.000000 0.000000 0.000000
0.024995 -0.206005 0.305848
0.000000 0.000000 0.000000
0.039146 -0.047846 0.315948
0.178097 -0.243850 0.347088
0.000000 0.000000 0.000000
0.699087 -0.323498 0.094640
0.203599 -0.468332 0.328275
0.417177 -0.206036 -0.191702
0.354124 -0.445203 -0.363959
0.422612 -0.050077 0.316755
0.000000 0.000000 0.000000
0.155542 -0.448882 0.323744
0.704013 -0.468332 -0.360126
0.000000 0.000000 0.000000
0.000000 0.000000 0.000000
0.442930 -0.206036 0.033095
-0.500586 -0.257813 0.346512
0.000000 0.000000 0.000000
0.000000 0.000000 0.000000
-0.717516 -0.432060 0.331909
0.000000 0.000000 0.000000
0.347179 -0.146579 0.351669
0.000000 0.000000 0.000000
0.268073 -0.468170 -0.341162
0.661085 -0.445458 0.362110
0.000000 0.000000 0.000000
0.000000 0.000000 0.000000
0.000000 0.000000 0.000000
0.000000 0.000000 0.000000
0.000000 0.000000 0.000000
0.000000 0.000000 0.000000
0.000000 0.000000 0.000000
0.000000 0.000000 0.000000
0.000000 0.000000 0.000000
0.000000 0.000000 0.000000
0.000000 0.000000 0.000000
0.000000 0.000000 0.000000
0.000000 0.000000 0.000000
0.000000 0.000000 0.000000
0.744280 -0.451658 0.144763
0.108356 -0.206036 0.167034
0.000000 0.000000 0.000000
0.161114 -0.055547 0.318735
0.266985 -0.303070 0.323774
0.000000 0.000000 0.000000
0.039623 -0.207905 0.167974
0.573090 -0.287713 -0.341162
0.000000 0.000000 0.000000
0.142400 -0.205853 0.345129
0.000000 0.000000 0.000000
0.000000 0.000000 0.000000
0.000000 0.000000 0.000000
0.661736 0.010534 0.216745
0.000000 0.000000 0.000000
0.313703 -0.207905 0.263733
0.000000 0.000000 0.000000
0.710883 -0.468332 -0.409421
0.182363 -0.468180 -0.346565
0.000000 0.000000 0.000000
-0.119667 -0.251799 0.323774
0.000000 0.000000 0.000000
0.000000 0.000000 0.000000
0.000000 0.000000 0.000000
-0.367541 -0.468332 0.343274
0.697026 -0.102212 -0.002493
0.000000 0.000000 0.000000
0.000000 0.000000 0.000000
0.000000 0.000000 0.000000
-0.551194 -0.443069 0.323774
0.000000 0.000000 0.000000
0.000000 0.000000 0.000000
0.000000 0.000000 0.000000
0.000000 0.000000 0.000000
0.280811 -0.205976 0.111048
0.000000 0.000000 0.000000
0.000000 0.000000 0.000000
0.000000 0.000000 0.000000
0.000000 0.000000 0.000000
0.592718 -0.205976 0.278359
0.638964 -0.206005 -0.216901
