0.000000 0.000000 0.000000
0.000000 0.000000 0.000000
0.000000 0.000000 0.000000
-0.254521 0.212979 0.744949
-0.103903 -0.553108 0.522063
0.000000 0.000000 0.000000
0.000000 0.000000 0.000000
0.142508 0.102201 0.379561
0.000000 0.000000 0.000000
0.000000 0.000000 0.000000
0.000000 0.000000 0.000000
0.000000 0.000000 0.000000
0.000000 0.000000 0.000000
0.000000 0.000000 0.000000
0.078316 0.440488 0.431934
0.224411 -0.069963 0.152216
-0.062136 0.073552 0.762739
0.000000 0.000000 0.000000
0.000000 0.000000 0.000000
0.000000 0.000000 0.000000
-0.008717 -0.141932 0.533099
0.000000 0.000000 0.000000
0.000000 0.000000 0.000000
0.000000 0.000000 0.000000
-0.322341 -0.069963 0.691363
0.000000 0.000000 0.000000
0.000000 0.000000 0.000000
0.000000 0.000000 0.000000
0.163139 0.123632 0.332573
0.000000 0.000000 0.000000
-0.180258 0.055007 0.486527
0.000000 0.000000 0.000000
-0.032002 0.376797 0.700408
0.000000 0.000000 0.000000
-0.155483 -0.294716 0.537099
0.000000 0.000000 0.000000
0.136266 0.016074 0.596452
-0.132367 0.318851 0.442439
0.000000 0.000000 0.000000
0.000000 0.000000 0.000000
0.000000 0.000000 0.000000
0.000000 0.000000 0.000000
0.000000 0.000000 0.000000
0.000000 0.000000 0.000000
0.000000 0.000000 0.000000
-0.032763 -0.069963 0.318879
0.000820 0.055007 0.232134
0.000000 0.000000 0.000000
0.000000 0.000000 0.000000
0.000000 0.000000 0.000000
-0.098932 -0.069963 0.671084
0.000000 0.000000 0.000000
0.000000 0.000000 0.000000
0.000000 0.000000 0.000000
0.046201 0.055007 0.484931
0.000000 0.000000 0.000000
0.000000 0.000000 0.000000
-0.164870 0.055007 0.561505
0.000000 0.000000 0.000000
-0.225442 -0.141932 0.481751
0.000000 0.000000 0.000000
-0.178096 0.250574 0.599597
0.170913 -0.052553 0.402688
0.000000 0.000000 0.000000
0.000000 0.000000 0.000000
0.000000 0.000000 0.000000
0.000000 0.000000 0.000000
0.000000 0.000000 0.000000
0.000000 0.000000 0.000000
0.000000 0.000000 0.000000
0.000000 0.000000 0.000000
0.000000 0.000000 0.000000
0.000000 0.000000 0.000000
0.000000 0.000000 0.000000
-0.195049 0.240786 0.356721
0.059923 0.117862 0.655716
0.000000 0.000000 0.000000
0.000000 0.000000 0.000000
-0.236701 0.116380 0.751753
0.000000 0.000000 0.000000
0.000000 0.000000 0.000000
0.000000 0.000000 0.000000
0.000000 0.000000 0.000000
-0.155483 -0.431250 0.531961
0.000000 0.000000 0.000000
0.221897 -0.010313 0.270339
0.000000 0.000000 0.000000
0.000000 0.000000 0.000000
0.000000 0.000000 0.000000
0.000000 0.000000 0.000000
-0.022641 0.340328 0.530647
0.000000 0.000000 0.000000
0.000000 0.000000 0.000000
0.000000 0.000000 0.000000
0.000000 0.000000 0.000000
0.000000 0.000000 0.000000
-0.193766 0.241528 0.499586
0.047074 -0.069963 0.705786
0.018253 0.055007 0.351262
0.000000 0.000000 0.000000
0.000000 0.000000 0.000000
0.000000 0.000000 0.000000
-0.095143 -0.069963 0.465373
0.000000 0.000000 0.000000
0.090769 0.407189 0.602725
0.000000 0.000000 0.000000
0.000000 0.000000 0.000000
0.000000 0.000000 0.000000
0.000000 0.000000 0.000000
0.000000 0.000000 0.000000
0.000000 0.000000 0.000000
-0.146183 0.310876 0.771675
-0.137563 0.055007 0.332586
-0.170799 -0.069963 0.601368
0.000000 0.000000 0.000000
0.000000 0.000000 0.000000
-0.200245 -0.020623 0.763476
0.000000 0.000000 0.000000
0.000000 0.000000 0.000000
0.000000 0.000000 0.000000
0.000000 0.000000 0.000000
0.137578 0.123632 0.528663
0.000000 0.000000 0.000000
0.000000 0.000000 0.000000
0.071208 -0.069963 0.558694
-0.028225 0.055007 0.591936
0.000000 0.000000 0.000000
0.140475 -0.069963 0.274275
0.000000 0.000000 0.000000
-0.009946 0.389529 0.417147
0.000000 0.000000 0.000000
0.000000 0.000000 0.000000
0.000000 0.000000 0.000000
-0.074640 -0.191242 0.545389
-0.243964 0.055007 0.414938
0.317214 0.018228 0.157929
-0.076060 -0.328470 0.478544
0.000000 0.000000 0.000000
0.000000 0.000000 0.000000
-0.096088 0.339797 0.622314
0.000000 0.000000 0.000000
0.000000 0.000000 0.000000
0.000000 0.000000 0.000000
-0.254249 0.206608 0.649083
0.000000 0.000000 0.000000
0.000000 0.000000 0.000000
0.000000 0.000000 0.000000
0.000000 0.000000 0.000000
0.000000 0.000000 0.000000
0.000000 0.000000 0.000000
-0.255167 0.055007 0.643555
-0.156340 -0.069963 0.348318
0.000000 0.000000 0.000000
0.000000 0.000000 0.000000
-0.074640 -0.431756 0.516456
0.000000 0.000000 0.000000
0.000000 0.000000 0.000000
0.000000 0.000000 0.000000
0.000000 0.000000 0.000000
0.018165 -0.069963 0.441629
-0.155483 -0.188556 0.488882
0.000000 0.000000 0.000000
0.162971 0.059916 0.469241
0.000000 0.000000 0.000000
0.000000 0.000000 0.000000
0.000000 0.000000 0.000000
0.000000 0.000000 0.000000
0.000000 0.000000 0.000000
0.000000 0.000000 0.000000
-0.155483 -0.541489 0.537347
0.000000 0.000000 0.000000
0.000000 0.000000 0.000000
0.091713 0.055007 0.254770
-0.071923 0.055008 0.462457
0.000000 0.000000 0.000000
0.000000 0.000000 0.000000
0.000000 0.000000 0.000000
0.000000 0.000000 0.000000
0.157930 -0.045967 0.515801
0.000000 0.000000 0.000000
0.000000 0.000000 0.000000
-0.137929 0.055007 0.656542
0.000000 0.000000 0.000000
0.000000 0.000000 0.000000
0.093009 0.055008 0.599692
0.000000 0.000000 0.000000
0.125359 0.456550 0.339920
-0.215095 0.271087 0.464794
-0.134241 -0.069963 0.551525
0.000000 0.000000 0.000000
0.000000 0.000000 0.000000
0.000000 0.000000 0.000000
-0.056784 -0.069963 0.743266
0.000000 0.000000 0.000000
0.000000 0.000000 0.000000
0.000000 0.000000 0.000000
-0.003929 -0.069963 0.605154
0.000000 0.000000 0.000000
0.000000 0.000000 0.000000
-0.141297 0.077951 0.770968
0.000000 0.000000 0.000000
0.000000 0.000000 0.000000
0.000000 0.000000 0.000000
0.000000 0.000000 0.000000
0.184879 0.022129 0.350297
0.000000 0.000000 0.000000
0.000000 0.000000 0.000000
0.000000 0.000000 0.000000
0.000000 0.000000 0.000000
-0.178844 0.250144 0.688163
0.000000 0.000000 0.000000
-0.065212 0.315748 0.460004
-0.280875 -0.069963 0.500997
0.000000 0.000000 0.000000
0.329708 -0.031180 0.147204
0.203986 0.085977 0.236876
0.000000 0.000000 0.000000
0.000000 0.000000 0.000000
0.000000 0.000000 0.000000
0.000000 0.000000 0.000000
0.000000 0.000000 0.000000
0.000000 0.000000 0.000000
0.030504 0.026494 0.721322
0.269285 -0.021931 0.204665
-0.162715 0.301330 0.706214
0.027523 0.411162 0.341597
0.000000 0.000000 0.000000
-0.008340 0.123632 0.736438
-0.212019 -0.069963 0.696153
-0.161862 0.301821 0.368837
0.000000 0.000000 0.000000
0.000000 0.000000 0.000000
0.000000 0.000000 0.000000
0.000000 0.000000 0.000000
0.000000 0.000000 0.000000
0.000000 0.000000 0.000000
0.000000 0.000000 0.000000
0.000000 0.000000 0.000000
0.000000 0.000000 0.000000
-0.163283 -0.069963 0.450629
0.000000 0.000000 0.000000
0.000000 0.000000 0.000000
0.124709 0.055007 0.356476
0.000000 0.000000 0.000000
0.000000 0.000000 0.000000
0.000000 0.000000 0.000000
-0.122951 -0.069963 0.194209
0.000000 0.000000 0.000000
0.000000 0.000000 0.000000
0.000000 0.000000 0.000000
0.056857 0.386226 0.665091
0.000000 0.000000 0.000000
-0.071605 0.312058 0.371496
0.000000 0.000000 0.000000
0.000000 0.000000 0.000000
0.000000 0.000000 0.000000
0.000000 0.000000 0.000000
0.000000 0.000000 0.000000
-0.126886 0.322015 0.559494
0.000000 0.000000 0.000000
0.000000 0.000000 0.000000
-0.050937 -0.069963 0.591570
-0.133780 -0.489025 0.478544
0.000000 0.000000 0.000000
0.000000 0.000000 0.000000
0.000000 0.000000 0.000000
0.036444 -0.069963 0.253205
0.000000 0.000000 0.000000
0.082740 -0.069963 0.391991
0.000000 0.000000 0.000000
0.000000 0.000000 0.000000
0.000000 0.000000 0.000000
0.000000 0.000000 0.000000
-0.153743 -0.353043 0.547166
0.000000 0.000000 0.000000
0.000000 0.000000 0.000000
0.000000 0.000000 0.000000
0.000000 0.000000 0.000000
-0.011741 0.346621 0.623844
0.000000 0.000000 0.000000
0.000000 0.000000 0.000000
0.098181 0.039809 0.659329
0.000000 0.000000 0.000000
0.000000 0.000000 0.000000
-0.293946 0.056267 0.724830
0.000000 0.000000 0.000000
0.000000 0.000000 0.000000
0.000000 0.000000 0.000000
0.000000 0.000000 0.000000
0.000000 0.000000 0.000000
0.000000 0.000000 0.000000
0.000000 0.000000 0.000000
0.000000 0.000000 0.000000
0.000000 0.000000 0.000000
-0.271572 0.055007 0.543773
-0.185009 -0.106730 0.547166
0.000000 0.000000 0.000000
0.000000 0.000000 0.000000
0.000000 0.000000 0.000000
-0.192688 -0.069963 0.257690
-0.090557 -0.022626 0.766351
-0.221903 -0.069963 0.415028
0.000000 0.000000 0.000000
0.000000 0.000000 0.000000
-0.262862 -0.069963 0.559451
0.000000 0.000000 0.000000
-0.190949 0.055007 0.706695
0.000000 0.000000 0.000000
0.000000 0.000000 0.000000
0.000000 0.000000 0.000000
0.000000 0.000000 0.000000
0.000000 0.000000 0.000000
0.000000 0.000000 0.000000
0.000000 0.000000 0.000000
0.000000 0.000000 0.000000
0.000000 0.000000 0.000000
0.000000 0.000000 0.000000
-0.097214 0.339147 0.695093
0.000000 0.000000 0.000000
0.000000 0.000000 0.000000
-0.079683 -0.393685 0.547166
-0.222788 0.224772 0.589525
0.000000 0.000000 0.000000
0.000000 0.000000 0.000000
0.206248 0.088323 0.297999
0.000000 0.000000 0.000000
-0.071082 0.055007 0.285887
-0.140961 0.055007 0.407982
0.000000 0.000000 0.000000
0.044446 0.379062 0.562002
0.164502 0.055007 0.278442
-0.164025 -0.069963 0.729600
-0.123381 -0.408198 0.478544
-0.110790 -0.069963 0.391904
0.000000 0.000000 0.000000
0.150546 -0.069963 0.202472
0.000000 0.000000 0.000000
0.000000 0.000000 0.000000
-0.110171 0.123632 0.738510
0.000000 0.000000 0.000000
0.000000 0.000000 0.000000
0.000000 0.000000 0.000000
0.042153 0.071127 0.712692
0.000000 0.000000 0.000000
-0.025270 0.055007 0.662813
0.000000 0.000000 0.000000
0.000000 0.000000 0.000000
0.000000 0.000000 0.000000
-0.046867 -0.094916 0.547166
0.000000 0.000000 0.000000
0.000000 0.000000 0.000000
0.000000 0.000000 0.000000
0.000000 0.000000 0.000000
0.000000 0.000000 0.000000
0.000000 0.000000 0.000000
0.128234 -0.054732 0.615175
0.141092 -0.069963 0.358704
-0.026527 -0.111540 0.478544
0.000000 0.000000 0.000000
0.066216 0.055007 0.398789
0.000000 0.000000 0.000000
0.000000 0.000000 0.000000
0.070822 -0.069963 0.315258
0.000000 0.000000 0.000000
0.000000 0.000000 0.000000
0.000000 0.000000 0.000000
0.000000 0.000000 0.000000
0.000000 0.000000 0.000000
0.257624 0.074818 0.218177
0.000000 0.000000 0.000000
-0.145418 -0.131492 0.478544
0.000000 0.000000 0.000000
0.000000 0.000000 0.000000
0.000000 0.000000 0.000000
-0.155483 -0.231010 0.526116
0.125586 -0.069963 0.471368
0.000000 0.000000 0.000000
0.000000 0.000000 0.000000
0.000000 0.000000 0.000000
-0.114847 -0.069963 0.267345
0.000000 0.000000 0.000000
0.000000 0.000000 0.000000
0.000000 0.000000 0.000000
0.000000 0.000000 0.000000
0.000000 0.000000 0.000000
0.000000 0.000000 0.000000
0.000000 0.000000 0.000000
0.000000 0.000000 0.000000
0.144525 0.068701 0.577200
0.000000 0.000000 0.000000
0.000000 0.000000 0.000000
0.000000 0.000000 0.000000
0.128063 0.055007 0.210536
-0.074640 -0.275118 0.534009
0.000000 0.000000 0.000000
0.000000 0.000000 0.000000
0.000000 0.000000 0.000000
0.000000 0.000000 0.000000
0.000000 0.000000 0.000000
0.000000 0.000000 0.000000
0.000000 0.000000 0.000000
0.000000 0.000000 0.000000
0.000000 0.000000 0.000000
0.048020 0.381124 0.385237
-0.130474 0.278071 0.655406
-0.059789 0.055007 0.386485
0.000000 0.000000 0.000000
-0.212333 0.051223 0.761499
0.000000 0.000000 0.000000
0.000000 0.000000 0.000000
0.000000 0.000000 0.000000
0.000000 0.000000 0.000000
0.123326 0.123632 0.597187
0.154293 0.123632 0.459523
0.000000 0.000000 0.000000
0.000000 0.000000 0.000000
-0.155083 0.305736 0.511052
0.000000 0.000000 0.000000
-0.039429 0.055007 0.519684
-0.296402 -0.009102 0.723011
0.000000 0.000000 0.000000
0.210963 -0.069816 0.289372
0.000000 0.000000 0.000000
-0.053244 0.322660 0.744497
0.000000 0.000000 0.000000
0.000000 0.000000 0.000000
0.000000 0.000000 0.000000
0.000000 0.000000 0.000000
0.027445 0.369245 0.470645
0.000000 0.000000 0.000000
0.098802 -0.060613 0.658548
0.000000 0.000000 0.000000
0.006453 0.055007 0.438879
0.000000 0.000000 0.000000
0.000000 0.000000 0.000000
0.000000 0.000000 0.000000
0.000000 0.000000 0.000000
0.000000 0.000000 0.000000
0.000000 0.000000 0.000000
0.000000 0.000000 0.000000
0.000000 0.000000 0.000000
0.000000 0.000000 0.000000
-0.040889 -0.069963 0.387096
-0.079756 0.055007 0.695427
0.000000 0.000000 0.000000
0.000000 0.000000 0.000000
0.000000 0.000000 0.000000
0.000000 0.000000 0.000000
-0.128246 -0.292756 0.478544
0.000000 0.000000 0.000000
0.000000 0.000000 0.000000
0.000000 0.000000 0.000000
0.000000 0.000000 0.000000
0.223755 -0.069963 0.221854
-0.074640 -0.210896 0.478821
0.000000 0.000000 0.000000
-0.084910 0.055007 0.613359
0.000000 0.000000 0.000000
0.000000 0.000000 0.000000
0.000000 0.000000 0.000000
0.000000 0.000000 0.000000
-0.263020 0.243419 0.677796
-0.028374 -0.002302 0.750512
-0.074640 -0.498025 0.508348
-0.038713 -0.069963 0.237658
0.000000 0.000000 0.000000
0.000000 0.000000 0.000000
-0.085786 -0.069963 0.343250
0.101963 0.412268 0.538116
-0.227163 -0.069963 0.325245
0.000000 0.000000 0.000000
0.000000 0.000000 0.000000
0.000000 0.000000 0.000000
0.000000 0.000000 0.000000
-0.204118 0.256420 0.767049
0.000000 0.000000 0.000000
0.000000 0.000000 0.000000
0.000000 0.000000 0.000000
0.027054 -0.069963 0.342111
-0.264137 0.103787 0.706101
0.000000 0.000000 0.000000
0.000000 0.000000 0.000000
-0.022229 0.055007 0.297270
-0.122542 -0.135152 0.547166
0.000000 0.000000 0.000000
0.000000 0.000000 0.000000
0.168704 0.019750 0.415206
0.000000 0.000000 0.000000
0.000000 0.000000 0.000000
-0.032213 -0.069963 0.684754
0.000000 0.000000 0.000000
0.000000 0.000000 0.000000
0.000000 0.000000 0.000000
0.000000 0.000000 0.000000
0.000000 0.000000 0.000000
-0.266438 -0.069963 0.651686
-0.172071 0.123632 0.734630
0.000000 0.000000 0.000000
0.000000 0.000000 0.000000
-0.213186 0.272191 0.621005
0.000000 0.000000 0.000000
0.000000 0.000000 0.000000
0.000000 0.000000 0.000000
0.155357 0.020661 0.534671
-0.178816 0.055007 0.283262
0.000000 0.000000 0.000000
0.000000 0.000000 0.000000
0.000000 0.000000 0.000000
0.000000 0.000000 0.000000
0.000000 0.000000 0.000000
0.000000 0.000000 0.000000
0.081795 -0.020794 0.679949
0.000000 0.000000 0.000000
0.000000 0.000000 0.000000
-0.128908 -0.184242 0.547166
0.000000 0.000000 0.000000
0.000000 0.000000 0.000000
0.000000 0.000000 0.000000
0.000000 0.000000 0.000000
0.058264 -0.069963 0.488972
0.000000 0.000000 0.000000
-0.079855 -0.132401 0.478544
0.000000 0.000000 0.000000
0.000000 0.000000 0.000000
-0.202620 -0.069963 0.506622
-0.037361 0.373702 0.359423
0.000000 0.000000 0.000000
0.000000 0.000000 0.000000
0.000000 0.000000 0.000000
0.000000 0.000000 0.000000
0.000000 0.000000 0.000000
0.000000 0.000000 0.000000
-0.009012 0.390069 0.318044
0.000000 0.000000 0.000000
0.070920 0.055007 0.538618
-0.103382 0.055007 0.540582
0.000000 0.000000 0.000000
0.000000 0.000000 0.000000
0.000000 0.000000 0.000000
0.000000 0.000000 0.000000
0.000000 0.000000 0.000000
0.000000 0.000000 0.000000
0.000000 0.000000 0.000000
0.116298 0.420546 0.374593
0.000000 0.000000 0.000000
0.000000 0.000000 0.000000
0.000000 0.000000 0.000000
0.000000 0.000000 0.000000
-0.155483 -0.493981 0.539497
0.000000 0.000000 0.000000
0.000000 0.000000 0.000000
0.000000 0.000000 0.000000
0.000000 0.000000 0.000000
0.000000 0.000000 0.000000
0.000000 0.000000 0.000000
-0.110274 0.331605 0.346732
0.000000 0.000000 0.000000
0.205135 0.055007 0.195152
0.064355 0.432427 0.370694
0.000000 0.000000 0.000000
0.000000 0.000000 0.000000
0.000000 0.000000 0.000000
0.000000 0.000000 0.000000
0.000000 0.000000 0.000000
0.000000 0.000000 0.000000
0.287250 0.040477 0.185331
0.000000 0.000000 0.000000
0.000000 0.000000 0.000000
-0.098386 0.296596 0.525009
0.000000 0.000000 0.000000
0.276784 -0.069963 0.169483
0.000000 0.000000 0.000000
-0.160595 0.260679 0.547608
0.031237 0.055007 0.592875
-0.108971 -0.069963 0.717170
-0.103495 -0.512066 0.547166
0.000000 0.000000 0.000000
0.000000 0.000000 0.000000
0.000000 0.000000 0.000000
-0.304895 0.112691 0.716718
0.047616 0.422763 0.494588
-0.037800 0.373450 0.580779
0.380407 -0.039437 0.112999
0.000000 0.000000 0.000000
0.000000 0.000000 0.000000
0.000000 0.000000 0.000000
0.000000 0.000000 0.000000
0.000000 0.000000 0.000000
0.163500 -0.069963 0.142841
0.000000 0.000000 0.000000
0.000000 0.000000 0.000000
0.000000 0.000000 0.000000
0.000000 0.000000 0.000000
0.000000 0.000000 0.000000
-0.109910 -0.319894 0.547166
0.000000 0.000000 0.000000
0.000000 0.000000 0.000000
0.069487 -0.069963 0.605729
-0.257374 -0.045446 0.743485
0.020704 -0.069963 0.550124
-0.053078 0.055007 0.223829
0.125295 0.055008 0.429734
0.000000 0.000000 0.000000
0.000000 0.000000 0.000000
0.000000 0.000000 0.000000
0.000000 0.000000 0.000000
0.000000 0.000000 0.000000
0.000000 0.000000 0.000000
0.000000 0.000000 0.000000
0.000000 0.000000 0.000000
0.036030 0.055007 0.290509
0.000000 0.000000 0.000000
0.000000 0.000000 0.000000
0.192940 -0.032478 0.328920
0.000000 0.000000 0.000000
0.000000 0.000000 0.000000
-0.113530 -0.069963 0.614147
0.133566 0.122440 0.429034
0.000000 0.000000 0.000000
0.187459 0.077300 0.341677
-0.131942 0.277223 0.739549
0.019984 0.406811 0.623092
0.000000 0.000000 0.000000
-0.234914 0.055007 0.528263
0.000000 0.000000 0.000000
0.164180 -0.042980 0.448500
0.000000 0.000000 0.000000
-0.244584 0.055007 0.693541
0.000000 0.000000 0.000000
-0.132608 0.005365 0.771695
0.000000 0.000000 0.000000
0.000000 0.000000 0.000000
0.230576 0.123632 0.209861
0.000000 0.000000 0.000000
-0.094926 -0.069963 0.523412
0.000000 0.000000 0.000000
0.000000 0.000000 0.000000
0.000000 0.000000 0.000000
0.044219 0.055007 0.220601
0.000000 0.000000 0.000000
-0.122419 0.055007 0.263024
0.000000 0.000000 0.000000
-0.010723 -0.055364 0.743454
0.110448 0.108344 0.643894
0.000000 0.000000 0.000000
0.000000 0.000000 0.000000
0.000000 0.000000 0.000000
0.000000 0.000000 0.000000
0.000000 0.000000 0.000000
0.000000 0.000000 0.000000
-0.275709 -0.069963 0.706290
-0.071153 0.312320 0.573076
-0.146885 -0.357795 0.478544
0.000000 0.000000 0.000000
0.000000 0.000000 0.000000
0.000000 0.000000 0.000000
-0.236662 -0.103620 0.522846
0.000000 0.000000 0.000000
-0.183944 0.055007 0.625212
0.029280 0.055007 0.665878
0.128218 -0.069963 0.563760
0.000000 0.000000 0.000000
0.000000 0.000000 0.000000
0.000000 0.000000 0.000000
-0.087086 -0.533499 0.478544
0.000000 0.000000 0.000000
-0.214696 -0.069963 0.637954
0.000000 0.000000 0.000000
-0.029072 0.336614 0.415179
0.000000 0.000000 0.000000
0.000000 0.000000 0.000000
0.000000 0.000000 0.000000
0.000000 0.000000 0.000000
0.000000 0.000000 0.000000
0.000000 0.000000 0.000000
0.000000 0.000000 0.000000
-0.036255 0.074008 0.718985
0.012722 -0.088746 0.504494
0.000000 0.000000 0.000000
-0.176565 0.251460 0.431627
0.000000 0.000000 0.000000
0.218591 0.123632 0.259185
0.000000 0.000000 0.000000
0.012822 -0.069963 0.200664
0.000000 0.000000 0.000000
0.000000 0.000000 0.000000
-0.236406 -0.069963 0.464687
0.000000 0.000000 0.000000
0.236241 0.040085 0.247156
0.000000 0.000000 0.000000
0.000000 0.000000 0.000000
0.000000 0.000000 0.000000
0.000000 0.000000 0.000000
0.000000 0.000000 0.000000
0.000000 0.000000 0.000000
-0.039097 0.372699 0.460317
0.104686 -0.069963 0.225675
0.000000 0.000000 0.000000
0.000000 0.000000 0.000000
0.038996 0.123632 0.708345
0.000000 0.000000 0.000000
-0.092613 -0.373004 0.478544
0.000000 0.000000 0.000000
0.000000 0.000000 0.000000
0.000000 0.000000 0.000000
0.000000 0.000000 0.000000
-0.142650 0.055007 0.714495
0.000000 0.000000 0.000000
0.000000 0.000000 0.000000
0.000000 0.000000 0.000000
-0.162916 0.259338 0.305651
0.102220 -0.069963 0.509898
0.000000 0.000000 0.000000
0.000000 0.000000 0.000000
0.000000 0.000000 0.000000
-0.167319 0.298672 0.577844
0.000000 0.000000 0.000000
