-0.210916 -0.069963 -0.298084
0.000000 0.000000 0.000000
-0.430168 -0.052283 -0.492036
0.000000 0.000000 0.000000
0.000000 0.000000 0.000000
0.000000 0.000000 0.000000
0.000000 0.000000 0.000000
-0.135793 0.316871 -0.006868
0.000000 0.000000 0.000000
0.000000 0.000000 0.000000
0.000000 0.000000 0.000000
0.000000 0.000000 0.000000
0.000000 0.000000 0.000000
0.000000 0.000000 0.000000
-0.299046 -0.550102 -0.267956
-0.176482 -0.553108 -0.742884
-0.260827 0.055007 0.164289
-0.185972 -0.548714 -0.554487
0.000000 0.000000 0.000000
0.000000 0.000000 0.000000
-0.402816 0.162707 -0.139134
0.000000 0.000000 0.000000
0.000000 0.000000 0.000000
0.000000 0.000000 0.000000
0.000000 0.000000 0.000000
0.000000 0.000000 0.000000
0.000000 0.000000 0.000000
0.000000 0.000000 0.000000
0.000000 0.000000 0.000000
0.000000 0.000000 0.000000
-0.375873 -0.069963 0.063550
-0.146658 -0.290428 -0.781232
-0.326357 0.164977 0.105212
-0.273927 -0.281814 -0.225687
0.000000 0.000000 0.000000
-0.217367 0.055007 -0.144608
0.000000 0.000000 0.000000
0.000000 0.000000 0.000000
0.000000 0.000000 0.000000
0.000000 0.000000 0.000000
0.000000 0.000000 0.000000
0.000000 0.000000 0.000000
0.000000 0.000000 0.000000
0.000000 0.000000 0.000000
0.000000 0.000000 0.000000
0.000000 0.000000 0.000000
-0.298089 -0.069963 -0.091663
-0.204431 -0.333046 -0.492610
0.000000 0.000000 0.000000
-0.247081 0.244708 -0.181789
0.000000 0.000000 0.000000
-0.184212 -0.069963 -0.515088
0.000000 0.000000 0.000000
0.000000 0.000000 0.000000
-0.360613 0.060588 -0.308561
0.000000 0.000000 0.000000
0.000000 0.000000 0.000000
0.000000 0.000000 0.000000
0.000000 0.000000 0.000000
-0.407578 -0.018428 0.217883
-0.216391 0.228464 0.252151
-0.153583 0.055007 -0.046375
-0.287951 0.229023 -0.056102
0.000000 0.000000 0.000000
0.000000 0.000000 0.000000
0.000000 0.000000 0.000000
0.000000 0.000000 0.000000
0.000000 0.000000 0.000000
0.000000 0.000000 0.000000
-0.415346 0.155472 0.256277
0.000000 0.000000 0.000000
0.000000 0.000000 0.000000
-0.412271 -0.069963 -0.253654
0.000000 0.000000 0.000000
0.000000 0.000000 0.000000
0.000000 0.000000 0.000000
-0.430168 0.082332 0.042304
0.000000 0.000000 0.000000
0.000000 0.000000 0.000000
0.000000 0.000000 0.000000
0.000000 0.000000 0.000000
-0.337765 0.055007 -0.175729
0.000000 0.000000 0.000000
0.000000 0.000000 0.000000
0.000000 0.000000 0.000000
-0.299046 -0.041650 -0.392472
-0.132941 0.283635 -0.181789
0.000000 0.000000 0.000000
-0.251754 -0.418345 -0.306529
0.000000 0.000000 0.000000
0.000000 0.000000 0.000000
0.000000 0.000000 0.000000
-0.208925 0.088702 -0.325958
0.000000 0.000000 0.000000
0.000000 0.000000 0.000000
0.000000 0.000000 0.000000
0.000000 0.000000 0.000000
0.000000 0.000000 0.000000
0.000000 0.000000 0.000000
0.000000 0.000000 0.000000
0.000000 0.000000 0.000000
0.000000 0.000000 0.000000
0.000000 0.000000 0.000000
-0.430168 0.000818 -0.064584
0.000000 0.000000 0.000000
-0.191691 -0.401369 -0.758144
0.000000 0.000000 0.000000
0.000000 0.000000 0.000000
0.000000 0.000000 0.000000
0.000000 0.000000 0.000000
-0.194391 0.241167 0.187333
-0.262692 -0.146981 -0.306529
0.000000 0.000000 0.000000
-0.092306 -0.058691 -0.527364
0.000000 0.000000 0.000000
-0.270618 -0.141932 -0.188379
-0.274613 0.055007 -0.009708
-0.312842 -0.069963 0.186770
0.000000 0.000000 0.000000
0.000000 0.000000 0.000000
0.000000 0.000000 0.000000
0.000000 0.000000 0.000000
-0.224397 -0.069963 0.007296
0.000000 0.000000 0.000000
0.000000 0.000000 0.000000
-0.209446 -0.310780 -0.649708
-0.116981 -0.069963 -0.399367
0.000000 0.000000 0.000000
0.000000 0.000000 0.000000
0.000000 0.000000 0.000000
-0.270816 -0.246494 -0.306529
0.000000 0.000000 0.000000
0.000000 0.000000 0.000000
0.000000 0.000000 0.000000
-0.385352 0.172789 -0.047728
0.000000 0.000000 0.000000
-0.344174 -0.069963 -0.068778
0.000000 0.000000 0.000000
0.000000 0.000000 0.000000
0.000000 0.000000 0.000000
0.000000 0.000000 0.000000
0.000000 0.000000 0.000000
0.000000 0.000000 0.000000
0.000000 0.000000 0.000000
0.000000 0.000000 0.000000
0.000000 0.000000 0.000000
-0.213625 0.230063 0.027515
0.000000 0.000000 0.000000
0.000000 0.000000 0.000000
-0.268361 -0.411668 -0.225687
-0.430168 0.048192 -0.226546
-0.116914 -0.290428 -0.545799
-0.386767 0.055007 0.161183
-0.338098 0.200071 0.305015
-0.352936 0.191505 -0.104647
0.000000 0.000000 0.000000
-0.242702 0.096295 -0.250706
0.000000 0.000000 0.000000
0.000000 0.000000 0.000000
0.000000 0.000000 0.000000
0.000000 0.000000 0.000000
0.000000 0.000000 0.000000
0.000000 0.000000 0.000000
0.000000 0.000000 0.000000
-0.151385 -0.431595 -0.532405
-0.248071 0.252048 0.099029
0.000000 0.000000 0.000000
0.000000 0.000000 0.000000
0.000000 0.000000 0.000000
0.000000 0.000000 0.000000
-0.430168 -0.002095 -0.373471
0.000000 0.000000 0.000000
-0.239788 -0.175155 -0.225687
-0.289317 0.009656 -0.325958
0.000000 0.000000 0.000000
0.000000 0.000000 0.000000
0.000000 0.000000 0.000000
0.000000 0.000000 0.000000
-0.226007 -0.069963 -0.177151
0.000000 0.000000 0.000000
-0.184440 0.288785 -0.067839
-0.212233 -0.034256 -0.400864
-0.254830 -0.069963 0.068288
0.000000 0.000000 0.000000
0.000000 0.000000 0.000000
0.000000 0.000000 0.000000
0.000000 0.000000 0.000000
0.000000 0.000000 0.000000
-0.405288 0.123632 -0.249060
-0.391930 0.055007 -0.037361
0.000000 0.000000 0.000000
-0.317515 -0.069963 -0.502356
0.000000 0.000000 0.000000
0.000000 0.000000 0.000000
0.000000 0.000000 0.000000
0.000000 0.000000 0.000000
-0.391685 -0.069963 -0.357114
0.000000 0.000000 0.000000
0.000000 0.000000 0.000000
0.000000 0.000000 0.000000
-0.198172 0.055007 0.064057
0.000000 0.000000 0.000000
0.000000 0.000000 0.000000
-0.364813 0.055007 0.262864
0.000000 0.000000 0.000000
-0.421561 -0.069963 0.143316
-0.396077 -0.069963 -0.134263
0.000000 0.000000 0.000000
0.000000 0.000000 0.000000
0.000000 0.000000 0.000000
-0.120416 -0.010991 -0.325958
0.000000 0.000000 0.000000
-0.170031 0.060588 -0.226145
0.000000 0.000000 0.000000
0.000000 0.000000 0.000000
-0.430168 -0.022980 0.049977
0.000000 0.000000 0.000000
0.000000 0.000000 0.000000
0.000000 0.000000 0.000000
-0.362945 0.055007 -0.070355
0.000000 0.000000 0.000000
0.000000 0.000000 0.000000
-0.230421 -0.503762 -0.258022
-0.314870 0.213482 0.190450
0.000000 0.000000 0.000000
-0.365330 0.142475 0.072589
0.000000 0.000000 0.000000
-0.299046 -0.083304 -0.235381
-0.158395 -0.333046 -0.714285
-0.238250 0.215846 -0.139775
0.000000 0.000000 0.000000
0.000000 0.000000 0.000000
0.000000 0.000000 0.000000
0.000000 0.000000 0.000000
0.000000 0.000000 0.000000
0.000000 0.000000 0.000000
-0.386263 0.172264 0.173119
0.000000 0.000000 0.000000
0.000000 0.000000 0.000000
0.000000 0.000000 0.000000
0.000000 0.000000 0.000000
-0.275022 -0.468548 -0.306529
-0.128240 0.096295 -0.203203
0.000000 0.000000 0.000000
0.000000 0.000000 0.000000
0.000000 0.000000 0.000000
0.000000 0.000000 0.000000
0.000000 0.000000 0.000000
0.000000 0.000000 0.000000
0.000000 0.000000 0.000000
0.000000 0.000000 0.000000
-0.141363 0.271783 0.039837
-0.300449 0.179935 0.019583
0.000000 0.000000 0.000000
0.000000 0.000000 0.000000
-0.327933 -0.069963 0.137069
-0.295676 -0.333960 -0.306529
0.000000 0.000000 0.000000
0.000000 0.000000 0.000000
0.000000 0.000000 0.000000
-0.308827 0.060588 -0.242256
0.000000 0.000000 0.000000
0.000000 0.000000 0.000000
0.000000 0.000000 0.000000
0.000000 0.000000 0.000000
-0.430168 0.092859 -0.083451
-0.105612 -0.053783 -0.469102
0.000000 0.000000 0.000000
0.000000 0.000000 0.000000
0.000000 0.000000 0.000000
0.000000 0.000000 0.000000
0.000000 0.000000 0.000000
0.000000 0.000000 0.000000
-0.430168 -0.010412 0.132031
0.000000 0.000000 0.000000
0.000000 0.000000 0.000000
-0.228975 0.055007 -0.057494
0.000000 0.000000 0.000000
-0.230421 -0.108318 -0.387488
-0.150623 -0.474976 -0.757525
0.000000 0.000000 0.000000
0.000000 0.000000 0.000000
0.000000 0.000000 0.000000
-0.085695 0.345795 -0.099393
0.000000 0.000000 0.000000
0.000000 0.000000 0.000000
-0.130488 0.096295 -0.280455
0.000000 0.000000 0.000000
0.000000 0.000000 0.000000
0.000000 0.000000 0.000000
0.000000 0.000000 0.000000
-0.209446 -0.316707 -0.766255
0.000000 0.000000 0.000000
0.000000 0.000000 0.000000
-0.312628 0.055007 0.065450
-0.119853 -0.290428 -0.679267
-0.288866 -0.467446 -0.225687
0.000000 0.000000 0.000000
0.000000 0.000000 0.000000
0.000000 0.000000 0.000000
0.000000 0.000000 0.000000
0.000000 0.000000 0.000000
-0.429910 0.045475 -0.319751
0.000000 0.000000 0.000000
-0.311145 0.173759 -0.178878
-0.329861 -0.069963 0.020402
-0.091820 -0.333046 -0.767132
0.000000 0.000000 0.000000
0.000000 0.000000 0.000000
-0.365739 -0.069963 -0.432908
0.000000 0.000000 0.000000
-0.192453 -0.494699 -0.538089
0.000000 0.000000 0.000000
0.000000 0.000000 0.000000
0.000000 0.000000 0.000000
0.000000 0.000000 0.000000
0.000000 0.000000 0.000000
0.000000 0.000000 0.000000
0.000000 0.000000 0.000000
0.000000 0.000000 0.000000
-0.230421 -0.123093 -0.243819
0.000000 0.000000 0.000000
0.000000 0.000000 0.000000
0.000000 0.000000 0.000000
0.000000 0.000000 0.000000
0.000000 0.000000 0.000000
-0.165249 -0.340960 -0.554487
0.000000 0.000000 0.000000
-0.430168 0.073310 0.233115
0.000000 0.000000 0.000000
-0.301268 0.096295 -0.322555
-0.296261 0.224226 0.255138
0.000000 0.000000 0.000000
-0.230421 -0.336123 -0.277126
-0.417932 -0.069963 -0.029411
-0.149792 -0.069963 -0.258184
0.000000 0.000000 0.000000
0.000000 0.000000 0.000000
-0.299046 -0.161318 -0.250547
0.000000 0.000000 0.000000
-0.227741 0.221912 -0.045219
-0.299046 -0.095150 -0.318204
0.000000 0.000000 0.000000
0.000000 0.000000 0.000000
0.000000 0.000000 0.000000
0.000000 0.000000 0.000000
-0.397969 0.108751 -0.312794
-0.342515 0.155648 0.244742
-0.191676 -0.290428 -0.576080
-0.254314 0.248444 0.159539
0.000000 0.000000 0.000000
-0.430168 -0.035143 -0.318783
0.000000 0.000000 0.000000
0.000000 0.000000 0.000000
-0.430168 -0.003930 -0.144509
0.000000 0.000000 0.000000
0.000000 0.000000 0.000000
0.000000 0.000000 0.000000
0.000000 0.000000 0.000000
0.000000 0.000000 0.000000
0.000000 0.000000 0.000000
-0.397969 0.095569 -0.024329
0.000000 0.000000 0.000000
0.000000 0.000000 0.000000
0.000000 0.000000 0.000000
-0.172080 0.295921 0.104635
-0.397969 0.066714 0.099006
-0.430168 0.108473 0.174249
-0.127942 0.279531 -0.085514
0.000000 0.000000 0.000000
0.000000 0.000000 0.000000
0.000000 0.000000 0.000000
0.000000 0.000000 0.000000
0.000000 0.000000 0.000000
0.000000 0.000000 0.000000
0.000000 0.000000 0.000000
0.000000 0.000000 0.000000
0.000000 0.000000 0.000000
-0.198656 -0.003528 -0.325958
0.000000 0.000000 0.000000
-0.223960 -0.069963 -0.066299
0.000000 0.000000 0.000000
-0.226961 0.060588 -0.281681
0.000000 0.000000 0.000000
0.000000 0.000000 0.000000
0.000000 0.000000 0.000000
0.000000 0.000000 0.000000
-0.284502 -0.117559 -0.387706
0.000000 0.000000 0.000000
-0.344989 -0.069963 -0.294221
-0.430168 0.122373 -0.182568
-0.239165 -0.069963 -0.460205
0.000000 0.000000 0.000000
0.000000 0.000000 0.000000
-0.230421 -0.461016 -0.258276
0.000000 0.000000 0.000000
0.000000 0.000000 0.000000
0.000000 0.000000 0.000000
0.000000 0.000000 0.000000
0.000000 0.000000 0.000000
0.000000 0.000000 0.000000
0.000000 0.000000 0.000000
0.000000 0.000000 0.000000
0.000000 0.000000 0.000000
0.000000 0.000000 0.000000
-0.306027 0.055007 -0.086586
-0.288656 0.186743 0.139546
0.000000 0.000000 0.000000
-0.384669 -0.069963 0.216884
0.000000 0.000000 0.000000
0.000000 0.000000 0.000000
0.000000 0.000000 0.000000
-0.370656 -0.068972 -0.527364
0.000000 0.000000 0.000000
-0.263035 0.060588 -0.200884
-0.360576 0.145221 -0.003797
0.000000 0.000000 0.000000
-0.161428 -0.034256 -0.373104
-0.430168 0.066436 -0.151922
0.000000 0.000000 0.000000
-0.277196 -0.069963 -0.437718
0.000000 0.000000 0.000000
-0.263302 0.243254 0.026108
0.000000 0.000000 0.000000
-0.424910 0.123632 0.081265
0.000000 0.000000 0.000000
0.000000 0.000000 0.000000
0.000000 0.000000 0.000000
-0.330640 -0.069963 -0.173744
-0.093364 -0.333046 -0.714738
0.000000 0.000000 0.000000
-0.352736 0.149747 -0.165064
0.000000 0.000000 0.000000
-0.425139 -0.069963 -0.404115
0.000000 0.000000 0.000000
0.000000 0.000000 0.000000
0.000000 0.000000 0.000000
0.000000 0.000000 0.000000
0.000000 0.000000 0.000000
0.000000 0.000000 0.000000
0.000000 0.000000 0.000000
0.000000 0.000000 0.000000
-0.230421 -0.231455 -0.274153
-0.268732 -0.069963 0.156287
0.000000 0.000000 0.000000
-0.379821 0.134110 -0.091469
0.000000 0.000000 0.000000
0.000000 0.000000 0.000000
0.000000 0.000000 0.000000
0.000000 0.000000 0.000000
0.000000 0.000000 0.000000
0.000000 0.000000 0.000000
0.000000 0.000000 0.000000
0.000000 0.000000 0.000000
-0.315935 0.055007 0.218878
0.000000 0.000000 0.000000
0.000000 0.000000 0.000000
-0.283452 -0.112700 -0.138321
0.000000 0.000000 0.000000
0.000000 0.000000 0.000000
-0.266696 -0.044298 -0.351746
0.000000 0.000000 0.000000
-0.230421 -0.352669 -0.234199
0.000000 0.000000 0.000000
-0.282221 -0.069963 -0.033376
-0.150623 -0.378823 -0.773352
0.000000 0.000000 0.000000
0.000000 0.000000 0.000000
-0.171614 -0.069963 -0.207462
-0.257134 0.204942 0.220379
0.000000 0.000000 0.000000
0.000000 0.000000 0.000000
0.000000 0.000000 0.000000
-0.196329 0.096295 -0.192592
-0.398538 0.165176 0.111916
0.000000 0.000000 0.000000
0.000000 0.000000 0.000000
-0.430168 -0.017517 -0.226304
-0.409231 0.020961 0.178055
0.000000 0.000000 0.000000
0.000000 0.000000 0.000000
0.000000 0.000000 0.000000
0.000000 0.000000 0.000000
0.000000 0.000000 0.000000
0.000000 0.000000 0.000000
-0.209423 0.055007 0.220847
0.000000 0.000000 0.000000
0.000000 0.000000 0.000000
0.000000 0.000000 0.000000
0.000000 0.000000 0.000000
0.000000 0.000000 0.000000
-0.348723 0.096295 -0.252272
0.000000 0.000000 0.000000
-0.165304 0.257961 -0.006613
0.000000 0.000000 0.000000
-0.205222 0.055007 0.001317
0.000000 0.000000 0.000000
0.000000 0.000000 0.000000
0.000000 0.000000 0.000000
0.000000 0.000000 0.000000
0.000000 0.000000 0.000000
-0.416469 0.017302 0.003805
-0.254285 -0.545881 -0.225687
-0.397969 -0.024846 -0.421492
-0.257968 -0.053783 -0.521133
0.000000 0.000000 0.000000
-0.175477 0.252087 -0.138790
-0.430168 -0.065792 0.076102
0.000000 0.000000 0.000000
-0.314052 0.213953 0.077231
0.000000 0.000000 0.000000
0.000000 0.000000 0.000000
0.000000 0.000000 0.000000
0.000000 0.000000 0.000000
0.000000 0.000000 0.000000
0.000000 0.000000 0.000000
-0.136834 -0.069963 -0.323953
-0.299046 -0.398681 -0.266714
0.000000 0.000000 0.000000
0.000000 0.000000 0.000000
-0.154638 0.060588 -0.284111
-0.255698 0.247644 0.308530
0.000000 0.000000 0.000000
-0.165057 -0.044298 -0.444416
0.000000 0.000000 0.000000
0.000000 0.000000 0.000000
0.000000 0.000000 0.000000
-0.372387 0.055007 0.025200
0.000000 0.000000 0.000000
0.000000 0.000000 0.000000
0.000000 0.000000 0.000000
-0.383386 -0.069963 -0.212240
-0.165404 -0.290428 -0.734570
0.000000 0.000000 0.000000
0.000000 0.000000 0.000000
0.000000 0.000000 0.000000
0.000000 0.000000 0.000000
0.000000 0.000000 0.000000
0.000000 0.000000 0.000000
0.000000 0.000000 0.000000
0.000000 0.000000 0.000000
0.000000 0.000000 0.000000
-0.241772 -0.069963 -0.420263
0.000000 0.000000 0.000000
0.000000 0.000000 0.000000
0.000000 0.000000 0.000000
0.000000 0.000000 0.000000
-0.115697 -0.290428 -0.744187
-0.230421 -0.106402 -0.149798
-0.191691 -0.520115 -0.775054
0.000000 0.000000 0.000000
-0.430168 0.111047 0.289361
0.000000 0.000000 0.000000
-0.157810 -0.292380 -0.492025
0.000000 0.000000 0.000000
0.000000 0.000000 0.000000
0.000000 0.000000 0.000000
-0.299046 -0.356302 -0.230405
-0.299046 -0.224916 -0.269589
0.000000 0.000000 0.000000
0.000000 0.000000 0.000000
-0.397969 0.087050 -0.207664
0.000000 0.000000 0.000000
-0.430168 0.109404 -0.007305
0.000000 0.000000 0.000000
0.000000 0.000000 0.000000
0.000000 0.000000 0.000000
-0.157887 -0.290428 -0.631638
0.000000 0.000000 0.000000
0.000000 0.000000 0.000000
0.000000 0.000000 0.000000
-0.397969 0.081139 -0.109576
0.000000 0.000000 0.000000
0.000000 0.000000 0.000000
-0.313367 -0.044298 -0.350451
-0.173699 -0.069963 -0.094614
0.000000 0.000000 0.000000
0.000000 0.000000 0.000000
0.000000 0.000000 0.000000
0.000000 0.000000 0.000000
0.000000 0.000000 0.000000
0.000000 0.000000 0.000000
0.000000 0.000000 0.000000
0.000000 0.000000 0.000000
0.000000 0.000000 0.000000
-0.419955 -0.068810 -0.080092
-0.247486 -0.532973 -0.306529
0.000000 0.000000 0.000000
0.000000 0.000000 0.000000
0.000000 0.000000 0.000000
0.000000 0.000000 0.000000
0.000000 0.000000 0.000000
0.000000 0.000000 0.000000
-0.223426 -0.044298 -0.336072
0.000000 0.000000 0.000000
-0.397969 0.110360 0.218857
0.000000 0.000000 0.000000
0.000000 0.000000 0.000000
0.000000 0.000000 0.000000
0.000000 0.000000 0.000000
-0.293997 0.183660 -0.130438
0.000000 0.000000 0.000000
-0.165906 -0.333046 -0.599801
0.000000 0.000000 0.000000
-0.193579 -0.290428 -0.522945
-0.145940 0.038301 -0.325958
0.000000 0.000000 0.000000
0.000000 0.000000 0.000000
-0.430168 0.034384 0.094440
0.000000 0.000000 0.000000
0.000000 0.000000 0.000000
0.000000 0.000000 0.000000
0.000000 0.000000 0.000000
-0.100769 -0.290428 -0.614936
0.000000 0.000000 0.000000
0.000000 0.000000 0.000000
0.000000 0.000000 0.000000
0.000000 0.000000 0.000000
-0.305947 0.055007 0.124296
0.000000 0.000000 0.000000
-0.375830 0.055007 0.215048
0.000000 0.000000 0.000000
0.000000 0.000000 0.000000
0.000000 0.000000 0.000000
-0.427167 -0.069963 -0.173552
-0.142345 0.096295 -0.321919
0.000000 0.000000 0.000000
0.000000 0.000000 0.000000
-0.180425 0.249230 0.130094
0.000000 0.000000 0.000000
0.000000 0.000000 0.000000
-0.190369 -0.475034 -0.734888
0.000000 0.000000 0.000000
-0.230421 -0.403470 -0.263061
0.000000 0.000000 0.000000
0.000000 0.000000 0.000000
-0.230421 -0.174025 -0.284638
-0.397969 0.072441 -0.271922
0.000000 0.000000 0.000000
0.000000 0.000000 0.000000
0.000000 0.000000 0.000000
0.000000 0.000000 0.000000
-0.142693 0.312888 -0.124130
0.000000 0.000000 0.000000
0.000000 0.000000 0.000000
-0.325013 0.045086 -0.325958
0.000000 0.000000 0.000000
0.000000 0.000000 0.000000
0.000000 0.000000 0.000000
-0.373116 -0.069963 0.120096
-0.382825 0.014059 -0.325958
-0.231797 -0.141932 -0.344007
0.000000 0.000000 0.000000
-0.151385 -0.381875 -0.516228
0.000000 0.000000 0.000000
-0.248511 -0.069963 -0.254519
-0.206056 -0.069963 -0.386570
-0.148670 0.055007 -0.179519
0.000000 0.000000 0.000000
0.000000 0.000000 0.000000
0.000000 0.000000 0.000000
-0.374089 0.137418 0.125826
0.000000 0.000000 0.000000
0.000000 0.000000 0.000000
-0.219562 0.055007 0.119314
-0.430168 0.077619 0.134770
-0.205443 0.234787 -0.097426
0.000000 0.000000 0.000000
0.000000 0.000000 0.000000
0.000000 0.000000 0.000000
-0.170898 0.296603 0.187734
0.000000 0.000000 0.000000
0.000000 0.000000 0.000000
0.000000 0.000000 0.000000
-0.347522 0.194630 0.046688
0.000000 0.000000 0.000000
0.000000 0.000000 0.000000
-0.299046 -0.505165 -0.294527
0.000000 0.000000 0.000000
0.000000 0.000000 0.000000
0.000000 0.000000 0.000000
0.000000 0.000000 0.000000
-0.192453 -0.440780 -0.530497
-0.230421 -0.275582 -0.260160
0.000000 0.000000 0.000000
0.000000 0.000000 0.000000
0.000000 0.000000 0.000000
0.000000 0.000000 0.000000
-0.405580 0.085080 0.265948
0.000000 0.000000 0.000000
0.000000 0.000000 0.000000
0.000000 0.000000 0.000000
-0.275504 0.055007 -0.150281
0.000000 0.000000 0.000000
0.000000 0.000000 0.000000
0.000000 0.000000 0.000000
0.000000 0.000000 0.000000
0.000000 0.000000 0.000000
-0.182133 -0.317072 -0.799648
0.000000 0.000000 0.000000
0.000000 0.000000 0.000000
0.000000 0.000000 0.000000
0.000000 0.000000 0.000000
-0.420489 0.038001 -0.092964
0.000000 0.000000 0.000000
-0.073540 0.352813 -0.151554
0.000000 0.000000 0.000000
0.000000 0.000000 0.000000
-0.402762 0.131934 0.036953
0.000000 0.000000 0.000000
0.000000 0.000000 0.000000
0.000000 0.000000 0.000000
0.000000 0.000000 0.000000
-0.208277 -0.333046 -0.702609
0.000000 0.000000 0.000000
0.000000 0.000000 0.000000
0.000000 0.000000 0.000000
