0.294912 -0.012391 -0.172998
0.358115 -0.070933 -0.334335
-0.261201 -0.068515 0.083452
0.100332 -0.024777 -0.012476
0.324952 -0.033963 -0.253331
0.003759 0.023071 -0.884140
0.000000 0.000000 0.000000
-0.334366 -0.174916 -0.303251
-0.110284 0.012427 -0.395803
0.000000 0.000000 0.000000
0.016337 -0.197640 -0.626060
0.075316 0.091230 -0.607624
-0.405041 -0.021870 -0.142572
-0.101487 0.055661 -0.105333
0.108042 -0.082229 -0.205419
-0.092371 -0.102962 -0.016062
0.000000 0.000000 0.000000
0.000000 0.000000 0.000000
-0.278378 -0.027401 -0.234478
0.041777 -0.086733 -0.468908
-0.101357 -0.023934 -0.663653
0.034578 0.115650 -0.262769
0.000000 0.000000 0.000000
0.083139 -0.031230 -0.776077
0.000000 0.000000 0.000000
0.000000 0.000000 0.000000
0.000000 0.000000 0.000000
-0.170094 -0.202757 -0.013611
-0.077647 0.091305 -0.512434
-0.109466 0.018080 -0.158594
-0.097807 -0.014960 -0.721598
-0.054057 -0.108739 -0.279249
0.072018 -0.107750 -0.116609
0.042085 0.112979 0.109933
-0.318296 -0.135405 -0.137692
-0.331933 -0.127996 -0.354435
0.068322 -0.068604 0.044951
0.340572 -0.096878 -0.353092
-0.088288 -0.048579 -0.100179
-0.323800 -0.012723 -0.066952
0.101208 0.048104 -0.418071
0.000000 0.000000 0.000000
0.007373 0.087784 -0.782458
0.000000 0.000000 0.000000
-0.226817 -0.191188 0.004310
0.036798 0.114759 -0.036936
0.078238 -0.060014 -0.649229
0.065758 -0.069764 -0.328864
0.251339 -0.021941 -0.059930
0.000000 0.000000 0.000000
-0.180977 -0.028481 -0.094131
0.000000 0.000000 0.000000
-0.000145 -0.063167 -0.676094
-0.110269 0.012231 -0.268903
0.000000 0.000000 0.000000
-0.032625 0.116512 -0.381174
-0.272451 -0.114848 -0.236331
0.000000 0.000000 0.000000
-0.012823 -0.076350 -0.852384
0.099467 0.055466 -0.152044
-0.003391 0.122207 -0.156756
-0.057396 0.102802 -0.633111
0.367739 -0.013851 -0.172794
-0.088717 -0.048482 -0.514262
0.000000 0.000000 0.000000
0.000000 0.000000 0.000000
-0.073917 -0.107746 -0.184508
-0.102895 -0.023656 0.014419
0.107598 0.014864 0.142167
-0.384228 -0.013618 0.013745
0.172999 -0.025013 -0.121556
-0.065116 -0.072688 0.077696
0.210516 -0.043090 -0.240410
-0.201390 -0.081023 -0.028584
-0.280065 -0.047523 -0.130217
-0.069937 0.095896 -0.014264
-0.043784 -0.088149 -0.407172
0.102287 0.021028 -0.683887
0.049482 0.108546 -0.516656
0.000000 0.000000 0.000000
-0.350315 -0.063817 -0.294288
0.216664 -0.054262 -0.169375
-0.332954 -0.009782 -0.108667
0.074921 0.090993 -0.014443
0.106308 0.004226 -0.538809
-0.148019 -0.050749 -0.279424
0.000000 0.000000 0.000000
-0.050937 -0.081840 -0.192121
0.104587 0.031218 -0.297438
0.260833 -0.127502 -0.337410
0.000000 0.000000 0.000000
-0.011535 -0.089906 -0.762178
0.000000 0.000000 0.000000
-0.047060 0.111216 0.066986
-0.199306 -0.057343 -0.177054
0.048305 0.109333 -0.469217
-0.468026 0.001715 -0.062448
0.000000 0.000000 0.000000
0.002408 -0.110781 -0.020651
0.025881 0.040974 -0.840934
0.000000 0.000000 0.000000
-0.070832 0.086862 -0.697671
-0.356206 -0.076261 -0.249115
-0.069101 -0.070079 -0.619562
0.057005 -0.075726 -0.241620
-0.154366 -0.054161 0.039840
0.148214 -0.019823 -0.207069
-0.110430 0.013134 -0.302202
0.000000 0.000000 0.000000
0.028789 -0.050412 -0.903219
0.000000 0.000000 0.000000
-0.235768 -0.087108 0.002067
0.107347 0.016116 0.218979
-0.076970 -0.080337 0.171290
0.000000 0.000000 0.000000
0.046045 0.102896 -0.690204
-0.080764 0.087216 -0.178788
-0.381314 -0.110340 -0.302727
0.055811 -0.108580 -0.011866
-0.172381 -0.018626 -0.205778
0.015934 -0.092511 -0.566745
0.097531 -0.013447 -0.388658
-0.067876 0.025664 -0.815583
0.000000 0.000000 0.000000
0.147170 -0.065035 -0.076148
0.063207 -0.071858 -0.157078
0.000000 0.000000 0.000000
0.100183 0.053228 -0.321011
0.143416 -0.053431 -0.266974
-0.104597 0.042851 -0.597425
0.000000 0.000000 0.000000
0.000000 0.000000 0.000000
0.000000 0.000000 0.000000
-0.110804 -0.071212 -0.288060
0.066892 -0.107976 -0.291376
-0.399370 -0.029244 -0.057676
-0.103968 -0.092853 -0.055060
-0.027605 0.117073 -0.095832
0.000000 0.000000 0.000000
-0.072064 0.095029 -0.282130
-0.273373 -0.082449 -0.296276
-0.275903 -0.103916 -0.384807
0.302584 -0.044344 -0.103124
-0.148722 -0.038294 -0.065981
-0.313882 -0.058776 -0.189452
0.000000 0.000000 0.000000
-0.095138 -0.038848 -0.183091
0.000000 0.000000 0.000000
-0.108915 -0.041047 0.102675
-0.102987 -0.066877 -0.377715
0.071908 0.048228 -0.775148
-0.288403 -0.039767 0.005554
0.105814 0.002643 0.093389
0.000000 0.000000 0.000000
-0.019996 -0.110222 -0.096143
0.000000 0.000000 0.000000
-0.028686 0.117299 -0.466759
0.064221 0.098610 -0.173339
-0.353267 -0.136607 -0.220856
0.242784 -0.015249 -0.129077
-0.077403 -0.107618 -0.233767
0.359145 -0.078648 -0.255576
0.108189 -0.016719 -0.104069
0.000000 0.000000 0.000000
0.000000 0.000000 0.000000
0.281093 -0.028272 -0.231362
-0.104029 0.044410 0.037426
0.000000 0.000000 0.000000
0.000000 0.000000 0.000000
0.106693 0.020677 -0.594146
-0.231097 -0.027591 -0.047969
-0.085084 -0.053826 -0.214621
-0.004304 -0.123080 -0.644006
0.294714 -0.066636 -0.368819
-0.050558 0.109390 -0.562259
0.183580 -0.054696 -0.208876
0.000000 0.000000 0.000000
0.089988 -0.042782 -0.246608
-0.238483 -0.014986 -0.149560
-0.272843 -0.150197 -0.311630
-0.054284 -0.105493 -0.329507
0.040175 0.114533 -0.338868
0.194289 -0.037856 -0.019161
-0.109279 0.019445 -0.481784
0.000000 0.000000 0.000000
0.000000 0.000000 0.000000
0.028308 -0.094507 -0.396986
-0.072912 -0.043445 -0.801635
0.265593 -0.091899 -0.293886
-0.077192 -0.064364 -0.252833
0.087883 0.072445 0.062545
-0.320108 -0.076613 -0.032583
0.094576 0.062450 -0.081152
0.208612 -0.057089 -0.103530
0.086161 0.075674 -0.240914
-0.080635 0.087490 -0.435133
-0.094207 0.067098 -0.362370
0.027191 0.116680 0.041943
-0.051728 -0.022224 -0.883224
0.000000 0.000000 0.000000
0.108272 -0.068690 0.007354
-0.313791 -0.171193 -0.258038
-0.028873 -0.090329 -0.495949
-0.369364 -0.105479 -0.383587
0.086236 -0.104248 -0.245679
0.081517 -0.055741 -0.481298
-0.196740 -0.140765 -0.029508
-0.137915 -0.020525 -0.225186
-0.200655 -0.059633 -0.119508
0.000000 0.000000 0.000000
-0.108945 0.006596 -0.037038
-0.348274 -0.101549 -0.187118
-0.429798 -0.002348 -0.048969
0.004527 -0.110632 -0.224730
-0.147515 -0.067024 -0.123688
0.053270 -0.075091 -0.724869
0.025469 0.115841 -0.629127
-0.191394 -0.157468 -0.040349
0.107874 0.014773 -0.231700
-0.100436 -0.096320 0.037834
-0.038845 -0.088399 0.013901
-0.035003 -0.089161 -0.129397
-0.326435 -0.078959 -0.101836
0.046471 -0.063242 -0.830262
0.096094 0.060751 -0.502550
-0.209728 -0.025165 -0.263411
0.027866 0.116605 -0.111219
0.000000 0.000000 0.000000
-0.058782 -0.074021 -0.702946
0.071569 -0.066842 -0.545807
0.093036 0.064705 0.141735
0.098506 -0.074726 -0.361943
0.010123 -0.093723 -0.349812
0.000000 0.000000 0.000000
0.008529 0.120413 0.114424
0.000000 0.000000 0.000000
-0.282352 -0.012569 -0.150240
-0.345203 -0.013070 -0.038029
0.000000 0.000000 0.000000
0.000000 0.000000 0.000000
-0.290483 -0.044691 -0.078590
0.132148 -0.069311 -0.144590
0.000000 0.000000 0.000000
-0.517466 0.001290 -0.087543
-0.087438 -0.050393 -0.444371
-0.226701 -0.039817 0.024051
-0.244857 -0.137260 -0.050251
0.108356 -0.065645 -0.308441
-0.313146 -0.057970 -0.354288
-0.029450 0.117146 -0.230584
-0.072030 0.094494 -0.056526
-0.071400 0.066587 -0.748243
-0.457686 -0.005787 -0.125656
0.000000 0.000000 0.000000
0.000000 0.000000 0.000000
0.000000 0.000000 0.000000
0.000000 0.000000 0.000000
0.220691 -0.027149 -0.058956
0.000000 0.000000 0.000000
0.000000 0.000000 0.000000
0.342445 -0.009125 -0.125928
0.013605 -0.110328 -0.164594
0.000000 0.000000 0.000000
0.014233 0.119708 -0.584823
0.000000 0.000000 0.000000
-0.280027 -0.016160 -0.078015
-0.318002 -0.114638 -0.283146
0.113362 -0.070750 -0.073224
0.099862 -0.028083 -0.593147
0.000000 0.000000 0.000000
-0.094226 -0.041098 -0.334064
-0.145877 -0.057774 -0.242376
0.000000 0.000000 0.000000
0.103312 -0.011510 -0.335833
0.000000 0.000000 0.000000
0.000000 0.000000 0.000000
-0.040446 0.114947 -0.320859
-0.085539 -0.105244 -0.107410
0.098648 -0.001440 -0.717163
0.106484 0.005107 -0.476914
0.207760 -0.016543 -0.179572
-0.254268 -0.014116 -0.178376
-0.009541 0.121128 -0.436240
0.246425 -0.048805 -0.162519
0.058718 -0.013599 -0.860566
0.104750 -0.003355 -0.166784
0.106952 0.018092 0.035522
0.078697 -0.066912 -0.412784
-0.101556 0.038630 -0.679141
0.000000 0.000000 0.000000
-0.313986 -0.042860 -0.260338
-0.104034 0.045672 -0.220174
0.103116 0.037274 -0.030776
-0.098614 -0.033704 -0.576029
0.000000 0.000000 0.000000
-0.150875 -0.063648 -0.015436
0.005201 -0.094719 -0.298375
0.000000 0.000000 0.000000
0.126176 -0.042661 -0.059380
0.093192 -0.032184 -0.701759
0.171555 -0.018987 -0.238547
-0.363187 -0.021069 -0.183262
0.000000 0.000000 0.000000
0.092386 0.066321 -0.547465
-0.232994 -0.052600 -0.084120
-0.070245 -0.099695 0.117898
0.341108 -0.075191 -0.226247
-0.134259 -0.069061 -0.193217
0.289449 -0.164839 -0.367112
0.022183 -0.081546 -0.805337
0.000000 0.000000 0.000000
-0.110786 -0.079296 -0.149973
-0.252127 -0.045408 0.034135
0.000000 0.000000 0.000000
0.032234 -0.088928 -0.676164
-0.095949 -0.084585 0.110870
-0.298018 -0.036935 -0.169552
0.000000 0.000000 0.000000
0.000000 0.000000 0.000000
0.077823 0.088200 -0.377103
-0.059984 -0.076139 -0.550715
-0.111257 -0.062685 -0.058832
0.000000 0.000000 0.000000
-0.381046 -0.031224 -0.098483
0.000000 0.000000 0.000000
-0.072893 -0.055108 -0.767539
0.322222 -0.042622 -0.311055
0.072096 0.007275 -0.818364
-0.024185 0.099490 -0.737689
-0.110224 0.013429 0.096945
0.000000 0.000000 0.000000
0.272188 -0.102755 -0.235683
0.000000 0.000000 0.000000
-0.256067 -0.045072 -0.174529
0.033675 -0.109568 -0.204249
-0.376608 -0.107752 -0.259146
0.057559 0.103153 -0.284371
-0.020187 0.115193 -0.658559
-0.047539 -0.109086 -0.036787
0.131934 -0.027361 -0.149246
-0.337789 -0.164446 -0.378121
-0.101442 -0.029438 -0.609681
-0.267962 -0.059593 -0.037175
-0.088159 0.072937 -0.641366
0.000000 0.000000 0.000000
-0.110775 -0.044203 -0.008902
0.024527 -0.090753 0.023867
0.156834 -0.065694 -0.158374
-0.091402 -0.002825 -0.774772
-0.002611 0.122086 -0.007124
-0.242496 -0.135326 0.007130
0.000000 0.000000 0.000000
-0.129527 -0.028900 -0.144616
0.106533 -0.041113 0.097631
0.081975 0.072365 -0.685047
0.326578 -0.010537 -0.086237
-0.300909 -0.141200 -0.198015
0.000000 0.000000 0.000000
0.000000 0.000000 0.000000
-0.320953 -0.055994 0.038634
0.098618 -0.030203 -0.444911
-0.420563 -0.003330 -0.080171
0.319760 -0.016090 -0.194726
0.000000 0.000000 0.000000
-0.003009 0.122435 -0.531048
-0.106848 0.031592 -0.533825
-0.177218 -0.118317 -0.025252
-0.083688 0.082201 0.096571
0.060163 0.101416 -0.420858
0.000000 0.000000 0.000000
0.000836 -0.011761 -0.927500
-0.070379 0.096156 -0.227177
0.125133 -0.065134 -0.018377
-0.023263 0.064496 -0.821362
0.108356 -0.025737 -0.286709
0.292619 -0.078053 -0.228431
0.104027 0.034007 -0.367023
0.057308 -0.076364 -0.598582
0.254734 -0.049914 -0.089342
0.000000 0.000000 0.000000
0.009281 0.120696 -0.463722
0.066082 0.075187 -0.741907
0.027547 -0.090109 -0.101641
-0.032831 -0.109700 0.047913
0.101336 -0.015938 -0.648006
-0.021515 -0.092994 -0.622821
0.000000 0.000000 0.000000
0.000000 0.000000 0.000000
-0.023284 -0.056814 -0.902290
-0.366586 -0.157334 -0.346750
0.028891 0.070882 -0.807095
-0.008890 0.121258 -0.326685
0.098976 -0.029441 0.044171
-0.100474 0.057135 -0.019175
0.090955 -0.041207 -0.193495
-0.103953 -0.022034 -0.352555
0.229802 -0.016293 -0.210619
-0.172631 -0.145684 -0.007081
0.090825 0.025878 -0.746756
0.083233 0.079562 -0.119594
-0.290781 -0.035429 0.063048
0.000000 0.000000 0.000000
-0.257612 -0.044978 0.007891
0.100322 0.051247 0.106017
-0.323321 -0.098061 -0.141624
0.048392 -0.108915 -0.061718
0.000000 0.000000 0.000000
-0.110740 -0.049694 0.045035
0.178836 -0.034835 -0.054028
0.370202 -0.110703 -0.378678
0.000000 0.000000 0.000000
-0.297779 -0.171693 -0.352245
0.000000 0.000000 0.000000
-0.009412 -0.110548 -0.261235
-0.101260 0.056504 -0.293250
-0.295364 -0.074994 -0.236685
0.000000 0.000000 0.000000
-0.051743 -0.066235 -0.811096
0.409038 -0.020461 -0.144455
-0.102499 0.053344 -0.483673
0.182534 -0.019003 -0.155629
-0.077431 -0.064079 -0.162921
0.000000 0.000000 0.000000
-0.037968 -0.088412 -0.353582
-0.267076 -0.136937 -0.358782
0.000000 0.000000 0.000000
0.040396 -0.087534 -0.513878
-0.334525 -0.032399 -0.001100
0.000000 0.000000 0.000000
-0.355414 -0.152152 -0.270781
0.091297 -0.040986 -0.272797
0.058158 -0.102135 -0.355378
0.024939 0.101633 -0.728859
0.000000 0.000000 0.000000
0.000000 0.000000 0.000000
-0.100888 -0.091614 -0.324203
0.059798 0.101120 -0.053305
-0.080335 0.087208 0.038250
-0.104912 -0.014500 -0.488867
0.000000 0.000000 0.000000
0.000000 0.000000 0.000000
-0.108014 0.000840 -0.195617
0.106856 -0.084311 -0.108458
0.000000 0.000000 0.000000
0.000000 0.000000 0.000000
-0.356421 -0.031046 -0.135896
0.000000 0.000000 0.000000
-0.035744 0.115441 -0.048180
0.085766 -0.104336 -0.208008
0.000000 0.000000 0.000000
0.000000 0.000000 0.000000
0.030151 0.116533 -0.386076
-0.100291 -0.031200 -0.412212
0.000000 0.000000 0.000000
-0.231947 -0.065295 -0.029513
0.378889 -0.108474 -0.335126
0.264741 -0.093400 -0.330386
-0.065923 -0.093040 -0.374636
0.000000 0.000000 0.000000
0.095303 0.058785 -0.640426
0.278044 -0.014176 -0.100501
-0.274775 -0.080260 -0.351395
-0.310066 -0.018360 -0.208428
-0.227796 -0.020872 -0.093449
-0.109175 0.010343 -0.635690
-0.262611 -0.113435 -0.300873
0.086594 0.075021 -0.459844
0.105025 0.027733 0.176524
-0.185826 -0.042823 0.000677
0.297125 -0.107045 -0.353092
-0.069537 0.096718 -0.380936
-0.018119 0.119413 -0.281745
-0.196861 -0.048490 -0.230267
0.000000 0.000000 0.000000
0.098293 0.056900 0.006926
0.144098 -0.060114 -0.228282
-0.343049 -0.037230 -0.070822
-0.078157 -0.063435 0.012677
-0.110804 -0.031511 -0.252080
-0.024313 0.118174 -0.605037
0.000000 0.000000 0.000000
-0.110804 -0.018842 -0.075906
0.000000 0.000000 0.000000
-0.283971 -0.021980 -0.028527
0.346027 -0.074857 -0.383114
-0.389383 -0.009195 -0.031241
-0.109782 0.009911 -0.448296
0.336135 -0.012412 -0.053370
0.052313 -0.068587 -0.784854
0.080221 -0.106199 -0.157724
0.007632 -0.181675 -0.660587
-0.038039 0.018910 -0.864833
0.000000 0.000000 0.000000
0.150171 -0.043419 -0.029865
0.000000 0.000000 0.000000
0.005292 -0.094737 -0.525062
-0.381033 -0.105137 -0.351413
-0.235801 -0.092906 -0.055560
-0.314366 -0.063305 -0.158459
0.106942 0.007400 -0.420501
0.000000 0.000000 0.000000
0.021084 -0.105451 -0.629306
-0.107118 -0.003434 -0.572154
0.001359 0.122277 -0.198679
0.104483 -0.088381 -0.040796
0.107383 -0.057286 0.058827
-0.306549 -0.058667 -0.298784
0.016118 -0.103320 -0.376787
0.000000 0.000000 0.000000
0.321620 -0.058637 -0.349317
0.000000 0.000000 0.000000
0.099177 0.056116 -0.187778
-0.133976 -0.044687 -0.321684
0.000000 0.000000 0.000000
-0.216994 -0.016169 -0.202726
0.293097 -0.063165 -0.310629
-0.282786 -0.142461 -0.265011
0.000000 0.000000 0.000000
0.031992 -0.085759 -0.751846
0.000000 0.000000 0.000000
-0.132346 -0.034411 -0.107195
-0.039782 0.115080 -0.515068
0.130709 -0.030847 -0.307754
0.328189 -0.048514 -0.177755
-0.006186 -0.092911 -0.729796
-0.076677 0.091455 -0.110171
-0.102758 0.050766 -0.063282
0.000000 0.000000 0.000000
0.000000 0.000000 0.000000
-0.005307 0.121545 -0.058844
0.045172 -0.109014 -0.249693
-0.229302 -0.055438 -0.147014
-0.037890 -0.109483 -0.242218
-0.110804 -0.072831 -0.234190
0.000000 0.000000 0.000000
-0.081411 -0.059086 0.136923
0.000000 0.000000 0.000000
0.107776 0.012448 -0.085852
0.335366 -0.059216 -0.280383
0.000000 0.000000 0.000000
0.062416 0.099366 0.158923
0.153481 -0.034731 -0.080852
0.094056 0.042944 -0.714249
-0.168352 -0.019925 -0.164276
0.029556 -0.089536 -0.136007
0.108811 -0.029885 -0.218273
0.000000 0.000000 0.000000
0.105599 -0.086357 -0.278608
0.056697 0.103730 -0.215306
0.000000 0.000000 0.000000
-0.064953 -0.034861 -0.844407
0.059356 -0.073339 -0.682206
-0.106605 0.032813 -0.342481
-0.111940 -0.071927 -0.100012
-0.159080 -0.024626 -0.271805
0.000000 0.000000 0.000000
-0.033337 -0.109703 -0.208585
0.030196 -0.012465 -0.909634
-0.232221 -0.021655 -0.241417
0.106021 0.023186 -0.128659
0.000000 0.000000 0.000000
-0.062968 -0.074147 -0.476501
-0.015722 -0.093144 -0.439380
0.078417 0.086532 0.110560
-0.047818 -0.079102 -0.742562
0.167163 -0.062846 -0.108174
-0.175402 -0.036611 -0.048976
0.369879 -0.084344 -0.295749
0.000000 0.000000 0.000000
-0.225602 -0.173773 -0.052478
-0.011670 0.120269 0.023789
-0.114368 -0.027054 -0.293363
-0.361801 -0.008194 -0.077466
-0.447927 -0.021755 -0.020882
-0.108932 0.019890 -0.075255
0.017432 -0.071250 -0.869910
0.091214 -0.041087 -0.131614
0.077231 0.089090 -0.313510
0.057338 0.099981 -0.649875
0.305893 -0.011138 -0.130677
0.000000 0.000000 0.000000
-0.060303 -0.074920 -0.673033
0.000000 0.000000 0.000000
0.061533 0.099958 0.076059
-0.003251 -0.110790 -0.123430
-0.190001 -0.054115 0.052146
0.000000 0.000000 0.000000
-0.323329 -0.012543 -0.170274
0.000000 0.000000 0.000000
0.000000 0.000000 0.000000
0.101330 0.046374 -0.110348
0.033342 -0.108294 -0.306112
0.288885 -0.018586 -0.042183
0.272439 -0.046462 -0.142794
-0.004949 0.114607 -0.692482
0.131887 -0.069349 -0.181640
0.026544 0.117141 -0.166150
-0.351043 -0.064041 -0.334750
-0.107501 -0.000929 -0.127157
-0.460572 -0.017764 -0.088589
0.017962 -0.092019 -0.601801
-0.081783 -0.072183 -0.405265
0.000000 0.000000 0.000000
-0.323008 -0.036747 -0.034680
0.108811 -0.064078 -0.246451
0.345471 -0.030993 -0.148750
-0.051147 -0.081777 -0.303227
-0.098775 0.060238 -0.413627
0.102761 0.040341 -0.247753
0.000000 0.000000 0.000000
-0.098492 0.025430 -0.723005
-0.082038 0.034234 -0.773270
-0.022912 0.118015 0.138999
0.050559 -0.108758 -0.177480
-0.106647 -0.088769 -0.194281
0.000000 0.000000 0.000000
0.019649 0.118189 0.079035
0.311421 -0.048496 -0.210339
0.000000 0.000000 0.000000
0.099840 -0.028194 -0.516541
0.017673 0.119022 -0.297061
-0.401056 -0.006317 -0.118519
-0.049256 0.110259 -0.196610
0.108356 -0.049034 -0.158200
0.000000 0.000000 0.000000
-0.199932 -0.019966 -0.127885
-0.077050 -0.012045 -0.821922
0.000000 0.000000 0.000000
-0.055489 0.105571 0.105603
0.000000 0.000000 0.000000
-0.226819 -0.046991 -0.200755
0.000000 0.000000 0.000000
0.180754 -0.046605 -0.258264
0.000000 0.000000 0.000000
-0.191394 -0.177032 -0.015185
-0.048170 -0.055535 -0.860567
-0.323920 -0.123512 -0.165768
-0.005650 -0.095092 -0.194129
0.107765 0.011524 -0.270199
-0.065324 -0.108214 -0.066172
0.057792 0.102631 -0.128751
-0.016484 -0.180110 -0.620039
-0.083514 -0.055996 0.047788
-0.140100 -0.066194 -0.052048
-0.105011 0.003895 -0.688408
-0.072372 -0.106772 0.060512
0.070124 -0.067805 -0.450639
0.263089 -0.039447 -0.194931
-0.073632 0.093985 -0.342700
-0.181354 -0.062461 -0.151288
0.000000 0.000000 0.000000
-0.540811 -0.006291 -0.058959
-0.003768 -0.110833 0.010647
-0.024705 -0.091137 -0.550795
-0.101545 -0.087961 0.073846
0.072719 -0.086224 -0.384181
0.100583 -0.023516 -0.069748
0.087636 0.073457 -0.348888
-0.102397 -0.027103 -0.541961
0.000000 0.000000 0.000000
-0.094749 0.065937 -0.141160
0.288513 -0.110243 -0.283146
-0.107003 -0.010856 0.049121
0.059965 -0.073703 -0.205488
-0.329498 -0.074477 -0.225207
0.106580 -0.084851 -0.010063
0.000000 0.000000 0.000000
-0.019460 -0.108482 -0.311266
-0.106680 -0.020084 0.129614
-0.280209 -0.036655 -0.197935
0.133599 -0.054682 0.023557
-0.366652 -0.156039 -0.298501
-0.169274 -0.172129 -0.048355
-0.073748 -0.107773 -0.141672
-0.295251 -0.096312 -0.207082
-0.171264 -0.019532 -0.242870
0.052390 0.049841 -0.807134
0.086548 -0.047685 -0.369769
0.095053 -0.035700 -0.314256
0.000000 0.000000 0.000000
0.000000 0.000000 0.000000
0.000000 0.000000 0.000000
-0.357109 -0.073396 -0.369278
0.119199 -0.021421 -0.252722
-0.079445 0.089058 -0.609061
-0.030065 -0.007605 -0.908647
-0.137327 -0.021261 -0.184886
-0.022558 0.118085 0.094556
0.000000 0.000000 0.000000
0.000000 0.000000 0.000000
-0.156186 -0.090516 -0.024149
-0.107889 0.025107 0.005946
0.061085 0.100258 0.041304
0.035187 -0.088373 -0.269044
-0.091645 0.070950 -0.322356
0.108326 -0.038495 0.020957
-0.017679 -0.102813 -0.383659
0.000000 0.000000 0.000000
-0.065941 -0.071751 -0.100487
-0.111257 -0.061775 -0.132871
-0.109716 -0.083695 0.004468
0.092660 0.065909 -0.275657
0.000000 0.000000 0.000000
0.000000 0.000000 0.000000
0.000000 0.000000 0.000000
0.272746 -0.135983 -0.377930
0.087366 0.073216 0.187704
0.312312 -0.070329 -0.176447
-0.240212 -0.116938 -0.025431
-0.029765 0.116979 -0.166400
-0.015541 0.119928 -0.564025
0.083826 0.079180 -0.411754
0.000000 0.000000 0.000000
0.281580 -0.089650 -0.385902
-0.004916 -0.110764 -0.055481
-0.429283 -0.020973 -0.111193
0.000000 0.000000 0.000000
