0.000000 0.000000 0.000000
0.495746 -0.219437 0.152663
0.000000 0.000000 0.000000
0.282775 0.338320 0.110100
-0.018636 0.078628 0.415435
0.000000 0.000000 0.000000
0.011758 -0.173581 -0.048502
0.577449 0.101556 0.501208
0.000000 0.000000 0.000000
-0.085533 0.352606 -0.291142
0.000000 0.000000 0.000000
-0.164237 0.353765 0.104043
0.825280 0.352477 0.097794
0.000442 0.069572 0.136610
0.000000 0.000000 0.000000
0.000000 0.000000 0.000000
0.802926 -0.165256 0.430788
0.391274 0.094342 0.110100
0.165771 -0.167849 0.327534
0.000000 0.000000 0.000000
0.000000 0.000000 0.000000
-0.321515 -0.219437 -0.112004
0.000000 0.000000 0.000000
0.802352 0.267980 0.110039
0.000000 0.000000 0.000000
0.227688 0.032731 0.498087
0.000000 0.000000 0.000000
-0.165449 0.330838 -0.285482
0.000000 0.000000 0.000000
-0.376892 -0.219437 -0.094187
0.490603 -0.172944 0.477482
-0.215354 -0.208896 0.167420
0.312431 -0.219437 0.064897
-0.165048 0.078628 -0.119547
0.000000 0.000000 0.000000
0.506357 0.353765 -0.077808
0.000000 0.000000 0.000000
0.000000 0.000000 0.000000
0.150305 0.101556 -0.102826
-0.249698 0.101556 0.113904
0.000000 0.000000 0.000000
0.825853 0.091479 0.508533
-0.012055 -0.219437 0.152870
0.000000 0.000000 0.000000
0.202918 -0.006361 0.064243
0.000000 0.000000 0.000000
0.779997 0.068004 0.252599
0.647851 0.085711 0.110100
0.151330 -0.150777 0.500698
0.000000 0.000000 0.000000
0.077121 0.353765 -0.033334
0.000000 0.000000 0.000000
0.000000 0.000000 0.000000
0.053371 -0.219437 0.102007
0.594764 -0.173581 0.278823
0.000442 -0.070109 0.327888
0.000000 0.000000 0.000000
0.613165 -0.058972 0.064243
-0.201889 -0.167849 0.046270
0.012686 0.330838 0.107775
-0.143920 0.330838 -0.148087
0.000000 0.000000 0.000000
0.000000 0.000000 0.000000
0.607032 0.353765 0.109840
-0.217902 0.101556 -0.203330
0.000000 0.000000 0.000000
0.000000 0.000000 0.000000
0.000000 0.000000 0.000000
0.000000 0.000000 0.000000
0.000000 0.000000 0.000000
0.000000 0.000000 0.000000
-0.153959 -0.020964 0.110100
0.380530 0.353765 -0.041785
0.802926 -0.136653 0.228916
0.000000 0.000000 0.000000
0.672735 0.020143 0.454554
0.312626 -0.167849 0.240319
0.000000 0.000000 0.000000
0.411702 0.036015 0.511619
0.000000 0.000000 0.000000
0.000000 0.000000 0.000000
-0.045414 0.011328 -0.002954
0.000000 0.000000 0.000000
0.000000 0.000000 0.000000
0.112230 0.031461 0.454554
0.000000 0.000000 0.000000
0.441488 -0.078213 0.064243
0.000000 0.000000 0.000000
0.000000 0.000000 0.000000
0.569261 -0.005683 0.511039
0.000000 0.000000 0.000000
0.532354 -0.173581 0.244500
0.093605 -0.219437 0.159943
0.332740 -0.126363 0.477482
0.628368 -0.173581 0.462461
-0.002586 -0.140780 0.477482
0.000000 0.000000 0.000000
0.000000 0.000000 0.000000
0.542672 0.101556 -0.002799
0.059243 -0.077669 0.079793
0.257826 0.078628 -0.026357
0.000000 0.000000 0.000000
-0.138816 0.078628 -0.012931
0.000000 0.000000 0.000000
0.211864 -0.219437 0.008009
0.000000 0.000000 0.000000
0.000000 0.000000 0.000000
0.000000 0.000000 0.000000
0.000000 0.000000 0.000000
0.000000 0.000000 0.000000
-0.332250 -0.219437 0.062506
-0.022486 -0.093238 0.147700
0.779997 -0.006805 0.383827
0.000000 0.000000 0.000000
0.000000 0.000000 0.000000
0.681683 -0.173581 0.259458
0.000000 0.000000 0.000000
0.292383 -0.072976 0.454554
0.162202 0.353765 0.026872
-0.155422 -0.219437 0.104465
0.023942 0.101556 -0.151957
0.000000 0.000000 0.000000
0.000000 0.000000 0.000000
0.072382 -0.173581 0.294805
0.728386 -0.093242 0.454554
0.077790 0.078628 0.010126
0.000000 0.000000 0.000000
0.000000 0.000000 0.000000
0.200509 -0.167849 0.178636
-0.215146 0.330838 -0.019677
0.420599 -0.173581 0.324792
0.771164 0.353765 0.008872
0.473053 0.330838 0.031470
0.802352 0.056658 0.109460
0.323501 -0.083266 0.064243
0.000000 0.000000 0.000000
0.000000 0.000000 0.000000
0.158530 0.353765 -0.099462
-0.358542 -0.147995 0.157106
0.522564 -0.167849 0.424346
0.000000 0.000000 0.000000
-0.018205 -0.039052 0.497907
0.743685 0.032558 0.079793
0.016561 0.330838 -0.155479
0.000000 0.000000 0.000000
-0.070281 -0.219437 0.010762
-0.088704 0.330838 -0.006969
0.404915 0.353765 0.097748
0.593345 -0.219437 0.139747
0.000000 0.000000 0.000000
-0.022486 -0.009550 0.365669
0.268244 0.096974 0.110100
0.000000 0.000000 0.000000
0.387501 -0.209082 0.167420
0.000000 0.000000 0.000000
0.101793 -0.173581 0.004234
-0.103246 0.101556 0.110926
0.000000 0.000000 0.000000
-0.029853 0.101556 -0.123991
-0.016626 -0.173581 0.240991
0.000000 0.000000 0.000000
0.802926 -0.045763 0.181506
0.000000 0.000000 0.000000
0.032123 0.101556 0.495065
0.449598 0.353765 -0.146300
-0.045414 -0.109002 0.063473
0.000000 0.000000 0.000000
0.000000 0.000000 0.000000
0.000000 0.000000 0.000000
-0.268117 -0.102295 0.110100
0.443257 -0.069990 0.477482
0.000000 0.000000 0.000000
-0.309139 -0.173581 -0.019395
0.000000 0.000000 0.000000
0.334815 0.101556 0.465031
-0.148076 -0.131779 0.166577
-0.037571 0.330838 -0.070941
0.554625 0.035258 0.079793
-0.277231 -0.219437 -0.016400
-0.347668 0.078628 -0.209831
-0.218339 -0.219437 0.082443
0.000000 0.000000 0.000000
0.350319 0.330838 -0.152155
0.000000 0.000000 0.000000
-0.022486 0.033076 0.276361
-0.113751 0.078628 -0.197289
0.000000 0.000000 0.000000
0.399106 0.101556 0.031845
0.177868 -0.045275 0.477482
0.000000 0.000000 0.000000
0.260597 0.330838 -0.034720
0.282271 -0.173581 0.357730
0.825853 -0.084808 0.500084
0.779997 0.076780 0.325612
0.194576 -0.139454 0.079793
-0.267489 0.078628 -0.093275
0.608331 -0.082955 0.507807
0.140850 0.078628 0.099765
0.087669 0.031485 0.064243
0.000000 0.000000 0.000000
0.000000 0.000000 0.000000
-0.232395 0.010367 0.133027
0.000000 0.000000 0.000000
0.000000 0.000000 0.000000
0.000000 0.000000 0.000000
0.082408 -0.173581 0.421513
0.160968 0.068250 0.477482
0.000000 0.000000 0.000000
-0.217615 -0.173581 -0.084759
0.825280 0.159109 0.092926
0.182187 -0.219437 0.094452
0.000000 0.000000 0.000000
0.722063 -0.167849 0.399543
0.000000 0.000000 0.000000
0.000000 0.000000 0.000000
-0.222087 0.101556 0.027698
-0.072665 0.009804 0.150132
0.000000 0.000000 0.000000
0.000000 0.000000 0.000000
0.079323 -0.081951 0.480088
-0.086196 0.101556 0.008456
-0.045414 -0.027663 -0.042161
0.388258 -0.173581 0.428505
0.000000 0.000000 0.000000
0.000000 0.000000 0.000000
0.000000 0.000000 0.000000
0.593429 0.353765 -0.003624
-0.164971 -0.219437 -0.027704
0.786619 -0.173581 0.324417
-0.014168 0.031399 0.064243
0.707148 0.330838 0.010176
0.000000 0.000000 0.000000
0.499020 0.101556 0.104412
0.000000 0.000000 0.000000
0.825280 0.271465 -0.001057
0.000000 0.000000 0.000000
0.172827 0.078628 0.004486
0.025037 -0.173581 0.052357
0.250283 -0.164316 0.477482
-0.044141 0.101556 -0.080802
0.000000 0.000000 0.000000
0.000000 0.000000 0.000000
0.684446 -0.214950 0.167420
-0.022486 -0.059300 0.229521
0.479836 0.100744 0.454554
0.823603 -0.013145 0.483802
0.802926 -0.025064 0.282548
0.000000 0.000000 0.000000
0.440819 -0.173581 0.101426
0.000000 0.000000 0.000000
0.000000 0.000000 0.000000
0.391469 0.002918 0.064243
0.000000 0.000000 0.000000
0.000000 0.000000 0.000000
0.170216 0.330838 -0.200175
0.000000 0.000000 0.000000
-0.098351 -0.162906 0.110100
0.000000 0.000000 0.000000
0.000000 0.000000 0.000000
0.000000 0.000000 0.000000
-0.007003 0.353765 0.006368
0.372181 -0.041719 0.511325
0.293435 -0.212088 0.167420
0.802926 -0.124784 0.148237
0.000000 0.000000 0.000000
0.429461 -0.167849 0.215127
0.000000 0.000000 0.000000
0.252651 0.094074 0.505790
-0.125068 -0.167849 -0.089417
0.000000 0.000000 0.000000
0.000000 0.000000 0.000000
-0.022486 -0.160979 0.331968
-0.068342 0.018360 -0.101650
0.000000 0.000000 0.000000
0.000442 -0.029245 0.135286
0.742138 0.101556 0.489056
-0.061840 0.330838 -0.199060
0.000000 0.000000 0.000000
0.000000 0.000000 0.000000
0.269004 0.353765 -0.102057
0.096071 0.330838 -0.136746
0.000000 0.000000 0.000000
-0.228691 0.353765 -0.205739
0.337628 0.078628 0.021778
-0.068342 -0.133250 -0.015989
0.000000 0.000000 0.000000
0.000000 0.000000 0.000000
0.000000 0.000000 0.000000
-0.390325 -0.219437 0.109349
0.518759 -0.079664 0.064243
0.231365 0.078628 -0.075418
-0.078897 0.353765 0.076565
0.000000 0.000000 0.000000
0.000000 0.000000 0.000000
0.779997 -0.080695 0.352330
0.635249 -0.167849 0.410461
0.000000 0.000000 0.000000
0.000000 0.000000 0.000000
0.248802 -0.173581 0.097988
0.298370 0.034847 0.454554
0.643716 0.101556 0.462534
0.690786 -0.053262 0.511773
-0.275448 -0.167849 0.054628
0.000000 0.000000 0.000000
0.404053 -0.150777 0.499309
0.000000 0.000000 0.000000
0.072054 0.078628 -0.070298
0.000000 0.000000 0.000000
0.328235 0.330838 -0.001041
0.636935 -0.173581 0.325066
0.000000 0.000000 0.000000
0.000000 0.000000 0.000000
0.511285 -0.077895 0.454554
0.000000 0.000000 0.000000
0.000000 0.000000 0.000000
0.000000 0.000000 0.000000
0.000000 0.000000 0.000000
0.000000 0.000000 0.000000
0.107989 0.330838 0.084787
0.000000 0.000000 0.000000
-0.026106 0.032731 0.484953
-0.135892 0.330838 -0.064473
-0.136235 -0.173581 0.013187
0.533198 -0.173581 0.351389
-0.068342 -0.050080 0.096127
0.489977 0.033101 0.504480
0.149548 -0.173581 0.142680
0.000000 0.000000 0.000000
0.000000 0.000000 0.000000
0.000000 0.000000 0.000000
0.000000 0.000000 0.000000
0.000000 0.000000 0.000000
0.000000 0.000000 0.000000
0.423506 -0.219437 0.113529
0.058151 -0.130467 0.509506
0.000000 0.000000 0.000000
0.000000 0.000000 0.000000
0.802926 0.062127 0.438953
-0.317077 -0.091536 0.167305
0.739887 -0.167849 0.193417
0.000000 0.000000 0.000000
0.779997 -0.088524 0.432183
0.696310 0.353765 0.092388
0.000000 0.000000 0.000000
0.000000 0.000000 0.000000
0.223296 -0.173581 0.262782
0.490193 0.334921 0.110100
0.000000 0.000000 0.000000
-0.149792 0.039658 0.133027
0.051133 0.078628 0.099465
-0.022486 -0.155620 0.400489
0.000000 0.000000 0.000000
0.002931 -0.076707 0.079793
-0.045908 -0.178013 0.167420
-0.022486 -0.084018 0.408152
0.481949 0.101556 0.035836
0.000000 0.000000 0.000000
0.000000 0.000000 0.000000
-0.397991 -0.167849 -0.119802
0.000000 0.000000 0.000000
0.608957 -0.173581 0.199417
0.000000 0.000000 0.000000
0.000000 0.000000 0.000000
0.000000 0.000000 0.000000
-0.102516 0.101556 -0.072842
0.156907 -0.061799 0.079793
-0.169881 0.078628 0.086034
-0.045988 -0.120429 -0.072711
-0.013824 0.101556 0.024799
0.000000 0.000000 0.000000
0.193158 -0.167849 0.402863
0.344343 0.032731 0.508302
0.746881 0.005924 0.454554
0.069507 -0.173581 0.211812
0.313970 -0.173581 0.402173
0.712545 -0.146903 0.511040
0.000000 0.000000 0.000000
0.000000 0.000000 0.000000
0.309050 -0.006702 0.079793
0.218152 0.330838 0.082087
0.067684 -0.008251 0.502623
-0.279721 0.101556 -0.032150
-0.181251 0.330838 0.051768
0.339108 0.101556 -0.041244
0.000000 0.000000 0.000000
0.000000 0.000000 0.000000
0.000000 0.000000 0.000000
0.000000 0.000000 0.000000
0.126402 -0.167849 0.241765
0.000000 0.000000 0.000000
0.000000 0.000000 0.000000
0.000000 0.000000 0.000000
0.104523 -0.173581 0.075877
-0.023060 -0.151639 0.036104
0.199641 -0.219437 0.152394
0.000000 0.000000 0.000000
0.000000 0.000000 0.000000
0.000000 0.000000 0.000000
0.000000 0.000000 0.000000
-0.239388 -0.219437 -0.097047
-0.224676 0.330838 -0.129780
0.591901 -0.080296 0.454554
0.000000 0.000000 0.000000
0.000000 0.000000 0.000000
0.680081 0.078628 0.047459
0.000000 0.000000 0.000000
0.000000 0.000000 0.000000
-0.342450 -0.173581 -0.160271
0.209675 -0.104900 0.499017
0.000000 0.000000 0.000000
-0.200478 0.078628 -0.052143
0.681523 0.049960 0.511857
0.000000 0.000000 0.000000
0.000000 0.000000 0.000000
0.000000 0.000000 0.000000
0.000000 0.000000 0.000000
-0.057461 -0.219437 0.094156
0.000000 0.000000 0.000000
0.591261 0.030541 0.454554
-0.068342 0.049510 0.063404
-0.152412 -0.185530 0.167420
0.317181 0.353765 -0.073551
-0.303456 0.078628 -0.254773
0.000000 0.000000 0.000000
0.000000 0.000000 0.000000
0.566951 -0.014734 0.064243
0.000000 0.000000 0.000000
0.000000 0.000000 0.000000
-0.224942 -0.081951 0.144428
0.529703 0.353765 -0.019286
-0.291143 -0.173581 0.128329
-0.008742 0.078628 -0.023982
0.376107 -0.173581 0.086444
0.000000 0.000000 0.000000
0.037835 -0.017302 0.064243
0.809092 -0.144263 0.498103
0.426001 0.078628 -0.027472
0.000000 0.000000 0.000000
0.631277 0.014658 0.064243
0.000000 0.000000 0.000000
0.163289 0.330838 0.100588
0.000000 0.000000 0.000000
0.653777 -0.023187 0.454554
0.000000 0.000000 0.000000
0.769444 0.039146 0.505497
0.000000 0.000000 0.000000
-0.372781 -0.173581 -0.010453
0.167970 0.330838 -0.028747
0.321553 0.080186 0.110100
0.390194 -0.009189 0.454554
0.000000 0.000000 0.000000
0.000000 0.000000 0.000000
0.333473 -0.173581 0.311228
0.664022 -0.113703 0.477482
0.394904 0.353765 -0.110868
0.323878 -0.173581 0.125773
-0.287731 0.101556 -0.154826
-0.279104 -0.042518 0.158294
0.000000 0.000000 0.000000
0.825280 0.106669 0.064593
0.452798 -0.167849 0.397869
0.000000 0.000000 0.000000
0.000000 0.000000 0.000000
0.000000 0.000000 0.000000
0.000000 0.000000 0.000000
0.101666 0.101556 0.497024
0.000000 0.000000 0.000000
0.000000 0.000000 0.000000
0.779997 -0.100309 0.278244
-0.275637 -0.219437 0.130554
0.000000 0.000000 0.000000
0.000000 0.000000 0.000000
0.468287 0.330838 -0.026635
0.515540 -0.146254 0.079793
0.576995 0.101556 0.069353
0.571177 -0.151540 0.454554
-0.207363 0.079864 0.155139
0.812692 -0.005515 0.110100
0.144628 -0.082175 0.500565
0.344143 0.353765 0.066482
0.000000 0.000000 0.000000
0.000000 0.000000 0.000000
0.739475 -0.219437 0.165382
0.232572 -0.076771 0.064243
0.000000 0.000000 0.000000
0.664569 0.353765 -0.027519
-0.188495 -0.042267 0.167290
0.239727 -0.036073 0.494681
0.000000 0.000000 0.000000
0.000000 0.000000 0.000000
0.219735 0.066097 0.064243
0.825280 0.215651 0.065581
0.108269 -0.173581 0.364938
0.000000 0.000000 0.000000
0.484007 -0.017658 0.079793
-0.068342 -0.041382 0.034913
0.000000 0.000000 0.000000
-0.299270 -0.167849 -0.091223
0.552234 -0.173581 0.155720
0.000000 0.000000 0.000000
-0.231611 -0.136006 0.164922
0.714968 0.101556 0.097359
-0.055591 0.078608 0.166802
-0.272689 0.101556 0.055677
0.000000 0.000000 0.000000
0.368126 -0.083035 0.079793
-0.022486 0.011040 0.182968
0.114280 0.330838 -0.048448
0.000000 0.000000 0.000000
0.000000 0.000000 0.000000
0.000000 0.000000 0.000000
0.643155 -0.173581 0.136976
0.147182 0.005275 0.064243
0.000000 0.000000 0.000000
0.000000 0.000000 0.000000
0.000000 0.000000 0.000000
0.000000 0.000000 0.000000
0.116459 -0.219437 0.064691
0.000000 0.000000 0.000000
0.483835 -0.025311 0.454554
0.000000 0.000000 0.000000
-0.213456 -0.173581 0.116211
-0.135557 -0.072932 0.133027
0.528466 0.330838 0.045611
0.000000 0.000000 0.000000
0.000000 0.000000 0.000000
0.000000 0.000000 0.000000
0.606418 0.330838 0.060298
0.745708 -0.166125 0.477482
0.000000 0.000000 0.000000
0.000000 0.000000 0.000000
0.000442 -0.156386 0.124042
0.000000 0.000000 0.000000
0.379152 -0.067613 0.454554
-0.175321 -0.173581 -0.047760
0.000000 0.000000 0.000000
0.029722 -0.069393 0.454554
0.711220 -0.167849 0.338510
0.447498 0.062308 0.079793
0.000442 -0.129208 0.189376
-0.234216 0.330838 -0.267842
-0.099926 -0.219437 -0.054110
0.000000 0.000000 0.000000
0.000442 -0.122582 0.110745
0.556457 0.077689 0.454554
0.000000 0.000000 0.000000
0.000000 0.000000 0.000000
0.777824 0.101556 0.070444
0.208420 0.353765 -0.147733
0.419047 0.330838 0.044337
-0.063839 -0.036073 0.146980
0.000000 0.000000 0.000000
-0.078034 -0.104487 0.133027
0.000000 0.000000 0.000000
0.000000 0.000000 0.000000
0.312750 -0.036073 0.502181
0.472527 -0.167849 0.317396
0.032562 0.330838 -0.211093
0.755772 -0.059023 0.489257
0.825280 0.328359 0.036229
0.000000 0.000000 0.000000
-0.074968 0.330838 -0.143859
0.802926 0.020503 0.156919
0.541824 -0.092383 0.511842
0.401962 0.101556 0.474189
0.000000 0.000000 0.000000
-0.241694 -0.167849 -0.012815
0.000000 0.000000 0.000000
0.140086 -0.003282 0.454554
0.000000 0.000000 0.000000
0.032653 0.353765 -0.048277
0.000000 0.000000 0.000000
0.611492 0.032731 0.500890
0.000000 0.000000 0.000000
0.000000 0.000000 0.000000
-0.224126 -0.043733 0.110100
0.000442 -0.029897 0.267902
0.084083 -0.167849 0.132845
0.000000 0.000000 0.000000
0.000000 0.000000 0.000000
0.000000 0.000000 0.000000
0.000000 0.000000 0.000000
0.131868 0.078628 -0.055133
0.797733 0.078628 0.169453
-0.025309 -0.104900 0.488211
0.778988 -0.173581 0.267340
0.000000 0.000000 0.000000
0.012277 0.078628 -0.087126
0.779997 0.010997 0.220384
0.779997 -0.050939 0.247892
0.000000 0.000000 0.000000
0.000000 0.000000 0.000000
0.000000 0.000000 0.000000
0.158931 -0.173581 0.044156
-0.340483 -0.173581 0.094781
0.000000 0.000000 0.000000
0.000000 0.000000 0.000000
-0.022486 0.012159 0.436205
0.328139 0.033983 0.064243
0.000000 0.000000 0.000000
0.000000 0.000000 0.000000
0.000000 0.000000 0.000000
0.148198 -0.167849 0.440203
-0.013032 -0.219437 0.054728
0.000000 0.000000 0.000000
0.000442 -0.120587 0.271191
0.000000 0.000000 0.000000
0.277777 0.101556 0.046833
0.251753 -0.167849 0.431632
-0.045414 0.011067 0.103798
0.000000 0.000000 0.000000
-0.023060 0.055903 -0.128624
-0.068342 0.061816 -0.033733
0.000000 0.000000 0.000000
0.000000 0.000000 0.000000
0.000000 0.000000 0.000000
-0.178559 0.353765 -0.226543
0.000000 0.000000 0.000000
0.268778 -0.167849 0.167609
0.000000 0.000000 0.000000
0.043499 -0.173581 0.457166
0.000000 0.000000 0.000000
0.000000 0.000000 0.000000
0.000000 0.000000 0.000000
-0.290467 0.032731 0.154701
0.688596 0.085492 0.454554
0.000000 0.000000 0.000000
-0.269973 -0.219437 0.054062
0.367508 -0.173581 0.184770
0.000000 0.000000 0.000000
-0.022486 0.042499 0.339338
0.000000 0.000000 0.000000
0.000000 0.000000 0.000000
0.000000 0.000000 0.000000
0.261326 0.013449 0.064243
0.061687 -0.030540 0.454554
0.103759 0.330838 0.022483
0.688791 0.020881 0.079793
0.541751 0.042646 0.497207
0.742651 0.330838 0.064809
0.000000 0.000000 0.000000
0.265516 -0.173581 0.046392
0.560995 0.330838 -0.075374
0.000000 0.000000 0.000000
0.000000 0.000000 0.000000
-0.091361 -0.173581 0.055967
0.585396 -0.150777 0.500279
0.168525 0.000251 0.505109
-0.080789 0.078628 -0.142581
0.296532 -0.140972 0.079793
-0.023060 -0.046751 -0.119826
0.000000 0.000000 0.000000
0.000000 0.000000 0.000000
-0.107591 -0.042498 0.163176
-0.045414 -0.158416 0.087635
-0.064542 0.101556 0.067397
0.000000 0.000000 0.000000
0.000000 0.000000 0.000000
0.000000 0.000000 0.000000
-0.022103 0.353765 -0.231968
0.520560 -0.013145 0.486841
0.664354 0.330838 0.050459
0.000000 0.000000 0.000000
0.000000 0.000000 0.000000
0.271389 -0.085217 0.511513
-0.229273 0.078628 -0.140873
-0.023925 0.353765 -0.118623
0.221529 -0.067345 0.454554
0.000000 0.000000 0.000000
0.769256 -0.099171 0.508331
0.499701 -0.173581 0.184762
0.451490 -0.004252 0.504586
0.000000 0.000000 0.000000
-0.117407 -0.106891 0.110100
0.366370 -0.219437 0.100678
-0.265954 -0.173581 -0.145794
-0.023060 -0.079463 0.026661
0.000000 0.000000 0.000000
0.391380 -0.173581 0.273284
0.000000 0.000000 0.000000
0.000000 0.000000 0.000000
0.467537 0.078608 0.504025
-0.323393 -0.144324 0.110100
0.296310 -0.173581 0.475680
0.000000 0.000000 0.000000
0.243733 0.330838 0.027596
0.000000 0.000000 0.000000
0.000000 0.000000 0.000000
0.000000 0.000000 0.000000
-0.279991 0.086219 0.165301
0.000000 0.000000 0.000000
0.000000 0.000000 0.000000
0.802926 -0.108258 0.391610
0.000000 0.000000 0.000000
0.076522 -0.120060 0.454554
0.000000 0.000000 0.000000
0.629888 0.101556 0.053184
0.234696 -0.219437 0.062629
0.450275 -0.127828 0.482980
0.000000 0.000000 0.000000
0.000000 0.000000 0.000000
0.440371 0.330838 -0.087038
0.000000 0.000000 0.000000
-0.068342 -0.039392 -0.095262
0.000000 0.000000 0.000000
0.802926 -0.066388 0.306214
-0.331598 -0.173581 0.030683
0.000000 0.000000 0.000000
0.031793 0.013248 0.477482
-0.268220 0.050589 0.110100
0.824078 -0.117457 0.454554
0.207100 -0.173581 0.046067
-0.295905 -0.049943 0.110100
0.203250 -0.173581 0.121230
-0.353862 -0.167849 -0.081064
0.245580 0.069747 0.454554
0.119076 0.078628 -0.119139
