0.000000 0.000000 0.000000
-0.260359 -0.316273 0.332115
-0.808625 0.307208 -0.130766
-0.799042 -0.510336 -0.055192
0.041710 0.305694 -0.192716
-0.257213 -0.244637 -0.149764
-0.405690 0.278383 0.333874
-0.608469 -0.478907 -0.285183
0.228054 0.332045 0.333104
-0.787520 -0.055488 0.257597
0.000000 0.000000 0.000000
-0.424316 -0.373962 0.333874
-0.379726 0.205646 -0.193731
-0.725279 -0.079838 -0.151522
0.457962 0.333805 -0.058495
-0.808625 -0.509890 0.293492
0.307286 0.010401 -0.151522
-0.040335 0.023198 0.332115
-0.766658 0.318203 0.332115
-0.121035 0.333832 0.154638
-0.519920 -0.193773 -0.323334
0.000000 0.000000 0.000000
-0.509904 -0.065393 0.333874
0.000000 0.000000 0.000000
-0.494964 0.333832 0.008364
-0.376685 -0.442221 -0.285183
-0.027712 0.003073 -0.193731
0.000000 0.000000 0.000000
-0.711058 -0.193773 -0.277101
-0.576393 -0.357143 -0.151522
-0.652200 0.125584 -0.151522
-0.808625 -0.195237 0.023632
0.165892 0.333805 0.039790
-0.453749 -0.067856 -0.183879
-0.145555 0.260812 0.332115
-0.685937 -0.372389 0.332115
-0.808625 0.117491 0.037853
-0.095383 -0.193773 -0.316918
0.236054 -0.045271 0.332115
-0.192268 0.290719 -0.193731
0.295747 0.228900 -0.172627
-0.744444 0.333805 0.122770
-0.340802 0.025506 0.332115
-0.272916 0.039274 -0.193731
0.000000 0.000000 0.000000
0.000000 0.000000 0.000000
-0.616868 0.160381 0.332115
-0.638885 -0.249014 0.333874
-0.135085 -0.170425 0.333874
-0.585960 0.292967 -0.193731
-0.787520 -0.333753 0.156183
-0.805483 -0.279780 -0.169485
-0.275424 0.333805 -0.002278
-0.570447 0.333832 0.219619
-0.341497 -0.219761 -0.297857
0.039294 0.332045 0.247670
-0.019318 0.094426 -0.172627
0.361415 0.332045 0.132360
-0.390504 0.293049 -0.193731
-0.281234 0.082759 0.333874
-0.787520 -0.456034 0.071217
-0.074570 -0.245850 -0.151522
0.162443 0.089487 -0.193731
0.071603 -0.140548 0.332115
0.000000 0.000000 0.000000
-0.808625 0.128319 0.265162
0.091169 0.179959 0.332115
-0.737166 0.007228 -0.193731
0.000000 0.000000 0.000000
-0.787520 0.205476 0.202679
-0.445181 -0.372277 -0.149764
-0.012596 0.332045 -0.019549
-0.421669 -0.230581 0.332115
-0.068546 -0.278893 0.332115
-0.712241 0.205607 -0.193731
-0.301214 0.332045 0.238700
-0.360697 -0.186057 0.333874
-0.734759 -0.360089 -0.234294
0.296507 0.333832 -0.087478
0.000000 0.000000 0.000000
-0.713655 -0.430978 -0.192850
-0.586588 -0.164596 -0.149764
-0.162565 -0.081816 -0.172627
-0.808625 0.069091 -0.101116
-0.177813 -0.327432 -0.269771
-0.287642 -0.195145 -0.327391
-0.808625 -0.042945 0.077329
-0.497738 0.078474 -0.193731
-0.664539 0.333805 -0.038718
-0.393048 0.333832 0.138234
-0.366915 -0.131438 -0.172627
-0.785761 -0.226030 0.292825
0.000000 0.000000 0.000000
-0.073131 0.301871 -0.193731
-0.155697 0.160437 -0.151522
-0.685988 -0.026018 0.332115
-0.808625 -0.162155 -0.114954
-0.558989 -0.042486 -0.193731
-0.479418 -0.327432 -0.270313
0.207728 0.333832 0.190291
-0.709129 0.024913 0.333874
-0.159433 -0.355524 -0.151522
0.000000 0.000000 0.000000
0.343311 0.225352 0.332115
-0.605094 -0.299530 -0.271114
-0.787520 -0.193566 0.157396
-0.429278 0.157014 0.332115
0.191239 0.305694 -0.192993
-0.620954 0.290708 0.333874
-0.014539 -0.139395 -0.151522
0.421019 0.333805 0.262188
0.463766 0.305694 -0.188573
-0.340341 0.058473 -0.151522
-0.808625 0.282884 -0.009874
-0.787520 -0.244267 0.005515
-0.520951 -0.373448 0.333874
-0.181268 -0.193801 -0.216256
-0.147937 -0.020832 0.332115
0.040992 0.164242 -0.151522
0.000000 0.000000 0.000000
-0.031222 0.168872 -0.193731
0.257142 0.333805 -0.042381
-0.141475 0.332045 -0.032478
-0.787520 -0.364190 0.308828
-0.251963 0.230243 -0.193731
0.098929 0.005959 0.333874
-0.315685 0.333805 -0.099996
-0.000168 -0.193773 -0.241640
-0.787520 -0.365057 -0.048441
-0.274003 0.251010 0.333874
-0.474832 -0.240660 -0.149764
0.182482 -0.005868 -0.149764
-0.731575 -0.510336 -0.240104
-0.157995 0.045459 -0.151522
0.000000 0.000000 0.000000
-0.808625 -0.045108 -0.088658
-0.642210 0.244344 0.332115
-0.666506 -0.193801 -0.221008
-0.492176 0.273591 -0.172627
0.000000 0.000000 0.000000
-0.785761 -0.086515 0.030706
0.091884 0.333805 -0.087082
-0.765331 0.132929 -0.172627
0.182769 0.201067 -0.193731
-0.695162 -0.232037 -0.149764
-0.064803 0.333805 0.224904
0.047841 0.333805 0.099834
-0.808625 0.187901 -0.062681
-0.787520 0.271258 0.238605
-0.808625 -0.391647 -0.132165
0.000000 0.000000 0.000000
-0.699122 0.333832 -0.171678
-0.582434 -0.193773 -0.211757
-0.508986 0.333805 0.310669
-0.564673 0.185315 -0.149764
-0.270803 -0.189607 0.333874
-0.229788 -0.085633 0.333874
-0.506439 0.259499 0.333874
-0.136886 0.123089 0.333874
0.302541 0.113342 -0.151522
-0.613112 0.333832 0.073049
0.231329 0.231772 0.333874
-0.787520 0.056668 0.142006
-0.692898 0.333805 0.230896
0.000000 0.000000 0.000000
0.365327 0.263762 -0.193731
-0.535883 -0.353944 -0.264079
-0.297067 -0.042157 -0.193731
0.089135 -0.008714 -0.151522
-0.234886 0.333805 0.119642
-0.787520 -0.275039 -0.046913
-0.428817 -0.193773 -0.234970
-0.559419 0.332045 -0.088843
-0.458590 0.044783 0.332115
-0.016460 0.145576 0.333874
-0.808625 0.228377 0.286780
0.000000 0.000000 0.000000
-0.474684 -0.183041 0.332115
-0.304735 0.152232 -0.193731
-0.660938 -0.130031 -0.193731
0.000000 0.000000 0.000000
-0.674472 -0.141479 0.332115
0.000000 0.000000 0.000000
-0.279635 -0.367251 -0.151522
0.397930 0.333832 0.050493
0.115775 0.333832 0.332430
-0.029221 0.281324 0.332115
-0.336412 -0.337936 -0.285183
-0.787520 0.295519 0.116632
0.427558 0.192273 -0.151522
-0.175881 0.333805 0.267847
-0.019690 -0.127071 0.333874
-0.490461 0.333805 0.132897
-0.787520 -0.151492 0.186518
-0.618262 -0.193773 -0.300475
-0.444910 0.149417 -0.151522
-0.375718 -0.250335 -0.151522
0.000000 0.000000 0.000000
-0.193213 0.332045 -0.079300
0.314006 0.333805 0.239723
-0.808615 -0.510336 0.172248
-0.547538 -0.176112 0.333874
-0.806894 -0.133580 0.333874
-0.180435 -0.335482 0.333874
-0.808625 -0.507802 -0.169964
0.234737 0.107843 0.332115
-0.416721 0.024684 -0.193731
0.000000 0.000000 0.000000
-0.248111 -0.127594 -0.193731
0.000000 0.000000 0.000000
-0.430127 0.333832 -0.088290
-0.787520 -0.351918 0.070804
-0.341492 -0.066902 0.333874
-0.808625 0.224804 -0.147835
-0.808625 0.064103 -0.016014
-0.379646 0.333805 0.027506
0.000000 0.000000 0.000000
-0.787520 0.218630 0.072778
0.341611 0.333805 0.034885
-0.727766 0.131663 0.333874
-0.416991 0.333832 0.262286
-0.808625 -0.284279 0.142958
-0.509164 -0.144621 -0.151522
-0.147655 -0.261674 -0.149764
-0.201705 0.333805 0.061238
-0.344778 0.174995 0.333874
-0.113754 -0.193773 -0.186242
-0.618446 0.050009 -0.179662
0.029883 -0.086591 -0.172627
-0.806696 0.275807 -0.170698
-0.051587 -0.054649 -0.149764
-0.290716 0.206752 -0.151522
0.394974 0.332045 -0.077919
-0.322653 -0.193801 -0.203081
-0.537240 0.039528 0.332115
-0.808625 0.034582 0.238531
-0.636991 0.255388 -0.151522
-0.709499 -0.247269 -0.285183
-0.404301 -0.086120 0.333874
-0.243360 0.125262 -0.193731
0.287351 0.301263 -0.193731
-0.210315 0.162080 0.332115
-0.479928 -0.454301 -0.264079
-0.136478 0.080178 -0.193731
-0.086072 0.332045 0.061125
0.040164 0.235445 -0.151522
0.000000 0.000000 0.000000
-0.670012 -0.376714 -0.285183
-0.589279 -0.091165 0.332115
0.267336 0.332045 0.137239
0.000000 0.000000 0.000000
-0.057612 -0.072298 0.332115
-0.115541 -0.261190 -0.285183
0.009351 -0.222539 0.333874
0.139654 0.333832 0.119151
-0.611929 -0.137495 -0.185292
-0.787520 -0.417377 -0.015369
0.022550 0.098063 -0.193731
-0.193379 -0.008534 -0.193731
0.000000 0.000000 0.000000
0.352691 0.333805 0.332435
-0.348772 0.312621 0.333874
-0.808625 0.036410 0.332790
-0.260958 0.333805 0.333296
-0.383561 -0.019865 -0.151522
-0.044489 0.333805 -0.105154
-0.322002 0.333832 -0.151401
-0.626852 -0.030110 -0.151522
-0.676887 -0.356852 -0.151522
-0.361742 -0.312666 0.333874
0.397361 0.109751 -0.193731
0.000000 0.000000 0.000000
0.532995 0.228186 -0.179746
-0.807243 -0.108274 -0.171245
0.000000 0.000000 0.000000
0.205650 -0.076832 -0.149764
-0.130047 0.333805 0.309866
-0.648414 0.333832 0.149894
-0.506734 -0.009089 -0.149764
0.151357 -0.079071 0.332115
-0.758350 0.333805 -0.069441
-0.570964 -0.261847 -0.149764
-0.521944 0.155672 0.332115
-0.629483 0.194448 -0.193731
0.217041 0.023806 -0.188457
-0.433892 -0.076896 -0.151522
0.000000 0.000000 0.000000
0.440707 0.219794 -0.185341
0.215384 0.128841 -0.172627
-0.713655 -0.507486 -0.181072
-0.099359 0.229600 -0.179662
0.216813 0.076569 -0.172627
0.162145 0.333805 0.264423
0.146960 0.259787 -0.193731
0.000000 0.000000 0.000000
0.151061 0.083102 0.332115
0.378839 0.325167 -0.172627
-0.808625 -0.000174 -0.153635
-0.808625 -0.369603 0.227997
-0.801380 0.333832 0.191452
-0.542376 0.115694 -0.151522
-0.004454 -0.210237 -0.315922
0.495700 0.332045 0.022447
-0.670362 0.333805 0.273462
-0.744086 -0.262659 0.332115
-0.314745 -0.176234 -0.151522
-0.074819 0.193355 0.332115
0.283508 0.333832 0.046915
-0.587086 0.333805 0.023996
-0.108382 -0.218106 0.333874
-0.687858 0.332045 0.051819
0.372839 0.161980 -0.149764
-0.787520 0.134321 0.157549
-0.783183 -0.046594 0.333874
-0.697875 -0.439877 -0.285183
-0.220197 0.013800 0.333874
0.000000 0.000000 0.000000
-0.216274 -0.228946 -0.268826
-0.471542 -0.295401 0.333874
0.129885 -0.004302 -0.151522
-0.700604 0.124471 -0.193731
-0.725352 0.218739 0.333874
-0.530979 -0.265326 0.333874
-0.092236 -0.357600 0.332115
-0.446529 0.209989 -0.149764
-0.430546 -0.179342 -0.149764
-0.429944 -0.194437 -0.327391
0.074053 0.263152 0.333874
0.551677 0.333805 -0.080214
0.381608 0.333805 0.184885
0.184368 0.333805 -0.109945
0.341700 0.048437 -0.172627
-0.255151 -0.350298 -0.264079
0.100335 -0.124469 -0.151522
-0.291811 -0.425311 -0.264079
0.090015 0.333805 -0.006487
-0.808625 -0.165735 0.073536
-0.505835 -0.193773 -0.209779
0.000000 0.000000 0.000000
-0.296401 0.332045 0.150090
0.218814 0.219668 -0.151522
-0.489468 0.322700 -0.151522
-0.787520 -0.098551 0.116074
-0.168738 0.235346 -0.183315
0.000000 0.000000 0.000000
-0.764183 0.333805 0.015978
-0.769639 -0.207673 -0.172627
-0.105394 0.006152 -0.149764
-0.808625 -0.279682 0.217436
-0.365731 -0.360925 -0.151522
-0.787520 -0.137232 0.253378
0.459521 0.121361 -0.179662
0.102260 0.332045 0.188509
-0.241366 -0.069048 -0.172627
-0.808625 -0.019892 0.169202
0.088368 0.102488 -0.172627
-0.498614 -0.308454 -0.149764
0.429711 0.332045 0.142241
-0.727514 -0.150892 -0.149764
-0.753235 -0.218017 -0.225882
-0.808625 -0.208926 -0.095853
-0.087021 0.123209 -0.193731
-0.554227 0.034575 -0.149764
-0.713500 -0.100062 0.332115
-0.069452 0.098498 0.333874
-0.211430 -0.193773 -0.319442
-0.344309 0.243607 -0.193731
-0.002147 -0.088129 -0.193731
-0.173816 -0.249381 0.333874
-0.150396 0.333832 -0.146315
-0.405786 0.128624 -0.193731
-0.224795 0.333805 0.195650
0.004897 -0.193773 -0.165419
-0.078942 -0.113933 -0.151522
-0.704644 0.263923 -0.149764
0.115651 0.209490 -0.149764
-0.177018 -0.150596 -0.149764
-0.713070 -0.193490 0.332115
-0.578972 0.319248 0.333874
-0.404417 -0.353125 -0.285183
-0.008670 0.333805 0.150660
0.024190 0.085674 0.332115
-0.745478 -0.346942 -0.172627
-0.787520 0.262026 -0.063216
-0.276524 0.284099 -0.151522
-0.797417 0.156878 0.333874
-0.683041 -0.510336 -0.284278
-0.785761 -0.249070 0.070370
-0.260552 -0.193773 -0.246721
0.056660 0.046086 -0.151522
-0.533852 0.333805 0.074747
-0.642377 0.333805 -0.117632
0.237333 0.324793 -0.149764
-0.236121 0.065351 -0.149764
-0.306041 -0.095741 -0.149764
-0.354118 0.333805 -0.030192
-0.680655 -0.040523 -0.149764
-0.514733 0.191466 -0.172627
-0.207314 -0.189609 0.333874
-0.030163 0.244797 -0.172627
0.027506 -0.020869 -0.193731
0.000000 0.000000 0.000000
-0.467764 -0.396758 -0.264079
0.025743 0.333832 0.038352
-0.599323 -0.368012 0.333874
-0.787520 -0.156073 -0.029787
-0.787520 0.005387 0.022822
-0.539638 -0.084562 -0.172627
-0.459368 0.057372 -0.151522
0.000000 0.000000 0.000000
-0.151189 -0.193773 -0.259434
-0.717095 -0.316423 -0.285183
0.284824 0.048168 0.333874
0.154591 0.146777 -0.149764
0.483399 0.333832 -0.136487
-0.687037 0.275788 -0.193731
0.167088 0.164523 0.332115
-0.808625 0.316699 0.290030
-0.672257 0.014487 -0.151522
-0.187219 -0.013113 -0.151522
-0.787520 0.019440 -0.086715
0.000000 0.000000 0.000000
-0.383546 0.058834 0.332115
-0.808625 -0.446093 0.250630
-0.785761 0.027656 0.103650
-0.760211 -0.448956 -0.151522
0.015751 0.004412 0.333874
-0.449902 0.332045 0.199994
-0.702752 0.292880 0.332115
-0.535275 0.249912 -0.172627
0.000000 0.000000 0.000000
0.477500 0.178114 -0.193731
-0.785761 0.141314 -0.101917
-0.440020 0.333805 0.103023
0.103144 -0.065464 -0.151522
-0.605244 0.069509 0.332115
-0.808625 0.125628 -0.017795
-0.193607 0.308180 0.333874
-0.808625 -0.233995 0.201711
-0.785761 0.194337 0.004816
0.248945 0.333832 0.258529
0.000000 0.000000 0.000000
0.105955 0.310201 -0.149764
-0.194540 0.333832 -0.012946
0.000000 0.000000 0.000000
-0.074501 -0.193773 -0.249993
-0.312642 -0.230555 0.333874
-0.583050 0.241996 -0.149764
0.183642 0.007708 0.332115
-0.013657 0.333832 0.226287
-0.765674 -0.044303 -0.193731
-0.083146 0.325697 0.332115
0.000000 0.000000 0.000000
0.406369 0.284283 -0.151522
-0.586987 -0.017992 0.332115
0.044383 0.333805 -0.045895
-0.804037 0.239193 0.333874
0.004975 -0.019532 -0.151522
0.060721 -0.068345 0.333874
-0.560163 -0.241801 -0.285183
0.000000 0.000000 0.000000
-0.544833 -0.200881 -0.149764
-0.098235 -0.028896 -0.193731
-0.422759 0.332045 -0.148075
-0.790120 0.088895 -0.154122
0.166515 0.055019 -0.149764
-0.378339 0.333805 0.201940
-0.495893 0.136691 -0.193731
-0.349631 0.138873 -0.151522
-0.332352 0.008978 -0.172627
-0.808625 0.263699 0.180323
0.025597 0.332045 0.316749
-0.005399 0.053230 -0.151522
0.162630 -0.059790 -0.189257
-0.378094 -0.263645 -0.285183
-0.747917 0.191817 -0.151522
-0.648381 -0.286558 -0.151522
-0.222209 0.333805 -0.143596
-0.493427 0.333832 -0.074656
0.157633 0.235739 0.332115
-0.000682 0.153973 -0.149764
-0.787520 0.137561 0.097180
0.419829 0.139128 -0.179662
-0.056884 -0.179744 -0.149764
-0.124517 -0.062212 -0.151522
-0.257507 0.158268 -0.149764
0.000000 0.000000 0.000000
-0.429402 -0.294305 -0.151522
-0.030128 0.308824 -0.149764
-0.340682 0.266337 -0.149764
0.223487 0.333805 0.095139
-0.396948 0.237599 -0.149764
-0.787520 0.276506 0.056015
-0.808625 -0.301733 0.302014
0.000000 0.000000 0.000000
-0.787520 -0.311099 -0.113890
0.000000 0.000000 0.000000
-0.589072 0.333832 -0.042014
-0.641038 -0.174047 -0.149764
-0.039904 0.333805 0.099943
-0.275782 0.179515 0.332115
-0.293609 0.333805 0.048140
0.344023 0.157098 -0.193731
-0.662822 -0.299072 -0.285183
0.101123 0.333805 0.265144
-0.787520 -0.069836 -0.042382
-0.558108 0.333832 0.152534
-0.736880 -0.270597 -0.172627
-0.808625 -0.386471 0.144909
-0.593743 0.134756 -0.179662
-0.199528 -0.299323 -0.149764
-0.430906 -0.295357 -0.264079
0.277306 0.170530 -0.193731
-0.159030 0.333805 0.187989
-0.754687 0.269789 -0.193731
0.516957 0.301095 -0.151522
-0.571424 0.237912 0.333874
-0.474862 -0.223076 -0.264079
-0.544929 0.090531 0.332115
0.110185 0.156130 -0.151522
-0.213963 0.094201 0.333874
-0.738280 0.333805 -0.112547
-0.077823 0.082916 -0.149764
-0.438276 0.098962 -0.151522
-0.749160 -0.218889 -0.301163
0.000000 0.000000 0.000000
0.000000 0.000000 0.000000
-0.785761 0.005680 0.285179
-0.431523 0.333805 -0.025671
0.000000 0.000000 0.000000
-0.219819 -0.180198 -0.172627
-0.545625 0.300535 -0.149764
0.000000 0.000000 0.000000
-0.204829 0.266409 -0.149764
-0.785761 0.094457 0.299732
-0.374195 -0.069724 -0.151522
-0.136281 0.191558 0.333874
0.274088 0.207056 0.333874
-0.446854 0.333832 0.052725
-0.342029 0.332045 0.102013
-0.131525 -0.127838 -0.193731
0.000000 0.000000 0.000000
-0.339994 0.246936 0.332115
-0.444959 0.275584 -0.151522
-0.627717 -0.085494 -0.151522
0.021765 0.199851 0.333874
-0.051948 -0.184489 0.332115
0.011493 -0.252359 -0.149764
-0.735879 0.062077 -0.151522
0.320671 0.333832 0.081379
-0.141020 0.333805 0.024893
-0.592635 -0.379596 -0.285183
0.000000 0.000000 0.000000
-0.787520 -0.421743 -0.083835
0.367323 0.212094 -0.151522
-0.481673 0.103941 0.333874
-0.266598 -0.171863 -0.172627
-0.671182 0.169818 -0.151522
-0.713655 -0.308430 -0.223944
-0.364892 -0.193801 -0.251487
-0.159116 -0.207855 -0.149764
-0.058065 0.212634 -0.149764
-0.506962 0.333832 0.253449
-0.112918 0.181175 -0.149764
-0.303172 -0.306853 -0.151522
-0.197639 0.189814 -0.193731
0.331378 0.285998 0.333874
-0.432753 0.324930 0.333874
0.371927 0.332045 -0.019624
0.290032 0.333832 0.317488
-0.285977 -0.091791 -0.193731
0.189282 0.333805 -0.045595
-0.455527 0.224160 0.333874
-0.808625 0.329856 0.090307
0.326774 0.286105 -0.151522
0.493282 0.254825 -0.149764
-0.036878 0.333832 0.284511
0.000000 0.000000 0.000000
-0.787520 -0.185219 0.323536
-0.137527 0.333805 0.087952
-0.103903 0.333805 -0.072920
0.000000 0.000000 0.000000
-0.808625 -0.192949 0.249068
0.000000 0.000000 0.000000
-0.048965 0.036087 -0.151522
-0.444937 -0.020005 -0.151522
-0.387014 -0.012570 0.333874
-0.808625 0.324938 -0.032950
-0.663584 0.072312 -0.151522
-0.531518 -0.419481 -0.271114
-0.808625 0.238490 -0.095547
-0.111309 -0.124695 0.333874
-0.740961 0.333805 0.286055
-0.087545 -0.310400 -0.151522
0.000000 0.000000 0.000000
0.000000 0.000000 0.000000
0.214014 0.286852 -0.151522
-0.379034 -0.179792 -0.149764
0.000000 0.000000 0.000000
0.264647 0.156310 -0.149764
-0.579902 -0.427261 -0.264079
-0.257140 0.333805 -0.085580
-0.310564 0.333805 0.304946
0.423987 0.333832 -0.132946
-0.247382 0.333832 0.269689
-0.808625 -0.303659 0.066520
0.102746 0.264292 -0.172627
0.000000 0.000000 0.000000
-0.785761 0.060789 0.051633
0.195383 0.293482 0.333874
-0.808625 -0.120263 -0.000499
-0.787520 -0.065269 -0.144923
0.000000 0.000000 0.000000
0.000000 0.000000 0.000000
-0.545975 -0.121588 -0.193731
0.027890 -0.137382 -0.193731
-0.072584 0.333805 -0.008221
-0.732066 -0.398286 -0.285183
0.066587 0.333805 0.151730
-0.420930 -0.145231 0.332115
-0.808625 0.068823 0.197074
-0.787520 0.187235 0.267113
-0.603726 -0.152081 0.332115
-0.115359 0.058279 0.333874
-0.785761 -0.113560 -0.067322
0.131078 0.333832 -0.126286
-0.443993 -0.132225 -0.172627
-0.535122 -0.194668 -0.264079
-0.661376 -0.226130 -0.264079
-0.482682 0.028379 -0.193731
0.000000 0.000000 0.000000
-0.253862 -0.013181 -0.172627
0.000000 0.000000 0.000000
0.072455 0.190750 -0.193731
-0.251350 -0.311531 -0.151522
-0.787520 -0.016520 -0.040709
-0.636273 -0.348453 -0.265144
0.000000 0.000000 0.000000
-0.314785 0.095988 -0.180354
0.223255 -0.013879 -0.151522
-0.086799 0.250107 0.332115
0.267352 0.333805 0.192242
0.040477 0.146544 -0.193731
-0.787520 -0.302499 0.018975
-0.518417 -0.314094 0.332115
-0.513157 -0.127726 0.333874
-0.178286 0.088807 -0.172627
-0.285442 0.010867 -0.151522
-0.804136 -0.159845 -0.172627
-0.588310 0.333805 0.276015
0.384360 0.332045 0.291951
-0.710156 -0.066217 -0.193731
0.275664 0.071640 -0.172627
0.384453 0.205159 -0.193731
-0.787520 0.083136 0.236747
0.449980 0.333832 0.075569
-0.258711 -0.250392 0.333874
-0.679043 0.155818 0.332115
-0.746988 -0.020867 -0.151522
-0.060330 0.143674 -0.151522
-0.410211 0.085494 -0.193731
-0.264701 -0.039478 0.333874
-0.147263 -0.027923 -0.193731
-0.402660 0.216236 0.333874
-0.097480 0.322120 -0.151522
-0.275697 0.095515 -0.172627
-0.419866 -0.228946 -0.274680
0.095898 0.099481 0.333874
-0.324136 -0.276404 -0.285183
-0.031036 0.333832 0.032386
-0.563757 -0.021638 -0.149764
-0.012869 -0.292787 0.332115
0.123063 -0.127661 0.332115
-0.621418 0.332045 0.199892
-0.785761 0.135626 0.220382
-0.334153 -0.019418 -0.151522
0.209758 0.333805 0.028252
0.494976 0.205316 -0.151522
-0.785761 0.226384 0.151873
-0.386373 0.045062 -0.151522
-0.184016 0.218830 0.333874
0.000000 0.000000 0.000000
-0.672103 0.333832 0.320615
-0.785761 -0.073961 0.160614
-0.808625 -0.481700 0.123211
-0.633761 0.332521 -0.172627
-0.297934 0.245625 -0.193731
-0.501780 -0.373675 -0.149764
-0.758831 0.314577 -0.151522
0.113782 0.332045 0.048656
0.000000 0.000000 0.000000
-0.133237 0.268383 -0.172627
-0.355502 -0.389980 -0.285183
0.425915 0.270094 -0.193731
-0.143405 0.126192 -0.172627
-0.285854 -0.091675 0.333874
0.020404 0.196925 -0.172627
-0.489798 -0.075709 -0.151522
-0.357974 -0.309961 -0.149764
-0.721515 0.333832 -0.020478
0.129961 0.149335 -0.193731
0.335526 0.333805 -0.127747
-0.785761 0.325076 0.248389
-0.005581 -0.046066 0.333874
-0.696427 0.333805 0.177868
-0.785761 -0.256102 -0.122733
0.323126 0.186276 -0.151522
0.102957 0.069223 -0.193731
-0.787520 -0.102392 0.212716
-0.371064 0.332045 -0.127473
-0.721578 -0.389597 -0.151522
-0.618638 -0.320589 -0.149764
-0.626616 0.333832 0.003094
-0.209222 -0.379742 -0.285183
-0.227062 0.186494 -0.172627
0.041739 0.031977 -0.193731
-0.665932 0.096478 -0.193731
