0.061370 -0.677152 -0.702176
-0.088821 -0.677968 0.430597
0.247057 0.073952 -0.062783
-0.224110 0.071475 -0.479927
0.158196 -0.640758 -0.036388
-0.213427 -0.680526 -0.354439
0.177963 -0.201050 -0.576844
0.003947 -0.252862 0.277954
-0.111935 -0.180202 -0.127584
-0.213686 -0.674264 -0.211369
0.071963 -0.328296 -0.203959
-0.212161 0.073964 -0.036125
-0.146617 -0.310593 -0.571090
0.000000 0.000000 0.000000
-0.039753 -0.027151 -0.801304
0.205966 -0.693717 -0.441957
-0.010223 -0.688187 -0.725461
-0.081252 -0.032297 0.468786
0.332842 0.049711 -0.393897
-0.140180 -0.367940 -0.253375
0.056041 -0.436261 0.349938
-0.033360 -0.545126 0.053070
-0.019795 -0.447842 -0.049469
-0.345055 -0.056711 -0.282493
0.051984 -0.051986 0.029876
0.164439 -0.681900 0.288273
0.180229 -0.691294 0.221748
0.126218 -0.180243 -0.315773
-0.199704 -0.690506 0.107983
-0.095372 -0.670947 -0.685420
0.153425 -0.425258 -0.570396
0.152329 0.057927 -0.628174
0.310311 -0.104255 -0.196306
0.129368 -0.023097 0.165580
-0.069126 -0.274991 0.120492
-0.064520 -0.180188 -0.429142
-0.053832 -0.246396 0.396743
-0.214813 -0.023317 0.054504
0.125987 -0.575562 -0.215125
-0.012593 -0.163413 -0.749605
-0.278977 -0.126758 -0.517363
0.055252 -0.282972 0.033104
-0.193275 -0.461867 -0.355822
-0.244243 -0.004272 -0.262100
-0.187770 0.073955 0.381161
-0.104664 -0.112968 -0.708000
0.003575 -0.073366 0.232388
0.185138 -0.402793 -0.363731
-0.056029 -0.547935 0.257307
-0.026060 -0.430766 -0.688689
0.092694 0.003269 0.394263
-0.042867 -0.637783 -0.076316
0.267574 -0.108799 -0.426506
-0.250970 -0.206163 -0.291429
0.147796 -0.180272 -0.105753
-0.168560 0.004113 0.283226
-0.021293 0.073955 0.045391
0.259852 -0.013848 -0.478606
-0.265654 -0.087361 -0.144380
-0.183348 -0.555746 -0.540107
0.157790 -0.631210 -0.605634
-0.100634 0.064385 -0.692834
0.295677 0.073955 -0.201765
0.208325 -0.029348 -0.033437
0.123053 -0.025607 -0.765097
-0.038770 -0.474363 0.428057
0.061377 -0.568395 0.317809
-0.085300 -0.324063 -0.091592
-0.232852 0.012426 -0.669746
0.175240 -0.246155 -0.315756
0.000000 0.000000 0.000000
-0.008522 -0.408973 0.202036
0.041500 -0.427791 -0.039578
-0.007025 0.073955 0.420901
-0.054152 -0.520950 -0.183000
-0.178162 -0.684131 0.259253
-0.104510 -0.096409 0.009899
-0.203248 0.073955 0.151959
0.061379 -0.611475 0.131424
0.273111 0.024747 -0.587790
0.046066 0.073955 0.274966
0.272960 -0.011163 -0.311340
0.179205 -0.257479 -0.461894
0.224979 0.073978 0.122878
0.047600 -0.180159 -0.068551
0.057192 -0.252759 0.307226
-0.125833 0.052930 -0.047925
0.000000 0.000000 0.000000
-0.342711 -0.009153 -0.439868
0.003746 -0.180243 -0.609407
0.206071 -0.093372 -0.675722
-0.182093 -0.096275 -0.646714
0.206698 0.073955 0.172470
0.050158 -0.504132 0.317086
0.033716 -0.170492 0.114581
-0.138998 -0.180256 -0.305530
0.195576 -0.236187 -0.250348
-0.198857 -0.226858 -0.444044
0.114287 -0.180245 -0.482959
0.199020 -0.558876 -0.416447
0.050879 -0.286361 -0.665839
0.061684 -0.134556 0.443095
0.029885 -0.008485 -0.726973
0.299075 -0.007484 -0.039573
-0.071011 -0.194711 0.296153
-0.143263 -0.180276 -0.568615
-0.328078 0.046741 -0.172148
0.120772 -0.240627 -0.087514
0.187701 -0.641958 -0.174356
0.131452 0.053539 0.043757
0.067788 -0.662614 0.435634
-0.042138 -0.378826 0.325578
0.198549 -0.668434 0.060825
-0.118546 -0.639449 0.048327
0.067883 -0.205856 0.135861
-0.184893 -0.396444 -0.480347
0.103870 -0.492186 -0.649458
-0.077733 -0.105674 0.425058
0.012889 -0.341134 0.431638
0.072719 -0.397719 -0.144679
-0.132309 -0.259038 -0.212861
-0.294977 -0.017251 -0.004602
-0.141677 -0.471840 -0.609250
-0.168008 -0.550902 -0.261715
-0.073396 -0.233650 -0.671603
-0.121163 0.006375 0.169609
-0.073586 -0.398984 -0.019087
-0.211349 -0.688707 -0.056365
-0.279458 0.073955 -0.319223
-0.235129 0.006921 -0.420312
0.003366 -0.470918 0.068207
-0.312704 -0.128230 -0.362173
0.233539 -0.009119 -0.159824
0.084926 0.050049 -0.028274
0.028202 0.073955 -0.774043
-0.068791 -0.174790 0.002532
-0.061562 -0.021534 0.253887
0.243043 -0.113514 -0.508938
0.208531 -0.674689 -0.303567
0.175098 -0.414027 -0.518303
-0.189267 -0.692024 -0.553486
-0.203845 -0.552480 -0.406539
0.045300 -0.584239 0.015783
-0.253790 -0.019095 -0.560038
-0.008521 0.012150 0.137140
0.133081 -0.458079 -0.237217
-0.209383 -0.102022 -0.027565
-0.247803 0.060051 0.109891
-0.069659 -0.637063 0.152488
0.054166 0.049449 0.119672
0.111234 -0.161751 -0.709489
-0.165577 0.068615 -0.723645
0.023832 -0.053308 -0.800350
0.000000 0.000000 0.000000
0.137839 -0.253599 -0.257488
0.244786 -0.140124 -0.096744
-0.093379 0.073955 0.506258
-0.122947 -0.038415 -0.727237
-0.084241 -0.384461 -0.656984
-0.209362 0.046859 -0.159552
0.068169 -0.180169 -0.195701
0.300264 -0.143619 -0.326398
0.047925 -0.119631 -0.720075
-0.095582 0.073955 0.080918
0.004694 -0.291752 0.174612
0.034752 -0.152568 0.351566
-0.189986 -0.180279 -0.488596
-0.206687 -0.012991 -0.080263
0.296512 0.061985 -0.517091
0.025347 -0.180149 -0.368314
-0.102136 0.073922 0.287006
-0.163603 -0.474358 -0.268429
-0.026300 -0.180146 -0.223930
0.053678 -0.610059 -0.172437
0.149413 -0.023272 0.288802
-0.030593 0.006339 -0.021544
0.000000 0.000000 0.000000
-0.064002 -0.163732 0.152634
-0.027249 -0.122583 -0.776350
0.037698 -0.559081 -0.698776
0.305278 -0.056156 -0.398020
-0.096854 -0.639105 0.308631
-0.068695 -0.571700 -0.687581
-0.230630 -0.206856 -0.181489
-0.320843 -0.021619 -0.108801
0.126216 -0.010370 0.036471
-0.067247 -0.414223 -0.175671
0.078557 -0.405601 -0.659935
0.027171 -0.548200 0.039805
0.350198 -0.004477 -0.260909
-0.186758 -0.329026 -0.382117
-0.063131 -0.566738 0.397650
0.193077 -0.180279 -0.218931
0.051031 -0.566406 0.192625
0.149381 -0.250777 -0.568732
0.178777 -0.537768 -0.535672
-0.019710 -0.180143 -0.276746
0.222304 0.034705 -0.669535
-0.109597 -0.625570 -0.183661
-0.120819 0.009729 0.363537
-0.295747 0.073955 -0.387627
-0.008445 -0.102724 0.095616
0.005157 -0.366982 0.108264
0.000000 0.000000 0.000000
0.193257 -0.180279 -0.377241
-0.008557 -0.256386 -0.042776
-0.254835 -0.136154 -0.434619
0.002778 -0.135180 0.331788
-0.058921 -0.057239 -0.742820
0.241015 0.071310 -0.355662
0.062321 -0.145468 0.221286
-0.146069 -0.235992 -0.109827
0.323142 0.073955 -0.300876
-0.008513 -0.556149 -0.081186
0.011085 -0.143839 0.030026
0.009296 0.007574 0.454961
-0.177845 -0.280507 -0.477322
0.126149 -0.166375 -0.012259
0.108224 0.073955 -0.709950
-0.076091 -0.001736 0.053995
0.183365 -0.553955 -0.301452
-0.238376 -0.165001 -0.109773
0.188779 -0.622722 -0.515532
0.042539 -0.221315 0.394768
0.046590 -0.035079 0.311989
-0.188571 -0.689752 0.199861
-0.203921 -0.635708 -0.460255
0.267156 -0.019799 0.078381
-0.229586 -0.180279 -0.389971
-0.280527 0.033165 -0.577814
-0.346440 0.035703 -0.353744
0.090529 -0.639088 0.328443
0.004421 -0.180206 -0.528756
-0.304116 0.038537 -0.077131
-0.060191 -0.064990 0.368883
-0.095333 0.046265 0.407839
0.045460 -0.566818 0.420568
-0.072523 -0.517971 -0.678896
0.003567 -0.497356 0.244335
-0.168284 -0.280240 -0.308660
-0.204659 -0.023274 0.184954
0.182429 -0.157683 -0.645798
0.335784 -0.012070 -0.166664
0.051322 -0.480382 -0.189703
-0.300782 -0.147857 -0.278374
0.141909 -0.352881 -0.265060
-0.039212 -0.587486 -0.005542
0.008323 -0.432259 0.436296
0.167074 -0.641338 0.129415
0.273125 -0.074134 -0.570564
0.000000 0.000000 0.000000
0.294162 -0.019260 -0.428185
0.102111 0.073955 0.200595
0.100168 -0.241259 -0.643029
0.281827 0.073954 -0.100553
-0.060458 0.048401 -0.791478
-0.131020 -0.180238 -0.221141
0.208114 -0.011294 -0.583250
-0.179500 0.026019 -0.585853
0.048840 -0.309610 -0.065379
0.310629 -0.070261 -0.478832
-0.057591 -0.488043 0.330358
-0.291581 -0.049789 -0.486733
-0.139239 -0.639869 -0.081762
-0.162391 -0.142129 -0.637779
0.092797 -0.180265 -0.596131
0.148073 0.038066 0.109957
0.000000 0.000000 0.000000
-0.196059 0.073955 -0.639913
-0.202928 -0.642307 -0.304582
0.094259 -0.639107 0.230097
0.210016 0.059472 -0.501395
0.000000 0.000000 0.000000
-0.025393 0.073955 0.216614
0.277171 -0.069442 -0.086039
0.003494 -0.439295 0.042785
0.015287 -0.444531 -0.130321
-0.336845 -0.075900 -0.375243
-0.150900 -0.624916 -0.621569
0.221607 0.045962 -0.202213
0.018631 -0.507932 -0.035158
0.000000 0.000000 0.000000
-0.313354 -0.028758 -0.199442
-0.151764 -0.174887 -0.033660
0.012477 0.053485 0.512236
-0.048867 0.073955 0.145744
0.301024 -0.074626 -0.329336
-0.039098 -0.548374 0.156336
0.143556 -0.096423 -0.007773
-0.055955 -0.180161 -0.075053
0.169882 -0.235460 -0.157937
-0.002888 0.073955 0.333846
0.012077 -0.027231 0.374418
0.179491 -0.180279 -0.434148
-0.214207 -0.133616 -0.561597
-0.014627 -0.243326 0.046257
0.073465 -0.342978 -0.009640
-0.278255 0.073955 -0.223302
0.249165 -0.182084 -0.455813
-0.260390 -0.012859 -0.166582
0.088339 -0.311627 -0.143618
-0.012811 -0.164479 0.366989
0.073821 -0.638696 -0.070667
0.192858 -0.474926 -0.427924
-0.183910 -0.263782 -0.365859
0.153035 -0.006143 -0.065283
-0.107843 -0.009483 -0.015505
0.122116 -0.639646 0.038976
-0.060758 -0.323555 0.397008
0.164341 -0.012226 -0.659579
0.180767 -0.354096 -0.457642
0.074649 -0.081709 0.371133
0.000000 0.000000 0.000000
-0.171175 0.073223 0.057269
0.003562 0.023762 0.250878
-0.066687 -0.343911 0.084808
-0.254975 -0.137888 -0.212156
0.251828 -0.136442 -0.216276
0.017587 -0.344223 -0.677560
0.208131 -0.023234 0.086247
0.251857 -0.007915 -0.401595
-0.117395 -0.180225 -0.392316
0.139641 -0.333976 -0.580831
-0.083748 -0.321904 -0.178687
-0.183945 -0.049909 -0.671430
0.272457 0.057502 0.023069
0.003443 -0.486232 0.152153
0.225754 -0.193642 -0.144316
0.197162 -0.000164 0.214055
-0.146128 -0.092621 -0.686233
0.182258 -0.322098 -0.394325
-0.125862 -0.639638 0.220183
-0.035933 0.053816 -0.719990
-0.201739 -0.652772 0.023270
0.348351 0.005968 -0.354317
0.205301 -0.690895 -0.023747
0.029215 0.073955 0.169228
0.160026 0.070800 -0.084664
-0.012728 -0.681859 0.441958
0.000000 0.000000 0.000000
-0.139096 0.073955 0.191428
0.000000 0.000000 0.000000
-0.065659 -0.180249 -0.591199
0.143352 -0.096206 -0.737249
-0.266161 -0.022030 0.085143
-0.060533 -0.101808 0.327490
0.056627 -0.330309 0.344670
-0.232645 0.073955 -0.568697
-0.008516 -0.521396 -0.125733
-0.195928 -0.474911 -0.443557
-0.193784 -0.541827 -0.323570
0.187770 0.073475 -0.006677
0.229098 -0.180279 -0.297868
0.194543 -0.595529 -0.332290
-0.199880 -0.644927 -0.129523
0.035010 0.060982 -0.019082
-0.113637 -0.215953 -0.048102
-0.267112 -0.008781 -0.341832
-0.137646 -0.234425 -0.607802
-0.102861 -0.547777 -0.205138
0.070088 -0.028718 0.473374
-0.086241 -0.307648 -0.641977
-0.055915 -0.275277 0.319876
-0.008523 -0.426128 0.255248
0.081397 -0.004719 -0.025382
0.060572 -0.220213 0.228892
-0.152672 0.019511 0.031389
0.192508 -0.139028 -0.041953
0.206341 -0.114655 -0.594161
-0.008316 -0.085998 0.156743
0.143972 -0.101437 -0.678778
0.303879 -0.019447 -0.234184
-0.149302 -0.648568 0.330132
-0.168489 -0.434457 -0.549887
0.099562 -0.570890 -0.667328
0.062854 -0.301857 0.116092
-0.001313 -0.180138 -0.136845
0.059029 -0.180165 -0.291949
-0.161302 0.073955 0.298941
0.006917 -0.314479 0.305303
0.173367 0.021183 -0.725693
0.056885 -0.502953 0.393415
-0.042210 -0.180274 -0.670926
-0.301730 0.060156 -0.517483
0.169765 -0.312798 -0.509581
0.000000 0.000000 0.000000
0.046724 0.019282 0.056494
0.227046 -0.175476 -0.543097
-0.193064 -0.618502 -0.517891
0.174299 -0.626178 -0.252735
0.078939 0.046519 0.451542
-0.058408 -0.399870 0.401267
0.228140 0.058042 -0.429572
-0.065228 -0.634349 0.352791
0.237457 0.027613 -0.280047
0.072770 -0.173926 0.000997
0.145137 -0.180274 -0.265402
-0.205163 -0.180279 -0.334801
-0.181324 -0.385850 -0.323707
0.189943 -0.643322 -0.089324
0.010191 -0.180172 -0.446640
-0.313821 -0.081781 -0.159327
-0.200738 0.027153 -0.538872
-0.008523 -0.034433 0.075270
0.060833 0.009021 -0.798898
-0.051616 -0.433667 -0.100081
0.039092 -0.479661 -0.687198
-0.060918 0.072775 -0.011145
0.188134 -0.487331 -0.343555
0.064959 -0.353264 0.064123
0.185625 -0.242180 -0.398607
-0.081065 0.073955 0.362313
0.164351 -0.397872 -0.288947
-0.008523 -0.367603 0.190719
-0.050115 -0.130865 0.211829
0.275712 -0.110546 -0.372758
0.079387 -0.638756 0.000352
-0.140961 0.012555 -0.759223
-0.167263 -0.180279 -0.152020
0.233256 -0.029836 -0.653822
-0.252074 -0.169345 -0.506890
-0.169221 -0.023135 0.137476
-0.143479 -0.058064 0.009732
0.268422 -0.172557 -0.407929
0.170556 -0.493999 -0.546000
0.045200 -0.180277 -0.677384
0.140636 -0.657565 0.358627
0.066409 -0.208994 0.345311
-0.077599 -0.180224 -0.514525
-0.043530 -0.116835 0.008732
-0.008525 -0.599295 -0.144757
0.098336 0.003772 -0.684552
0.120958 0.003968 0.354135
0.204528 -0.630202 -0.400569
-0.259904 -0.062155 -0.100358
-0.244163 0.073952 -0.102834
0.263625 0.073955 -0.271833
0.175749 0.028123 0.062807
-0.043364 -0.241398 0.206683
0.334299 -0.077397 -0.281723
-0.074608 -0.323111 -0.011193
0.003574 -0.027952 0.130380
-0.036200 -0.190041 0.096233
0.095968 -0.390439 -0.218402
-0.035753 0.073955 0.499093
-0.146204 -0.384731 -0.588496
-0.060963 -0.003319 -0.706821
0.077514 -0.103679 -0.769497
0.025208 -0.541487 0.132599
-0.167761 0.059173 -0.092501
-0.128035 0.002020 -0.659614
-0.156302 -0.540742 -0.600155
-0.142040 -0.640062 0.153191
0.125953 -0.166400 -0.649953
0.000000 0.000000 0.000000
-0.297453 -0.089354 -0.315457
0.076690 -0.180194 -0.426389
-0.124346 -0.555667 -0.641868
-0.193831 -0.407669 -0.398402
0.240745 0.073955 -0.566133
0.222081 -0.017184 0.147942
0.000000 0.000000 0.000000
-0.313577 -0.108847 -0.199140
0.188646 -0.415013 -0.431755
-0.241124 -0.103589 -0.621001
-0.064267 -0.590733 0.095664
-0.238462 -0.045640 -0.030079
-0.238205 -0.212773 -0.241837
0.076354 -0.180172 -0.124070
-0.190273 -0.200043 -0.565362
-0.181394 -0.149073 -0.073562
0.283834 -0.056866 -0.151810
-0.015382 -0.501380 0.284842
-0.187130 -0.005998 -0.725549
-0.087132 -0.023273 0.327619
0.002656 -0.239734 -0.694195
0.110203 0.073918 0.247491
0.210528 0.073955 -0.126787
-0.042803 -0.289117 -0.006873
0.065362 -0.159989 0.293362
0.079221 -0.115304 0.032277
-0.357014 -0.017438 -0.303652
-0.151713 -0.023214 0.215890
0.032072 -0.276523 0.419287
-0.022887 0.010011 0.059415
-0.114843 -0.445069 -0.222645
0.015333 -0.621946 -0.033278
0.153364 0.073955 0.222177
0.006573 -0.169118 -0.016553
-0.057948 -0.180163 -0.351029
0.051902 -0.552377 -0.180309
0.191966 -0.008049 -0.099848
0.009640 -0.070757 -0.745376
-0.148158 0.058947 0.464378
0.191277 -0.692990 -0.527310
-0.066326 -0.608993 0.218260
-0.059182 -0.187247 0.421331
0.142118 -0.180274 -0.378149
0.000000 0.000000 0.000000
-0.188291 -0.510754 -0.505108
-0.075277 -0.638590 -0.019067
-0.073241 -0.193941 0.194272
0.183841 -0.048655 0.011298
0.061377 -0.629905 0.271019
0.174022 -0.344252 -0.327486
0.135196 -0.640326 -0.134667
-0.001449 -0.604161 0.430064
-0.034003 -0.052204 0.294664
0.326035 -0.093553 -0.362487
0.298371 -0.016875 -0.547863
0.193858 -0.034695 -0.703296
0.096179 -0.023218 0.225991
0.223838 -0.008901 -0.519576
-0.262550 -0.061038 -0.607374
0.287111 -0.092534 -0.264520
0.072262 0.073955 0.060184
0.024321 -0.387322 0.069089
0.000000 0.000000 0.000000
-0.024457 -0.442827 -0.173434
-0.043671 -0.056952 0.030316
0.191628 -0.545808 -0.468439
-0.123547 -0.186233 -0.678423
-0.066326 -0.595489 0.306169
-0.102822 -0.447585 -0.648752
0.003571 0.023173 0.210601
-0.255180 -0.076959 -0.543769
0.116622 -0.673555 -0.663117
-0.306114 -0.103753 -0.471239
0.097453 -0.312693 -0.625791
-0.055940 -0.236175 -0.045039
-0.259963 -0.149433 -0.319134
-0.036218 0.048574 0.265088
-0.008512 -0.494761 0.010594
0.034656 -0.537542 0.239498
0.193888 0.073955 -0.580479
-0.085146 -0.363566 -0.135100
-0.302351 -0.061240 -0.419082
-0.052541 -0.115942 0.377245
0.022031 -0.389018 0.315139
0.212968 -0.084621 -0.061179
0.149432 -0.640712 0.189042
0.148660 -0.521618 -0.247983
0.037715 -0.003871 0.269434
0.022659 -0.400178 -0.683755
-0.215663 -0.016008 -0.612381
0.135889 -0.180278 -0.622904
-0.093284 0.002809 -0.786313
0.208417 -0.681072 -0.371610
0.172702 -0.459086 -0.293634
0.263149 -0.184179 -0.247932
-0.174285 -0.641241 -0.032394
-0.172979 -0.245389 -0.526049
0.269603 -0.147622 -0.157415
-0.093057 -0.491518 -0.207683
-0.346501 -0.028532 -0.372164
-0.195163 -0.180279 -0.223023
0.133603 0.052300 -0.750985
-0.049525 -0.119616 -0.720689
-0.310983 -0.000655 -0.529820
0.115236 0.073955 0.133433
0.293006 0.073955 -0.432693
-0.164237 -0.631668 -0.220448
0.101364 -0.639160 0.093135
-0.012243 -0.525571 -0.703399
0.006320 -0.535527 0.440544
-0.307167 0.073955 -0.449886
0.014144 -0.636972 -0.127199
-0.123515 0.073933 0.358083
0.190214 -0.180279 -0.504316
-0.233983 0.041438 -0.228095
-0.073638 -0.180169 -0.183612
0.102421 -0.065567 -0.729427
-0.157617 -0.075937 -0.735920
0.289203 -0.015502 -0.375447
-0.073180 -0.085351 -0.780941
0.047918 0.049394 0.217472
0.096123 -0.215557 -0.042065
-0.054353 -0.021645 0.414601
-0.033340 -0.410733 0.027210
-0.185403 -0.242292 -0.261052
0.333873 -0.063867 -0.236868
0.174434 0.015936 0.267052
0.134901 -0.073526 0.028965
0.000000 0.000000 0.000000
-0.068921 -0.150802 0.264735
-0.095069 -0.639065 -0.121071
0.016853 -0.011940 0.006758
0.289613 0.044030 -0.049611
-0.001661 0.021645 -0.806310
-0.220858 0.002673 -0.482126
-0.138031 -0.300786 -0.260763
0.251592 -0.023306 -0.003430
-0.031065 -0.307212 -0.675023
0.104098 -0.277021 -0.179340
0.041657 -0.615295 -0.704512
0.055158 -0.375534 0.382954
0.055033 -0.620449 0.391264
0.169524 -0.023208 0.192469
-0.058112 0.049355 0.196896
0.254796 -0.077487 -0.118773
0.048790 -0.399406 0.020810
-0.010261 -0.327404 0.147270
0.000000 0.000000 0.000000
-0.083893 0.042213 0.456808
0.078966 -0.031741 0.419339
0.310848 0.020078 -0.101281
0.319172 0.041363 -0.151792
-0.336324 -0.017331 -0.158057
-0.192174 0.010408 -0.125905
0.172656 0.017979 -0.589163
-0.246088 0.072084 -0.279893
-0.228905 -0.019986 0.138310
0.077000 -0.075775 0.438898
-0.048674 0.049001 0.080060
0.255425 -0.033190 -0.615429
-0.192161 -0.053335 0.007031
0.136213 -0.017281 -0.001136
0.110452 -0.180257 -0.543817
0.169761 -0.255166 -0.517866
-0.115425 0.073810 -0.751073
-0.190614 -0.237686 -0.215846
0.051653 -0.568088 0.085402
-0.202818 -0.593764 -0.351900
0.177075 0.073955 -0.679444
-0.147750 0.051488 0.099625
0.046791 -0.255632 0.179147
0.182410 -0.104636 -0.633485
-0.243648 0.041458 -0.349254
0.158422 0.053485 0.348049
-0.053889 -0.618959 -0.701190
-0.205261 0.060300 0.283188
0.000000 0.000000 0.000000
0.227162 -0.216686 -0.364580
-0.072525 -0.220685 0.126880
-0.127717 -0.659791 0.389234
0.157904 -0.304843 -0.296225
-0.304191 -0.021819 -0.059053
0.106949 -0.506135 -0.215650
-0.026123 -0.434985 0.315104
-0.210623 -0.645927 -0.396478
-0.055616 -0.152976 0.338270
0.024250 -0.091127 0.049698
0.258447 0.048534 0.082079
-0.258290 -0.082242 -0.058648
0.043768 -0.089576 0.338585
0.161763 -0.569452 -0.582199
-0.064620 -0.509978 0.383553
-0.211702 -0.688252 -0.435276
-0.022920 -0.501988 -0.060982
0.333600 0.012515 -0.435061
-0.022107 -0.207992 -0.014450
0.003609 -0.169927 0.067798
0.005772 -0.051842 0.284159
0.043197 -0.118153 0.007467
-0.143052 0.060346 -0.645386
0.216547 0.073689 0.043173
0.249086 -0.006810 -0.249972
-0.096066 -0.261495 -0.079989
-0.114358 0.072901 0.027660
-0.276507 -0.170287 -0.400984
0.282664 -0.166704 -0.301308
-0.019413 -0.537908 0.099766
-0.177776 -0.639662 -0.570730
-0.347991 0.014329 -0.232055
0.051276 -0.180205 -0.477586
-0.293402 -0.049322 -0.547882
-0.246208 0.052252 -0.629876
0.136056 -0.490877 -0.612766
-0.209924 -0.140886 -0.644204
-0.270682 -0.139816 -0.132025
0.003572 -0.368875 0.243833
0.319669 -0.025046 -0.300146
-0.218571 -0.161097 -0.150789
-0.150661 0.007205 -0.074486
-0.168970 -0.499608 -0.562137
0.197325 -0.612846 -0.460984
-0.064196 -0.437758 0.363370
0.141444 -0.201086 -0.057214
-0.025573 -0.118119 0.289067
-0.122980 -0.023215 0.285053
0.051794 -0.433772 0.405131
-0.179921 -0.348295 -0.492679
0.175931 -0.180279 -0.161568
-0.017665 -0.536904 0.210049
-0.144769 -0.639989 0.099236
-0.228321 -0.074513 -0.659796
-0.250398 0.073955 -0.421623
-0.170076 -0.130704 -0.012547
-0.161989 -0.199403 -0.068803
-0.244313 -0.196677 -0.433490
0.059021 -0.168604 0.396488
0.194018 -0.542266 -0.352729
-0.148589 -0.154323 -0.691841
0.334105 0.059359 -0.248386
0.082124 -0.638934 -0.139734
-0.008615 -0.439995 0.128623
0.010137 -0.472647 -0.083935
0.161477 -0.368239 -0.541332
-0.240904 -0.211629 -0.353253
0.128174 -0.383348 -0.605442
-0.159278 -0.192555 -0.630103
-0.339363 0.028539 -0.411450
0.086635 -0.278947 -0.087981
0.339164 0.017315 -0.215575
-0.066328 -0.622378 0.035939
0.024993 -0.114401 0.253400
0.263012 -0.136540 -0.314795
-0.235584 0.028310 0.154676
-0.195971 -0.220045 -0.140609
-0.184214 -0.281689 -0.422343
-0.190023 -0.361357 -0.429482
0.269929 -0.179438 -0.350175
-0.217701 -0.101758 -0.074948
-0.167009 -0.180279 -0.365886
-0.073460 -0.356142 0.026960
0.244425 -0.092933 -0.614233
-0.092557 0.049457 0.159997
