0.000000 0.000000 0.000000
-0.141970 -0.021688 0.345675
-0.040213 0.024721 0.998885
0.008527 -0.007096 0.515094
0.000000 0.000000 0.000000
0.176919 0.015390 0.177438
0.009377 -0.006599 0.244495
0.014639 -0.002852 0.753241
0.000000 0.000000 0.000000
0.000000 0.000000 0.000000
0.000000 0.000000 0.000000
0.121956 -0.029863 -0.001380
0.000000 0.000000 0.000000
0.055920 0.002659 0.118854
-0.040455 0.015383 0.364176
0.000000 0.000000 0.000000
0.000000 0.000000 0.000000
0.000000 0.000000 0.000000
-0.015143 0.028385 0.625146
0.019362 0.001889 0.891048
0.000000 0.000000 0.000000
0.000000 0.000000 0.000000
-0.006586 0.028385 0.588140
0.000000 0.000000 0.000000
0.000000 0.000000 0.000000
-0.010468 -0.012061 0.185516
0.000000 0.000000 0.000000
0.161541 -0.029863 0.111540
0.135418 0.022332 0.053903
0.000000 0.000000 0.000000
0.000000 0.000000 0.000000
0.022237 0.028056 0.995835
-0.040455 0.016833 0.798512
0.000000 0.000000 0.000000
-0.036470 0.028385 0.469561
0.108672 0.008723 0.166291
0.000000 0.000000 0.000000
0.000000 0.000000 0.000000
0.000000 0.000000 0.000000
-0.019542 -0.010821 0.656043
0.000000 0.000000 0.000000
0.000000 0.000000 0.000000
-0.039347 0.028385 0.263391
-0.008113 -0.011925 0.306916
0.000000 0.000000 0.000000
0.075968 -0.029863 0.061322
0.000000 0.000000 0.000000
0.018442 0.000881 0.421521
0.000000 0.000000 0.000000
0.000000 0.000000 0.000000
0.000000 0.000000 0.000000
0.000000 0.000000 0.000000
0.000000 0.000000 0.000000
-0.034470 0.028385 0.722607
0.000000 0.000000 0.000000
0.000000 0.000000 0.000000
0.000000 0.000000 0.000000
-0.154762 -0.027146 0.226197
0.170686 0.022332 0.118718
0.000000 0.000000 0.000000
-0.013261 -0.011850 0.580130
0.020075 0.022099 0.829340
0.000000 0.000000 0.000000
-0.036727 0.010722 0.894722
0.000000 0.000000 0.000000
0.000000 0.000000 0.000000
0.000000 0.000000 0.000000
0.005023 0.028385 0.201305
0.000000 0.000000 0.000000
0.000000 0.000000 0.000000
0.000000 0.000000 0.000000
0.171573 -0.029863 0.137930
0.010143 0.028385 0.669539
0.000000 0.000000 0.000000
0.000000 0.000000 0.000000
0.000000 0.000000 0.000000
0.000000 0.000000 0.000000
0.018309 0.028385 0.339757
-0.040455 0.005956 0.438714
0.000000 0.000000 0.000000
0.105378 -0.030048 0.144337
-0.162779 0.006134 0.304470
0.000000 0.000000 0.000000
0.000000 0.000000 0.000000
-0.032671 0.028385 0.532535
0.169931 -0.020277 0.043524
0.000000 0.000000 0.000000
0.000000 0.000000 0.000000
0.000000 0.000000 0.000000
-0.027671 0.028385 0.946382
0.000000 0.000000 0.000000
0.000000 0.000000 0.000000
0.000000 0.000000 0.000000
-0.001770 -0.011036 0.837641
0.000000 0.000000 0.000000
0.102023 0.022332 0.104449
0.000000 0.000000 0.000000
0.096977 -0.029863 0.040919
-0.012489 -0.011908 0.249348
0.149962 -0.029863 0.186703
0.000000 0.000000 0.000000
0.000000 0.000000 0.000000
0.000000 0.000000 0.000000
0.020075 0.024597 0.444620
0.000000 0.000000 0.000000
0.001075 0.002671 0.954372
-0.172670 -0.028767 0.271571
0.000000 0.000000 0.000000
0.000000 0.000000 0.000000
0.000000 0.000000 0.000000
-0.003228 -0.011372 0.378737
0.000000 0.000000 0.000000
0.000000 0.000000 0.000000
-0.028993 0.028385 0.827892
-0.013368 -0.011841 0.491337
0.000000 0.000000 0.000000
0.000000 0.000000 0.000000
0.000000 0.000000 0.000000
0.000000 0.000000 0.000000
0.000000 0.000000 0.000000
0.000000 0.000000 0.000000
0.000000 0.000000 0.000000
0.000000 0.000000 0.000000
-0.007784 0.028385 0.294361
0.000000 0.000000 0.000000
0.019503 0.002044 0.615972
0.000000 0.000000 0.000000
-0.009128 -0.012002 0.140470
-0.010030 -0.012070 0.707395
0.186397 -0.010950 0.090010
0.000000 0.000000 0.000000
-0.012354 0.028385 0.213046
0.000000 0.000000 0.000000
0.020075 0.018862 0.551537
0.155894 -0.004192 -0.018576
0.017967 0.000360 0.224804
0.000000 0.000000 0.000000
0.030549 -0.029863 0.069190
0.000000 0.000000 0.000000
0.000000 0.000000 0.000000
-0.013207 0.028385 0.404070
0.005655 0.028385 0.490558
-0.020773 -0.010537 0.763629
0.000000 0.000000 0.000000
0.000000 0.000000 0.000000
-0.001553 0.028385 0.767196
0.000000 0.000000 0.000000
0.148150 0.022332 0.150542
0.000000 0.000000 0.000000
0.095518 -0.029863 0.098601
0.000000 0.000000 0.000000
0.020075 0.023041 0.715293
0.000000 0.000000 0.000000
-0.037734 -0.000314 0.350063
0.102638 -0.029863 0.021402
0.000000 0.000000 0.000000
0.000000 0.000000 0.000000
0.000000 0.000000 0.000000
-0.040455 0.027067 0.637271
0.000000 0.000000 0.000000
0.000000 0.000000 0.000000
0.014568 0.038876 0.937457
0.000000 0.000000 0.000000
0.000000 0.000000 0.000000
0.000000 0.000000 0.000000
0.000000 0.000000 0.000000
0.000000 0.000000 0.000000
0.020075 0.026859 0.156637
0.000000 0.000000 0.000000
0.000000 0.000000 0.000000
0.000000 0.000000 0.000000
-0.020018 0.003898 0.972316
0.084853 0.012364 0.138579
0.000000 0.000000 0.000000
0.000000 0.000000 0.000000
-0.036377 0.028385 0.411256
0.000000 0.000000 0.000000
0.000000 0.000000 0.000000
-0.005269 0.028385 0.872831
0.000000 0.000000 0.000000
-0.011970 -0.011947 0.882740
0.000000 0.000000 0.000000
0.144557 0.018998 0.198633
-0.032691 -0.004736 0.292617
-0.020589 -0.010580 0.399065
0.000000 0.000000 0.000000
0.000000 0.000000 0.000000
0.000000 0.000000 0.000000
-0.040455 0.006155 0.179020
0.000000 0.000000 0.000000
-0.150036 0.003980 0.273965
0.000000 0.000000 0.000000
0.000000 0.000000 0.000000
0.000000 0.000000 0.000000
0.000000 0.000000 0.000000
0.168261 0.022332 0.071496
0.000000 0.000000 0.000000
0.012278 0.028385 0.788880
0.000000 0.000000 0.000000
0.000000 0.000000 0.000000
0.059172 -0.029252 0.113383
0.000000 0.000000 0.000000
-0.040455 0.004415 0.690039
-0.042792 0.002671 0.964693
0.000000 0.000000 0.000000
0.000000 0.000000 0.000000
-0.040455 0.003861 0.214117
0.000000 0.000000 0.000000
-0.040455 0.002706 0.855612
0.130886 -0.029863 0.082409
0.000000 0.000000 0.000000
0.000000 0.000000 0.000000
0.000000 0.000000 0.000000
0.000000 0.000000 0.000000
0.000000 0.000000 0.000000
-0.032120 -0.005199 0.527585
0.000000 0.000000 0.000000
-0.038398 0.028385 0.320761
0.177111 -0.008086 0.179327
0.011470 0.028385 0.256289
0.000000 0.000000 0.000000
0.148708 -0.029863 0.146973
0.000000 0.000000 0.000000
-0.009551 0.028385 0.538096
0.000000 0.000000 0.000000
0.000000 0.000000 0.000000
-0.040455 0.013630 0.495502
0.016642 -0.001094 0.473666
0.000000 0.000000 0.000000
0.000000 0.000000 0.000000
0.020075 0.009516 0.576630
-0.157468 -0.010258 0.315399
0.000000 0.000000 0.000000
0.000000 0.000000 0.000000
-0.004989 0.028385 0.371900
0.000000 0.000000 0.000000
0.128926 0.022332 0.100954
0.020075 0.012902 0.305779
0.000000 0.000000 0.000000
-0.031883 -0.005356 0.615904
0.020075 0.026232 0.645416
0.000000 0.000000 0.000000
0.000000 0.000000 0.000000
0.000000 0.000000 0.000000
0.013723 -0.003593 0.791790
0.000000 0.000000 0.000000
0.000000 0.000000 0.000000
0.000000 0.000000 0.000000
-0.016957 0.028385 0.428344
0.000000 0.000000 0.000000
0.000000 0.000000 0.000000
0.000000 0.000000 0.000000
0.187697 -0.003422 0.142274
0.000000 0.000000 0.000000
-0.016077 0.028385 0.908975
0.000000 0.000000 0.000000
0.000000 0.000000 0.000000
0.000000 0.000000 0.000000
0.000000 0.000000 0.000000
-0.040455 0.025564 0.567938
0.058071 -0.029863 0.049024
0.000000 0.000000 0.000000
0.000000 0.000000 0.000000
-0.040455 0.014592 0.752319
0.000000 0.000000 0.000000
0.000000 0.000000 0.000000
0.000000 0.000000 0.000000
0.000000 0.000000 0.000000
0.000000 0.000000 0.000000
0.000000 0.000000 0.000000
0.000000 0.000000 0.000000
0.000000 0.000000 0.000000
0.014823 -0.002703 0.656985
0.156532 -0.025880 0.005514
-0.004219 0.028385 0.161059
0.017768 0.000141 0.162274
0.000000 0.000000 0.000000
0.000000 0.000000 0.000000
0.000000 0.000000 0.000000
0.014419 -0.029077 0.097960
-0.012794 -0.011885 0.453926
0.000000 0.000000 0.000000
-0.031644 0.002671 0.932672
0.001020 -0.010392 0.272141
0.000000 0.000000 0.000000
0.019357 0.001884 0.692268
0.017348 -0.000320 0.356369
0.000000 0.000000 0.000000
0.162696 0.005109 0.021312
0.000000 0.000000 0.000000
-0.146372 0.013446 0.337407
0.020075 0.013220 0.390737
0.000000 0.000000 0.000000
0.000000 0.000000 0.000000
-0.026685 -0.008333 0.785597
-0.037118 0.028385 0.669958
0.000000 0.000000 0.000000
0.002645 0.028385 0.967190
-0.177261 0.001256 0.274671
0.000000 0.000000 0.000000
-0.040455 0.023455 0.596881
0.000000 0.000000 0.000000
0.000000 0.000000 0.000000
-0.009607 -0.012038 0.554321
0.000000 0.000000 0.000000
0.000000 0.000000 0.000000
-0.010736 0.028385 0.801801
0.000000 0.000000 0.000000
0.000000 0.000000 0.000000
0.128981 -0.012413 0.195294
0.000000 0.000000 0.000000
0.000118 0.002671 0.914438
0.000000 0.000000 0.000000
0.000000 0.000000 0.000000
0.000000 0.000000 0.000000
0.000000 0.000000 0.000000
-0.163777 -0.024080 0.299019
0.000000 0.000000 0.000000
-0.031728 0.028385 0.857027
0.000000 0.000000 0.000000
0.017555 -0.000092 0.844561
-0.001187 0.028385 0.329565
0.000000 0.000000 0.000000
0.000000 0.000000 0.000000
0.020075 0.018030 0.518284
0.000000 0.000000 0.000000
0.108388 0.022332 0.136999
0.000000 0.000000 0.000000
0.026865 0.015261 0.971083
0.138547 -0.029863 0.053086
0.000000 0.000000 0.000000
0.000000 0.000000 0.000000
0.020075 0.004824 0.441502
0.000000 0.000000 0.000000
0.153977 0.022332 0.098163
0.000000 0.000000 0.000000
0.000000 0.000000 0.000000
0.000000 0.000000 0.000000
0.080957 -0.017101 0.135077
0.000000 0.000000 0.000000
0.000000 0.000000 0.000000
0.119650 -0.029863 0.123718
-0.040455 0.024378 0.206372
0.000000 0.000000 0.000000
0.000000 0.000000 0.000000
0.000000 0.000000 0.000000
-0.016849 0.028385 0.241996
0.145468 -0.030067 -0.033098
0.000000 0.000000 0.000000
0.065971 0.022332 0.099514
-0.000059 -0.010641 0.631709
0.000000 0.000000 0.000000
0.000000 0.000000 0.000000
0.000000 0.000000 0.000000
0.000000 0.000000 0.000000
0.000000 0.000000 0.000000
0.000000 0.000000 0.000000
0.000000 0.000000 0.000000
0.000000 0.000000 0.000000
0.000000 0.000000 0.000000
0.000000 0.000000 0.000000
0.118208 -0.028391 0.172165
0.161003 -0.029863 0.070484
0.000000 0.000000 0.000000
0.000000 0.000000 0.000000
0.178212 0.002227 0.062576
0.000000 0.000000 0.000000
0.000000 0.000000 0.000000
0.000000 0.000000 0.000000
0.000000 0.000000 0.000000
0.000000 0.000000 0.000000
0.020075 0.004611 0.117540
-0.010391 0.028385 0.691437
0.000000 0.000000 0.000000
-0.015915 0.028385 0.646158
0.000000 0.000000 0.000000
0.000000 0.000000 0.000000
-0.040455 0.012122 0.233874
0.000000 0.000000 0.000000
0.000000 0.000000 0.000000
-0.030624 -0.006092 0.367725
0.017706 0.028385 0.409321
0.000000 0.000000 0.000000
0.000000 0.000000 0.000000
0.000000 0.000000 0.000000
0.000000 0.000000 0.000000
0.000000 0.000000 0.000000
0.000000 0.000000 0.000000
-0.030270 -0.006299 0.728451
0.000000 0.000000 0.000000
0.000000 0.000000 0.000000
0.000000 0.000000 0.000000
0.000000 0.000000 0.000000
0.017216 0.028385 0.466500
-0.004335 -0.011628 0.602487
0.015503 0.012374 0.930386
0.000000 0.000000 0.000000
0.000000 0.000000 0.000000
0.000000 0.000000 0.000000
0.000000 0.000000 0.000000
0.116458 0.022332 0.066564
-0.001744 0.028385 0.735428
0.015927 -0.001810 0.192704
0.131428 -0.029863 0.029329
0.000000 0.000000 0.000000
0.000000 0.000000 0.000000
0.000000 0.000000 0.000000
-0.000226 -0.010680 0.115821
0.000000 0.000000 0.000000
0.000000 0.000000 0.000000
-0.001926 0.028385 0.846450
0.000000 0.000000 0.000000
-0.040455 0.025553 0.294518
0.019574 0.002122 0.539775
-0.152148 -0.018956 0.257297
0.132808 0.022332 0.178306
0.019265 0.028385 0.601966
0.000000 0.000000 0.000000
0.000000 0.000000 0.000000
0.000000 0.000000 0.000000
0.000000 0.000000 0.000000
0.000000 0.000000 0.000000
0.000000 0.000000 0.000000
0.000000 0.000000 0.000000
0.000000 0.000000 0.000000
0.000000 0.000000 0.000000
0.000000 0.000000 0.000000
-0.039868 0.002027 0.588916
0.000000 0.000000 0.000000
0.000000 0.000000 0.000000
0.000000 0.000000 0.000000
0.000000 0.000000 0.000000
0.020075 0.014840 0.864074
0.000000 0.000000 0.000000
-0.040455 0.027415 0.776736
-0.028384 0.028385 0.347797
0.000000 0.000000 0.000000
-0.030529 0.028385 0.187795
0.000000 0.000000 0.000000
0.050227 -0.029863 0.089437
0.000000 0.000000 0.000000
-0.013536 0.028385 0.510576
-0.005965 -0.011762 0.226324
-0.040455 0.009511 0.820694
0.173533 -0.029863 0.087466
0.000000 0.000000 0.000000
0.000000 0.000000 0.000000
0.004756 0.028385 0.897468
0.000000 0.000000 0.000000
0.152991 -0.007068 0.201287
-0.007404 0.028385 0.265707
0.101001 -0.029863 0.070936
0.000000 0.000000 0.000000
-0.040455 0.003988 0.318042
0.000000 0.000000 0.000000
0.000000 0.000000 0.000000
-0.010785 -0.012037 0.812346
0.000000 0.000000 0.000000
0.000000 0.000000 0.000000
0.166629 0.017137 0.039218
-0.034382 -0.003368 0.144744
0.000000 0.000000 0.000000
-0.023803 -0.002647 0.906144
0.000000 0.000000 0.000000
0.000000 0.000000 0.000000
-0.040455 0.006649 0.413478
0.000000 0.000000 0.000000
0.020075 0.011920 0.770075
0.000000 0.000000 0.000000
0.000000 0.000000 0.000000
0.000000 0.000000 0.000000
0.020075 0.027075 0.229637
0.000000 0.000000 0.000000
0.000000 0.000000 0.000000
0.000795 -0.010444 0.679996
0.182347 0.020894 0.094252
0.000000 0.000000 0.000000
-0.163727 0.022363 0.276461
0.000000 0.000000 0.000000
0.018781 0.001252 0.326543
0.000000 0.000000 0.000000
0.000000 0.000000 0.000000
0.000000 0.000000 0.000000
0.077254 -0.029863 0.018453
-0.038657 0.000699 0.267003
-0.038078 0.000063 0.390408
0.000000 0.000000 0.000000
0.000000 0.000000 0.000000
0.000000 0.000000 0.000000
-0.011525 0.028385 0.462131
0.000000 0.000000 0.000000
-0.176014 -0.029863 0.240293
0.020075 0.025115 0.363832
0.077090 -0.029863 0.086235
0.000000 0.000000 0.000000
0.000000 0.000000 0.000000
0.000000 0.000000 0.000000
0.180255 -0.026626 0.161511
0.000000 0.000000 0.000000
0.189275 -0.005430 0.116197
0.000000 0.000000 0.000000
-0.028008 -0.007622 0.469685
0.139533 -0.029863 0.107250
0.000000 0.000000 0.000000
0.000000 0.000000 0.000000
0.000000 0.000000 0.000000
-0.023867 -0.009452 0.676582
0.005142 -0.008794 0.586154
0.034338 -0.018202 0.109704
0.000000 0.000000 0.000000
-0.040100 0.002281 0.660698
0.008589 -0.007060 0.866547
0.000000 0.000000 0.000000
0.000000 0.000000 0.000000
-0.018279 0.038977 0.966868
-0.040455 0.007296 0.473212
0.020075 0.018865 0.130246
0.000000 0.000000 0.000000
0.000000 0.000000 0.000000
0.000000 0.000000 0.000000
0.081950 0.022332 0.085583
0.000000 0.000000 0.000000
0.039663 0.011777 0.111136
0.000000 0.000000 0.000000
0.000000 0.000000 0.000000
0.000000 0.000000 0.000000
0.000000 0.000000 0.000000
-0.040034 0.028385 0.509015
0.000000 0.000000 0.000000
0.000000 0.000000 0.000000
0.000000 0.000000 0.000000
-0.001172 -0.010898 0.163772
-0.040455 0.004639 0.775011
0.020075 0.027910 0.750828
0.007416 -0.007746 0.720664
0.020075 0.026884 0.274517
-0.023369 0.028385 0.886013
-0.025115 -0.008956 0.432673
0.000000 0.000000 0.000000
0.000000 0.000000 0.000000
0.000000 0.000000 0.000000
0.000000 0.000000 0.000000
-0.040455 0.025632 0.384693
0.150714 -0.029863 0.033465
0.000000 0.000000 0.000000
0.000000 0.000000 0.000000
0.000000 0.000000 0.000000
0.000000 0.000000 0.000000
0.000000 0.000000 0.000000
0.000000 0.000000 0.000000
-0.148258 -0.014603 0.288638
0.086100 0.022332 0.121587
0.000000 0.000000 0.000000
0.000000 0.000000 0.000000
0.000000 0.000000 0.000000
0.000000 0.000000 0.000000
0.000000 0.000000 0.000000
-0.017024 -0.011402 0.855438
0.020075 0.012067 0.493458
-0.012128 -0.011935 0.517880
0.000000 0.000000 0.000000
-0.019708 0.028385 0.751195
0.000000 0.000000 0.000000
-0.036486 -0.001666 0.879039
0.000000 0.000000 0.000000
0.000000 0.000000 0.000000
-0.045818 0.028385 0.976125
0.000000 0.000000 0.000000
0.010321 -0.001082 0.103327
0.000000 0.000000 0.000000
0.000000 0.000000 0.000000
0.000000 0.000000 0.000000
0.000000 0.000000 0.000000
0.000000 0.000000 0.000000
0.000000 0.000000 0.000000
0.183184 0.017806 0.154498
0.000000 0.000000 0.000000
0.153890 0.022102 0.013964
0.000000 0.000000 0.000000
0.091995 -0.029863 0.122277
0.000000 0.000000 0.000000
0.000000 0.000000 0.000000
0.000000 0.000000 0.000000
0.000000 0.000000 0.000000
0.000000 0.000000 0.000000
0.018268 0.000690 0.138351
0.000000 0.000000 0.000000
0.000000 0.000000 0.000000
0.023749 0.007122 0.951566
0.000000 0.000000 0.000000
0.000000 0.000000 0.000000
0.000000 0.000000 0.000000
0.000000 0.000000 0.000000
0.020075 0.019942 0.186765
0.000000 0.000000 0.000000
0.149888 0.022332 0.132471
0.000000 0.000000 0.000000
-0.010933 0.002671 0.937137
0.000000 0.000000 0.000000
0.000000 0.000000 0.000000
0.000000 0.000000 0.000000
0.000000 0.000000 0.000000
-0.034674 -0.003132 0.508754
0.020075 0.018329 0.806096
0.004091 0.028385 0.427882
0.000000 0.000000 0.000000
-0.040455 0.003912 0.639885
-0.012191 -0.011931 0.356326
0.020075 0.009675 0.735527
-0.043984 0.003171 0.992026
-0.020365 -0.010631 0.210786
0.185523 -0.026765 0.106396
0.021067 0.028385 0.953844
0.000000 0.000000 0.000000
-0.044366 0.024269 0.952358
0.008181 0.028385 0.390401
0.000000 0.000000 0.000000
0.000000 0.000000 0.000000
0.000000 0.000000 0.000000
-0.039833 0.001989 0.566402
-0.012704 0.028385 0.668460
0.000000 0.000000 0.000000
-0.021072 -0.010468 0.115241
0.014891 -0.002647 0.287985
0.020075 0.011353 0.245561
0.000000 0.000000 0.000000
0.000000 0.000000 0.000000
0.000000 0.000000 0.000000
-0.148007 0.015743 0.299486
-0.144717 0.002516 0.317857
0.000000 0.000000 0.000000
0.000000 0.000000 0.000000
0.064739 0.019391 0.120232
0.000000 0.000000 0.000000
-0.153384 0.014237 0.250997
0.000000 0.000000 0.000000
-0.040455 0.024806 0.448773
0.000000 0.000000 0.000000
-0.033668 -0.003945 0.162911
0.000000 0.000000 0.000000
0.117741 -0.005089 0.180714
0.018562 0.002671 0.984743
0.000000 0.000000 0.000000
0.000000 0.000000 0.000000
-0.031016 -0.005863 0.707926
-0.144649 -0.021889 0.324012
0.000000 0.000000 0.000000
0.003942 -0.009271 0.409277
0.166704 0.008364 0.194832
0.000000 0.000000 0.000000
-0.040455 0.011961 0.525815
0.129267 -0.029863 0.153967
0.132187 -0.029863 -0.017430
-0.002881 0.028385 0.710509
0.157413 0.011355 -0.004947
0.000000 0.000000 0.000000
0.000000 0.000000 0.000000
0.000000 0.000000 0.000000
0.000000 0.000000 0.000000
0.001775 0.028385 0.615488
0.000000 0.000000 0.000000
0.000000 0.000000 0.000000
0.000000 0.000000 0.000000
0.000000 0.000000 0.000000
0.000000 0.000000 0.000000
0.000000 0.000000 0.000000
0.013019 0.028385 0.535270
0.006540 0.028385 0.140146
0.020075 0.014535 0.665635
0.000000 0.000000 0.000000
-0.008525 -0.011956 0.899397
0.000000 0.000000 0.000000
0.000000 0.000000 0.000000
-0.032929 0.028328 0.921541
0.165888 -0.029863 0.159119
-0.024480 -0.009208 0.336602
0.019982 0.002569 0.821000
-0.000201 -0.010674 0.740636
0.000000 0.000000 0.000000
0.000000 0.000000 0.000000
0.000000 0.000000 0.000000
0.188903 -0.019371 0.129145
-0.029680 -0.006645 0.547923
0.000000 0.000000 0.000000
0.000000 0.000000 0.000000
0.000000 0.000000 0.000000
0.000000 0.000000 0.000000
0.138017 0.022332 0.073827
0.185465 0.019498 0.133123
0.000000 0.000000 0.000000
0.000000 0.000000 0.000000
-0.040455 0.013004 0.614015
0.000000 0.000000 0.000000
0.000000 0.000000 0.000000
0.000000 0.000000 0.000000
0.000000 0.000000 0.000000
0.000000 0.000000 0.000000
0.000000 0.000000 0.000000
0.000000 0.000000 0.000000
0.000000 0.000000 0.000000
0.000000 0.000000 0.000000
-0.005236 0.028385 0.826376
0.000000 0.000000 0.000000
-0.006759 -0.011822 0.788159
0.000000 0.000000 0.000000
0.000000 0.000000 0.000000
0.000044 0.028385 0.349743
-0.040455 0.012875 0.333501
0.000000 0.000000 0.000000
0.020075 0.006535 0.641007
-0.017704 0.028385 0.310804
0.000000 0.000000 0.000000
0.000000 0.000000 0.000000
0.000000 0.000000 0.000000
-0.040455 0.021441 0.546892
-0.037875 0.028385 0.615939
0.000000 0.000000 0.000000
