0.154979 0.152155 0.071624
0.126811 0.145988 0.113568
-0.365318 0.178559 0.604574
0.000000 0.000000 0.000000
0.000000 0.000000 0.000000
-0.437811 -0.473795 -0.698943
0.000000 0.000000 0.000000
0.126534 -0.340907 -0.698943
0.000000 0.000000 0.000000
-0.395384 0.160547 -0.011732
-0.008043 -0.186864 -0.699768
0.153523 -0.279204 -0.243516
0.000000 0.000000 0.000000
0.000000 0.000000 0.000000
-0.093266 0.178559 0.372910
0.000000 0.000000 0.000000
-0.086627 -0.466390 -0.702009
-0.408108 0.164694 0.276433
0.153523 -0.030675 -0.351371
0.000000 0.000000 0.000000
0.153523 -0.145986 0.025989
-0.126280 0.178559 0.079298
-0.161265 0.178559 0.581518
0.000000 0.000000 0.000000
0.153523 -0.267379 -0.514598
0.000000 0.000000 0.000000
0.153523 -0.115696 -0.661838
0.153523 -0.003913 -0.126905
0.000000 0.000000 0.000000
0.112277 0.178931 0.330644
0.000000 0.000000 0.000000
0.000000 0.000000 0.000000
0.000000 0.000000 0.000000
-0.287759 0.178559 0.440178
0.000000 0.000000 0.000000
0.098850 -0.496828 -0.722050
-0.470375 0.143845 0.694465
-0.206350 0.178559 0.251229
0.000000 0.000000 0.000000
0.036708 0.178559 0.146079
0.000000 0.000000 0.000000
-0.361804 0.178559 0.100850
-0.273040 -0.500800 -0.698943
0.059869 -0.158255 -0.719121
-0.055367 -0.333685 -0.699990
0.000000 0.000000 0.000000
0.000000 0.000000 0.000000
0.000000 0.000000 0.000000
0.154979 -0.126904 -0.508727
0.000000 0.000000 0.000000
0.154979 -0.137300 -0.166600
0.153523 -0.276797 -0.062580
0.154979 -0.177698 -0.364200
0.000000 0.000000 0.000000
-0.424756 0.161754 0.427116
0.153523 -0.073009 0.156401
-0.260148 0.178559 0.631430
0.127877 0.132345 0.234783
0.000000 0.000000 0.000000
-0.049026 0.178559 0.171523
0.153523 0.011869 0.043052
0.154979 -0.282191 -0.459888
-0.234496 0.178559 0.029511
0.000000 0.000000 0.000000
0.000000 0.000000 0.000000
0.000000 0.000000 0.000000
0.003648 0.178559 0.005540
0.126811 0.149101 0.359188
0.000000 0.000000 0.000000
0.000000 0.000000 0.000000
0.000000 0.000000 0.000000
0.153523 -0.266781 -0.653671
0.154979 -0.095832 -0.221799
-0.037761 -0.077241 -0.698943
0.000000 0.000000 0.000000
0.000000 0.000000 0.000000
0.126811 0.139502 -0.034615
0.007082 0.178559 0.306540
0.000000 0.000000 0.000000
0.000000 0.000000 0.000000
0.000000 0.000000 0.000000
0.153523 -0.095357 -0.057436
-0.116896 0.178559 0.501574
0.004937 -0.485804 -0.722050
0.000000 0.000000 0.000000
-0.204114 0.178559 0.475744
0.000000 0.000000 0.000000
-0.089377 0.178559 0.256881
0.153523 0.066690 0.173418
-0.303774 0.178559 0.325512
0.153523 0.033257 -0.251033
-0.397159 0.169333 0.099697
0.057854 0.178559 0.224695
0.000000 0.000000 0.000000
0.059869 -0.396594 -0.709765
0.153523 -0.283390 -0.138694
-0.259496 0.178559 0.523687
0.000000 0.000000 0.000000
0.000000 0.000000 0.000000
-0.249241 0.178559 0.146027
0.149541 -0.249218 -0.722050
-0.343866 -0.466390 -0.712270
0.071791 -0.269882 -0.722050
0.072431 0.178559 0.431723
0.039945 0.178559 0.067854
0.154979 -0.166304 -0.524971
0.000000 0.000000 0.000000
0.000000 0.000000 0.000000
-0.192555 -0.469261 -0.698943
0.000000 0.000000 0.000000
0.000000 0.000000 0.000000
0.000000 0.000000 0.000000
0.000000 0.000000 0.000000
0.154979 -0.026180 -0.467008
0.154979 0.017041 -0.042275
0.000000 0.000000 0.000000
0.000000 0.000000 0.000000
-0.351014 0.178559 0.527600
0.154979 -0.069662 -0.339536
0.000000 0.000000 0.000000
-0.072290 0.178559 0.469077
-0.008043 -0.428499 -0.702539
0.000000 0.000000 0.000000
0.154979 -0.180309 -0.264144
-0.059136 0.178559 -0.002396
-0.384092 0.177421 0.710605
-0.188153 0.178559 0.345731
-0.327093 0.178559 0.231866
-0.202763 0.178559 0.391983
0.000000 0.000000 0.000000
-0.457059 0.166370 0.621105
0.150463 -0.424259 -0.722050
0.000000 0.000000 0.000000
0.000000 0.000000 0.000000
0.000000 0.000000 0.000000
0.000000 0.000000 0.000000
0.153523 -0.186972 -0.079787
0.130455 0.132345 0.321336
0.126811 0.135765 0.178107
0.000000 0.000000 0.000000
0.143728 -0.114444 -0.722050
-0.046001 -0.247318 -0.698943
0.006940 0.178559 0.434673
-0.397121 0.157378 -0.109028
0.153523 -0.267042 -0.369563
0.000000 0.000000 0.000000
0.000000 0.000000 0.000000
0.154979 -0.208436 -0.443331
0.000000 0.000000 0.000000
0.153523 -0.067858 -0.580520
0.135390 -0.189542 -0.698943
0.154979 0.063387 0.094618
-0.339950 0.178559 0.174210
0.000000 0.000000 0.000000
0.000000 0.000000 0.000000
0.154979 -0.113466 -0.413109
-0.390981 0.178559 0.369234
-0.158102 0.178559 0.193475
0.000000 0.000000 0.000000
0.000000 0.000000 0.000000
-0.050125 0.178559 0.081074
0.000000 0.000000 0.000000
0.000000 0.000000 0.000000
0.000000 0.000000 0.000000
0.154979 0.088332 -0.081516
0.000000 0.000000 0.000000
-0.440043 0.177853 0.527802
0.000000 0.000000 0.000000
0.000000 0.000000 0.000000
-0.319214 0.178559 -0.050634
0.000000 0.000000 0.000000
0.154979 -0.197367 -0.604309
0.153523 -0.016587 0.142368
-0.411857 0.178559 0.668983
0.000000 0.000000 0.000000
0.153523 -0.063336 0.066362
-0.315510 0.178559 0.019107
0.000000 0.000000 0.000000
0.000000 0.000000 0.000000
0.000000 0.000000 0.000000
0.000000 0.000000 0.000000
-0.277919 0.178559 0.297802
-0.304602 0.178559 0.655322
0.000000 0.000000 0.000000
0.000000 0.000000 0.000000
0.154979 -0.001906 -0.172842
-0.370957 0.178559 0.459813
0.154979 -0.207930 -0.121132
0.102790 0.173464 0.032280
0.000000 0.000000 0.000000
-0.053266 -0.154543 -0.698943
-0.131242 -0.513359 -0.722050
-0.052826 0.178559 0.574206
0.154979 0.114246 0.018411
-0.019141 0.178559 0.246098
0.000000 0.000000 0.000000
-0.402209 0.159693 0.200452
0.069795 0.178968 0.295104
0.000000 0.000000 0.000000
0.000000 0.000000 0.000000
-0.415518 -0.514195 -0.722050
0.000000 0.000000 0.000000
0.154979 -0.082594 -0.134231
0.126811 0.154934 0.266362
0.000000 0.000000 0.000000
0.153523 -0.230523 -0.297673
0.000000 0.000000 0.000000
-0.199959 0.178559 0.538665
-0.166827 0.178559 0.150133
0.083663 -0.450381 -0.722050
0.154979 -0.278397 -0.579448
0.000000 0.000000 0.000000
0.039462 0.178559 0.375411
0.153523 -0.230983 -0.191963
-0.145544 0.178559 0.303157
0.000000 0.000000 0.000000
0.153523 -0.039735 -0.260146
0.000000 0.000000 0.000000
0.000000 0.000000 0.000000
0.153523 -0.047595 -0.008399
0.125743 -0.375426 -0.698943
0.073122 -0.330234 -0.722050
0.000000 0.000000 0.000000
0.000000 0.000000 0.000000
-0.048169 -0.487795 -0.698943
-0.152799 0.178559 0.375885
0.044518 -0.514661 -0.703046
-0.242035 0.178559 -0.057682
-0.391699 0.178559 0.044411
0.153523 -0.202843 -0.009574
-0.257064 0.178559 0.371068
0.109714 -0.226490 -0.698943
-0.108802 0.178559 0.601008
0.000000 0.000000 0.000000
0.000000 0.000000 0.000000
0.153523 -0.133119 -0.312846
-0.019687 0.178559 0.362548
-0.027219 -0.296048 -0.722050
-0.166727 0.178559 0.017111
0.154979 -0.067211 -0.513476
0.000000 0.000000 0.000000
0.000000 0.000000 0.000000
0.000000 0.000000 0.000000
0.000000 0.000000 0.000000
0.000000 0.000000 0.000000
0.000000 0.000000 0.000000
0.101323 -0.277483 -0.698943
0.000000 0.000000 0.000000
0.000000 0.000000 0.000000
0.153523 0.106135 0.275475
-0.102565 0.178559 0.157188
0.000000 0.000000 0.000000
0.000000 0.000000 0.000000
-0.215939 0.178559 0.094257
0.106181 0.167523 0.189791
-0.298119 0.178559 0.100809
0.000000 0.000000 0.000000
0.000000 0.000000 0.000000
0.000000 0.000000 0.000000
0.000000 0.000000 0.000000
-0.008043 -0.130466 -0.705929
0.153523 -0.068469 -0.423179
0.000000 0.000000 0.000000
0.154979 -0.133255 -0.591544
0.000000 0.000000 0.000000
0.059869 -0.098118 -0.720042
0.000000 0.000000 0.000000
-0.131135 0.178559 0.437141
0.153523 -0.175440 -0.424829
0.000000 0.000000 0.000000
0.000000 0.000000 0.000000
0.000000 0.000000 0.000000
-0.293387 0.178559 0.577130
0.154979 -0.125092 -0.082339
0.000000 0.000000 0.000000
-0.275572 0.178559 0.476713
0.000000 0.000000 0.000000
-0.138498 -0.466390 -0.715107
-0.049219 -0.414976 -0.722050
0.077090 0.167605 0.111118
-0.008043 -0.357553 -0.709739
0.154979 0.053870 -0.189999
-0.052200 0.178559 0.302296
0.154979 -0.117693 0.112786
0.000000 0.000000 0.000000
0.154979 -0.002500 0.095082
0.154979 0.066269 -0.137101
0.000000 0.000000 0.000000
0.154979 -0.205962 -0.648129
0.000000 0.000000 0.000000
0.146898 -0.514661 -0.701085
0.153523 0.014765 -0.356103
0.000000 0.000000 0.000000
0.000000 0.000000 0.000000
-0.309142 -0.505370 -0.722050
-0.251502 -0.466390 -0.709999
0.000000 0.000000 0.000000
0.153523 0.061920 0.001763
0.153523 0.115851 0.137478
0.000000 0.000000 0.000000
0.000000 0.000000 0.000000
0.150137 0.173346 0.146083
0.000000 0.000000 0.000000
0.000000 0.000000 0.000000
0.153523 -0.146922 -0.029800
0.000000 0.000000 0.000000
0.014289 0.178559 0.198562
0.044086 0.178559 0.279010
0.000000 0.000000 0.000000
0.000000 0.000000 0.000000
-0.259091 0.178559 0.224416
0.000000 0.000000 0.000000
-0.213977 0.178559 -0.005673
0.154979 -0.033843 -0.073186
-0.322888 0.178559 0.381970
0.000000 0.000000 0.000000
0.040486 0.178559 0.115113
0.000000 0.000000 0.000000
0.000000 0.000000 0.000000
0.154979 -0.131724 -0.231338
-0.357883 0.178559 0.312304
0.000000 0.000000 0.000000
0.000000 0.000000 0.000000
-0.282429 0.178559 0.194031
0.154979 0.016446 0.196180
0.000000 0.000000 0.000000
0.000000 0.000000 0.000000
0.154979 -0.103248 0.022870
0.000000 0.000000 0.000000
0.000000 0.000000 0.000000
0.142529 0.173277 0.211936
0.154979 -0.211436 -0.496340
0.000000 0.000000 0.000000
-0.106347 0.178559 0.046028
0.153523 -0.251826 -0.086711
0.000000 0.000000 0.000000
-0.040914 0.178559 0.518628
-0.471300 -0.510030 -0.719545
-0.406476 0.132345 0.690437
0.000000 0.000000 0.000000
0.000000 0.000000 0.000000
-0.171637 0.178559 0.442652
-0.050168 0.178559 0.418247
0.000000 0.000000 0.000000
-0.371684 0.178559 -0.064438
0.000000 0.000000 0.000000
0.000000 0.000000 0.000000
0.065888 -0.227131 -0.698943
-0.443223 0.180003 0.701788
0.154979 -0.177803 -0.196988
0.000000 0.000000 0.000000
0.000000 0.000000 0.000000
0.154979 0.055265 0.244523
0.000000 0.000000 0.000000
-0.026580 -0.217459 -0.722050
0.154979 -0.222888 -0.392517
0.153523 -0.049065 -0.201987
0.000000 0.000000 0.000000
0.140212 -0.293903 -0.698943
-0.342935 0.180003 0.698799
0.000000 0.000000 0.000000
0.091570 0.167562 0.152483
0.153523 -0.026840 -0.302442
0.153523 0.087236 -0.037568
0.000000 0.000000 0.000000
-0.016579 0.178559 0.114209
-0.273709 0.178559 -0.015929
0.000000 0.000000 0.000000
0.000000 0.000000 0.000000
0.000000 0.000000 0.000000
0.154979 -0.281529 -0.307364
0.000000 0.000000 0.000000
0.000000 0.000000 0.000000
0.000000 0.000000 0.000000
0.089662 0.167651 0.067512
-0.299631 0.178559 0.522185
0.000000 0.000000 0.000000
0.154979 0.036750 -0.079133
-0.407516 0.178559 0.327003
-0.233552 0.178559 0.577816
-0.175470 0.178559 0.080273
-0.274019 0.178559 0.061981
0.153523 0.009319 0.006562
0.000000 0.000000 0.000000
0.153523 -0.218979 -0.699603
-0.030244 -0.513959 -0.722050
0.154979 -0.235967 -0.567642
0.000000 0.000000 0.000000
0.000000 0.000000 0.000000
0.000000 0.000000 0.000000
0.154979 -0.281158 -0.401860
-0.158201 0.178559 0.511225
0.095304 0.167454 0.256143
0.154979 -0.117563 -0.546901
0.000000 0.000000 0.000000
0.153523 -0.158746 -0.668946
-0.417581 0.178559 0.482563
0.146988 0.178559 0.300409
0.000000 0.000000 0.000000
-0.334855 0.178559 0.479913
0.154979 0.114259 0.204516
-0.070569 0.178559 0.216975
0.000000 0.000000 0.000000
-0.222548 0.178559 0.287627
0.000000 0.000000 0.000000
0.153523 -0.233573 -0.233079
0.000000 0.000000 0.000000
0.000000 0.000000 0.000000
0.000000 0.000000 0.000000
-0.373379 -0.496322 -0.698943
0.000000 0.000000 0.000000
-0.036635 -0.115061 -0.722050
0.153523 -0.166641 -0.475418
0.000000 0.000000 0.000000
0.000000 0.000000 0.000000
0.153523 -0.279062 -0.194339
0.000000 0.000000 0.000000
0.153523 -0.182773 -0.319333
0.153001 0.132345 -0.056544
0.039835 -0.466161 -0.709988
0.087915 0.178559 0.369794
0.153523 -0.097209 -0.283293
0.140541 -0.470959 -0.722050
0.154979 -0.085426 -0.468743
0.000000 0.000000 0.000000
-0.399398 0.163348 0.148456
0.153523 -0.038867 0.039722
0.000000 0.000000 0.000000
-0.192624 -0.514661 -0.706218
0.154979 0.059398 0.051652
0.000000 0.000000 0.000000
-0.017569 0.178559 0.474578
0.000000 0.000000 0.000000
0.154979 -0.026047 -0.402689
-0.372273 0.178559 0.415403
0.000000 0.000000 0.000000
0.000000 0.000000 0.000000
0.000000 0.000000 0.000000
0.000000 0.000000 0.000000
-0.230471 0.178559 0.447348
-0.296789 -0.466390 -0.703564
0.000000 0.000000 0.000000
0.153523 -0.207849 -0.542816
0.153523 -0.047064 -0.139659
0.126041 0.178559 0.131563
-0.055367 -0.379463 -0.706979
0.120725 -0.471872 -0.698943
0.060654 0.177313 0.025259
0.000000 0.000000 0.000000
0.154979 -0.115191 -0.351379
0.085713 -0.198216 -0.722050
-0.328007 0.178559 0.059022
0.154979 -0.134689 0.067655
0.000000 0.000000 0.000000
0.154979 -0.112341 -0.619149
0.000000 0.000000 0.000000
-0.091457 0.178559 0.540979
0.153523 -0.244452 -0.615026
0.000000 0.000000 0.000000
0.154979 -0.136224 -0.396069
0.000000 0.000000 0.000000
0.154979 -0.052082 0.122378
0.000000 0.000000 0.000000
0.153523 -0.243563 -0.002207
-0.447405 0.168522 0.572897
0.000000 0.000000 0.000000
0.153523 -0.023091 0.191996
0.108686 -0.407811 -0.722050
-0.138745 0.178559 0.258300
-0.402856 0.178559 0.555039
0.153523 0.029121 0.148105
-0.177203 0.178559 0.229412
-0.301614 0.178559 0.136597
-0.373799 0.178559 0.254865
-0.114069 0.178559 -0.006764
0.000000 0.000000 0.000000
-0.281142 0.178559 0.406225
0.154979 -0.081396 -0.379718
0.000000 0.000000 0.000000
0.000000 0.000000 0.000000
0.000000 0.000000 0.000000
0.000000 0.000000 0.000000
-0.024873 0.178559 0.040774
0.000000 0.000000 0.000000
0.153523 0.128747 0.106623
0.000000 0.000000 0.000000
0.000000 0.000000 0.000000
0.000000 0.000000 0.000000
0.000000 0.000000 0.000000
-0.004760 -0.513359 -0.698943
0.000000 0.000000 0.000000
0.000000 0.000000 0.000000
0.153523 0.167258 0.341386
0.000000 0.000000 0.000000
0.000000 0.000000 0.000000
-0.091338 -0.504371 -0.722050
0.060654 0.171090 0.339198
0.000000 0.000000 0.000000
-0.349715 0.178559 0.658164
0.101199 -0.310319 -0.722050
0.000000 0.000000 0.000000
0.150757 -0.317664 -0.722050
0.153523 -0.227043 -0.350725
-0.238872 0.178559 0.326752
0.108705 0.179033 0.231573
0.154979 -0.143214 -0.123390
0.096736 -0.174090 -0.698943
0.025169 0.178559 0.245642
0.025753 0.178559 0.478472
0.028988 0.178559 0.343382
0.000000 0.000000 0.000000
0.000000 0.000000 0.000000
0.000000 0.000000 0.000000
0.054174 0.178559 0.190473
0.000000 0.000000 0.000000
0.000000 0.000000 0.000000
0.154979 0.100648 0.236356
0.000000 0.000000 0.000000
-0.120517 0.178559 0.213254
0.153523 0.000890 -0.097888
0.000000 0.000000 0.000000
0.000000 0.000000 0.000000
0.136334 0.132345 0.045250
0.154979 -0.227299 -0.052426
0.038240 0.178559 0.027135
0.000000 0.000000 0.000000
0.000000 0.000000 0.000000
0.000000 0.000000 0.000000
0.154979 0.039037 -0.164638
0.107626 0.173406 0.088588
-0.420150 0.178559 0.604496
0.000000 0.000000 0.000000
0.000000 0.000000 0.000000
0.153523 0.044109 0.131709
-0.347240 -0.504091 -0.698943
0.000000 0.000000 0.000000
0.000000 0.000000 0.000000
-0.240653 0.178559 0.411609
0.153523 0.008354 0.233487
0.152213 0.155452 -0.010658
-0.012732 -0.270169 -0.698943
0.153523 -0.169915 0.059587
0.000000 0.000000 0.000000
-0.089916 0.178559 0.419622
-0.389349 -0.481964 -0.722050
-0.128557 -0.498531 -0.698943
0.000000 0.000000 0.000000
0.153523 0.016578 -0.208442
0.078312 -0.476289 -0.698943
0.154979 0.141609 0.292122
0.000000 0.000000 0.000000
0.000000 0.000000 0.000000
0.154979 0.096101 0.069931
0.000000 0.000000 0.000000
0.000000 0.000000 0.000000
0.000000 0.000000 0.000000
0.000000 0.000000 0.000000
0.153523 0.067295 -0.242449
0.077237 0.173086 0.395783
0.000000 0.000000 0.000000
0.000000 0.000000 0.000000
-0.365042 0.178559 0.206625
0.000000 0.000000 0.000000
0.000000 0.000000 0.000000
0.000000 0.000000 0.000000
0.111064 0.173193 0.292455
0.000000 0.000000 0.000000
-0.420126 0.159405 0.390506
0.153523 -0.119573 -0.465284
-0.359142 0.178559 -0.016436
0.000000 0.000000 0.000000
0.104208 -0.114883 -0.722050
0.136194 0.179223 0.049369
0.000000 0.000000 0.000000
0.000000 0.000000 0.000000
0.000000 0.000000 0.000000
0.153523 -0.102276 0.056137
-0.167596 -0.491316 -0.722050
0.152844 0.178559 0.367961
0.124847 -0.200001 -0.722050
-0.133571 0.178559 0.560308
-0.291806 0.178559 0.249261
0.153523 -0.246206 -0.477128
0.154979 -0.057963 -0.239217
-0.368145 0.178559 0.146386
0.000000 0.000000 0.000000
0.153523 -0.039592 -0.100591
0.000000 0.000000 0.000000
0.153523 -0.099459 -0.020303
0.000000 0.000000 0.000000
0.150556 0.179169 0.101588
0.000000 0.000000 0.000000
-0.224719 0.178559 0.617874
0.000000 0.000000 0.000000
0.000000 0.000000 0.000000
0.000000 0.000000 0.000000
-0.332035 0.178559 0.418779
0.000000 0.000000 0.000000
0.000000 0.000000 0.000000
0.153523 0.109754 -0.113098
0.154979 -0.072675 -0.300755
0.153523 -0.243626 -0.434426
0.153523 -0.134198 -0.273293
-0.256320 0.178559 0.673220
0.153523 -0.063812 -0.076467
-0.418750 0.162961 0.710605
0.153523 -0.192083 0.029122
-0.211687 0.178559 0.141041
0.000000 0.000000 0.000000
-0.149767 0.178559 0.109682
0.000000 0.000000 0.000000
0.123536 0.178559 0.369772
0.153523 -0.152085 -0.621116
0.154979 0.143390 0.222782
0.154979 -0.084787 0.103768
0.154979 -0.113298 -0.191341
0.000000 0.000000 0.000000
0.000000 0.000000 0.000000
0.000000 0.000000 0.000000
0.154979 0.007043 -0.317336
0.154979 -0.177737 -0.572147
-0.313532 0.178559 0.284458
0.000000 0.000000 0.000000
0.000000 0.000000 0.000000
0.153523 0.044316 0.213036
0.154979 -0.187643 -0.160536
0.000000 0.000000 0.000000
0.000000 0.000000 0.000000
0.000000 0.000000 0.000000
0.004603 0.178559 0.082942
0.153723 -0.283588 -0.628758
-0.010655 0.178559 0.402620
-0.009909 -0.469155 -0.698943
-0.106904 0.178559 0.338141
0.000000 0.000000 0.000000
0.000000 0.000000 0.000000
0.154979 -0.232108 -0.148148
0.000000 0.000000 0.000000
0.079643 0.167505 0.207330
-0.013456 -0.392161 -0.698943
-0.097070 0.178559 0.121027
0.145519 0.167466 0.244731
0.000000 0.000000 0.000000
0.000000 0.000000 0.000000
0.153523 -0.234920 -0.667401
0.000000 0.000000 0.000000
0.153523 0.077702 0.137608
0.000000 0.000000 0.000000
0.154979 -0.148160 -0.559000
0.000000 0.000000 0.000000
0.000000 0.000000 0.000000
0.154979 0.051592 -0.043862
0.000000 0.000000 0.000000
0.000000 0.000000 0.000000
0.000000 0.000000 0.000000
0.154979 -0.093598 -0.569399
0.133679 0.132345 0.283031
0.000000 0.000000 0.000000
0.154979 -0.146961 -0.448337
0.153523 -0.199169 -0.233844
0.000000 0.000000 0.000000
0.154979 0.089149 -0.192487
-0.206971 0.178559 0.052186
-0.061751 0.178559 0.356267
0.000000 0.000000 0.000000
0.000000 0.000000 0.000000
0.000000 0.000000 0.000000
0.153523 -0.031191 0.076114
0.153523 -0.352038 -0.717577
0.154979 -0.254150 -0.169678
0.000000 0.000000 0.000000
0.000000 0.000000 0.000000
0.000000 0.000000 0.000000
0.000000 0.000000 0.000000
0.000000 0.000000 0.000000
0.000000 0.000000 0.000000
-0.159065 -0.514661 -0.702684
0.154979 -0.235365 -0.528105
0.000000 0.000000 0.000000
0.144792 -0.457678 -0.698943
0.151730 0.179098 0.169592
0.059869 -0.365842 -0.700575
0.064669 0.179104 0.164347
0.154979 0.031121 -0.113854
0.000000 0.000000 0.000000
0.000000 0.000000 0.000000
-0.338615 0.178559 0.125876
0.000000 0.000000 0.000000
0.062490 -0.307793 -0.698943
-0.358703 0.178559 0.379650
0.000000 0.000000 0.000000
0.000000 0.000000 0.000000
0.000000 0.000000 0.000000
0.000000 0.000000 0.000000
0.085499 0.178559 0.314298
-0.033652 -0.347234 -0.722050
0.000000 0.000000 0.000000
-0.029618 -0.161082 -0.722050
0.153523 0.004901 -0.387219
0.000000 0.000000 0.000000
-0.291788 0.178559 0.369240
0.000000 0.000000 0.000000
-0.158334 0.178559 0.615257
0.154979 -0.006369 -0.262457
0.000000 0.000000 0.000000
0.000000 0.000000 0.000000
0.000000 0.000000 0.000000
-0.273513 0.178559 0.339709
-0.047689 -0.192640 -0.722050
0.000000 0.000000 0.000000
0.154979 0.093395 0.109073
0.153523 0.020561 -0.281817
-0.076801 -0.513602 -0.698943
0.154979 0.030391 0.099920
-0.240374 -0.506844 -0.698943
0.076281 -0.117840 -0.698943
0.000000 0.000000 0.000000
