0.000000 0.000000 0.000000
0.000000 0.000000 0.000000
-0.197419 0.000832 0.541691
0.000000 0.000000 0.000000
0.000000 0.000000 0.000000
0.000000 0.000000 0.000000
0.000000 0.000000 0.000000
0.000000 0.000000 0.000000
-0.602554 -0.567827 0.556670
-0.321640 0.408440 0.440169
0.000000 0.000000 0.000000
-0.372152 -0.072085 0.480652
0.000000 0.000000 0.000000
0.000000 0.000000 0.000000
0.000000 0.000000 0.000000
0.000000 0.000000 0.000000
0.000000 0.000000 0.000000
0.000000 0.000000 0.000000
0.000000 0.000000 0.000000
0.311232 -0.076348 0.333653
0.000000 0.000000 0.000000
0.074591 0.435077 0.362017
0.000000 0.000000 0.000000
-0.634517 0.155519 0.512042
0.000000 0.000000 0.000000
0.000000 0.000000 0.000000
0.000000 0.000000 0.000000
0.000000 0.000000 0.000000
-0.110261 -0.317804 0.541691
0.000000 0.000000 0.000000
0.000000 0.000000 0.000000
0.055469 0.408440 0.443892
0.000000 0.000000 0.000000
0.000000 0.000000 0.000000
0.000000 0.000000 0.000000
-0.500048 -0.324872 0.539026
-0.022789 -0.076348 0.352714
-0.229381 0.340118 0.563000
0.000000 0.000000 0.000000
0.000000 0.000000 0.000000
0.330562 0.435077 0.536510
0.000000 0.000000 0.000000
0.038911 0.139372 0.563000
0.000000 0.000000 0.000000
0.000000 0.000000 0.000000
0.000000 0.000000 0.000000
-0.522957 0.082349 0.541691
0.000000 0.000000 0.000000
0.000000 0.000000 0.000000
0.000000 0.000000 0.000000
0.000000 0.000000 0.000000
0.000000 0.000000 0.000000
-0.521170 0.331489 0.541691
0.000000 0.000000 0.000000
0.000000 0.000000 0.000000
0.000000 0.000000 0.000000
0.000000 0.000000 0.000000
-0.634517 -0.129458 0.545972
0.000000 0.000000 0.000000
0.000000 0.000000 0.000000
0.249649 -0.072085 0.280585
-0.146778 -0.076348 0.506421
0.000000 0.000000 0.000000
0.000000 0.000000 0.000000
0.000000 0.000000 0.000000
0.000000 0.000000 0.000000
0.000000 0.000000 0.000000
0.000000 0.000000 0.000000
0.114026 -0.119139 0.563000
0.000000 0.000000 0.000000
0.000000 0.000000 0.000000
0.000000 0.000000 0.000000
0.040526 -0.332060 0.552942
0.000000 0.000000 0.000000
0.000000 0.000000 0.000000
0.000000 0.000000 0.000000
0.000000 0.000000 0.000000
0.000000 0.000000 0.000000
0.000000 0.000000 0.000000
0.242563 0.284155 0.563000
0.000000 0.000000 0.000000
0.000000 0.000000 0.000000
0.000000 0.000000 0.000000
0.000000 0.000000 0.000000
0.000000 0.000000 0.000000
0.000000 0.000000 0.000000
0.000000 0.000000 0.000000
-0.625814 0.435077 0.435045
0.000000 0.000000 0.000000
0.000000 0.000000 0.000000
0.000000 0.000000 0.000000
0.000000 0.000000 0.000000
0.000000 0.000000 0.000000
0.000000 0.000000 0.000000
-0.116891 0.227376 0.563000
-0.255044 0.435077 0.502034
0.000000 0.000000 0.000000
0.318594 0.435077 0.360393
-0.304690 -0.237754 0.539026
0.000000 0.000000 0.000000
0.000000 0.000000 0.000000
0.000000 0.000000 0.000000
0.000000 0.000000 0.000000
0.000000 0.000000 0.000000
-0.322312 0.163493 0.563000
0.000000 0.000000 0.000000
0.137278 0.388909 0.541691
-0.634517 -0.199833 0.460274
0.000000 0.000000 0.000000
0.000000 0.000000 0.000000
-0.100377 -0.019294 0.541691
-0.211729 -0.072085 0.368664
-0.602554 -0.392449 0.450236
0.000000 0.000000 0.000000
0.000000 0.000000 0.000000
0.000000 0.000000 0.000000
0.000000 0.000000 0.000000
0.000000 0.000000 0.000000
0.000000 0.000000 0.000000
0.165993 0.004002 0.541691
-0.057566 0.391580 0.563000
0.000000 0.000000 0.000000
0.000000 0.000000 0.000000
0.000000 0.000000 0.000000
0.150653 -0.072085 0.429260
0.000000 0.000000 0.000000
0.000000 0.000000 0.000000
0.000000 0.000000 0.000000
0.000000 0.000000 0.000000
-0.506417 -0.076348 0.441924
0.000000 0.000000 0.000000
-0.602554 0.267157 0.378124
0.000000 0.000000 0.000000
-0.634517 -0.014094 0.491041
0.000000 0.000000 0.000000
0.000000 0.000000 0.000000
0.000000 0.000000 0.000000
0.000000 0.000000 0.000000
0.000000 0.000000 0.000000
0.000000 0.000000 0.000000
0.000000 0.000000 0.000000
0.000000 0.000000 0.000000
0.000000 0.000000 0.000000
-0.391477 0.190120 0.541691
-0.454460 -0.180347 0.541691
0.000000 0.000000 0.000000
0.000000 0.000000 0.000000
-0.475576 0.435077 0.392531
0.000000 0.000000 0.000000
0.000000 0.000000 0.000000
-0.034976 -0.178892 0.539026
-0.319395 -0.072085 0.313976
-0.013840 -0.072085 0.492231
0.000000 0.000000 0.000000
0.000000 0.000000 0.000000
0.000000 0.000000 0.000000
0.000000 0.000000 0.000000
-0.394580 0.009297 0.541691
0.000000 0.000000 0.000000
0.000000 0.000000 0.000000
0.000000 0.000000 0.000000
0.000000 0.000000 0.000000
0.000000 0.000000 0.000000
-0.599889 -0.106723 0.377505
0.000000 0.000000 0.000000
-0.004753 0.067623 0.563000
0.000000 0.000000 0.000000
0.000000 0.000000 0.000000
-0.394635 0.372225 0.563000
0.000000 0.000000 0.000000
0.000000 0.000000 0.000000
0.000000 0.000000 0.000000
0.000000 0.000000 0.000000
-0.118842 0.408440 0.453815
0.000000 0.000000 0.000000
0.000000 0.000000 0.000000
0.047913 0.292322 0.563000
-0.537244 0.262426 0.563000
0.000000 0.000000 0.000000
-0.602554 0.016606 0.415087
0.000000 0.000000 0.000000
0.000000 0.000000 0.000000
0.000000 0.000000 0.000000
0.000000 0.000000 0.000000
0.166682 0.435077 0.362973
0.000000 0.000000 0.000000
0.166325 -0.256961 0.539026
0.000000 0.000000 0.000000
0.000000 0.000000 0.000000
0.000000 0.000000 0.000000
0.000000 0.000000 0.000000
0.000000 0.000000 0.000000
-0.602554 -0.581492 0.381865
0.000000 0.000000 0.000000
0.000000 0.000000 0.000000
0.000000 0.000000 0.000000
0.000000 0.000000 0.000000
0.000000 0.000000 0.000000
0.000000 0.000000 0.000000
-0.200385 -0.072085 0.476068
-0.158051 -0.227522 0.541691
0.000000 0.000000 0.000000
0.000000 0.000000 0.000000
0.000000 0.000000 0.000000
0.000000 0.000000 0.000000
0.000000 0.000000 0.000000
0.115353 -0.076348 0.290445
0.000000 0.000000 0.000000
0.000000 0.000000 0.000000
0.000000 0.000000 0.000000
0.000000 0.000000 0.000000
0.000000 0.000000 0.000000
0.000000 0.000000 0.000000
0.000000 0.000000 0.000000
0.000000 0.000000 0.000000
-0.229014 0.408440 0.305909
0.000000 0.000000 0.000000
0.000000 0.000000 0.000000
-0.264284 -0.130828 0.563000
0.000000 0.000000 0.000000
0.000000 0.000000 0.000000
0.000000 0.000000 0.000000
0.000000 0.000000 0.000000
0.000000 0.000000 0.000000
0.259233 0.408440 0.451290
0.000000 0.000000 0.000000
0.000000 0.000000 0.000000
0.000000 0.000000 0.000000
0.000000 0.000000 0.000000
0.000000 0.000000 0.000000
0.000000 0.000000 0.000000
-0.634517 0.337293 0.497562
0.000000 0.000000 0.000000
0.000000 0.000000 0.000000
0.003616 0.435077 0.357600
0.213267 0.151384 0.541691
0.000000 0.000000 0.000000
-0.459051 -0.232790 0.539026
0.000000 0.000000 0.000000
0.000000 0.000000 0.000000
0.000000 0.000000 0.000000
0.000000 0.000000 0.000000
0.000000 0.000000 0.000000
0.000000 0.000000 0.000000
0.000000 0.000000 0.000000
0.000000 0.000000 0.000000
0.000000 0.000000 0.000000
-0.348039 -0.332060 0.561505
0.000000 0.000000 0.000000
0.000000 0.000000 0.000000
0.240083 -0.072085 0.505011
0.000000 0.000000 0.000000
-0.542015 -0.011603 0.563000
-0.193856 0.146685 0.563000
0.000000 0.000000 0.000000
0.000000 0.000000 0.000000
0.000000 0.000000 0.000000
-0.449870 -0.076348 0.350262
-0.634517 -0.295185 0.509533
0.000000 0.000000 0.000000
0.000000 0.000000 0.000000
0.000000 0.000000 0.000000
0.000000 0.000000 0.000000
-0.131006 0.290765 0.541691
0.000000 0.000000 0.000000
-0.634517 -0.294270 0.395045
-0.502487 0.424547 0.563000
0.000000 0.000000 0.000000
0.000000 0.000000 0.000000
0.000000 0.000000 0.000000
-0.602554 -0.507251 0.487358
0.000000 0.000000 0.000000
0.000000 0.000000 0.000000
0.000000 0.000000 0.000000
0.000000 0.000000 0.000000
0.000000 0.000000 0.000000
0.000000 0.000000 0.000000
0.000000 0.000000 0.000000
0.229773 -0.158191 0.563000
0.000000 0.000000 0.000000
0.000000 0.000000 0.000000
0.000000 0.000000 0.000000
0.000000 0.000000 0.000000
0.000000 0.000000 0.000000
0.000000 0.000000 0.000000
0.000000 0.000000 0.000000
0.000000 0.000000 0.000000
-0.472651 -0.076348 0.539060
0.107722 -0.072085 0.487780
0.000000 0.000000 0.000000
-0.617007 -0.353568 0.563000
0.123126 0.435077 0.270349
0.000000 0.000000 0.000000
0.000000 0.000000 0.000000
-0.009474 0.215167 0.563000
0.000000 0.000000 0.000000
-0.618102 0.076262 0.563000
0.000000 0.000000 0.000000
0.000000 0.000000 0.000000
0.000000 0.000000 0.000000
-0.602554 0.433045 0.552473
-0.562364 -0.226456 0.563000
0.041312 -0.238402 0.563000
0.000000 0.000000 0.000000
0.000000 0.000000 0.000000
0.000000 0.000000 0.000000
0.000000 0.000000 0.000000
0.000000 0.000000 0.000000
0.000000 0.000000 0.000000
0.000000 0.000000 0.000000
0.000000 0.000000 0.000000
0.000000 0.000000 0.000000
-0.244855 -0.332060 0.540666
-0.119187 -0.072085 0.405508
0.000000 0.000000 0.000000
-0.005007 -0.041283 0.563000
0.000000 0.000000 0.000000
0.000000 0.000000 0.000000
0.000000 0.000000 0.000000
0.000000 0.000000 0.000000
0.000000 0.000000 0.000000
0.248434 -0.076348 0.446454
0.013913 0.435077 0.281001
0.000000 0.000000 0.000000
0.000000 0.000000 0.000000
-0.149802 0.091006 0.541691
-0.634517 0.303722 0.555792
0.115743 0.218377 0.563000
-0.634517 -0.476425 0.389360
0.000000 0.000000 0.000000
0.000000 0.000000 0.000000
0.073728 0.005988 0.563000
-0.602554 0.248536 0.471502
-0.294390 0.267561 0.541691
0.000000 0.000000 0.000000
0.000000 0.000000 0.000000
0.000000 0.000000 0.000000
0.298909 0.435077 0.251906
-0.279360 0.070092 0.563000
-0.153138 0.435077 0.556631
0.000000 0.000000 0.000000
0.000000 0.000000 0.000000
0.000000 0.000000 0.000000
0.000000 0.000000 0.000000
0.000000 0.000000 0.000000
0.000000 0.000000 0.000000
0.000000 0.000000 0.000000
0.000000 0.000000 0.000000
0.000000 0.000000 0.000000
0.000000 0.000000 0.000000
0.000000 0.000000 0.000000
0.240806 0.062679 0.541691
-0.345927 -0.138674 0.541691
0.000000 0.000000 0.000000
0.000000 0.000000 0.000000
0.000000 0.000000 0.000000
-0.471986 0.408440 0.493926
0.000000 0.000000 0.000000
0.000000 0.000000 0.000000
-0.339293 0.435077 0.562304
0.000000 0.000000 0.000000
0.000000 0.000000 0.000000
0.000000 0.000000 0.000000
0.000000 0.000000 0.000000
0.000000 0.000000 0.000000
0.053847 0.393298 0.541691
0.000000 0.000000 0.000000
0.000000 0.000000 0.000000
-0.311818 -0.072085 0.400129
0.000000 0.000000 0.000000
0.000000 0.000000 0.000000
0.000000 0.000000 0.000000
0.000000 0.000000 0.000000
0.000000 0.000000 0.000000
0.000000 0.000000 0.000000
0.235181 0.357401 0.541691
0.000000 0.000000 0.000000
0.000000 0.000000 0.000000
0.000000 0.000000 0.000000
0.000000 0.000000 0.000000
0.000000 0.000000 0.000000
0.000000 0.000000 0.000000
0.209008 -0.076348 0.348410
0.000000 0.000000 0.000000
-0.184805 0.435077 0.381271
-0.634517 -0.135134 0.462242
-0.634517 0.140121 0.416507
0.160770 0.435077 0.461866
0.000000 0.000000 0.000000
0.000000 0.000000 0.000000
0.000000 0.000000 0.000000
0.000000 0.000000 0.000000
0.000000 0.000000 0.000000
0.000000 0.000000 0.000000
0.000000 0.000000 0.000000
0.000000 0.000000 0.000000
0.000000 0.000000 0.000000
0.000000 0.000000 0.000000
0.000000 0.000000 0.000000
0.000000 0.000000 0.000000
-0.392098 0.435077 0.511601
0.000000 0.000000 0.000000
0.000000 0.000000 0.000000
0.000000 0.000000 0.000000
0.000000 0.000000 0.000000
0.236718 0.408440 0.319223
0.000000 0.000000 0.000000
0.000000 0.000000 0.000000
0.000000 0.000000 0.000000
0.000000 0.000000 0.000000
-0.549852 -0.176389 0.539026
0.000000 0.000000 0.000000
0.000000 0.000000 0.000000
0.000000 0.000000 0.000000
0.000000 0.000000 0.000000
0.298006 0.360895 0.563000
-0.634517 -0.199223 0.546911
0.144382 0.298112 0.563000
0.000000 0.000000 0.000000
0.000000 0.000000 0.000000
0.242611 -0.245103 0.563000
-0.410885 0.408440 0.349047
0.000000 0.000000 0.000000
-0.101250 0.435077 0.379431
0.000000 0.000000 0.000000
0.000000 0.000000 0.000000
-0.260124 -0.049524 0.541691
0.000000 0.000000 0.000000
0.000000 0.000000 0.000000
0.000000 0.000000 0.000000
-0.502293 0.163405 0.541691
-0.053265 0.275186 0.541691
0.224837 -0.329818 0.539026
0.000000 0.000000 0.000000
0.000000 0.000000 0.000000
0.000000 0.000000 0.000000
-0.223085 0.230870 0.541691
0.060168 -0.188030 0.541691
0.000000 0.000000 0.000000
0.000000 0.000000 0.000000
0.000000 0.000000 0.000000
0.000000 0.000000 0.000000
-0.052514 -0.252567 0.563000
0.000000 0.000000 0.000000
0.000000 0.000000 0.000000
0.000000 0.000000 0.000000
0.000000 0.000000 0.000000
0.000000 0.000000 0.000000
0.000000 0.000000 0.000000
-0.602554 -0.431971 0.528987
0.000000 0.000000 0.000000
0.000000 0.000000 0.000000
-0.422214 0.107582 0.563000
0.000000 0.000000 0.000000
-0.431303 0.293224 0.541691
0.000000 0.000000 0.000000
0.000000 0.000000 0.000000
0.063639 -0.076348 0.374241
0.000000 0.000000 0.000000
0.000000 0.000000 0.000000
0.000000 0.000000 0.000000
0.000000 0.000000 0.000000
0.000000 0.000000 0.000000
0.000000 0.000000 0.000000
-0.623008 0.220569 0.563000
0.000000 0.000000 0.000000
0.000000 0.000000 0.000000
-0.087278 -0.115606 0.541691
0.000000 0.000000 0.000000
0.000000 0.000000 0.000000
0.000000 0.000000 0.000000
0.000000 0.000000 0.000000
0.000000 0.000000 0.000000
0.000000 0.000000 0.000000
-0.026977 0.435077 0.435660
-0.602554 -0.055355 0.556922
0.000000 0.000000 0.000000
0.000000 0.000000 0.000000
-0.566065 -0.076348 0.503069
0.214651 0.435077 0.542831
0.000000 0.000000 0.000000
0.000000 0.000000 0.000000
0.000000 0.000000 0.000000
0.000000 0.000000 0.000000
0.000000 0.000000 0.000000
0.000000 0.000000 0.000000
-0.384490 -0.285894 0.541691
0.000000 0.000000 0.000000
-0.377993 -0.076348 0.381362
0.000000 0.000000 0.000000
0.000000 0.000000 0.000000
0.000000 0.000000 0.000000
0.000000 0.000000 0.000000
0.000000 0.000000 0.000000
0.261895 -0.037024 0.563000
0.000000 0.000000 0.000000
0.000000 0.000000 0.000000
0.000000 0.000000 0.000000
0.000000 0.000000 0.000000
0.000000 0.000000 0.000000
0.000000 0.000000 0.000000
0.000000 0.000000 0.000000
-0.186584 0.408440 0.503760
-0.063528 0.164766 0.541691
0.000000 0.000000 0.000000
0.000000 0.000000 0.000000
0.000000 0.000000 0.000000
0.000000 0.000000 0.000000
0.000000 0.000000 0.000000
-0.454278 0.362762 0.563000
0.000000 0.000000 0.000000
0.000000 0.000000 0.000000
0.000000 0.000000 0.000000
-0.273090 -0.176793 0.563000
0.000000 0.000000 0.000000
0.000000 0.000000 0.000000
0.000000 0.000000 0.000000
-0.602554 0.365993 0.397992
0.000000 0.000000 0.000000
0.000000 0.000000 0.000000
0.000000 0.000000 0.000000
0.000000 0.000000 0.000000
-0.183139 0.408440 0.442384
0.000000 0.000000 0.000000
0.108854 0.072158 0.563000
0.000000 0.000000 0.000000
0.000000 0.000000 0.000000
-0.606357 -0.587772 0.473163
0.000000 0.000000 0.000000
0.000000 0.000000 0.000000
0.000000 0.000000 0.000000
0.000000 0.000000 0.000000
0.000000 0.000000 0.000000
0.000000 0.000000 0.000000
-0.564528 0.408440 0.464613
0.000000 0.000000 0.000000
0.000000 0.000000 0.000000
0.000000 0.000000 0.000000
0.000000 0.000000 0.000000
-0.266893 -0.072085 0.471462
0.000000 0.000000 0.000000
0.000000 0.000000 0.000000
0.000000 0.000000 0.000000
0.000000 0.000000 0.000000
0.171443 -0.085605 0.563000
0.000000 0.000000 0.000000
-0.035566 -0.322363 0.541691
0.000000 0.000000 0.000000
0.000000 0.000000 0.000000
-0.409992 0.408440 0.449316
-0.321709 0.341566 0.563000
0.000000 0.000000 0.000000
0.000000 0.000000 0.000000
0.105080 -0.292680 0.541691
0.000000 0.000000 0.000000
0.000000 0.000000 0.000000
0.000000 0.000000 0.000000
0.000000 0.000000 0.000000
0.000000 0.000000 0.000000
0.000000 0.000000 0.000000
0.000000 0.000000 0.000000
0.186422 0.226610 0.563000
0.000000 0.000000 0.000000
0.000000 0.000000 0.000000
0.000000 0.000000 0.000000
-0.068840 0.076166 0.541691
0.000000 0.000000 0.000000
0.000000 0.000000 0.000000
0.000000 0.000000 0.000000
0.000000 0.000000 0.000000
0.000000 0.000000 0.000000
-0.181682 -0.133227 0.541691
0.000000 0.000000 0.000000
0.000000 0.000000 0.000000
0.000000 0.000000 0.000000
0.000000 0.000000 0.000000
0.000000 0.000000 0.000000
0.000000 0.000000 0.000000
0.000000 0.000000 0.000000
0.000000 0.000000 0.000000
0.000000 0.000000 0.000000
0.000000 0.000000 0.000000
0.000000 0.000000 0.000000
-0.324626 0.017745 0.541691
0.000000 0.000000 0.000000
0.000000 0.000000 0.000000
0.000000 0.000000 0.000000
0.016160 -0.076348 0.415122
0.000000 0.000000 0.000000
0.000000 0.000000 0.000000
0.000000 0.000000 0.000000
0.000000 0.000000 0.000000
-0.589890 -0.072085 0.442971
0.000000 0.000000 0.000000
-0.602554 -0.215756 0.396794
0.000000 0.000000 0.000000
0.000000 0.000000 0.000000
-0.260734 0.435077 0.409394
0.000000 0.000000 0.000000
0.000000 0.000000 0.000000
-0.341621 0.435077 0.363249
0.000000 0.000000 0.000000
0.000000 0.000000 0.000000
-0.197187 -0.203357 0.563000
0.000000 0.000000 0.000000
0.000000 0.000000 0.000000
-0.056233 0.435077 0.513017
0.000000 0.000000 0.000000
0.000000 0.000000 0.000000
0.000000 0.000000 0.000000
0.000000 0.000000 0.000000
0.000000 0.000000 0.000000
-0.602554 0.180597 0.459850
0.000000 0.000000 0.000000
0.000000 0.000000 0.000000
0.000000 0.000000 0.000000
0.000000 0.000000 0.000000
0.000000 0.000000 0.000000
0.000000 0.000000 0.000000
-0.559071 0.181852 0.563000
-0.352702 0.076973 0.563000
0.000000 0.000000 0.000000
0.000000 0.000000 0.000000
0.000000 0.000000 0.000000
0.000000 0.000000 0.000000
0.000000 0.000000 0.000000
0.000000 0.000000 0.000000
0.034466 -0.076348 0.309534
0.000000 0.000000 0.000000
0.149910 -0.200393 0.563000
0.000000 0.000000 0.000000
-0.437248 -0.076348 0.469527
0.000000 0.000000 0.000000
0.000000 0.000000 0.000000
0.000000 0.000000 0.000000
0.000000 0.000000 0.000000
-0.403374 -0.090068 0.539026
-0.464472 -0.018340 0.541691
0.000000 0.000000 0.000000
0.166163 -0.331995 0.563000
0.000000 0.000000 0.000000
0.000000 0.000000 0.000000
0.000000 0.000000 0.000000
0.000000 0.000000 0.000000
0.000000 0.000000 0.000000
-0.634517 -0.042386 0.394894
-0.369826 -0.224958 0.563000
-0.009302 0.325302 0.541691
0.000000 0.000000 0.000000
0.000000 0.000000 0.000000
0.000000 0.000000 0.000000
0.000000 0.000000 0.000000
0.000000 0.000000 0.000000
0.000000 0.000000 0.000000
-0.564435 -0.292566 0.541691
0.000000 0.000000 0.000000
0.000000 0.000000 0.000000
0.000000 0.000000 0.000000
0.000000 0.000000 0.000000
0.000000 0.000000 0.000000
0.000000 0.000000 0.000000
0.000000 0.000000 0.000000
0.000000 0.000000 0.000000
0.000000 0.000000 0.000000
0.000000 0.000000 0.000000
0.142239 -0.076348 0.357491
0.000000 0.000000 0.000000
-0.154834 -0.268154 0.539026
-0.634517 0.426914 0.504637
0.000000 0.000000 0.000000
0.000000 0.000000 0.000000
-0.514616 -0.072085 0.368442
0.000000 0.000000 0.000000
0.000000 0.000000 0.000000
0.000000 0.000000 0.000000
0.000000 0.000000 0.000000
-0.114525 -0.174926 0.541691
0.000000 0.000000 0.000000
0.000000 0.000000 0.000000
0.000000 0.000000 0.000000
0.000000 0.000000 0.000000
0.000000 0.000000 0.000000
0.000000 0.000000 0.000000
0.000000 0.000000 0.000000
0.000000 0.000000 0.000000
0.000000 0.000000 0.000000
0.371956 0.435077 0.266537
-0.141252 0.366079 0.563000
0.000000 0.000000 0.000000
0.279043 -0.124175 0.563000
0.047010 -0.067881 0.563000
0.000000 0.000000 0.000000
-0.253766 0.172996 0.541691
0.000000 0.000000 0.000000
-0.146535 -0.072085 0.330344
0.000000 0.000000 0.000000
0.000000 0.000000 0.000000
0.000000 0.000000 0.000000
0.001345 0.432656 0.541691
0.000000 0.000000 0.000000
0.089262 -0.245027 0.563000
0.000000 0.000000 0.000000
0.000000 0.000000 0.000000
0.000000 0.000000 0.000000
-0.599889 -0.243365 0.490769
0.000000 0.000000 0.000000
-0.137323 0.408440 0.321131
-0.557391 -0.109355 0.541691
0.000000 0.000000 0.000000
0.000000 0.000000 0.000000
0.000000 0.000000 0.000000
0.000000 0.000000 0.000000
0.000000 0.000000 0.000000
-0.447125 -0.281160 0.563000
0.000000 0.000000 0.000000
0.000000 0.000000 0.000000
0.000000 0.000000 0.000000
