0.467270 -0.472282 -0.423098
0.380929 -0.361331 -0.430761
0.000000 0.000000 0.000000
0.000000 0.000000 0.000000
0.000000 0.000000 0.000000
0.251043 0.149007 -0.434315
0.019989 0.155088 0.102679
0.000000 0.000000 0.000000
-0.045956 0.249258 0.022460
-0.391003 -0.269690 0.430436
-0.009516 0.204533 -0.452145
0.000000 0.000000 0.000000
0.403815 0.155088 -0.117223
0.000000 0.000000 0.000000
0.000000 0.000000 0.000000
0.391810 -0.005732 -0.470278
-0.278452 0.155088 0.238087
0.390167 -0.757773 -0.463308
0.049872 0.155088 -0.154684
0.485213 0.154351 -0.270447
-0.052216 0.155088 0.263216
0.000000 0.000000 0.000000
0.000000 0.000000 0.000000
-0.061037 0.249258 -0.266589
-0.172457 0.249258 0.269086
0.000000 0.000000 0.000000
0.000000 0.000000 0.000000
0.206475 0.249258 -0.166455
0.000000 0.000000 0.000000
0.000000 0.000000 0.000000
0.000000 0.000000 0.000000
0.280034 0.155088 -0.175922
0.400057 0.040430 -0.411632
0.448566 -0.188754 -0.393611
0.000000 0.000000 0.000000
-0.236814 0.155088 0.094419
0.438659 0.206078 0.026489
0.000000 0.000000 0.000000
0.000000 0.000000 0.000000
0.365930 0.205149 -0.451592
-0.077946 0.155088 -0.284186
0.000000 0.000000 0.000000
0.253309 0.249258 0.005530
0.387441 0.187649 -0.330397
0.386184 -0.569847 -0.473880
0.000000 0.000000 0.000000
0.000000 0.000000 0.000000
0.189616 0.155088 0.014164
0.186200 0.241200 -0.419145
0.000000 0.000000 0.000000
0.381484 -0.189308 -0.435594
-0.170596 0.249258 -0.138966
0.000000 0.000000 0.000000
-0.417931 -0.079265 0.397649
-0.245911 0.249258 0.083066
0.000000 0.000000 0.000000
0.037116 0.249258 -0.127194
0.258285 0.249258 -0.294642
0.118023 0.155088 -0.332709
0.412320 0.178014 -0.463490
0.457921 -0.638507 -0.394937
0.000000 0.000000 0.000000
-0.127642 0.155088 -0.080336
0.000000 0.000000 0.000000
0.000000 0.000000 0.000000
0.149964 0.136253 -0.506290
0.000000 0.000000 0.000000
0.474636 -0.341341 -0.431667
-0.407928 -0.632302 0.460214
0.000000 0.000000 0.000000
0.000000 0.000000 0.000000
0.373483 0.249258 -0.304984
0.395092 0.249258 -0.171477
0.000000 0.000000 0.000000
-0.391471 -0.405780 0.424109
0.142952 0.249258 -0.009957
0.079689 0.249258 -0.331797
0.000000 0.000000 0.000000
-0.409311 -0.143363 0.406268
-0.147874 0.155088 0.172819
-0.009626 0.249258 0.184630
0.022270 0.155088 -0.049912
-0.361715 0.231835 0.276039
-0.346035 0.185904 0.377423
0.470868 0.136253 -0.123290
0.305434 0.249258 -0.055073
0.000000 0.000000 0.000000
0.000000 0.000000 0.000000
0.000000 0.000000 0.000000
0.404859 0.168297 -0.162691
0.000000 0.000000 0.000000
0.000000 0.000000 0.000000
0.361018 0.249258 -0.217176
0.039969 0.249258 0.162667
0.000000 0.000000 0.000000
0.000000 0.000000 0.000000
-0.100503 0.155088 0.055988
0.021801 0.142115 -0.440519
0.499775 0.136253 -0.411806
0.000000 0.000000 0.000000
0.000000 0.000000 0.000000
0.000000 0.000000 0.000000
0.443573 0.136253 0.013589
0.464691 -0.241592 -0.448702
0.000000 0.000000 0.000000
0.037083 0.155088 0.164604
0.492213 -0.028864 -0.410932
0.285127 0.155088 -0.000117
-0.365755 -0.767785 0.452571
0.000000 0.000000 0.000000
0.440751 -0.456705 -0.472642
0.000000 0.000000 0.000000
0.000000 0.000000 0.000000
0.000000 0.000000 0.000000
-0.153548 0.249258 0.162370
0.433335 -0.581862 -0.473204
0.000000 0.000000 0.000000
0.000000 0.000000 0.000000
0.000000 0.000000 0.000000
0.451603 -0.750810 -0.378524
0.186946 0.155088 -0.125615
0.348790 0.155088 -0.113639
0.000000 0.000000 0.000000
0.000000 0.000000 0.000000
0.000000 0.000000 0.000000
0.156082 0.155088 -0.077137
-0.217301 0.155088 0.287306
0.000000 0.000000 0.000000
0.000000 0.000000 0.000000
0.000000 0.000000 0.000000
-0.076427 0.155088 -0.157212
-0.001424 0.136253 -0.479952
0.000000 0.000000 0.000000
-0.377899 -0.514624 0.437679
0.431817 -0.108631 -0.454028
0.259682 0.155088 -0.291052
0.357344 0.136253 -0.428293
0.000000 0.000000 0.000000
0.000000 0.000000 0.000000
-0.163172 0.249258 0.000168
0.000000 0.000000 0.000000
0.000000 0.000000 0.000000
0.401131 -0.115041 -0.410558
0.000000 0.000000 0.000000
0.000000 0.000000 0.000000
-0.246029 0.249258 0.177432
-0.101623 0.249258 0.110060
0.000000 0.000000 0.000000
0.079280 0.249258 0.097112
0.488580 0.088431 -0.409202
0.000000 0.000000 0.000000
0.000000 0.000000 0.000000
0.295636 0.136253 -0.496419
0.033144 0.155088 -0.248234
-0.068301 0.155088 -0.044063
0.427990 -0.291018 -0.485404
0.441893 0.202484 -0.073600
0.000000 0.000000 0.000000
0.418532 -0.230122 -0.393158
0.000000 0.000000 0.000000
-0.112894 0.155088 0.215275
0.354394 -0.670899 -0.464815
0.442625 -0.412404 -0.470769
0.159277 0.203880 -0.384930
0.000000 0.000000 0.000000
0.449421 0.194120 -0.370221
-0.000178 0.249258 0.085915
0.230320 0.249258 -0.395754
0.095011 0.155088 0.044645
0.114215 0.249258 -0.236131
-0.080105 0.249258 -0.079388
0.000000 0.000000 0.000000
0.000000 0.000000 0.000000
0.000000 0.000000 0.000000
0.371078 0.155088 -0.253213
0.000000 0.000000 0.000000
-0.158623 0.155088 -0.196989
0.130474 0.155088 -0.171022
0.438620 -0.534524 -0.374162
0.000000 0.000000 0.000000
-0.192204 0.155088 -0.003778
0.260220 0.218788 -0.439316
0.000000 0.000000 0.000000
0.396815 0.083251 -0.509744
0.195772 0.249258 0.093552
0.000000 0.000000 0.000000
0.436977 -0.384902 -0.382578
-0.429327 -0.695729 0.456646
0.000000 0.000000 0.000000
0.000000 0.000000 0.000000
-0.273644 0.249258 0.281179
0.000000 0.000000 0.000000
0.417824 0.136253 -0.359052
0.000000 0.000000 0.000000
0.084402 0.229465 -0.429706
0.000000 0.000000 0.000000
0.122746 0.155088 0.075099
0.379480 0.196495 0.010186
0.404645 -0.643435 -0.421034
-0.027784 0.229935 -0.361480
0.103461 0.249258 -0.165466
-0.104238 0.249258 -0.178441
0.000000 0.000000 0.000000
0.029520 0.155088 -0.365950
0.000000 0.000000 0.000000
0.459834 0.136253 -0.047422
0.007284 0.249258 -0.214010
0.000000 0.000000 0.000000
0.000000 0.000000 0.000000
0.331650 0.249258 -0.337017
0.278621 0.155088 0.069231
0.000000 0.000000 0.000000
0.135266 0.249258 -0.300837
0.000000 0.000000 0.000000
0.462887 0.179157 -0.173677
0.009141 0.249258 -0.053654
0.000000 0.000000 0.000000
-0.388866 -0.326182 0.426712
0.000000 0.000000 0.000000
0.373736 -0.503187 -0.437953
0.000000 0.000000 0.000000
0.427975 -0.199029 -0.485419
0.419105 0.227803 -0.263600
0.339320 0.136253 -0.371409
0.449179 0.022410 -0.451407
0.000000 0.000000 0.000000
0.000000 0.000000 0.000000
0.000000 0.000000 0.000000
0.000000 0.000000 0.000000
0.220423 0.249258 -0.213697
0.000000 0.000000 0.000000
0.000000 0.000000 0.000000
0.000000 0.000000 0.000000
0.294698 0.249258 -0.148073
0.338992 0.136253 -0.508115
0.257666 0.249258 0.054660
0.233768 0.155088 -0.347628
0.000000 0.000000 0.000000
0.000000 0.000000 0.000000
0.000000 0.000000 0.000000
0.215183 0.155088 -0.211014
0.477245 -0.294958 -0.431596
0.046098 0.249258 0.005594
0.000000 0.000000 0.000000
0.000000 0.000000 0.000000
0.442981 -0.692627 -0.466973
0.138659 0.249258 -0.104163
0.457134 0.007215 -0.404634
0.361300 0.216695 -0.108610
-0.089381 0.249258 0.204797
0.000000 0.000000 0.000000
0.000000 0.000000 0.000000
0.000000 0.000000 0.000000
0.000000 0.000000 0.000000
0.000000 0.000000 0.000000
0.000000 0.000000 0.000000
0.000000 0.000000 0.000000
0.000000 0.000000 0.000000
-0.046699 0.155088 0.147750
0.000000 0.000000 0.000000
0.123210 0.155088 -0.263068
0.000000 0.000000 0.000000
0.000000 0.000000 0.000000
0.000000 0.000000 0.000000
0.000000 0.000000 0.000000
0.000000 0.000000 0.000000
0.106780 0.171522 -0.414052
0.387001 -0.110053 -0.499743
0.000000 0.000000 0.000000
0.000000 0.000000 0.000000
0.000000 0.000000 0.000000
0.431068 0.139175 -0.273249
-0.325111 0.249258 0.322906
0.340602 0.155088 -0.226594
0.000000 0.000000 0.000000
-0.243528 0.155088 0.159785
0.000000 0.000000 0.000000
0.000000 0.000000 0.000000
0.212086 0.249258 -0.083654
0.000000 0.000000 0.000000
0.292572 0.201457 -0.387111
-0.395445 0.136253 0.359145
0.394396 0.249258 -0.039586
0.000000 0.000000 0.000000
0.399797 0.178412 -0.417454
0.365973 0.249258 -0.266247
0.462941 -0.549254 -0.441643
0.069138 0.136253 -0.488894
0.000000 0.000000 0.000000
0.163787 0.189625 -0.465562
0.368559 -0.458044 -0.443130
0.483030 -0.114139 -0.397808
0.000000 0.000000 0.000000
0.448427 0.109034 -0.461904
0.377106 0.249258 0.045022
0.000000 0.000000 0.000000
-0.025755 0.155088 0.027010
0.000000 0.000000 0.000000
0.000000 0.000000 0.000000
0.000000 0.000000 0.000000
0.020421 0.213505 -0.376267
-0.214667 0.155088 0.225393
0.086501 0.155088 0.138820
0.000000 0.000000 0.000000
0.231970 0.155088 -0.050078
0.000000 0.000000 0.000000
0.000000 0.000000 0.000000
0.000000 0.000000 0.000000
0.000000 0.000000 0.000000
0.133413 0.249258 0.152577
0.000000 0.000000 0.000000
0.000000 0.000000 0.000000
0.460770 -0.045263 -0.452623
-0.037529 0.249258 -0.409864
-0.029655 0.155088 -0.194783
0.000000 0.000000 0.000000
0.000000 0.000000 0.000000
-0.093124 0.155088 -0.318920
-0.424358 -0.195349 0.391222
0.421883 -0.516984 -0.418022
0.000000 0.000000 0.000000
0.358099 0.155088 -0.026516
0.000000 0.000000 0.000000
0.377155 -0.266272 -0.453939
0.468772 0.136253 -0.170712
0.000000 0.000000 0.000000
-0.010821 0.155088 -0.269690
0.385170 -0.329003 -0.487427
0.399521 0.249258 -0.370988
0.000000 0.000000 0.000000
0.421276 -0.309922 -0.390413
0.000000 0.000000 0.000000
-0.207670 0.249258 0.043421
0.097745 0.249258 -0.062707
0.000000 0.000000 0.000000
-0.335502 0.249258 0.215633
0.000000 0.000000 0.000000
0.000000 0.000000 0.000000
0.154189 0.249258 0.060053
-0.037745 0.180611 -0.405872
0.000000 0.000000 0.000000
0.000000 0.000000 0.000000
0.000000 0.000000 0.000000
0.282277 0.155088 -0.101912
0.000000 0.000000 0.000000
-0.017432 0.155088 -0.346723
0.000000 0.000000 0.000000
0.000000 0.000000 0.000000
0.000000 0.000000 0.000000
0.000000 0.000000 0.000000
0.000000 0.000000 0.000000
0.000000 0.000000 0.000000
0.000000 0.000000 0.000000
0.024968 0.246812 -0.414094
0.000000 0.000000 0.000000
-0.176815 0.155088 0.052418
-0.022084 0.249258 -0.316331
0.000000 0.000000 0.000000
0.000000 0.000000 0.000000
0.000000 0.000000 0.000000
-0.140057 0.155088 -0.014189
0.101111 0.137936 -0.444280
0.000000 0.000000 0.000000
0.000000 0.000000 0.000000
0.441759 -0.459093 -0.378405
0.418881 -0.312562 -0.444021
-0.085729 0.249258 -0.021591
0.000000 0.000000 0.000000
-0.013581 0.155088 0.209436
0.000000 0.000000 0.000000
0.441465 -0.641414 -0.469853
0.000000 0.000000 0.000000
0.000000 0.000000 0.000000
0.000000 0.000000 0.000000
0.000000 0.000000 0.000000
0.000000 0.000000 0.000000
0.457339 0.185323 -0.306123
-0.189132 0.249258 -0.059200
-0.031103 0.249258 -0.141690
0.000000 0.000000 0.000000
-0.363564 0.204218 0.333938
0.000000 0.000000 0.000000
0.172345 0.155088 -0.376927
0.293027 0.142429 -0.440236
0.467698 -0.156867 -0.445696
0.411354 0.108119 -0.410310
0.000000 0.000000 0.000000
0.000000 0.000000 0.000000
0.000000 0.000000 0.000000
0.398642 0.155088 0.073029
0.000000 0.000000 0.000000
0.000000 0.000000 0.000000
0.000000 0.000000 0.000000
0.396372 0.249258 -0.091597
0.000000 0.000000 0.000000
0.000000 0.000000 0.000000
0.337666 0.243745 -0.416855
-0.026979 0.155088 -0.111197
-0.329084 0.138897 0.335959
0.394061 0.034290 -0.495491
0.452547 -0.734032 -0.428179
0.153969 0.136253 -0.446688
0.000000 0.000000 0.000000
0.425151 -0.700090 -0.394154
0.000000 0.000000 0.000000
0.000000 0.000000 0.000000
0.397539 -0.740230 -0.414150
0.000000 0.000000 0.000000
-0.144394 0.155088 0.273209
0.000000 0.000000 0.000000
0.439287 -0.359650 -0.474107
0.000000 0.000000 0.000000
0.410724 -0.459695 -0.400966
0.000000 0.000000 0.000000
0.000000 0.000000 0.000000
0.435382 -0.592748 -0.376307
0.334733 0.249258 -0.167174
0.354114 -0.733153 -0.461471
0.000000 0.000000 0.000000
0.397084 -0.049975 -0.414605
0.222971 0.180006 -0.474220
0.000000 0.000000 0.000000
0.386359 0.188851 -0.056652
0.420415 -0.055413 -0.471417
0.431684 -0.181470 -0.445965
0.000000 0.000000 0.000000
0.277659 0.249258 -0.258355
0.000000 0.000000 0.000000
0.352714 0.155088 0.030626
0.384480 0.136253 -0.461048
-0.180259 0.249258 0.100498
0.000000 0.000000 0.000000
-0.276877 0.155088 0.075523
0.233398 0.205567 -0.383411
0.000000 0.000000 0.000000
0.107273 0.155088 -0.099845
0.000000 0.000000 0.000000
0.384441 -0.181541 -0.495722
0.000000 0.000000 0.000000
0.000000 0.000000 0.000000
0.359235 -0.618521 -0.452455
0.000000 0.000000 0.000000
-0.094129 0.155088 0.157453
0.000000 0.000000 0.000000
0.195129 0.249258 -0.297446
0.175885 0.155088 -0.311461
0.000000 0.000000 0.000000
0.443425 0.182132 -0.428678
0.307875 0.155088 -0.323828
-0.111420 0.249258 0.034995
-0.396783 -0.717996 0.418796
0.000000 0.000000 0.000000
0.000000 0.000000 0.000000
0.139448 0.249258 -0.204628
-0.032282 0.249258 -0.212513
0.000000 0.000000 0.000000
0.468345 0.136253 -0.363939
0.213583 0.155088 0.058382
0.055097 0.189437 -0.465732
0.000000 0.000000 0.000000
0.000000 0.000000 0.000000
0.187071 0.245151 -0.347786
0.000000 0.000000 0.000000
0.000000 0.000000 0.000000
0.000000 0.000000 0.000000
0.000000 0.000000 0.000000
-0.359014 0.136253 0.391193
0.000000 0.000000 0.000000
0.376172 0.200171 -0.236474
0.053822 0.155088 -0.313862
-0.086682 0.155088 -0.227932
-0.111396 0.249258 -0.125545
0.000000 0.000000 0.000000
0.054637 0.249258 -0.241005
0.138599 0.249258 -0.383366
0.000000 0.000000 0.000000
-0.290452 0.155088 0.297880
0.000000 0.000000 0.000000
0.000000 0.000000 0.000000
0.000000 0.000000 0.000000
0.428110 0.217798 -0.154146
0.470366 0.170847 -0.215813
-0.420218 -0.517158 0.423556
0.500717 0.136253 -0.006540
-0.036329 0.249258 0.132432
-0.054758 0.155088 0.080535
0.000000 0.000000 0.000000
0.000000 0.000000 0.000000
0.000000 0.000000 0.000000
0.000000 0.000000 0.000000
0.000000 0.000000 0.000000
0.000000 0.000000 0.000000
-0.373045 -0.590856 0.442534
0.000000 0.000000 0.000000
0.000000 0.000000 0.000000
0.469866 0.171403 -0.066908
0.108477 0.172888 -0.480626
0.000000 0.000000 0.000000
-0.243293 0.155088 0.014400
-0.076562 0.249258 -0.327396
0.463140 -0.237272 -0.408232
0.000000 0.000000 0.000000
0.368409 0.140381 -0.327139
0.401989 -0.055125 -0.502832
0.314467 0.249258 0.044025
0.000000 0.000000 0.000000
0.014310 0.249258 -0.169039
0.282168 0.249258 -0.379782
0.429091 0.136253 -0.445553
-0.171330 0.155088 -0.137527
0.419306 -0.252547 -0.450348
0.000000 0.000000 0.000000
0.398316 -0.509979 -0.477247
0.000000 0.000000 0.000000
0.000000 0.000000 0.000000
0.000000 0.000000 0.000000
0.388011 -0.073274 -0.456194
0.000000 0.000000 0.000000
0.000000 0.000000 0.000000
0.241479 0.249258 0.128970
0.423075 0.223393 -0.320594
0.000000 0.000000 0.000000
-0.433317 -0.332855 0.431192
0.140922 0.155088 -0.016074
-0.297292 0.155088 0.183910
0.000000 0.000000 0.000000
0.000000 0.000000 0.000000
0.322233 0.181312 -0.473044
0.000000 0.000000 0.000000
0.345924 0.233779 -0.024121
0.000000 0.000000 0.000000
0.000000 0.000000 0.000000
-0.080054 0.155088 0.012214
0.000000 0.000000 0.000000
0.168757 0.155088 -0.241315
0.433856 0.211414 -0.019210
0.000000 0.000000 0.000000
0.285274 0.155088 -0.391583
0.391687 -0.574964 -0.420002
0.318827 0.155088 -0.160715
0.000000 0.000000 0.000000
0.453406 -0.669699 -0.366558
0.000000 0.000000 0.000000
0.000000 0.000000 0.000000
0.446581 0.136253 -0.222816
0.000000 0.000000 0.000000
0.000000 0.000000 0.000000
0.388449 -0.418290 -0.462559
0.000000 0.000000 0.000000
0.000000 0.000000 0.000000
0.000000 0.000000 0.000000
-0.006849 0.249258 -0.092721
0.000000 0.000000 0.000000
-0.333159 0.155088 0.263715
0.000000 0.000000 0.000000
0.233854 0.249258 -0.129067
0.000000 0.000000 0.000000
0.000000 0.000000 0.000000
0.197554 0.155088 -0.426041
0.000000 0.000000 0.000000
0.000000 0.000000 0.000000
0.000000 0.000000 0.000000
-0.276343 0.249258 0.223201
0.000000 0.000000 0.000000
0.042380 0.155088 0.041829
-0.230299 0.249258 0.125145
0.000000 0.000000 0.000000
0.459571 0.182843 -0.119909
0.402202 -0.382598 -0.484412
0.446856 -0.509412 -0.466537
-0.135049 0.249258 -0.062824
0.437571 -0.417614 -0.413513
0.286677 0.249258 -0.204860
0.076524 0.155088 -0.216167
0.443925 -0.044711 -0.401713
-0.067369 0.249258 0.075000
0.378320 0.249258 0.003992
0.066407 0.200675 -0.387815
0.001215 0.249258 -0.266185
0.061291 0.155088 -0.013046
0.000000 0.000000 0.000000
0.000000 0.000000 0.000000
0.000000 0.000000 0.000000
-0.130778 0.249258 0.071289
0.336013 0.155088 -0.295417
0.383522 -0.153086 -0.451706
0.000000 0.000000 0.000000
0.000000 0.000000 0.000000
0.089594 0.249258 -0.122732
0.394057 -0.235735 -0.492673
0.398159 -0.647559 -0.469508
0.244106 0.136253 -0.486241
0.000000 0.000000 0.000000
0.029527 0.249258 -0.338041
0.000000 0.000000 0.000000
0.000000 0.000000 0.000000
0.000000 0.000000 0.000000
0.000000 0.000000 0.000000
0.000000 0.000000 0.000000
-0.107290 0.155088 0.108438
0.429057 0.216746 -0.205500
0.000000 0.000000 0.000000
0.285642 0.155088 -0.245740
0.000000 0.000000 0.000000
0.344966 0.199325 -0.344090
0.415460 0.156517 -0.037574
0.000000 0.000000 0.000000
0.400349 0.140181 -0.509510
0.034229 0.165378 -0.487385
0.000000 0.000000 0.000000
0.000000 0.000000 0.000000
-0.218545 0.249258 0.304300
0.253220 0.249258 -0.052449
0.464817 -0.313708 -0.386583
0.381181 -0.409532 -0.430508
0.331993 0.167094 -0.410828
0.000000 0.000000 0.000000
0.000000 0.000000 0.000000
0.284075 0.155088 -0.050603
0.000000 0.000000 0.000000
0.000000 0.000000 0.000000
-0.264666 0.155088 0.334065
0.169415 0.155088 0.096250
-0.392584 -0.545247 0.422995
0.000000 0.000000 0.000000
0.000000 0.000000 0.000000
0.331068 0.249258 -0.107823
0.297599 0.249258 -0.313626
-0.398921 -0.227999 0.416657
0.369465 0.207622 -0.187891
0.000000 0.000000 0.000000
0.000000 0.000000 0.000000
-0.421535 -0.432799 0.394044
0.404021 0.169228 -0.213463
0.000000 0.000000 0.000000
-0.003813 0.155088 0.062949
0.000000 0.000000 0.000000
0.000000 0.000000 0.000000
0.484663 -0.163087 -0.396509
0.000000 0.000000 0.000000
0.465151 -0.509970 -0.391015
0.003850 0.249258 0.015012
0.060641 0.155088 -0.102010
0.000000 0.000000 0.000000
-0.102885 0.249258 0.158462
0.170849 0.249258 -0.255676
0.000000 0.000000 0.000000
-0.102894 0.249258 0.247305
0.071939 0.155088 -0.275480
0.000000 0.000000 0.000000
0.000000 0.000000 0.000000
0.000000 0.000000 0.000000
0.472919 -0.099522 -0.440475
0.471848 -0.390905 -0.429804
0.000000 0.000000 0.000000
0.119215 0.249258 0.033834
0.000000 0.000000 0.000000
0.000000 0.000000 0.000000
0.000000 0.000000 0.000000
0.000000 0.000000 0.000000
0.000000 0.000000 0.000000
0.000000 0.000000 0.000000
0.237277 0.249258 -0.335869
0.000000 0.000000 0.000000
0.000000 0.000000 0.000000
0.000000 0.000000 0.000000
-0.064695 0.155088 0.204710
0.069802 0.155088 0.092373
0.057130 0.249258 -0.284261
0.000000 0.000000 0.000000
0.156007 0.249258 -0.059183
0.223478 0.155088 -0.096418
0.500904 0.136917 -0.313030
0.394182 -0.693894 -0.466901
0.487458 0.136253 -0.078158
0.000000 0.000000 0.000000
0.077431 0.155088 -0.356256
-0.415919 0.092329 0.399661
-0.281675 0.249258 0.321034
0.000000 0.000000 0.000000
0.000000 0.000000 0.000000
-0.219905 0.249258 -0.010127
-0.188354 0.155088 -0.050087
0.406627 0.155088 0.026283
0.300152 0.249258 -0.002257
0.460149 -0.598888 -0.408649
0.433084 -0.009921 -0.480309
0.000000 0.000000 0.000000
0.000000 0.000000 0.000000
0.320801 0.155088 0.073776
-0.022091 0.155088 -0.063193
0.208691 0.155088 -0.257908
-0.421492 -0.383534 0.437314
-0.364586 0.249258 0.345256
0.226009 0.249258 -0.271323
0.000000 0.000000 0.000000
-0.179977 0.155088 0.317279
-0.411071 0.249258 0.394041
0.131850 0.227017 -0.431909
-0.412192 -0.598549 0.422425
0.000000 0.000000 0.000000
0.384895 -0.681997 -0.426794
0.427661 -0.729834 -0.464880
0.000000 0.000000 0.000000
-0.072484 0.155088 -0.098493
0.000000 0.000000 0.000000
0.007668 0.177073 -0.409057
0.000000 0.000000 0.000000
0.000000 0.000000 0.000000
0.473583 -0.360054 -0.390616
0.385974 0.136253 -0.382277
0.000000 0.000000 0.000000
0.000000 0.000000 0.000000
0.362232 -0.531570 -0.462197
0.000000 0.000000 0.000000
0.430361 0.049244 -0.483032
-0.076638 0.249258 -0.207687
