0.000000 0.000000 0.000000
0.444240 0.181348 -0.167738
0.000000 0.000000 0.000000
0.902644 -0.174595 -0.030477
-0.063507 0.245796 -0.170214
-0.032292 0.228837 0.194770
-0.260377 -0.167557 -0.345947
-0.005183 0.334489 -0.125734
0.307973 -0.123372 -0.317747
0.000000 0.000000 0.000000
0.754437 0.070970 -0.316261
0.000000 0.000000 0.000000
-0.166670 -0.116582 0.125012
0.224927 -0.087694 -0.180739
0.727454 0.107519 0.136102
0.322753 0.236745 0.202430
0.670174 -0.255241 -0.247257
0.000000 0.000000 0.000000
0.000000 0.000000 0.000000
0.000000 0.000000 0.000000
0.044596 0.078859 -0.365687
0.363168 0.216842 -0.210045
0.000000 0.000000 0.000000
0.474166 -0.174595 -0.012949
-0.013084 -0.062432 0.141821
0.000000 0.000000 0.000000
0.049839 -0.171987 -0.112291
0.544776 -0.012025 -0.215845
0.000000 0.000000 0.000000
0.000000 0.000000 0.000000
0.353210 0.041828 -0.368234
0.000000 0.000000 0.000000
-0.032966 -0.013588 -0.165296
0.206922 0.292179 0.133677
0.913851 -0.191011 -0.282503
0.096766 -0.210929 -0.307136
0.889192 0.059720 -0.107441
0.000000 0.000000 0.000000
0.240839 0.045070 -0.121788
-0.167235 -0.118082 -0.151190
0.000000 0.000000 0.000000
0.000000 0.000000 0.000000
0.000000 0.000000 0.000000
0.398978 -0.063771 -0.165083
0.936297 0.023997 0.107557
0.000000 0.000000 0.000000
0.476301 0.131010 0.086476
0.000000 0.000000 0.000000
0.000000 0.000000 0.000000
0.000000 0.000000 0.000000
0.637832 0.128235 -0.034877
0.000000 0.000000 0.000000
0.000000 0.000000 0.000000
0.233101 -0.172187 0.095097
0.512470 -0.255345 -0.280930
0.375251 0.135987 0.023170
-0.082317 -0.029526 -0.371254
-0.376259 -0.019728 0.147048
0.532148 0.089649 -0.348045
0.134110 0.263315 -0.270390
0.047088 0.023976 -0.045448
0.662594 -0.174595 -0.137740
0.461087 -0.087236 -0.221159
0.252496 -0.063868 -0.003176
-0.089231 -0.171835 0.073421
0.201608 0.260575 -0.040206
0.000000 0.000000 0.000000
0.768555 -0.143805 -0.359991
0.000000 0.000000 0.000000
0.624891 -0.098929 -0.323750
-0.018043 0.068037 -0.247057
0.000000 0.000000 0.000000
0.000000 0.000000 0.000000
0.000000 0.000000 0.000000
-0.026884 0.118141 0.057382
-0.028101 -0.165563 -0.272056
0.000000 0.000000 0.000000
0.000000 0.000000 0.000000
0.626513 0.128264 -0.139593
0.487561 -0.174595 -0.129327
0.000000 0.000000 0.000000
0.000000 0.000000 0.000000
0.032130 0.333144 0.078354
0.701989 -0.085121 -0.215845
0.259132 -0.172215 -0.121561
0.328949 0.155692 -0.426012
0.394563 0.211315 0.002373
0.107958 -0.098439 0.100831
0.915466 0.009106 -0.212432
0.171648 -0.034045 -0.372111
0.000000 0.000000 0.000000
0.099536 -0.172041 0.098325
0.000000 0.000000 0.000000
0.456594 -0.094217 -0.367050
0.990066 -0.060541 -0.053619
0.000000 0.000000 0.000000
-0.283989 -0.057362 -0.033413
-0.280620 -0.171626 0.060608
0.126372 -0.098439 -0.108756
0.041764 0.309792 0.250536
0.287400 0.165543 -0.143441
0.435243 -0.063358 0.056825
0.000000 0.000000 0.000000
-0.163698 0.269714 0.273797
-0.243196 -0.043670 0.010327
0.000000 0.000000 0.000000
0.000000 0.000000 0.000000
0.000000 0.000000 0.000000
0.000000 0.000000 0.000000
0.000000 0.000000 0.000000
0.000000 0.000000 0.000000
0.258561 0.162622 -0.316629
0.171860 -0.098439 -0.146258
0.000000 0.000000 0.000000
0.000000 0.000000 0.000000
0.300899 -0.022181 -0.321545
0.000000 0.000000 0.000000
0.273590 0.264612 -0.129245
-0.108465 -0.113901 -0.045070
0.629597 -0.157224 -0.215845
0.955816 -0.187611 -0.161817
0.000000 0.000000 0.000000
0.000000 0.000000 0.000000
0.000000 0.000000 0.000000
-0.111983 0.082075 -0.364074
0.666575 -0.035365 -0.328259
0.000000 0.000000 0.000000
0.898075 0.059499 0.047176
-0.020222 -0.014164 -0.248895
-0.082057 0.118199 -0.089883
0.363242 0.036117 -0.254442
0.810635 -0.174595 -0.171604
0.012116 0.018697 0.090338
0.000000 0.000000 0.000000
0.297488 0.044004 -0.137636
0.000000 0.000000 0.000000
0.396098 -0.019581 -0.009631
0.000000 0.000000 0.000000
0.000000 0.000000 0.000000
0.141567 -0.047385 0.105007
0.000000 0.000000 0.000000
0.752723 0.100065 -0.150774
0.415846 0.178396 -0.283393
-0.169638 -0.124465 -0.222222
0.776483 -0.174595 0.046256
0.000000 0.000000 0.000000
-0.131373 -0.210739 -0.306829
0.257769 -0.172214 -0.279453
0.000000 0.000000 0.000000
0.348150 0.104064 0.141795
0.633574 0.127401 0.132023
0.493731 0.129876 -0.054274
0.159461 0.067654 -0.311020
0.000000 0.000000 0.000000
-0.241039 -0.171670 -0.121021
0.000000 0.000000 0.000000
-0.257425 -0.048446 -0.158335
0.000000 0.000000 0.000000
0.000000 0.000000 0.000000
0.039279 -0.048139 -0.322677
0.000000 0.000000 0.000000
-0.015938 -0.056209 -0.093323
-0.157960 -0.080720 -0.300634
0.385336 -0.134959 -0.088886
0.212116 -0.029912 -0.244399
0.000000 0.000000 0.000000
0.920281 -0.174595 -0.089527
0.000000 0.000000 0.000000
0.111858 0.326059 -0.046292
-0.100800 -0.063749 0.026277
0.000000 0.000000 0.000000
0.824576 0.005978 -0.252522
0.780988 0.098104 0.009115
0.000000 0.000000 0.000000
-0.323016 -0.070462 0.055189
0.000000 0.000000 0.000000
-0.083219 -0.165354 -0.135077
0.683656 -0.159067 -0.317044
0.000000 0.000000 0.000000
0.000000 0.000000 0.000000
0.084443 -0.097845 -0.319942
0.005250 0.256933 0.279110
0.000000 0.000000 0.000000
0.461437 0.077665 -0.356659
0.562930 -0.182181 -0.318875
0.000000 0.000000 0.000000
0.030901 -0.213709 -0.291276
0.000000 0.000000 0.000000
0.000000 0.000000 0.000000
0.149383 -0.172095 -0.020743
-0.081848 0.329715 0.193413
0.435228 -0.201343 -0.336641
0.016757 -0.104593 0.049993
0.899973 -0.085390 -0.311322
0.000000 0.000000 0.000000
0.000000 0.000000 0.000000
0.240851 0.271045 0.209326
0.018422 -0.094620 -0.057587
0.000000 0.000000 0.000000
0.274961 0.268465 0.059555
0.504637 0.147601 -0.195091
0.000000 0.000000 0.000000
0.000000 0.000000 0.000000
-0.075793 0.100907 0.112075
0.380022 -0.213803 -0.284380
0.640726 0.101189 -0.296273
-0.086942 0.150223 0.221074
0.312758 -0.107732 -0.044179
0.000000 0.000000 0.000000
0.080369 -0.084932 -0.243850
0.146606 0.310200 -0.162321
0.395871 -0.081979 -0.277982
0.000000 0.000000 0.000000
0.620992 -0.245306 -0.321605
0.266735 0.220041 -0.289752
0.000000 0.000000 0.000000
0.000000 0.000000 0.000000
0.593027 -0.174595 0.016070
0.340718 -0.110791 0.051645
0.000000 0.000000 0.000000
0.000000 0.000000 0.000000
0.446915 0.132188 0.147057
0.268353 -0.172226 0.016345
0.000000 0.000000 0.000000
0.000000 0.000000 0.000000
0.383932 -0.172351 -0.223406
0.000000 0.000000 0.000000
0.000000 0.000000 0.000000
0.091956 -0.063813 -0.014550
0.000000 0.000000 0.000000
0.000000 0.000000 0.000000
0.139369 -0.172085 -0.192796
0.000000 0.000000 0.000000
0.836541 -0.096411 -0.342304
-0.006755 0.310624 -0.248271
0.033016 -0.153986 -0.050249
0.000000 0.000000 0.000000
-0.177052 -0.044713 0.127482
0.229504 -0.079411 0.109378
0.000000 0.000000 0.000000
-0.014370 0.094501 0.182925
0.402295 0.203983 0.133200
0.299905 0.238879 0.257903
0.000000 0.000000 0.000000
0.134350 0.323873 0.049337
0.061907 0.197620 -0.302412
0.000000 0.000000 0.000000
-0.030456 0.143788 -0.218439
0.000000 0.000000 0.000000
0.209278 -0.111144 -0.318734
-0.053503 0.040814 -0.083589
-0.192506 -0.171723 0.132981
0.181349 -0.040186 -0.109652
0.532551 -0.116478 -0.278211
0.590155 -0.174595 -0.090227
0.493375 -0.041748 -0.317530
0.000000 0.000000 0.000000
0.000000 0.000000 0.000000
0.000000 0.000000 0.000000
0.000000 0.000000 0.000000
0.632161 0.000919 -0.222151
0.000000 0.000000 0.000000
0.948816 0.017621 0.008923
0.000000 0.000000 0.000000
0.000000 0.000000 0.000000
-0.017475 0.085471 -0.363618
0.962376 -0.110208 -0.217190
0.000000 0.000000 0.000000
0.564827 0.137151 0.028738
0.000000 0.000000 0.000000
0.739019 -0.061246 -0.325341
0.776192 -0.174595 -0.081697
0.388102 0.144748 -0.087085
0.726365 -0.207604 -0.331438
0.000000 0.000000 0.000000
0.000000 0.000000 0.000000
0.691135 -0.153755 -0.268168
0.000000 0.000000 0.000000
0.789762 0.093783 -0.084238
0.000000 0.000000 0.000000
0.331079 0.138314 -0.214112
0.000000 0.000000 0.000000
0.037478 -0.043053 -0.157212
0.000000 0.000000 0.000000
0.220532 0.289941 -0.089008
0.976349 -0.039600 -0.127589
0.000000 0.000000 0.000000
-0.173615 -0.046579 -0.097065
0.006442 0.048038 -0.140780
0.494219 -0.205317 -0.247083
0.000000 0.000000 0.000000
0.832343 0.067007 -0.221280
0.000000 0.000000 0.000000
0.000000 0.000000 0.000000
0.677067 0.120898 0.039604
0.000000 0.000000 0.000000
0.097539 0.068506 -0.310854
0.000000 0.000000 0.000000
-0.101415 0.034456 -0.314008
-0.201831 -0.119588 0.051959
0.851631 -0.195412 -0.320855
0.284968 -0.082576 -0.368706
-0.386578 -0.168501 0.002962
0.000000 0.000000 0.000000
0.000000 0.000000 0.000000
0.172843 0.295797 0.208929
-0.001689 0.337236 -0.010085
0.656283 0.047432 -0.352625
0.415767 -0.172386 0.057154
0.000000 0.000000 0.000000
0.000000 0.000000 0.000000
0.354231 0.105722 -0.315353
0.000000 0.000000 0.000000
0.000000 0.000000 0.000000
-0.059876 -0.082519 -0.320880
0.767345 -0.127937 -0.257395
0.188729 -0.213647 -0.288924
0.000000 0.000000 0.000000
0.342181 0.065302 -0.025295
0.000000 0.000000 0.000000
-0.048662 0.213819 0.102410
0.000000 0.000000 0.000000
0.365977 0.086546 -0.157086
0.437612 0.121728 -0.239625
0.000000 0.000000 0.000000
0.697813 0.108730 -0.209372
-0.021407 0.118492 -0.090619
-0.313857 -0.164477 -0.056533
0.033658 -0.171969 0.057461
0.000000 0.000000 0.000000
0.367977 0.023331 0.089843
0.000000 0.000000 0.000000
0.000000 0.000000 0.000000
0.177186 -0.061557 0.044239
-0.001631 -0.171930 -0.183383
0.216146 -0.098439 -0.063285
0.408953 0.014441 -0.315865
0.985098 -0.138967 -0.016564
0.082797 -0.063810 0.026719
-0.197441 -0.171717 -0.269000
0.000000 0.000000 0.000000
-0.148076 -0.165107 0.005263
0.359630 -0.059473 -0.370393
0.000000 0.000000 0.000000
0.167841 -0.172116 0.026728
0.000000 0.000000 0.000000
0.000000 0.000000 0.000000
0.253381 0.048020 -0.368389
-0.220139 -0.171692 -0.019263
0.000000 0.000000 0.000000
-0.268833 -0.052275 0.138214
0.011282 0.219565 -0.292484
-0.044736 0.139596 -0.324205
0.000000 0.000000 0.000000
0.980505 -0.039020 0.049739
0.267227 0.131882 -0.068830
0.849311 0.073024 0.134886
0.000000 0.000000 0.000000
0.084576 0.323873 0.152766
0.000000 0.000000 0.000000
0.000000 0.000000 0.000000
0.052870 0.327247 -0.173680
0.052098 0.007188 -0.220344
0.000000 0.000000 0.000000
0.000000 0.000000 0.000000
0.714723 -0.174595 -0.006952
0.555779 0.131421 -0.279067
-0.033779 -0.011406 0.057143
0.037267 -0.138229 -0.358367
0.115415 0.051038 -0.369262
0.217910 0.275895 -0.236162
0.000000 0.000000 0.000000
-0.051657 -0.171876 -0.012909
0.714906 -0.174595 -0.173583
0.598404 -0.292012 -0.290582
0.000000 0.000000 0.000000
0.000000 0.000000 0.000000
0.000000 0.000000 0.000000
-0.158548 -0.171759 -0.082502
0.334328 -0.038047 0.000551
0.936140 0.018181 -0.099566
-0.165537 -0.113576 0.002466
-0.217386 -0.138635 -0.354392
0.000666 -0.096636 -0.367109
0.000000 0.000000 0.000000
0.539434 -0.098596 -0.328749
0.902034 0.058253 -0.019239
0.268800 0.106928 -0.204679
0.180098 -0.166355 -0.111296
0.056504 -0.018323 -0.372491
0.335259 -0.166945 -0.159590
0.000000 0.000000 0.000000
0.460875 0.176827 -0.027652
0.792555 -0.050384 -0.355452
0.000000 0.000000 0.000000
0.431603 -0.019599 -0.371290
0.000000 0.000000 0.000000
-0.021727 0.024481 -0.315424
-0.049020 -0.200918 -0.335975
-0.192671 -0.038746 -0.231762
-0.220086 -0.171692 -0.214577
0.000000 0.000000 0.000000
0.000000 0.000000 0.000000
0.000000 0.000000 0.000000
0.000000 0.000000 0.000000
0.000000 0.000000 0.000000
0.688092 0.115792 -0.142917
0.000000 0.000000 0.000000
-0.088151 0.180562 -0.122681
0.000000 0.000000 0.000000
0.000000 0.000000 0.000000
0.000000 0.000000 0.000000
0.326438 0.243972 -0.061241
-0.044611 0.017270 0.165222
0.977011 -0.182940 -0.076695
0.116923 0.320635 -0.121706
0.050048 -0.171987 -0.233606
0.000000 0.000000 0.000000
0.427319 0.131980 -0.331973
-0.102223 -0.142774 -0.355695
0.000000 0.000000 0.000000
0.000000 0.000000 0.000000
0.447080 0.183874 0.062147
-0.043226 -0.063766 -0.015825
0.620659 0.124312 -0.228251
0.474000 -0.117926 -0.290296
-0.088289 0.194989 0.169989
0.000000 0.000000 0.000000
0.336964 0.237353 0.103687
0.000000 0.000000 0.000000
0.044142 -0.098439 -0.121758
0.000000 0.000000 0.000000
0.818573 0.001494 -0.327816
0.742427 -0.004448 -0.351684
0.000000 0.000000 0.000000
0.000000 0.000000 0.000000
0.102079 -0.124462 -0.046430
0.000000 0.000000 0.000000
0.378770 0.008068 -0.138538
-0.091870 0.290720 0.263532
-0.033294 0.336119 0.120410
0.000000 0.000000 0.000000
0.274261 0.269870 -0.022950
0.000000 0.000000 0.000000
0.000000 0.000000 0.000000
0.000000 0.000000 0.000000
0.113596 -0.053478 -0.175977
-0.114485 -0.165235 -0.258445
0.000000 0.000000 0.000000
0.189740 0.119532 -0.338159
0.401024 -0.051596 -0.083250
0.397527 0.134843 0.091689
0.000000 0.000000 0.000000
0.161171 -0.098439 -0.218663
0.000000 0.000000 0.000000
0.232975 -0.166556 -0.195367
0.000000 0.000000 0.000000
-0.031382 -0.165551 -0.098075
0.395437 -0.167173 -0.133919
0.000000 0.000000 0.000000
0.697214 -0.021024 -0.257797
0.230447 -0.157315 -0.050677
0.719730 0.112147 -0.044687
0.000000 0.000000 0.000000
0.271923 0.264524 0.144825
0.929079 -0.048245 -0.277125
0.509995 0.144906 0.197808
0.000000 0.000000 0.000000
0.191136 0.303192 0.059720
0.364673 -0.172331 -0.023071
0.368141 -0.159389 -0.353165
0.000000 0.000000 0.000000
0.241469 0.032543 -0.314075
0.000000 0.000000 0.000000
0.000000 0.000000 0.000000
0.000000 0.000000 0.000000
0.117852 -0.004248 -0.319514
0.314918 -0.212328 -0.294061
0.551687 -0.160322 -0.215845
0.421811 0.125388 -0.032622
0.000000 0.000000 0.000000
0.000000 0.000000 0.000000
-0.186544 -0.066474 -0.367280
0.000000 0.000000 0.000000
0.627538 -0.192388 -0.276323
0.343166 0.172579 -0.312205
0.601902 0.002612 -0.283888
-0.114314 0.337950 0.115969
0.000000 0.000000 0.000000
0.000000 0.000000 0.000000
0.000000 0.000000 0.000000
0.562699 -0.223673 -0.287870
0.479807 0.130507 -0.107833
-0.385958 -0.000842 0.219551
0.000000 0.000000 0.000000
-0.066414 -0.133380 0.053729
0.000000 0.000000 0.000000
0.547534 0.137153 0.097362
0.192061 0.216395 -0.293185
0.314100 -0.172275 0.076772
0.000000 0.000000 0.000000
0.000000 0.000000 0.000000
0.000000 0.000000 0.000000
0.000000 0.000000 0.000000
0.005806 -0.171939 0.117043
0.000000 0.000000 0.000000
0.392233 0.147006 -0.162415
0.000000 0.000000 0.000000
0.000000 0.000000 0.000000
0.471805 -0.174595 0.067068
0.168826 0.311851 -0.055475
0.247166 -0.043778 -0.323129
0.316942 -0.172279 -0.069025
-0.145181 -0.171774 -0.179675
0.251705 0.109801 -0.344844
-0.029546 0.193231 -0.112075
0.147749 -0.178084 -0.347030
0.000000 0.000000 0.000000
0.032926 -0.016770 0.147660
0.000000 0.000000 0.000000
0.813247 -0.174595 -0.014433
0.440267 -0.172413 -0.190139
0.000000 0.000000 0.000000
-0.351814 -0.067331 0.188494
0.670097 -0.105473 -0.291888
0.137022 0.186912 -0.306816
-0.271502 -0.171636 -0.278029
-0.081584 0.170505 -0.190810
0.000000 0.000000 0.000000
0.000000 0.000000 0.000000
0.000000 0.000000 0.000000
0.000000 0.000000 0.000000
0.000000 0.000000 0.000000
0.065738 0.265326 -0.270451
0.000000 0.000000 0.000000
0.574049 0.032408 -0.366203
0.000000 0.000000 0.000000
0.000000 0.000000 0.000000
0.030202 -0.097183 0.107865
0.000000 0.000000 0.000000
0.000000 0.000000 0.000000
0.296508 0.244103 -0.231787
0.126850 0.309143 -0.231894
0.000000 0.000000 0.000000
0.000000 0.000000 0.000000
-0.024071 0.323455 0.238106
0.440905 -0.172414 -0.269875
0.010381 0.040562 0.146860
0.882166 0.021675 -0.261936
0.395736 -0.078757 -0.008008
0.372252 0.153022 -0.372487
0.537215 -0.012784 -0.304468
0.000000 0.000000 0.000000
0.093022 -0.166024 -0.158466
0.113699 0.310740 0.233572
0.000000 0.000000 0.000000
0.514076 -0.052010 -0.253252
-0.020087 0.049714 0.044617
0.834439 0.081212 0.075449
0.000000 0.000000 0.000000
0.091287 -0.172032 0.018351
-0.332212 -0.171570 -0.138296
-0.160919 -0.165059 0.079172
0.916938 0.034533 -0.157552
-0.119558 -0.030105 -0.323129
0.000000 0.000000 0.000000
0.000000 0.000000 0.000000
0.139059 0.314356 0.149076
0.330074 0.238837 -0.132500
0.114298 -0.075846 -0.369644
0.727796 -0.212811 -0.249290
0.113392 0.122541 -0.325018
-0.001642 -0.080877 -0.231281
0.000000 0.000000 0.000000
0.880670 -0.174595 -0.159577
-0.016296 0.099167 -0.178450
0.056502 -0.162784 -0.313058
0.347860 0.053655 -0.091694
0.000000 0.000000 0.000000
0.950045 -0.175412 -0.222906
0.000000 0.000000 0.000000
0.000000 0.000000 0.000000
0.000000 0.000000 0.000000
0.000000 0.000000 0.000000
0.000000 0.000000 0.000000
0.735028 -0.115013 -0.326818
0.000000 0.000000 0.000000
0.158536 -0.172106 0.098415
0.498798 -0.151988 -0.334244
0.980812 -0.104702 -0.146849
0.003338 0.161972 -0.317337
-0.044880 0.337997 0.047128
0.000000 0.000000 0.000000
0.000000 0.000000 0.000000
0.214077 -0.036052 0.081683
0.000000 0.000000 0.000000
0.430774 0.186043 0.196986
0.000000 0.000000 0.000000
-0.080239 0.157212 0.074562
0.572848 0.135292 -0.106107
0.082509 -0.061390 -0.083785
0.310242 0.106211 -0.142129
0.032814 0.332486 -0.087392
-0.347957 -0.074842 0.122503
0.000000 0.000000 0.000000
0.000000 0.000000 0.000000
0.412339 0.075994 -0.311421
0.500278 0.144151 -0.246569
0.350984 0.126773 -0.038860
0.387310 -0.127711 -0.324945
-0.039977 0.338889 -0.067406
0.000000 0.000000 0.000000
0.986769 -0.128755 -0.087781
-0.158400 -0.061426 -0.169576
0.236118 -0.053864 -0.120702
-0.018234 0.015362 -0.038670
0.704655 0.096776 -0.275752
-0.337265 -0.164388 0.121363
0.148618 -0.166235 -0.285423
0.945144 0.017698 -0.040276
0.000000 0.000000 0.000000
0.759436 0.091173 -0.218585
0.809524 0.056819 -0.280343
-0.052576 -0.171875 -0.219137
0.488810 -0.035540 -0.370855
-0.201801 -0.063749 -0.024772
0.000000 0.000000 0.000000
0.000000 0.000000 0.000000
0.000000 0.000000 0.000000
0.000000 0.000000 0.000000
0.320061 0.149503 -0.094513
0.000000 0.000000 0.000000
0.540342 -0.174595 -0.012733
0.008431 0.023780 -0.371774
-0.015519 0.329894 0.169723
0.000000 0.000000 0.000000
0.607371 -0.174595 -0.153622
0.033389 0.051096 -0.312074
0.000000 0.000000 0.000000
0.000000 0.000000 0.000000
0.680848 -0.191652 -0.278523
-0.111138 -0.171812 -0.077691
0.000000 0.000000 0.000000
-0.202864 -0.211228 -0.301779
0.177837 -0.041394 -0.191174
0.668398 -0.174595 0.033664
0.331349 0.218835 -0.281981
-0.283864 -0.164591 -0.003369
0.000000 0.000000 0.000000
-0.042336 0.157083 0.173548
0.384574 -0.001095 0.147704
0.403198 0.132762 0.204860
0.580285 -0.046491 -0.248128
0.000000 0.000000 0.000000
0.000000 0.000000 0.000000
0.559624 -0.270847 -0.247002
-0.049176 0.029254 0.102711
0.000000 0.000000 0.000000
0.022587 -0.006742 -0.086558
0.000000 0.000000 0.000000
0.840184 -0.174595 -0.081578
0.329920 -0.172292 -0.246587
0.766038 -0.163290 -0.215845
0.000000 0.000000 0.000000
0.991988 -0.101245 0.023740
0.000000 0.000000 0.000000
0.562985 0.142028 -0.034504
-0.083202 0.091152 -0.308153
-0.131224 0.021908 -0.370968
0.000000 0.000000 0.000000
0.527000 -0.090419 -0.215845
0.349400 0.048095 0.035117
-0.252346 -0.046741 0.072630
0.179003 0.068561 -0.365395
0.116897 -0.110799 0.050781
-0.304981 -0.064409 -0.117890
0.095367 -0.172037 -0.037726
0.257680 -0.139082 0.054453
0.173500 -0.064245 -0.321657
-0.295846 -0.164546 -0.174946
0.046046 0.131170 -0.324417
-0.341377 -0.171560 0.042376
0.340379 -0.113827 -0.364827
0.582540 -0.101434 -0.291213
0.563346 -0.272008 -0.332214
0.055347 0.332665 -0.032152
0.271782 -0.178084 -0.336872
0.512847 -0.212749 -0.334116
0.327136 0.127960 -0.365969
0.364079 0.032305 -0.193031
0.969561 -0.057942 -0.193805
0.086187 0.270312 0.272015
0.000000 0.000000 0.000000
0.000000 0.000000 0.000000
0.183649 0.300355 0.001059
0.000000 0.000000 0.000000
-0.216650 -0.036361 0.170815
0.000000 0.000000 0.000000
0.000000 0.000000 0.000000
0.000000 0.000000 0.000000
0.000000 0.000000 0.000000
0.515924 0.128560 -0.003411
0.372953 0.221133 -0.072386
0.168546 -0.138961 -0.048305
0.000000 0.000000 0.000000
0.000000 0.000000 0.000000
0.623263 0.130487 0.062170
-0.160716 -0.056500 0.017528
0.000000 0.000000 0.000000
0.019501 0.072626 -0.067126
0.118298 -0.172062 -0.244489
0.340497 0.238404 0.001238
0.000000 0.000000 0.000000
0.890816 -0.141457 -0.306414
0.344417 0.097430 0.081955
0.000000 0.000000 0.000000
0.870272 -0.018459 -0.306297
