-0.053363 0.386318 0.004792
-0.053363 0.121721 -0.365946
-0.354585 -0.509748 0.103496
0.529462 -0.514498 -0.015601
0.011863 0.384797 -0.684250
0.011863 -0.177633 -0.391268
-0.043188 -0.509748 -0.420059
0.011863 0.259193 -0.074879
-0.031472 -0.512767 0.024947
-0.062298 -0.272040 -0.021831
-0.062298 -0.261552 -0.769033
-0.010135 -0.081182 -0.809161
-0.029144 0.602682 -0.341792
0.000000 0.000000 0.000000
0.011863 0.238180 -0.597930
0.327148 -0.509748 -0.309919
-0.337738 -0.521547 -0.210528
0.000000 0.000000 0.000000
0.000000 0.000000 0.000000
0.011863 0.560809 -0.196992
0.062123 -0.541301 -0.220510
0.100699 -0.414589 0.095148
-0.053363 0.024721 0.086373
0.011863 -0.046903 0.020559
0.011863 0.601636 -0.716518
0.011863 0.335499 -0.362406
0.011863 0.109538 -0.322056
-0.062298 -0.288137 0.208716
0.299079 -0.520024 -0.038699
-0.062298 -0.257150 -0.602314
-0.053363 0.323796 -0.279606
0.249363 -0.520024 0.100922
-0.053363 -0.024669 -0.220765
-0.013820 0.602682 0.105202
-0.053613 0.141151 -0.799015
0.000000 0.000000 0.000000
-0.053363 -0.011545 -0.561668
0.011863 -0.125335 -0.569942
0.011863 0.539697 -0.698639
0.011863 0.387487 0.108223
0.011863 -0.003263 -0.180942
0.011863 0.366266 -0.279336
0.055058 -0.445254 -0.121575
-0.053363 0.497405 -0.537169
-0.062298 -0.294728 -0.293953
-0.019833 -0.297092 -0.571346
0.164729 -0.536094 -0.426029
0.011863 0.075919 -0.763940
0.011863 0.508139 -0.480978
-0.059170 -0.280370 -0.460694
-0.031472 -0.479254 0.174254
0.302240 -0.520024 -0.220574
0.011863 -0.203612 -0.126575
0.000000 0.000000 0.000000
-0.168344 -0.509748 -0.309885
0.011863 0.008602 -0.398340
-0.053363 0.178572 -0.148873
0.125172 -0.471024 0.179124
-0.053363 0.472960 -0.225861
0.011863 -0.230054 0.116988
0.011863 -0.087319 -0.634148
-0.053363 0.325384 -0.482100
-0.053363 -0.015175 0.265624
-0.312780 -0.541468 0.253593
0.000000 0.000000 0.000000
0.461627 -0.541468 -0.205641
-0.320564 -0.541468 -0.035009
-0.053363 0.564249 -0.069991
-0.051067 0.460840 -0.802109
0.011863 0.452753 -0.309668
-0.055558 0.602682 -0.522470
-0.053363 -0.141614 0.124259
0.011863 0.465025 -0.047309
-0.053363 0.197409 0.096537
0.011863 0.058308 0.137109
-0.054302 0.289964 -0.798109
0.129803 -0.541468 -0.038042
0.011863 0.448716 -0.474378
-0.053363 0.065816 -0.081644
-0.053363 0.558675 0.133104
-0.062298 -0.188162 -0.198666
0.000000 0.000000 0.000000
0.011863 0.098788 -0.037485
0.011863 0.548477 0.122527
-0.053363 -0.121519 -0.683569
0.055422 -0.310179 -0.029847
-0.053363 0.130181 -0.525197
-0.053363 -0.104862 -0.084147
0.011863 -0.060628 -0.346991
0.011863 -0.092078 0.213473
0.011863 0.242407 0.115636
0.011863 -0.226116 -0.715010
-0.053363 -0.078817 -0.373451
0.011863 0.259079 -0.479602
-0.053363 0.162302 -0.677988
0.011863 0.054747 -0.571432
0.011863 0.176572 -0.762567
0.003441 0.602682 -0.052613
0.011863 0.002685 -0.677119
0.011863 0.191494 -0.221711
-0.023715 -0.489967 -0.121575
0.011863 -0.276666 -0.286831
-0.062298 -0.198185 -0.553904
0.407605 -0.520024 -0.012818
0.011863 0.431298 -0.762439
-0.053363 0.398340 -0.229212
-0.053363 0.303918 -0.633445
-0.053363 0.477392 -0.394036
-0.053363 0.333111 -0.115257
-0.062298 -0.203601 -0.252254
-0.059170 -0.180154 -0.744810
-0.031472 -0.395034 0.088478
-0.053363 0.464880 0.144146
0.042037 -0.509748 -0.373815
0.011863 -0.160004 -0.268630
0.011863 0.570708 -0.337557
0.011863 -0.131123 0.089968
-0.053363 0.529929 -0.653392
-0.053363 0.211630 -0.319781
0.193296 -0.520024 -0.184648
0.011863 0.411029 -0.591224
0.000000 0.000000 0.000000
-0.053363 0.138493 0.219277
0.031797 -0.371043 0.181316
-0.062298 -0.222985 -0.400843
0.122508 -0.464882 -0.011999
0.057280 -0.314465 0.073156
-0.223400 -0.541468 -0.230294
-0.053363 -0.068644 -0.700665
0.058477 -0.541468 0.112214
0.011863 0.239382 -0.354125
0.226528 -0.520024 -0.253428
-0.053363 0.275730 -0.229174
-0.053363 0.026172 -0.471705
-0.029075 -0.297092 -0.336633
-0.031472 -0.338132 -0.096572
0.000000 0.000000 0.000000
0.011863 -0.237737 -0.634572
-0.338926 -0.541468 0.201408
-0.053363 0.104612 -0.243197
-0.062298 -0.212923 -0.130554
0.000000 0.000000 0.000000
-0.053363 0.257223 -0.011733
0.000000 0.000000 0.000000
-0.391959 -0.512334 -0.079101
-0.053363 0.406614 -0.538822
0.011863 0.116226 -0.444269
0.065206 -0.332740 -0.097796
-0.293820 -0.516248 -0.100265
-0.053363 0.502995 0.050773
0.000000 0.000000 0.000000
-0.053363 -0.095483 -0.482384
-0.053363 0.338647 0.101459
-0.053363 -0.113343 0.015547
0.110586 -0.520024 -0.326216
0.011863 0.248842 -0.738218
-0.053363 0.058403 -0.129636
0.011863 0.360042 -0.167737
0.018374 -0.224746 -0.006815
0.031431 -0.541468 -0.083797
0.455149 -0.541468 -0.089736
0.000000 0.000000 0.000000
-0.053363 0.181178 -0.032947
-0.053363 0.444187 -0.122016
-0.002105 0.562657 -0.804220
-0.053363 -0.138485 0.244582
0.011863 0.121235 -0.650792
-0.053363 0.213378 -0.451578
0.011863 0.284356 -0.296184
0.011863 -0.092098 -0.103857
-0.053363 0.049212 -0.708856
0.000000 0.000000 0.000000
0.000000 0.000000 0.000000
0.011863 0.263266 0.177563
0.011863 0.292537 0.007966
-0.062298 -0.237181 0.088484
0.237917 -0.541468 -0.379920
0.011863 -0.036030 -0.503060
-0.053363 0.370661 -0.377408
0.011863 0.535877 -0.591973
0.011863 0.167397 -0.123332
-0.092204 -0.509748 -0.352036
-0.404676 -0.540987 0.041182
-0.053363 0.552672 -0.287443
-0.053363 0.401045 -0.735893
0.381617 -0.541468 -0.264368
-0.031472 -0.399887 -0.022482
-0.031472 -0.512626 0.094319
-0.023553 -0.297092 -0.170323
0.011863 0.452585 -0.153051
0.011863 0.180027 0.037634
-0.031472 -0.380393 -0.115357
0.151704 -0.532208 0.081307
-0.302708 -0.509748 -0.266170
0.000000 0.000000 0.000000
-0.053363 0.117017 0.114706
-0.053363 0.013646 -0.318175
-0.062298 0.579663 -0.231612
-0.053363 0.028991 0.176630
0.286535 -0.520024 -0.121854
0.011863 0.439754 -0.238580
-0.053363 0.549147 -0.750838
0.011863 0.050583 0.023659
0.009951 0.602682 -0.607328
-0.053363 0.099674 0.024499
-0.053363 -0.015120 -0.625245
-0.053363 0.004036 -0.010126
0.138410 -0.527109 -0.121575
0.011863 0.564308 0.034779
0.011863 0.144556 0.134332
-0.053363 0.244637 -0.539929
0.011863 0.298234 -0.665819
-0.053363 0.120853 -0.627468
-0.059521 -0.274861 -0.702814
-0.053363 0.430851 -0.637078
0.384778 -0.520024 -0.155885
0.011863 -0.248761 -0.466122
0.011863 -0.277731 0.157834
-0.219625 -0.509808 0.282271
0.011863 0.001143 -0.070143
-0.059819 0.101516 -0.775357
0.051711 -0.490470 0.181316
0.000000 0.000000 0.000000
-0.053363 0.560908 -0.412917
-0.053363 -0.082346 -0.282558
0.011863 0.392194 -0.096277
0.011863 0.549745 -0.424432
0.011863 0.151312 -0.546518
-0.062298 -0.194834 0.141037
-0.053363 -0.066577 0.181209
0.058889 -0.541468 0.009927
0.011863 0.426800 0.020457
-0.020450 -0.179828 -0.812074
0.011863 -0.134291 -0.729351
-0.059174 -0.023281 -0.775357
-0.026671 -0.541468 -0.340364
-0.278650 -0.509748 -0.181121
-0.053363 0.274706 -0.390041
-0.333028 -0.541468 0.048459
0.011863 0.542687 -0.071008
-0.053363 0.471547 -0.036472
0.011863 -0.232109 0.219541
-0.053363 0.274040 -0.710915
0.011863 -0.090678 -0.201244
0.011863 0.326254 -0.558611
-0.019558 0.367355 -0.811955
-0.061422 0.602682 -0.138856
-0.008345 -0.297092 -0.699740
0.470860 -0.509748 -0.158030
-0.031472 -0.315082 0.103710
-0.053363 -0.049909 0.080901
-0.060035 0.210347 -0.787594
-0.053363 0.242684 0.177327
0.082208 -0.371948 0.012604
-0.053363 -0.116173 -0.594142
0.134429 -0.492371 -0.112995
0.011863 -0.035829 0.105556
-0.027850 0.602682 -0.256167
0.011863 -0.065749 -0.255874
0.011863 -0.109896 -0.444362
0.265931 -0.541468 -0.322364
0.000000 0.000000 0.000000
-0.053363 0.525169 -0.151544
-0.162656 -0.539241 -0.378977
-0.053363 0.347993 -0.154717
-0.254011 -0.509748 -0.304052
0.000000 0.000000 0.000000
0.011863 0.410904 -0.412957
-0.053363 -0.101695 -0.172254
-0.053363 -0.008655 -0.113198
-0.062298 -0.241832 -0.195499
0.011863 -0.186653 -0.506876
-0.053363 0.415460 -0.307312
-0.053363 0.260111 -0.107414
0.086492 -0.509748 -0.432026
-0.060766 -0.183530 -0.048870
0.011863 0.517403 -0.260176
-0.053363 0.270149 -0.577247
0.011863 0.090823 -0.143216
0.011863 0.016754 -0.321074
-0.062298 -0.239762 0.281658
0.011863 0.188520 -0.050400
-0.048939 0.602682 -0.442170
-0.008027 -0.297092 -0.799110
-0.009866 -0.297092 0.019033
-0.053363 0.445828 0.046958
-0.053363 -0.153861 -0.325658
0.005273 -0.297092 -0.059134
0.228502 -0.520024 0.000081
-0.053363 0.180989 -0.724399
-0.053363 0.171397 0.014058
0.011863 -0.166556 0.011816
-0.062298 0.596485 0.000501
0.311944 -0.520024 0.014154
-0.053363 0.401549 -0.448783
-0.062298 -0.195315 -0.649282
-0.053363 0.270103 0.059565
-0.053363 0.068725 -0.616854
-0.053363 0.094449 -0.450772
-0.053363 0.054189 -0.534813
-0.294994 -0.510476 0.159684
0.011863 -0.161193 -0.644651
-0.053363 0.086589 -0.287688
0.507166 -0.509748 -0.077861
-0.053363 -0.006274 -0.400044
0.011863 0.468129 0.088785
0.000000 0.000000 0.000000
0.011863 0.135805 -0.212498
0.011863 -0.285088 -0.403414
0.011863 0.378252 -0.033498
-0.053363 0.396144 0.146851
0.011863 -0.184345 -0.178801
0.011863 0.502441 0.024412
0.011863 0.327843 -0.753725
0.011863 0.244252 -0.143371
-0.061052 -0.183530 -0.475524
0.229773 -0.520024 -0.064387
0.000000 0.000000 0.000000
-0.053363 0.065681 0.244479
-0.053363 0.349011 -0.670353
-0.062298 -0.292347 -0.125611
0.131246 -0.485031 0.111113
0.369530 -0.532834 -0.195039
-0.062298 -0.193089 0.029503
0.181822 -0.540997 -0.329046
-0.053363 0.251287 -0.170307
0.011863 0.357162 0.056403
0.100621 -0.414408 -0.052027
0.011863 0.379269 0.188974
-0.053363 0.491145 -0.469103
0.000000 0.000000 0.000000
0.011863 -0.161077 0.161745
0.011863 -0.121482 -0.322686
-0.053363 0.162402 -0.314082
-0.031472 -0.533610 0.150656
-0.361191 -0.541468 -0.134884
0.011863 -0.030186 -0.602487
-0.057602 0.602682 -0.601568
0.011863 0.105399 0.205037
0.011863 0.453374 -0.688864
-0.053363 0.192372 -0.577118
-0.061229 -0.121748 -0.783911
0.011863 0.473728 -0.566831
0.011863 -0.012963 0.206078
0.000000 0.000000 0.000000
-0.053363 0.363909 -0.297886
-0.053363 0.343047 -0.556445
0.037849 -0.269656 -0.115148
-0.053363 0.499863 -0.323733
0.011863 0.188643 -0.686106
-0.056506 0.565620 0.073988
0.011863 -0.003643 -0.752450
0.011863 0.302292 -0.222839
-0.258127 -0.525032 0.231702
-0.029952 0.602682 -0.663289
0.011863 0.188412 -0.450058
-0.053363 -0.079666 -0.573951
-0.053363 0.543519 -0.588297
-0.031472 -0.481090 -0.037187
-0.053363 0.487971 -0.708777
-0.053363 -0.050879 -0.038008
-0.037905 0.602682 -0.762962
-0.053363 -0.142129 -0.382564
-0.053363 0.221266 -0.638124
0.011129 0.602682 -0.149890
-0.053363 0.514493 0.162284
0.011863 0.374197 -0.464768
0.011863 0.252459 -0.423045
-0.053363 0.053890 -0.377393
-0.392418 -0.509748 0.007898
-0.387703 -0.535436 0.154208
0.028265 -0.509748 -0.432276
-0.053363 0.410984 -0.064658
-0.053363 0.177928 -0.385773
-0.053363 0.170733 -0.233755
-0.032971 0.024793 -0.811680
0.011863 0.060566 -0.633971
0.000000 0.000000 0.000000
0.104114 -0.520024 -0.161949
-0.031472 -0.536798 -0.094723
0.000000 0.000000 0.000000
-0.031472 -0.334642 0.021880
0.007726 -0.297092 -0.648857
-0.053363 -0.032341 -0.139391
-0.053363 0.124362 -0.107144
-0.053363 -0.123257 0.056987
-0.053363 0.109800 -0.173499
0.000000 0.000000 0.000000
-0.053363 0.464526 -0.587333
0.011863 -0.090454 -0.036369
0.011863 0.058757 -0.447520
0.011863 0.495136 -0.771981
0.347576 -0.520024 -0.082246
0.124678 -0.541468 0.019629
0.011863 -0.263874 -0.199284
-0.053363 0.158996 0.162200
-0.093639 -0.509748 -0.409351
0.029880 -0.541468 0.180470
-0.053363 0.342663 -0.056390
0.011863 -0.176741 -0.063784
-0.053363 -0.124690 -0.216203
0.000000 0.000000 0.000000
-0.053363 -0.122493 -0.527638
0.080952 -0.541468 -0.376002
0.011863 0.436308 0.156932
0.011863 0.146807 -0.379657
0.011863 0.548855 -0.521717
0.000000 0.000000 0.000000
-0.053363 0.049887 -0.028479
-0.053363 0.255829 -0.313891
-0.053363 0.045696 -0.192587
0.122586 -0.541468 0.135703
-0.118066 -0.541468 -0.319701
0.011863 -0.225909 -0.774087
-0.053363 0.518720 -0.388371
-0.053363 -0.021766 0.134431
-0.062298 -0.228478 -0.333181
0.201473 -0.509748 -0.376167
-0.305591 -0.509748 0.294322
0.289055 -0.514203 -0.378054
-0.053363 0.129735 -0.064466
0.014894 -0.541468 0.070195
-0.189736 -0.509748 -0.266296
0.052435 -0.303291 0.154578
-0.053363 0.333861 -0.222700
0.004713 0.282302 -0.796998
-0.053363 0.334854 -0.733936
0.011863 0.493870 0.152666
0.051455 -0.434029 0.181316
-0.007664 -0.541468 -0.030360
-0.042715 0.410244 -0.808154
0.011863 0.490527 -0.197941
0.011863 0.518768 -0.133446
-0.339290 -0.509748 0.242974
-0.053363 0.528259 -0.009336
-0.053363 -0.076100 0.286564
0.011863 0.288616 0.070146
0.123096 -0.520024 -0.235547
0.463327 -0.541468 -0.018295
-0.053363 0.376751 -0.620790
0.011863 -0.205523 -0.577267
-0.053363 0.419251 -0.478758
-0.053363 -0.142729 -0.437951
0.011863 0.209612 0.164007
0.090006 -0.389929 0.158633
-0.062298 -0.238127 0.022689
-0.053363 0.202367 -0.089989
0.011863 0.174867 -0.325949
0.011863 -0.217873 -0.297633
-0.053363 -0.025668 -0.505158
0.017698 -0.223189 0.055656
0.001328 0.602682 -0.543484
-0.002553 0.602682 -0.482152
0.011863 0.063568 -0.502748
-0.053363 -0.063396 -0.428151
0.048656 -0.381259 -0.121575
-0.053363 -0.072588 -0.638043
0.000000 0.000000 0.000000
-0.053363 -0.149488 -0.130634
0.063179 -0.508417 -0.121575
0.011863 0.131407 0.067789
-0.053363 0.056315 0.124157
0.011863 0.116888 -0.578182
-0.003729 -0.297092 -0.510418
0.011863 0.328114 0.152264
-0.053363 0.508078 0.097897
0.000000 0.000000 0.000000
0.151324 -0.509748 -0.371665
-0.053363 0.438870 -0.183682
-0.053363 0.557226 -0.483157
-0.053363 -0.070327 -0.130055
0.011863 -0.170498 -0.453458
0.011863 0.185472 -0.631640
-0.062298 -0.253004 -0.532955
-0.053363 0.327315 0.016460
-0.053363 0.154971 -0.460577
0.459444 -0.509748 -0.072318
0.329490 -0.520024 -0.166114
0.329775 -0.541468 -0.267191
-0.053363 0.348210 -0.431219
-0.053363 0.496269 -0.089628
-0.053363 -0.005404 -0.684651
0.011863 0.320285 -0.076675
0.222023 -0.520024 -0.130703
0.000287 0.123157 -0.802376
0.279751 -0.509748 -0.281631
0.011863 0.065325 -0.376427
-0.053363 0.293876 0.164020
0.013614 -0.333865 -0.121575
-0.013535 -0.297092 -0.228846
-0.053363 0.042457 0.031174
-0.053363 0.291612 -0.433560
-0.053363 -0.048826 0.022184
0.224497 -0.523875 -0.313455
0.419528 -0.529645 -0.271749
-0.053363 0.098429 0.180100
-0.289037 -0.541468 -0.155176
0.258541 -0.520024 -0.192238
0.011863 0.318388 -0.416819
-0.062298 -0.187058 -0.348722
0.011863 -0.274796 0.077452
0.011863 0.261315 -0.534387
-0.053363 0.451254 -0.529351
-0.039252 0.602682 -0.189469
-0.062298 -0.228602 0.207935
0.203539 -0.520024 0.057091
-0.053363 -0.114960 0.176647
-0.053363 0.439571 -0.684273
-0.021208 -0.297092 0.166702
-0.053363 0.424423 -0.363581
-0.210824 -0.541468 -0.305276
-0.053363 0.154593 0.071817
-0.314034 -0.541468 0.103230
0.011863 -0.085975 -0.693028
0.353126 -0.541468 -0.330122
-0.053363 0.496384 -0.759776
0.011863 0.357292 -0.219581
-0.053363 0.038377 -0.768461
-0.053363 0.564783 -0.698312
-0.053363 0.223428 -0.213836
0.000000 0.000000 0.000000
0.000000 0.000000 0.000000
0.011863 0.574281 -0.281239
-0.053363 0.192650 0.216900
-0.053363 0.329151 -0.340811
0.011863 0.452427 -0.632280
-0.053363 0.308661 -0.162178
0.011863 0.050171 -0.101364
-0.053363 0.119344 -0.720691
-0.031472 -0.431563 0.026192
0.011863 0.383888 -0.539926
-0.059170 -0.182025 0.280102
-0.059423 -0.283412 -0.249078
0.000000 0.000000 0.000000
-0.062298 -0.285566 -0.403372
-0.007594 0.602682 -0.109098
-0.053363 0.078473 0.072174
0.011863 0.103217 -0.703583
-0.047252 0.530102 -0.805051
0.404289 -0.509748 -0.211216
0.036102 -0.265626 0.026472
-0.053363 -0.122628 -0.040552
-0.053363 0.255338 -0.480664
-0.062298 0.585574 -0.372687
-0.053363 0.521352 -0.246545
-0.053363 0.404110 0.097990
-0.062298 -0.248120 -0.090258
0.168631 -0.520024 -0.009457
0.000000 0.000000 0.000000
0.124434 -0.541468 -0.388524
0.011863 0.448406 -0.372288
-0.031472 -0.429166 -0.087196
-0.053363 0.060790 -0.679567
-0.062298 -0.295298 0.272588
0.011863 -0.019947 -0.241020
0.011863 0.116516 -0.090844
0.011863 -0.259662 -0.072305
0.120062 -0.459241 0.062757
0.128495 -0.478686 -0.059481
-0.031472 -0.391120 0.144109
-0.053363 -0.076923 0.234291
-0.053363 -0.035035 -0.265203
0.011863 0.306474 -0.604321
0.032886 -0.541468 -0.401204
-0.053363 -0.152624 -0.698226
0.011863 0.208785 0.221476
-0.022996 0.602682 -0.406897
-0.018623 0.190991 -0.811833
0.078068 -0.541468 -0.057433
0.130616 -0.541468 -0.082814
-0.219810 -0.514221 -0.346600
0.077945 -0.541468 0.171564
0.062123 -0.537221 -0.275172
-0.053363 0.438083 -0.760128
-0.053363 -0.042534 -0.319251
-0.054200 0.602682 -0.709525
-0.053363 0.098524 -0.515771
0.000000 0.000000 0.000000
-0.339818 -0.509748 -0.006178
-0.053363 -0.010675 -0.731217
-0.053363 0.132575 -0.574755
0.011863 0.496305 -0.664021
-0.246102 -0.534978 -0.191143
0.011863 0.230496 -0.290823
-0.378513 -0.541468 -0.035617
0.011863 0.572768 -0.652275
-0.053363 0.004946 -0.064063
0.000000 0.000000 0.000000
0.011863 0.004544 -0.004278
-0.344586 -0.541468 -0.079340
-0.053363 0.030403 -0.600279
0.011863 -0.075185 -0.550467
0.011863 0.136493 -0.275553
-0.053363 0.225741 -0.698227
-0.053363 0.218392 0.045466
-0.053363 0.495581 -0.615340
-0.031472 -0.460259 0.129951
0.011863 -0.019533 -0.443891
-0.053363 -0.146341 -0.276034
0.011863 0.374362 -0.765526
0.011863 0.517315 -0.337317
0.011863 0.078982 0.077651
0.011863 -0.099785 0.027433
-0.053363 -0.077333 -0.772185
0.417323 -0.535510 -0.107582
0.011863 0.230591 0.046426
-0.053363 0.292387 -0.517957
0.011863 -0.248807 0.179415
-0.053363 0.555890 -0.340141
-0.053363 0.235537 0.133064
-0.264032 -0.541468 -0.263373
0.011863 -0.073811 -0.145668
-0.053363 0.052543 -0.246593
-0.344933 -0.509748 -0.111804
-0.031472 -0.351882 -0.044097
0.011863 0.440393 -0.094165
-0.053363 0.164452 -0.627857
0.011863 -0.070657 -0.762903
0.011863 -0.282661 0.232355
-0.053363 0.114305 -0.404274
-0.053363 0.447802 0.097193
-0.053363 0.010189 0.221673
0.011863 -0.014778 0.153914
-0.053363 -0.033736 -0.465421
-0.284238 -0.541468 0.193435
0.085764 -0.541468 0.071788
0.011863 -0.291403 -0.742577
-0.054320 -0.219576 -0.798085
0.011863 0.346477 -0.112079
-0.053363 0.331535 0.142717
-0.000434 -0.420923 -0.121575
-0.053363 0.248577 0.093667
0.011863 -0.140992 0.228918
-0.053363 -0.158973 -0.009105
0.062123 -0.529597 -0.330228
-0.053363 -0.054145 -0.090481
0.011863 0.144601 -0.500700
-0.053363 -0.084020 0.134440
0.383223 -0.509748 -0.289336
-0.053363 0.474195 -0.276464
-0.018449 -0.297092 -0.018022
-0.017980 0.602682 0.048921
0.097634 -0.407521 0.045157
-0.001816 -0.541468 -0.383692
0.011863 -0.075003 0.137427
0.506493 -0.541468 -0.060454
-0.053363 0.358398 0.055947
-0.053363 0.401980 -0.114203
-0.058452 -0.541468 -0.378657
0.011863 0.146771 -0.722401
0.011863 -0.043438 -0.720998
-0.053363 0.209892 -0.262790
0.011863 0.190495 -0.403304
0.011863 0.282962 -0.383888
0.099502 -0.509748 -0.368781
0.011863 -0.151959 -0.141389
0.382007 -0.520024 0.025525
-0.053363 0.514703 -0.199754
0.011863 -0.200787 -0.225115
0.000000 0.000000 0.000000
-0.062298 -0.231409 -0.681401
0.011863 -0.064809 -0.395741
-0.053363 -0.080831 -0.228873
-0.053363 0.562562 -0.162789
-0.059170 -0.277950 0.050382
0.074183 -0.353444 0.096800
-0.307113 -0.513016 -0.053613
0.011863 -0.137673 -0.213622
-0.021147 -0.297092 -0.431685
-0.372610 -0.509748 0.208109
-0.053363 0.408311 0.063209
-0.053363 0.250312 0.227376
0.011863 0.125026 0.002735
-0.053363 -0.129963 0.281172
0.011863 -0.183866 -0.734910
-0.053363 0.395486 -0.676541
-0.053363 0.527428 -0.104447
-0.053363 -0.015316 -0.436853
0.046908 -0.290545 -0.071350
-0.053363 0.362242 -0.511556
0.000000 0.000000 0.000000
-0.053363 0.459898 -0.317349
0.011863 0.583936 -0.383360
-0.059170 -0.178653 -0.597154
0.011863 0.369919 0.013287
-0.053363 0.015274 -0.156961
-0.003283 -0.541468 0.114905
0.011463 -0.541468 0.011276
-0.053363 0.288357 -0.273420
-0.053363 0.116149 -0.668927
-0.061244 -0.183530 0.095186
-0.053363 0.216786 -0.375885
-0.053363 -0.143075 -0.085130
-0.053363 0.314349 -0.589050
-0.053363 0.029007 -0.649796
-0.053363 0.011419 -0.228638
0.128903 -0.532166 0.181316
-0.053363 -0.097650 0.093177
-0.050241 0.602682 -0.297232
-0.053363 0.076385 -0.743123
-0.006058 0.602682 -0.006876
-0.053363 -0.116156 -0.738717
-0.053363 -0.021947 0.175217
0.011863 0.511982 0.072799
-0.053363 -0.119882 -0.307752
0.011863 -0.281202 -0.144648
-0.057605 -0.162572 -0.793556
0.084856 -0.378054 -0.076314
-0.053363 -0.030794 -0.372695
-0.053363 0.191331 -0.491937
0.342471 -0.520024 -0.020691
0.011863 0.292196 -0.112710
0.011863 0.045544 -0.152965
0.038096 -0.541468 -0.036221
-0.053363 -0.005188 0.033915
-0.053363 0.263171 -0.755826
0.000000 0.000000 0.000000
