0.050267 -0.147425 -0.015327
0.000000 0.000000 0.000000
0.067520 0.094706 -0.021385
0.007809 0.091512 0.084475
-0.015014 -0.133004 0.053666
0.079462 -0.053486 -0.076790
0.114967 0.135906 -0.035397
-0.056216 0.584707 0.216261
-0.121980 0.020108 0.102326
0.000000 0.000000 0.000000
0.120431 0.249023 -0.027342
0.033730 0.347367 0.220335
-0.063990 0.187094 0.121665
-0.013368 0.108986 -0.038298
-0.051827 0.494912 0.186747
0.000000 0.000000 0.000000
-0.043697 -0.777990 -0.037012
-0.007389 -0.577237 -0.026777
-0.168744 0.590989 0.149598
0.000000 0.000000 0.000000
0.016127 0.460078 0.133797
-0.146315 0.348240 0.169122
0.048924 0.399072 0.121131
0.030636 -0.668418 0.133034
0.000000 0.000000 0.000000
-0.018390 -0.203587 0.008107
0.195954 0.334610 0.010416
0.112903 -0.672540 -0.103339
-0.172117 -0.653839 -0.016983
0.008455 -0.380190 0.051575
0.065392 0.018369 0.039902
0.022317 -0.397257 -0.005192
0.000000 0.000000 0.000000
0.000000 0.000000 0.000000
-0.088843 0.304743 0.129059
0.000000 0.000000 0.000000
-0.023870 -0.419519 0.004531
0.000000 0.000000 0.000000
-0.054029 -0.650918 -0.167377
0.023134 0.244013 0.133562
0.128894 0.125437 0.008912
0.009876 -0.214119 0.005164
-0.055438 0.569820 0.174732
0.000000 0.000000 0.000000
-0.199480 0.099092 0.165593
0.000000 0.000000 0.000000
-0.019645 0.184568 0.029077
-0.117574 0.525881 0.117935
-0.098924 -0.558863 0.115640
0.000000 0.000000 0.000000
0.130253 -0.576869 0.038227
0.000000 0.000000 0.000000
0.117102 -0.776811 0.030814
-0.114542 -0.751828 0.105569
0.136088 0.352371 0.065778
0.184465 0.167334 0.047376
0.000000 0.000000 0.000000
0.030920 0.301755 0.151325
0.000000 0.000000 0.000000
0.000000 0.000000 0.000000
0.081664 0.062804 -0.042532
0.022612 -0.043686 -0.011032
-0.125118 -0.777990 -0.049209
-0.130112 -0.566459 -0.087148
0.053454 -0.558863 -0.150897
0.019691 -0.768697 -0.158208
0.000000 0.000000 0.000000
-0.023747 0.125190 0.031581
0.068241 0.149711 0.100928
0.000000 0.000000 0.000000
0.029942 -0.577237 0.098382
0.131695 0.304603 0.054050
0.015997 -0.508326 0.040316
0.000000 0.000000 0.000000
0.067107 0.243629 0.031137
0.007073 -0.777990 0.111708
-0.020756 0.499062 0.248358
0.021407 -0.516487 -0.018724
0.002383 -0.257392 0.044352
0.002563 0.413554 0.215701
0.045519 -0.285281 -0.010005
0.227713 0.236709 -0.019189
-0.103424 0.101977 0.092885
0.139755 -0.723329 0.006338
-0.140695 -0.562767 0.035218
-0.039935 -0.027904 0.085676
-0.155115 0.464340 0.156578
0.111760 -0.577237 -0.051357
-0.075793 -0.759774 -0.156818
0.000000 0.000000 0.000000
-0.040948 0.388488 0.055039
0.057505 -0.777990 -0.067609
-0.032205 -0.051621 0.007094
-0.017893 0.511724 0.117502
-0.042320 0.214141 0.068828
0.000000 0.000000 0.000000
0.000000 0.000000 0.000000
0.000000 0.000000 0.000000
0.130816 -0.655072 -0.067924
-0.027145 0.298831 0.052452
-0.047870 -0.577237 -0.130874
-0.014263 0.010970 0.059602
0.033481 0.144738 -0.028534
-0.024468 -0.052637 -0.036805
-0.137792 -0.685160 -0.113625
0.000000 0.000000 0.000000
0.037074 -0.659808 -0.162371
-0.001263 0.032069 0.070366
-0.048577 0.241816 0.030283
-0.134376 -0.660052 0.086897
-0.038140 -0.611331 0.140221
-0.079952 -0.777990 -0.045315
0.084537 0.191634 -0.030838
0.113650 0.037934 -0.092621
0.065457 0.079462 0.144296
-0.166682 -0.739127 0.025707
0.036188 0.115525 0.010106
0.000000 0.000000 0.000000
-0.030600 -0.577237 0.066893
0.002637 -0.535723 0.008922
0.082182 0.407348 0.052053
0.009058 0.047678 0.006428
-0.012085 0.335109 0.079109
0.125542 0.222069 0.021635
-0.017736 -0.330364 -0.000470
-0.044160 -0.727468 0.139155
0.104140 -0.653361 0.083973
0.059103 0.449607 0.134233
-0.086958 -0.777990 0.044585
0.097916 -0.748937 -0.123967
-0.095250 0.410315 0.110290
0.010619 -0.777990 0.024190
-0.099271 0.376026 0.080695
-0.117498 -0.602875 -0.134850
0.095089 0.062938 0.104880
0.010322 -0.115576 -0.008574
0.000000 0.000000 0.000000
-0.090667 0.229160 0.139980
-0.062843 0.570825 0.282234
-0.047606 0.050256 0.060710
-0.162956 -0.745442 -0.068605
0.101975 -0.737193 0.086952
0.000000 0.000000 0.000000
-0.009003 -0.582950 -0.171650
0.000000 0.000000 0.000000
-0.037332 -0.126329 0.005028
0.068330 -0.577237 0.018066
-0.053956 0.467818 0.067869
-0.083963 -0.577237 -0.024846
0.000000 0.000000 0.000000
-0.013893 -0.056986 0.062103
0.000000 0.000000 0.000000
-0.062766 -0.777990 -0.107216
0.110468 -0.584633 -0.106692
0.010757 0.266417 0.032358
-0.076778 0.301145 0.065688
-0.161506 -0.614361 -0.073067
0.180490 0.216976 0.067160
0.010514 -0.692210 -0.171001
0.018513 0.190733 0.007446
0.055070 0.143507 0.164460
-0.049829 0.163805 0.087996
0.000000 0.000000 0.000000
0.000000 0.000000 0.000000
0.052486 0.117805 0.041309
0.118125 -0.777990 -0.044931
0.000000 0.000000 0.000000
0.096604 -0.576737 0.094345
0.021512 0.033871 -0.017697
-0.121625 -0.563878 0.100423
0.028100 -0.577237 -0.089618
0.070333 0.315223 0.013436
0.049531 -0.577237 0.025933
-0.150339 -0.559082 -0.026644
0.028531 -0.592251 0.133718
0.032404 -0.777990 -0.086109
0.139755 -0.605081 -0.016097
0.024091 0.411156 0.051107
-0.007301 0.139336 0.085137
0.000000 0.000000 0.000000
0.047734 0.101295 -0.050548
0.000000 0.000000 0.000000
-0.030132 -0.271057 0.003071
-0.150532 0.141608 0.124970
-0.085433 -0.676757 0.125744
-0.152532 0.040765 0.152243
0.130494 -0.746079 -0.068913
-0.159517 -0.679255 0.047759
0.015682 0.384644 0.180031
0.013376 -0.439935 0.045017
-0.065492 0.011059 0.091304
0.020510 -0.456385 -0.003795
0.000000 0.000000 0.000000
0.000000 0.000000 0.000000
0.000000 0.000000 0.000000
0.025472 0.241810 0.003807
-0.015248 -0.482933 0.018640
0.047460 0.065791 0.012589
0.133178 -0.659127 0.029225
0.036892 -0.737444 0.131002
-0.045822 0.068943 -0.009240
-0.158777 -0.607454 0.050035
0.040073 -0.330051 -0.017013
0.000000 0.000000 0.000000
0.000000 0.000000 0.000000
0.021032 0.505176 0.186593
0.055128 -0.081811 -0.003018
-0.124676 -0.768861 -0.115614
-0.036352 -0.558863 0.134233
-0.004594 -0.059175 0.032184
0.079848 0.185277 0.019089
0.062354 -0.596024 -0.151403
0.000000 0.000000 0.000000
0.253525 0.299653 -0.003232
0.000000 0.000000 0.000000
0.039951 -0.220966 -0.017103
-0.100019 -0.702347 -0.147550
0.000000 0.000000 0.000000
0.067970 -0.710099 -0.147323
0.000000 0.000000 0.000000
-0.056893 0.440405 0.065621
-0.067021 -0.581817 -0.163156
-0.000748 -0.196590 0.055855
0.000000 0.000000 0.000000
-0.007249 0.374707 0.120658
-0.172117 -0.694913 -0.020551
0.068516 -0.777990 0.070023
0.002095 -0.308943 0.040590
0.004027 -0.370824 0.012047
-0.095533 -0.617548 0.119380
0.000708 -0.277062 0.005783
-0.065484 0.363202 0.037712
0.032708 0.456662 0.191083
0.066588 -0.614389 0.116897
0.087542 -0.575998 0.069770
-0.066721 0.253955 0.092317
0.060624 -0.090005 -0.032300
0.000000 0.000000 0.000000
-0.077028 -0.577237 0.031922
-0.092861 -0.558863 -0.149904
0.006480 -0.085064 0.025195
0.011788 0.048808 0.096469
-0.070769 -0.771528 0.118691
0.000000 0.000000 0.000000
0.000000 0.000000 0.000000
-0.075004 -0.577237 -0.093934
-0.028350 -0.665594 0.140221
-0.143097 -0.642695 -0.106323
0.000000 0.000000 0.000000
-0.042912 0.096812 0.066475
0.068069 -0.777990 -0.003404
0.000000 0.000000 0.000000
-0.037012 -0.777959 -0.156076
-0.054036 0.352586 0.079664
0.020255 -0.577237 -0.117601
-0.159596 -0.654830 0.047516
0.020053 -0.577237 -0.029564
-0.032521 0.006869 -0.003120
-0.005744 -0.738088 0.140221
-0.135745 -0.777990 0.007913
0.032010 0.160544 -0.001147
0.000000 0.000000 0.000000
0.095544 0.166217 -0.007401
-0.121755 0.382909 0.134415
0.075941 -0.009816 -0.052852
0.126879 -0.013675 -0.119509
-0.172117 -0.593207 -0.012495
-0.028316 -0.777990 -0.004450
-0.015477 0.429508 0.151846
0.117329 -0.559533 0.007534
0.001563 -0.558400 0.044858
-0.035970 -0.777990 0.051254
0.180110 0.219531 0.011745
0.001303 -0.007743 0.020432
-0.021551 0.426202 0.080368
0.088526 0.326171 0.029658
0.068306 -0.705883 0.115649
0.011026 0.543309 0.167839
-0.124378 0.471641 0.100871
0.000000 0.000000 0.000000
0.006511 0.219908 0.037936
0.049835 -0.006938 -0.000534
-0.014080 -0.643466 -0.171650
0.058919 -0.577237 -0.030362
0.134376 -0.578146 -0.056966
0.089252 -0.638532 -0.131861
-0.162255 -0.709847 -0.070762
0.003540 0.087021 0.013735
-0.107249 -0.577237 0.082691
-0.137773 -0.709925 0.082221
0.187415 0.164588 -0.000169
-0.029795 -0.577237 -0.076434
-0.092551 0.281204 0.032154
-0.003167 -0.577237 0.098401
0.018479 0.322582 0.009354
-0.043622 0.483517 0.148219
-0.137404 0.087259 0.125750
0.095995 0.271242 0.008370
-0.001159 0.288978 0.102681
0.037448 -0.556062 -0.009337
-0.054085 -0.701079 -0.167359
0.000000 0.000000 0.000000
0.061494 0.270286 -0.026430
0.022156 -0.777990 -0.014893
0.139755 -0.676164 -0.023337
0.071343 0.139086 -0.010780
-0.168683 -0.759946 -0.019542
0.061029 -0.762128 -0.146304
0.000000 0.000000 0.000000
0.081229 -0.672530 -0.137690
0.000000 0.000000 0.000000
-0.017164 -0.777990 -0.084216
-0.042334 -0.577237 -0.046153
0.000000 0.000000 0.000000
0.000000 0.000000 0.000000
0.076081 -0.577237 -0.080088
-0.082246 -0.777990 -0.019926
0.074509 0.371240 0.089011
-0.146950 -0.747667 0.069590
-0.005267 0.148387 -0.005005
0.128060 -0.729813 0.044978
-0.026590 -0.577237 0.019704
0.000000 0.000000 0.000000
0.176841 0.285777 0.006226
-0.009470 -0.003040 -0.024652
-0.053280 0.137989 0.059679
-0.015327 0.053647 0.039924
-0.047623 0.108118 0.001645
-0.098235 -0.647659 -0.148846
0.056479 -0.558863 0.115798
0.000000 0.000000 0.000000
0.000000 0.000000 0.000000
-0.042495 0.543874 0.239935
-0.022581 0.227412 0.013349
0.026437 -0.777990 0.070318
0.072504 -0.755964 0.111673
0.128850 -0.695597 -0.073974
-0.126938 0.560618 0.108329
0.000000 0.000000 0.000000
0.028127 0.161544 0.126215
-0.117724 0.441754 0.125227
-0.046218 0.158774 0.014232
0.000000 0.000000 0.000000
0.000000 0.000000 0.000000
0.084454 0.351208 -0.003188
-0.149350 -0.584131 -0.097716
0.023962 0.369593 0.026055
-0.040152 -0.777990 0.110809
-0.046160 0.329446 0.031575
-0.110466 -0.777990 0.079076
0.019185 -0.594726 -0.168184
0.000000 0.000000 0.000000
0.004667 0.328845 0.122530
0.113716 -0.699599 0.070791
-0.116836 0.307170 0.163284
0.000000 0.000000 0.000000
0.121734 -0.558863 -0.016931
0.130039 -0.620587 0.038885
-0.093685 -0.777990 -0.087988
0.029513 -0.726367 -0.164828
-0.086730 -0.724283 0.125322
0.014471 -0.160334 0.000209
-0.022300 0.265836 0.031901
0.027148 0.080584 -0.023011
-0.008272 -0.564922 -0.149873
0.000000 0.000000 0.000000
0.026362 -0.361001 -0.000971
0.000000 0.000000 0.000000
0.000000 0.000000 0.000000
0.000000 0.000000 0.000000
-0.039416 0.535077 0.195262
0.007437 -0.623736 0.140221
0.061591 0.233394 -0.012749
-0.088381 0.270579 0.106285
0.000000 0.000000 0.000000
0.080113 -0.558863 -0.119348
0.023649 -0.577237 0.066918
0.000000 0.000000 0.000000
-0.029619 -0.169747 -0.003957
0.077996 -0.777990 -0.109326
0.125507 -0.617432 -0.084264
-0.131923 -0.617949 0.090274
0.004273 -0.443532 0.005393
0.263474 0.264238 -0.018038
-0.165316 -0.665919 -0.061343
0.068552 0.413966 0.083585
-0.053691 -0.577237 0.103776
0.000000 0.000000 0.000000
-0.000598 -0.173190 0.053913
0.000000 0.000000 0.000000
-0.124481 -0.732652 -0.129776
-0.011546 -0.018522 0.054674
0.036420 0.017867 0.104483
0.116015 -0.716594 -0.099056
0.135873 -0.760612 -0.007699
0.002621 -0.558863 0.128919
0.020917 0.342216 0.168863
-0.168789 -0.711030 0.019223
0.102799 -0.068571 -0.111462
0.047904 -0.777990 0.027224
-0.002489 -0.777990 -0.124114
-0.171677 -0.621817 -0.041764
-0.065022 -0.640651 0.132376
0.070549 0.266071 0.009818
-0.063764 -0.622826 -0.164214
-0.168614 -0.577341 -0.051192
-0.023663 -0.719911 -0.171650
0.031984 -0.261931 0.000658
-0.108168 -0.711368 0.110200
0.045593 -0.185717 0.000296
0.060973 0.032419 -0.015180
0.139755 -0.632165 0.004585
0.000000 0.000000 0.000000
0.064111 -0.650409 0.118697
-0.170074 -0.630234 0.015269
0.045883 0.213540 0.012191
0.000000 0.000000 0.000000
-0.039061 -0.091988 0.005334
0.096695 0.353940 0.048233
-0.156701 0.530838 0.106431
0.148752 0.187219 0.022143
0.016493 -0.558863 -0.147842
-0.121532 -0.577237 -0.031524
-0.168514 -0.575524 0.020069
0.000000 0.000000 0.000000
-0.010286 -0.100143 0.060838
0.000000 0.000000 0.000000
-0.084988 0.340552 0.097560
0.000000 0.000000 0.000000
-0.020657 -0.553088 0.006620
-0.007982 -0.698011 0.140221
-0.035356 -0.758961 0.137451
0.002253 -0.342659 0.038844
0.106628 -0.574247 0.040467
0.010412 0.146132 0.027064
-0.075590 -0.586672 0.128942
-0.121939 0.509847 0.083606
0.139755 -0.709667 -0.036400
-0.027614 0.478289 0.087777
0.034525 -0.425895 -0.018209
-0.076142 0.221788 0.101371
0.012367 -0.577237 0.010970
0.113215 -0.607342 0.071481
-0.021589 -0.515358 0.009295
-0.147371 -0.719925 -0.100440
-0.045486 0.283446 0.077526
0.104833 -0.768290 0.067612
-0.046028 -0.577237 -0.008252
0.010305 -0.478672 0.051149
-0.108317 -0.577237 0.007233
0.041626 0.313397 0.188040
0.000000 0.000000 0.000000
0.055189 -0.632031 -0.156486
-0.053627 0.216302 0.006241
0.000000 0.000000 0.000000
-0.048330 0.530387 0.144203
-0.092955 0.041488 0.083221
-0.162613 -0.706459 0.038231
-0.045656 0.264954 0.055459
0.053840 -0.055423 -0.000313
0.013232 -0.075711 -0.005034
0.113840 0.296760 0.018573
0.077215 0.110277 0.101739
0.000000 0.000000 0.000000
-0.009911 -0.351744 0.011804
0.091054 0.109998 0.150342
0.109621 -0.775804 -0.083833
-0.097484 -0.577237 -0.061304
0.000000 0.000000 0.000000
0.000000 0.000000 0.000000
0.053593 0.189178 -0.037016
0.137857 -0.627164 -0.046252
0.003271 0.293437 0.013402
0.039358 -0.485172 -0.006776
-0.142020 -0.585273 0.076377
0.065526 0.081126 0.048719
0.002761 0.254295 0.101210
0.000000 0.000000 0.000000
0.002991 0.521277 0.155452
0.112357 -0.569454 0.072662
0.000000 0.000000 0.000000
0.017524 0.184842 0.040467
-0.114569 -0.577237 0.042779
-0.026094 -0.615997 -0.171650
0.155922 0.242923 0.051489
0.097445 0.001666 -0.083244
0.123154 -0.558863 -0.086313
-0.066429 -0.777990 0.077225
0.000000 0.000000 0.000000
-0.059642 -0.777990 -0.069527
-0.172117 -0.727678 -0.036401
0.005904 -0.408928 0.007866
0.057164 -0.036583 -0.032297
0.092129 -0.686264 0.098342
0.106399 0.157563 0.017083
-0.007693 -0.577237 -0.119143
-0.168971 -0.666808 0.018665
0.075273 -0.107229 -0.062503
0.000000 0.000000 0.000000
0.078960 0.294714 -0.013939
-0.047567 -0.751806 -0.169477
0.000000 0.000000 0.000000
-0.023066 -0.299132 0.014294
0.081029 -0.777990 -0.039131
0.127191 -0.701428 0.047650
-0.057393 -0.698556 0.134855
-0.050631 0.195135 0.025121
0.039872 -0.115960 -0.013351
-0.008207 -0.777990 0.065121
0.040599 -0.777990 0.093882
-0.027791 0.142680 -0.013724
-0.076546 -0.577237 -0.125561
-0.019580 -0.231785 0.011161
0.021617 -0.644940 0.135964
0.137155 -0.581277 0.016986
0.110768 -0.777990 -0.008120
-0.153567 -0.558863 -0.001011
0.016204 -0.777990 -0.053340
-0.021501 -0.675729 -0.171650
0.000000 0.000000 0.000000
-0.143074 -0.776870 0.049679
0.000000 0.000000 0.000000
-0.117781 -0.662897 -0.134645
-0.037542 -0.559624 -0.149837
0.035382 0.082450 0.105774
-0.011694 0.434983 0.116956
0.036802 0.217365 -0.006004
0.093827 -0.606276 -0.128536
0.031418 0.484392 0.160294
-0.057181 -0.777990 0.024421
-0.067627 -0.577237 0.073002
0.000000 0.000000 0.000000
0.197580 0.258727 -0.006339
-0.131775 -0.777990 -0.082049
-0.117350 0.049875 0.122448
0.097798 -0.700296 -0.124130
-0.136483 -0.577237 0.000347
0.000000 0.000000 0.000000
0.004126 0.375597 0.053881
-0.022751 -0.383330 0.002439
-0.002946 -0.737738 -0.171650
-0.007609 0.402356 0.151389
-0.086540 -0.747122 0.125384
0.122789 -0.649056 0.058305
0.000236 0.017496 0.025126
-0.083404 0.076789 0.076947
-0.099660 -0.750295 -0.147810
0.064884 0.204338 -0.006576
-0.038269 0.462378 0.180207
0.132620 0.274378 0.034935
-0.040110 -0.777990 -0.131097
0.071042 0.168206 -0.014998
-0.003368 -0.589956 0.140221
0.031531 -0.308362 0.000910
-0.053300 -0.577237 -0.070658
-0.049154 0.317506 0.079230
-0.037189 0.038744 0.002541
0.000000 0.000000 0.000000
-0.099510 -0.648898 0.116489
0.000000 0.000000 0.000000
0.051471 -0.681190 -0.157694
-0.119568 0.348382 0.140687
-0.086699 0.425649 0.079868
-0.120760 -0.572707 -0.132480
0.000000 0.000000 0.000000
0.165474 0.318144 0.013780
0.059464 0.133282 -0.057395
-0.000260 0.495433 0.211543
0.014214 -0.542784 -0.008086
-0.142554 -0.577237 -0.057257
-0.008153 0.101351 0.068154
0.089282 0.247130 -0.010434
0.028485 0.076253 0.001198
-0.154511 -0.777990 -0.003077
0.008566 0.278308 0.134097
0.033420 -0.777990 -0.129027
0.055117 -0.577237 -0.055083
-0.135740 -0.558863 0.065602
-0.010029 -0.230510 0.051533
-0.022269 0.339491 0.111779
0.033197 0.422607 0.202756
-0.076179 -0.725918 -0.160180
-0.145842 -0.758101 -0.098818
-0.041003 0.249142 0.070986
0.038412 -0.752131 -0.161936
-0.023071 -0.457579 0.005215
-0.028241 -0.085122 -0.026384
0.000000 0.000000 0.000000
-0.042836 -0.025673 0.002645
0.048557 0.107321 0.134210
0.010113 -0.577237 -0.059890
-0.172117 -0.741785 -0.005561
-0.095168 -0.595897 -0.151074
0.005903 0.124450 -0.002439
-0.115212 -0.678577 0.105082
0.000000 0.000000 0.000000
-0.007477 -0.280281 0.045491
0.021008 -0.016278 -0.000358
-0.009842 0.301525 0.082140
0.134391 -0.610066 -0.056921
-0.111353 0.254804 0.041408
-0.160327 -0.560699 -0.076694
-0.029654 0.076947 0.060226
-0.062888 0.156614 0.135597
0.000000 0.000000 0.000000
0.006130 -0.409110 0.037636
-0.014077 -0.577237 0.040321
-0.031838 0.178395 0.066858
0.062463 -0.577237 0.091113
0.090633 -0.599950 0.099428
0.068585 0.379165 0.040817
0.021647 -0.632053 -0.167383
-0.004376 -0.030827 0.037169
0.089784 -0.769447 0.086997
-0.038101 -0.022972 -0.032632
0.108990 0.200606 0.002977
-0.106584 -0.777990 0.016384
-0.109752 -0.577237 -0.098924
-0.033160 -0.570118 -0.171650
0.036526 0.269878 0.015248
0.016968 -0.533665 0.038840
-0.062071 0.076802 0.059743
-0.009847 0.392048 0.067855
-0.096729 -0.777990 -0.128352
0.139755 -0.689100 0.001091
0.068384 0.356064 0.116413
0.000000 0.000000 0.000000
0.046236 -0.777990 -0.035362
-0.023571 -0.577237 0.101282
-0.010159 -0.777990 -0.053630
0.032760 0.294390 0.012346
0.082849 -0.777990 0.041392
0.110940 -0.640627 -0.106041
0.120180 -0.748576 0.061896
-0.049603 0.334333 0.056079
0.092113 -0.577237 -0.061043
-0.008234 0.406418 0.101884
0.002924 -0.503597 0.006637
-0.049689 0.562367 0.146473
-0.081835 -0.698214 -0.158343
0.057811 -0.577237 -0.105148
-0.030963 -0.242325 0.007951
0.000000 0.000000 0.000000
0.093340 -0.577237 -0.025782
0.000000 0.000000 0.000000
-0.034362 -0.634833 0.140221
-0.016304 0.202269 0.055352
0.060802 0.048640 0.047718
0.003123 0.228437 -0.007234
0.000000 0.000000 0.000000
-0.038548 -0.777990 -0.092669
0.089756 -0.777990 -0.065293
0.000000 0.000000 0.000000
0.043286 -0.610297 -0.160353
0.017681 -0.490842 -0.010577
-0.065383 0.112820 0.080104
0.133595 -0.558863 -0.047900
0.097159 -0.032127 -0.091329
0.000000 0.000000 0.000000
0.062514 -0.585147 0.119857
-0.171170 -0.702312 -0.043324
0.000000 0.000000 0.000000
-0.060446 0.214677 0.040927
-0.172117 -0.622124 -0.014155
0.139755 -0.559260 -0.001073
-0.004946 -0.327665 0.051174
0.000000 0.000000 0.000000
0.139755 -0.752491 -0.035175
0.130933 0.161140 0.021581
0.079107 -0.729225 0.107802
-0.162795 -0.762720 0.020509
-0.028024 0.090532 0.046193
0.079613 0.322774 -0.004104
0.000000 0.000000 0.000000
0.016659 -0.746746 0.137575
0.042417 -0.383302 -0.006564
0.000000 0.000000 0.000000
0.081176 -0.075402 -0.055573
-0.043703 0.103605 0.023342
0.036543 0.041304 0.007800
0.060512 -0.577237 0.048913
0.000000 0.000000 0.000000
-0.157225 -0.684957 -0.086242
0.043445 -0.632798 0.128872
-0.119007 0.412842 0.139059
-0.134099 -0.617534 -0.118707
0.000000 0.000000 0.000000
-0.162086 -0.767007 -0.044768
0.111306 0.248701 0.024127
0.002782 -0.305926 0.009234
0.030578 0.129757 0.125062
0.000000 0.000000 0.000000
-0.148411 -0.691016 0.067579
0.044969 -0.698017 0.128377
-0.172117 -0.676312 -0.002695
0.074855 -0.738837 -0.142320
0.124900 -0.760073 0.043316
0.028106 0.236992 0.026111
0.060366 -0.567275 -0.125930
-0.122440 -0.589645 0.099831
0.085224 -0.558863 0.087823
-0.068688 -0.612438 0.131185
-0.045561 -0.577237 -0.103844
0.000000 0.000000 0.000000
0.010225 0.013059 0.081263
0.000000 0.000000 0.000000
0.033059 -0.525930 0.001929
0.113305 -0.757222 -0.100070
-0.009178 0.464824 0.068871
0.119597 -0.558863 0.056963
-0.026595 -0.777990 0.085959
-0.024107 0.053403 0.066346
-0.127879 -0.765620 0.083494
-0.053593 -0.577237 0.047663
0.030605 0.108992 -0.021433
-0.088835 -0.777990 0.099508
-0.053183 0.134517 -0.000908
