-0.243771 -0.277008 -0.068713
0.000000 0.000000 0.000000
0.000000 0.000000 0.000000
0.000000 0.000000 0.000000
0.000000 0.000000 0.000000
-0.016643 -0.410054 -0.210901
0.000000 0.000000 0.000000
-0.074999 -0.131268 -0.110572
-0.124069 0.123705 -0.164237
-0.025559 0.012340 -0.166605
0.000000 0.000000 0.000000
0.000000 0.000000 0.000000
0.000000 0.000000 0.000000
0.000000 0.000000 0.000000
0.000000 0.000000 0.000000
0.000000 0.000000 0.000000
0.000000 0.000000 0.000000
0.000000 0.000000 0.000000
-0.153667 -0.470772 0.199028
0.000000 0.000000 0.000000
0.000000 0.000000 0.000000
-0.209314 -0.116836 -0.098255
0.000000 0.000000 0.000000
0.208085 -0.422199 -0.124327
0.000000 0.000000 0.000000
0.000000 0.000000 0.000000
0.000000 0.000000 0.000000
-0.040341 0.232574 -0.259468
0.000000 0.000000 0.000000
0.000000 0.000000 0.000000
0.000000 0.000000 0.000000
0.000000 0.000000 0.000000
0.038809 -0.222922 -0.238128
-0.160710 -0.104451 -0.251936
-0.216977 -0.487633 0.046702
-0.190789 0.011972 0.039158
0.005975 -0.250916 -0.080792
-0.245896 -0.263694 0.165255
0.000000 0.000000 0.000000
0.000000 0.000000 0.000000
0.000000 0.000000 0.000000
0.000000 0.000000 0.000000
-0.210978 -0.471748 -0.181757
-0.140877 0.000103 -0.065046
0.000000 0.000000 0.000000
0.000000 0.000000 0.000000
0.000000 0.000000 0.000000
0.000000 0.000000 0.000000
-0.173929 -0.294951 -0.227648
0.000000 0.000000 0.000000
-0.176716 -0.215769 0.001030
0.000000 0.000000 0.000000
0.000000 0.000000 0.000000
0.000000 0.000000 0.000000
0.125928 -0.340786 -0.220979
0.000000 0.000000 0.000000
0.000000 0.000000 0.000000
0.000000 0.000000 0.000000
0.000000 0.000000 0.000000
0.000000 0.000000 0.000000
0.000000 0.000000 0.000000
0.000000 0.000000 0.000000
0.000000 0.000000 0.000000
-0.225335 -0.392517 0.180077
-0.258683 -0.101681 0.043519
-0.032492 -0.095774 -0.076677
0.000000 0.000000 0.000000
0.000000 0.000000 0.000000
0.000000 0.000000 0.000000
0.000000 0.000000 0.000000
0.135511 -0.112072 -0.266687
0.000000 0.000000 0.000000
0.000000 0.000000 0.000000
-0.237842 -0.314151 0.084474
0.000000 0.000000 0.000000
-0.257806 -0.189073 -0.213018
-0.148417 -0.119861 -0.135550
-0.140342 -0.108796 0.056733
0.000000 0.000000 0.000000
0.000000 0.000000 0.000000
0.000000 0.000000 0.000000
0.213473 -0.236076 -0.236213
0.000000 0.000000 0.000000
-0.008512 -0.103256 -0.251936
0.000000 0.000000 0.000000
0.000000 0.000000 0.000000
0.000000 0.000000 0.000000
0.000000 0.000000 0.000000
-0.223601 -0.403378 -0.069678
-0.208476 -0.119861 0.054352
0.000000 0.000000 0.000000
-0.097908 -0.196266 -0.242006
0.000000 0.000000 0.000000
0.000000 0.000000 0.000000
0.000000 0.000000 0.000000
0.102596 -0.461167 -0.215161
0.000000 0.000000 0.000000
0.000000 0.000000 0.000000
0.000000 0.000000 0.000000
0.000000 0.000000 0.000000
0.000000 0.000000 0.000000
0.000000 0.000000 0.000000
-0.001680 -0.302653 -0.238814
-0.231053 -0.356688 -0.176670
0.000000 0.000000 0.000000
0.041134 -0.170992 -0.176479
0.000000 0.000000 0.000000
-0.257568 -0.190566 -0.007323
0.000000 0.000000 0.000000
-0.182273 -0.090535 0.024439
-0.228353 -0.373603 0.214643
0.000000 0.000000 0.000000
0.000000 0.000000 0.000000
-0.025424 0.138052 -0.232208
-0.139460 -0.409533 -0.210977
0.000000 0.000000 0.000000
-0.258535 -0.184506 0.137016
-0.219002 0.037501 -0.110070
0.000000 0.000000 0.000000
0.000000 0.000000 0.000000
0.192219 -0.206709 -0.254128
-0.059356 -0.184192 -0.000707
0.000000 0.000000 0.000000
0.212475 -0.319173 -0.178899
0.000000 0.000000 0.000000
0.000000 0.000000 0.000000
0.000000 0.000000 0.000000
0.000000 0.000000 0.000000
0.000000 0.000000 0.000000
-0.136011 -0.170992 -0.076176
0.000000 0.000000 0.000000
0.000000 0.000000 0.000000
0.000000 0.000000 0.000000
0.202910 -0.448337 -0.216114
0.000000 0.000000 0.000000
0.000000 0.000000 0.000000
0.000000 0.000000 0.000000
0.000000 0.000000 0.000000
0.000000 0.000000 0.000000
0.000000 0.000000 0.000000
0.000000 0.000000 0.000000
0.101306 -0.244807 -0.234943
0.000000 0.000000 0.000000
-0.267551 -0.110761 -0.170964
0.000000 0.000000 0.000000
0.000000 0.000000 0.000000
0.000000 0.000000 0.000000
0.000000 0.000000 0.000000
-0.237572 -0.315845 -0.026435
0.000000 0.000000 0.000000
0.000000 0.000000 0.000000
0.000000 0.000000 0.000000
0.000000 0.000000 0.000000
0.000000 0.000000 0.000000
-0.081445 -0.486723 -0.216114
0.000000 0.000000 0.000000
-0.042572 -0.170992 -0.109726
0.000000 0.000000 0.000000
-0.225673 -0.390397 0.083314
0.000000 0.000000 0.000000
0.000000 0.000000 0.000000
-0.184858 -0.170992 -0.208257
-0.081076 -0.328625 -0.234669
0.000000 0.000000 0.000000
0.000000 0.000000 0.000000
0.000000 0.000000 0.000000
0.044261 -0.383786 -0.225864
0.000000 0.000000 0.000000
0.000000 0.000000 0.000000
0.000000 0.000000 0.000000
0.000000 0.000000 0.000000
-0.267551 -0.111442 -0.266317
0.000000 0.000000 0.000000
0.000000 0.000000 0.000000
-0.074546 -0.203417 -0.087751
-0.068453 -0.253844 -0.090792
0.000000 0.000000 0.000000
-0.244561 -0.272052 -0.130663
-0.216977 -0.486216 -0.077071
0.000000 0.000000 0.000000
0.000000 0.000000 0.000000
-0.210743 -0.461167 0.171349
0.000000 0.000000 0.000000
-0.244286 -0.186535 -0.097785
0.000000 0.000000 0.000000
0.000000 0.000000 0.000000
0.000000 0.000000 0.000000
-0.176803 -0.210408 -0.239948
0.000000 0.000000 0.000000
0.000000 0.000000 0.000000
-0.208267 -0.064275 0.097076
0.000000 0.000000 0.000000
0.000000 0.000000 0.000000
0.000000 0.000000 0.000000
0.000000 0.000000 0.000000
0.083227 -0.170992 -0.214882
-0.031378 -0.106582 -0.147351
0.000000 0.000000 0.000000
0.000000 0.000000 0.000000
-0.216977 -0.480466 0.128678
-0.088986 -0.097884 -0.027052
0.000000 0.000000 0.000000
0.000000 0.000000 0.000000
0.000000 0.000000 0.000000
-0.197283 -0.038470 -0.062988
0.000000 0.000000 0.000000
-0.257460 -0.101681 0.127611
0.000000 0.000000 0.000000
0.000000 0.000000 0.000000
-0.057630 -0.152530 -0.190063
0.000000 0.000000 0.000000
0.000000 0.000000 0.000000
0.000000 0.000000 0.000000
0.000000 0.000000 0.000000
0.000000 0.000000 0.000000
-0.021985 -0.179041 -0.244512
0.000000 0.000000 0.000000
-0.186913 -0.170992 -0.045027
0.000000 0.000000 0.000000
0.000000 0.000000 0.000000
0.000000 0.000000 0.000000
0.022452 -0.486813 -0.216114
0.000000 0.000000 0.000000
0.213505 -0.368251 -0.228344
0.000000 0.000000 0.000000
0.000000 0.000000 0.000000
0.000000 0.000000 0.000000
0.000000 0.000000 0.000000
-0.244393 -0.252854 -0.246762
0.000000 0.000000 0.000000
0.066376 -0.295425 -0.227579
0.000000 0.000000 0.000000
0.000000 0.000000 0.000000
-0.267551 -0.115228 -0.035131
0.000000 0.000000 0.000000
0.000000 0.000000 0.000000
0.000000 0.000000 0.000000
-0.148726 -0.475197 -0.216114
0.000000 0.000000 0.000000
-0.225259 -0.392987 0.004146
0.000000 0.000000 0.000000
0.000000 0.000000 0.000000
0.000000 0.000000 0.000000
-0.239865 -0.216925 0.058514
0.000000 0.000000 0.000000
-0.222584 -0.409747 -0.124026
0.082402 -0.143420 -0.264229
0.000000 0.000000 0.000000
0.000000 0.000000 0.000000
0.000000 0.000000 0.000000
0.000000 0.000000 0.000000
0.000000 0.000000 0.000000
0.000000 0.000000 0.000000
0.015185 -0.170992 -0.142525
0.000000 0.000000 0.000000
0.000000 0.000000 0.000000
-0.207380 -0.170992 -0.155201
-0.108652 -0.170992 0.062075
0.000000 0.000000 0.000000
-0.074682 -0.025146 -0.097773
0.000000 0.000000 0.000000
-0.234504 -0.335066 0.161827
-0.083010 -0.121856 -0.251936
0.000000 0.000000 0.000000
-0.233657 -0.340374 -0.098398
-0.018064 -0.170992 -0.026982
0.000000 0.000000 0.000000
-0.233743 -0.259002 -0.203528
-0.250117 -0.146455 0.055848
0.000000 0.000000 0.000000
0.000000 0.000000 0.000000
0.000000 0.000000 0.000000
0.000000 0.000000 0.000000
0.000000 0.000000 0.000000
0.000000 0.000000 0.000000
0.195849 -0.302059 -0.238909
0.000000 0.000000 0.000000
-0.076076 -0.075801 -0.114547
0.000000 0.000000 0.000000
0.000000 0.000000 0.000000
0.000000 0.000000 0.000000
-0.132890 -0.170992 0.008445
-0.211851 -0.402404 -0.222893
0.000000 0.000000 0.000000
0.000000 0.000000 0.000000
0.000000 0.000000 0.000000
0.022371 -0.169268 -0.245934
0.097339 -0.387802 -0.225223
0.000000 0.000000 0.000000
-0.062474 -0.252442 -0.233833
-0.235053 -0.249997 0.008888
0.127163 -0.185549 -0.257504
-0.102571 -0.145135 -0.176136
0.000000 0.000000 0.000000
0.000000 0.000000 0.000000
0.000000 0.000000 0.000000
0.000000 0.000000 0.000000
0.000000 0.000000 0.000000
0.000000 0.000000 0.000000
0.000000 0.000000 0.000000
0.000000 0.000000 0.000000
0.000000 0.000000 0.000000
-0.030793 -0.370533 -0.227980
0.000000 0.000000 0.000000
0.000000 0.000000 0.000000
-0.212213 -0.127893 -0.266687
-0.196909 0.038796 -0.039795
0.000000 0.000000 0.000000
-0.239934 -0.301048 0.222853
0.000000 0.000000 0.000000
0.000000 0.000000 0.000000
0.000000 0.000000 0.000000
-0.128344 -0.253801 -0.246611
0.000000 0.000000 0.000000
0.000000 0.000000 0.000000
0.000000 0.000000 0.000000
0.000000 0.000000 0.000000
0.000000 0.000000 0.000000
0.000000 0.000000 0.000000
0.000000 0.000000 0.000000
-0.125697 -0.402750 0.201180
-0.264824 -0.145104 -0.221673
0.000000 0.000000 0.000000
0.000000 0.000000 0.000000
0.000000 0.000000 0.000000
0.000000 0.000000 0.000000
0.160957 -0.393675 -0.213284
0.000000 0.000000 0.000000
0.000000 0.000000 0.000000
-0.222327 -0.170992 0.074200
-0.145162 -0.349668 -0.231310
-0.254100 -0.212294 -0.153487
-0.024850 -0.219908 -0.252021
0.000000 0.000000 0.000000
0.000000 0.000000 0.000000
-0.076620 -0.421300 -0.209265
0.000000 0.000000 0.000000
0.000000 0.000000 0.000000
0.000000 0.000000 0.000000
-0.095425 -0.170992 -0.048486
-0.085195 0.064618 -0.133397
-0.036415 -0.200794 -0.060766
0.000000 0.000000 0.000000
0.000000 0.000000 0.000000
0.000000 0.000000 0.000000
0.213065 -0.391001 -0.171283
0.000000 0.000000 0.000000
0.155791 -0.170992 -0.217785
-0.265155 -0.143031 0.162292
0.000000 0.000000 0.000000
0.054998 -0.103215 -0.266687
0.000000 0.000000 0.000000
0.000000 0.000000 0.000000
0.000000 0.000000 0.000000
-0.226010 -0.139115 0.122584
-0.093744 -0.457049 0.205330
0.000000 0.000000 0.000000
0.011942 -0.185699 -0.056017
0.000000 0.000000 0.000000
-0.235974 -0.312430 -0.237254
-0.264858 -0.144890 0.080338
-0.216977 -0.486835 -0.014683
0.000000 0.000000 0.000000
-0.180552 -0.142704 -0.014702
0.000000 0.000000 0.000000
0.156744 -0.252904 -0.233766
0.000000 0.000000 0.000000
0.000000 0.000000 0.000000
-0.164357 -0.170992 0.060573
-0.025957 0.083780 -0.180912
0.000000 0.000000 0.000000
-0.240968 -0.294563 0.120441
0.000000 0.000000 0.000000
0.000000 0.000000 0.000000
0.000000 0.000000 0.000000
-0.252569 -0.221883 -0.041531
0.000000 0.000000 0.000000
0.000000 0.000000 0.000000
-0.232659 -0.346631 0.035218
-0.267551 -0.104437 -0.105877
-0.216977 -0.474508 -0.119418
-0.219011 -0.432138 0.124649
-0.129145 -0.170992 -0.136648
-0.108938 0.186030 -0.164073
0.000000 0.000000 0.000000
0.204466 -0.474874 -0.152296
-0.198719 -0.428776 0.197394
0.000000 0.000000 0.000000
0.000000 0.000000 0.000000
0.000000 0.000000 0.000000
0.000000 0.000000 0.000000
0.000000 0.000000 0.000000
0.000000 0.000000 0.000000
0.000000 0.000000 0.000000
0.000000 0.000000 0.000000
0.000000 0.000000 0.000000
0.000000 0.000000 0.000000
0.000000 0.000000 0.000000
0.000000 0.000000 0.000000
-0.126930 -0.170992 -0.231252
0.000000 0.000000 0.000000
-0.203525 -0.170992 0.028753
-0.201293 -0.170992 -0.077943
-0.253934 -0.213333 0.168039
0.000000 0.000000 0.000000
0.022475 -0.252606 -0.233809
0.000000 0.000000 0.000000
-0.148379 -0.170992 -0.170153
0.000000 0.000000 0.000000
-0.255785 -0.200810 -0.255069
0.000000 0.000000 0.000000
0.000000 0.000000 0.000000
0.006151 -0.137946 -0.101585
0.000000 0.000000 0.000000
-0.262199 -0.161555 -0.039521
0.135235 -0.467365 -0.209811
0.000000 0.000000 0.000000
0.000000 0.000000 0.000000
0.000000 0.000000 0.000000
0.000000 0.000000 0.000000
0.000000 0.000000 0.000000
0.000000 0.000000 0.000000
0.000000 0.000000 0.000000
-0.187562 -0.088086 -0.031969
0.000000 0.000000 0.000000
0.000000 0.000000 0.000000
0.000000 0.000000 0.000000
0.000000 0.000000 0.000000
-0.033320 -0.149605 -0.074750
-0.208463 -0.432747 -0.023311
0.000000 0.000000 0.000000
0.000000 0.000000 0.000000
-0.087319 0.003445 -0.145463
0.000000 0.000000 0.000000
0.000000 0.000000 0.000000
0.000000 0.000000 0.000000
0.000000 0.000000 0.000000
-0.234872 -0.251236 0.210385
-0.218575 -0.434863 0.028619
-0.190232 -0.148693 -0.263387
0.000000 0.000000 0.000000
0.000000 0.000000 0.000000
0.000000 0.000000 0.000000
0.198163 -0.468049 -0.069087
0.080854 -0.201203 -0.241288
-0.026412 -0.043725 -0.151652
0.000000 0.000000 0.000000
0.000000 0.000000 0.000000
0.000000 0.000000 0.000000
0.000000 0.000000 0.000000
0.000000 0.000000 0.000000
0.000000 0.000000 0.000000
-0.230982 -0.357132 0.110424
0.000000 0.000000 0.000000
0.000000 0.000000 0.000000
0.000000 0.000000 0.000000
0.000000 0.000000 0.000000
0.000000 0.000000 0.000000
-0.103596 -0.381117 -0.226291
-0.189512 -0.353379 -0.230718
-0.029639 -0.329727 -0.222588
-0.124030 -0.302129 -0.226603
-0.236178 -0.242260 -0.105038
0.000000 0.000000 0.000000
-0.175939 -0.049634 0.005993
0.000000 0.000000 0.000000
-0.262730 -0.158227 -0.127861
0.000000 0.000000 0.000000
-0.230172 -0.362211 -0.033770
-0.242799 -0.196759 0.102383
0.000000 0.000000 0.000000
0.000000 0.000000 0.000000
0.000000 0.000000 0.000000
-0.065400 -0.177836 -0.258736
0.000000 0.000000 0.000000
-0.195200 -0.254871 -0.233479
-0.192777 -0.447331 -0.216114
0.000000 0.000000 0.000000
0.000000 0.000000 0.000000
-0.213624 -0.488072 0.205330
0.000000 0.000000 0.000000
0.000000 0.000000 0.000000
-0.238806 -0.308111 -0.151876
0.000000 0.000000 0.000000
0.124034 -0.161982 -0.180184
-0.028399 -0.470669 -0.209811
0.000000 0.000000 0.000000
0.000000 0.000000 0.000000
0.000000 0.000000 0.000000
0.000000 0.000000 0.000000
0.000000 0.000000 0.000000
-0.108675 -0.107226 -0.066491
0.000000 0.000000 0.000000
-0.246269 -0.261353 0.073563
0.000000 0.000000 0.000000
0.000000 0.000000 0.000000
-0.186017 -0.170992 -0.115309
0.000000 0.000000 0.000000
0.051357 -0.441781 -0.216608
0.000000 0.000000 0.000000
0.000000 0.000000 0.000000
0.000000 0.000000 0.000000
-0.030774 -0.148442 -0.263427
0.000000 0.000000 0.000000
0.000000 0.000000 0.000000
0.000000 0.000000 0.000000
0.000000 0.000000 0.000000
-0.122962 -0.134411 -0.265666
0.000000 0.000000 0.000000
0.000000 0.000000 0.000000
0.000000 0.000000 0.000000
0.000000 0.000000 0.000000
0.000000 0.000000 0.000000
0.000000 0.000000 0.000000
0.000000 0.000000 0.000000
0.000000 0.000000 0.000000
0.138322 -0.292515 -0.228002
0.000000 0.000000 0.000000
0.000000 0.000000 0.000000
0.000000 0.000000 0.000000
-0.248629 -0.246573 0.127624
0.000000 0.000000 0.000000
0.172842 -0.481877 -0.216114
0.177321 -0.139496 -0.264855
0.000000 0.000000 0.000000
0.000000 0.000000 0.000000
0.000000 0.000000 0.000000
0.000000 0.000000 0.000000
0.000000 0.000000 0.000000
0.074929 -0.343885 -0.232233
0.000000 0.000000 0.000000
-0.224666 -0.396703 -0.176764
-0.035815 -0.170992 -0.153738
0.000000 0.000000 0.000000
0.000000 0.000000 0.000000
-0.252800 -0.104644 0.169978
0.000000 0.000000 0.000000
-0.210512 -0.444879 -0.070854
-0.265783 -0.139096 0.009369
0.000000 0.000000 0.000000
0.000000 0.000000 0.000000
0.000000 0.000000 0.000000
0.000000 0.000000 0.000000
0.038408 -0.309140 -0.237778
-0.206467 0.001758 -0.075840
0.000000 0.000000 0.000000
0.000000 0.000000 0.000000
0.000000 0.000000 0.000000
0.000000 0.000000 0.000000
0.000000 0.000000 0.000000
0.000000 0.000000 0.000000
-0.079323 -0.170992 -0.132591
-0.174254 -0.125194 0.084432
0.000000 0.000000 0.000000
0.000000 0.000000 0.000000
0.000000 0.000000 0.000000
0.000000 0.000000 0.000000
0.000000 0.000000 0.000000
0.000000 0.000000 0.000000
0.000000 0.000000 0.000000
-0.227642 -0.300934 -0.195695
-0.239170 -0.221704 -0.196531
-0.049232 -0.114128 -0.046091
0.000000 0.000000 0.000000
0.000000 0.000000 0.000000
0.000000 0.000000 0.000000
0.000000 0.000000 0.000000
-0.105360 -0.031525 -0.037694
-0.092719 -0.285293 -0.241585
-0.101330 -0.170992 -0.087621
0.000000 0.000000 0.000000
0.000000 0.000000 0.000000
-0.167971 -0.143625 -0.088164
-0.249052 -0.153779 -0.167328
0.000000 0.000000 0.000000
-0.141618 0.059837 -0.057606
0.151724 -0.211067 -0.239853
0.000000 0.000000 0.000000
0.000000 0.000000 0.000000
0.000000 0.000000 0.000000
-0.251996 -0.225473 0.029122
-0.001844 -0.170992 -0.200319
0.000000 0.000000 0.000000
-0.067190 -0.058006 -0.069631
-0.234392 -0.254540 -0.027091
0.000000 0.000000 0.000000
-0.218375 -0.170992 0.135253
0.013627 -0.130318 -0.266319
0.000000 0.000000 0.000000
0.000000 0.000000 0.000000
-0.227801 -0.170992 -0.184958
0.000000 0.000000 0.000000
0.000000 0.000000 0.000000
-0.180768 -0.383884 0.215065
0.000000 0.000000 0.000000
0.000000 0.000000 0.000000
-0.101040 -0.170992 0.022949
0.000000 0.000000 0.000000
0.000000 0.000000 0.000000
0.000000 0.000000 0.000000
0.000000 0.000000 0.000000
0.000000 0.000000 0.000000
0.000000 0.000000 0.000000
0.000000 0.000000 0.000000
0.000000 0.000000 0.000000
-0.230350 -0.164283 -0.246659
0.000000 0.000000 0.000000
0.173256 -0.348578 -0.219845
0.000000 0.000000 0.000000
0.027492 -0.414459 -0.210261
0.153851 -0.163111 -0.261086
0.000000 0.000000 0.000000
-0.218327 -0.436421 -0.142689
0.000000 0.000000 0.000000
0.000000 0.000000 0.000000
0.206078 -0.434776 -0.185752
0.000000 0.000000 0.000000
0.000000 0.000000 0.000000
-0.241178 -0.293255 0.022809
0.000000 0.000000 0.000000
0.000000 0.000000 0.000000
0.000000 0.000000 0.000000
0.000000 0.000000 0.000000
0.000000 0.000000 0.000000
0.017089 -0.342064 -0.232524
0.000000 0.000000 0.000000
0.000000 0.000000 0.000000
0.000000 0.000000 0.000000
-0.217358 -0.442493 0.079327
0.000000 0.000000 0.000000
0.000000 0.000000 0.000000
0.131729 -0.421828 -0.209189
0.000000 0.000000 0.000000
0.000000 0.000000 0.000000
0.000000 0.000000 0.000000
0.000000 0.000000 0.000000
0.000000 0.000000 0.000000
-0.199851 -0.342510 0.221668
0.000000 0.000000 0.000000
0.000000 0.000000 0.000000
-0.233461 -0.156653 -0.065383
0.000000 0.000000 0.000000
0.000000 0.000000 0.000000
0.000000 0.000000 0.000000
-0.227551 -0.301557 -0.101817
-0.235859 -0.244456 -0.160264
-0.205730 0.071757 -0.065025
0.000000 0.000000 0.000000
0.000000 0.000000 0.000000
0.000000 0.000000 0.000000
0.000000 0.000000 0.000000
-0.265273 -0.101681 0.083939
0.000000 0.000000 0.000000
-0.235331 -0.329887 0.207913
0.000000 0.000000 0.000000
0.000000 0.000000 0.000000
0.000000 0.000000 0.000000
-0.110114 -0.442695 -0.216462
-0.025432 -0.256880 -0.233186
0.000000 0.000000 0.000000
0.000000 0.000000 0.000000
-0.198484 -0.036363 0.063698
0.000000 0.000000 0.000000
0.000000 0.000000 0.000000
0.000000 0.000000 0.000000
0.000000 0.000000 0.000000
0.000000 0.000000 0.000000
0.000000 0.000000 0.000000
-0.266077 -0.137249 -0.088230
-0.181950 -0.461167 0.204045
0.000000 0.000000 0.000000
0.000000 0.000000 0.000000
0.000000 0.000000 0.000000
0.000000 0.000000 0.000000
0.000000 0.000000 0.000000
0.000000 0.000000 0.000000
0.000000 0.000000 0.000000
-0.220797 -0.170992 -0.011311
0.212316 -0.395691 -0.204697
-0.210881 -0.028590 -0.104760
-0.228690 -0.371494 -0.138693
0.037728 -0.170992 -0.216282
0.000000 0.000000 0.000000
0.000000 0.000000 0.000000
0.000000 0.000000 0.000000
0.000000 0.000000 0.000000
-0.052150 -0.170992 -0.045730
-0.231540 -0.353634 -0.222872
0.000000 0.000000 0.000000
-0.158641 -0.420466 0.209226
0.190994 -0.268615 -0.244246
0.000000 0.000000 0.000000
0.000000 0.000000 0.000000
0.000000 0.000000 0.000000
0.091043 -0.110566 -0.251936
0.000000 0.000000 0.000000
-0.229978 -0.101681 -0.259652
0.000000 0.000000 0.000000
0.000000 0.000000 0.000000
0.000000 0.000000 0.000000
0.000000 0.000000 0.000000
0.000000 0.000000 0.000000
-0.052835 -0.439300 -0.206646
0.000000 0.000000 0.000000
0.000000 0.000000 0.000000
0.000000 0.000000 0.000000
0.000000 0.000000 0.000000
-0.144671 -0.196278 -0.242004
0.000000 0.000000 0.000000
0.000000 0.000000 0.000000
0.000000 0.000000 0.000000
-0.252800 -0.108561 -0.008989
0.000000 0.000000 0.000000
-0.267551 -0.121917 -0.131887
0.058274 -0.266116 -0.244646
0.000000 0.000000 0.000000
-0.254215 -0.156686 -0.262112
