0.000000 0.000000 0.000000
-0.286517 -0.011312 0.453772
0.000000 0.000000 0.000000
-0.264172 0.131745 0.250582
0.324828 -0.817855 0.473475
-0.299254 -0.821536 0.485310
0.315118 -0.354469 0.505898
0.000000 0.000000 0.000000
-0.284760 -0.392931 0.497679
0.108578 -0.032548 0.509075
0.000000 0.000000 0.000000
0.000000 0.000000 0.000000
0.000000 0.000000 0.000000
0.000000 0.000000 0.000000
0.000000 0.000000 0.000000
-0.159725 0.131745 0.499952
0.000000 0.000000 0.000000
-0.314299 -0.030662 0.101856
0.000000 0.000000 0.000000
0.000000 0.000000 0.000000
0.301074 -0.608741 0.442612
0.000000 0.000000 0.000000
0.000000 0.000000 0.000000
0.000000 0.000000 0.000000
0.000000 0.000000 0.000000
-0.307091 -0.539699 0.455658
-0.376758 0.122501 0.454612
-0.305324 -0.171385 0.503551
-0.112493 0.011289 0.145345
0.000000 0.000000 0.000000
-0.263166 0.104978 0.021976
0.000000 0.000000 0.000000
-0.341067 -0.056958 0.196942
-0.086639 0.131745 0.362798
0.000000 0.000000 0.000000
0.000000 0.000000 0.000000
0.013196 0.131058 0.534260
0.000000 0.000000 0.000000
-0.233824 0.106700 0.547460
0.000000 0.000000 0.000000
0.000000 0.000000 0.000000
0.000000 0.000000 0.000000
-0.107610 0.131745 0.231762
0.000000 0.000000 0.000000
-0.073378 -0.031774 0.485002
-0.334802 -0.063751 -0.027358
0.000000 0.000000 0.000000
-0.207882 0.104978 0.387050
0.000000 0.000000 0.000000
-0.314299 -0.001016 0.361214
0.000000 0.000000 0.000000
0.000000 0.000000 0.000000
-0.221278 -0.015480 0.020192
-0.119990 -0.028864 0.266010
0.000000 0.000000 0.000000
0.000000 0.000000 0.000000
-0.193926 -0.001747 0.485002
0.308613 -0.456197 0.486799
0.000000 0.000000 0.000000
0.000000 0.000000 0.000000
0.000000 0.000000 0.000000
0.000000 0.000000 0.000000
0.000000 0.000000 0.000000
-0.391864 0.041087 -0.001338
0.000000 0.000000 0.000000
-0.298370 -0.642976 0.476608
-0.376758 0.116735 0.124397
-0.224291 0.104978 0.185688
0.000000 0.000000 0.000000
0.000000 0.000000 0.000000
0.000000 0.000000 0.000000
0.000000 0.000000 0.000000
0.011843 0.059442 0.511770
-0.255235 0.015760 0.279779
0.000000 0.000000 0.000000
-0.373424 0.122666 -0.013971
0.000000 0.000000 0.000000
0.000000 0.000000 0.000000
0.000000 0.000000 0.000000
-0.271220 -0.450337 0.471606
0.000000 0.000000 0.000000
0.300643 -0.224919 0.523745
-0.376758 0.106919 0.296448
0.000000 0.000000 0.000000
0.000000 0.000000 0.000000
0.000000 0.000000 0.000000
0.000000 0.000000 0.000000
0.000000 0.000000 0.000000
-0.093013 0.131745 0.472258
-0.332497 -0.125204 0.528854
0.000000 0.000000 0.000000
-0.354451 0.050488 0.204859
0.000000 0.000000 0.000000
0.000000 0.000000 0.000000
0.000000 0.000000 0.000000
0.000000 0.000000 0.000000
0.000000 0.000000 0.000000
-0.251929 0.011289 0.137102
0.303539 -0.683410 0.444885
0.000000 0.000000 0.000000
-0.353028 -0.277242 0.519929
-0.095660 0.055834 0.279779
0.000000 0.000000 0.000000
0.000000 0.000000 0.000000
0.000000 0.000000 0.000000
-0.016546 -0.028864 0.230154
0.000000 0.000000 0.000000
0.000000 0.000000 0.000000
-0.194116 0.131745 0.100661
0.000000 0.000000 0.000000
0.000000 0.000000 0.000000
0.000000 0.000000 0.000000
-0.323221 -0.030067 0.478486
-0.176601 0.131745 0.318904
0.000000 0.000000 0.000000
0.000000 0.000000 0.000000
0.304001 -0.526778 0.447721
-0.110742 0.043388 0.511770
0.097891 0.131745 0.524599
-0.341067 0.072751 0.369818
0.000000 0.000000 0.000000
0.000000 0.000000 0.000000
0.000000 0.000000 0.000000
0.000000 0.000000 0.000000
0.000000 0.000000 0.000000
0.000000 0.000000 0.000000
0.000000 0.000000 0.000000
0.000000 0.000000 0.000000
0.000000 0.000000 0.000000
-0.002396 0.131745 0.464367
0.000000 0.000000 0.000000
-0.291688 -0.315018 0.484106
-0.283556 0.104978 0.162614
0.000000 0.000000 0.000000
0.000000 0.000000 0.000000
-0.354451 0.046129 0.057749
0.000000 0.000000 0.000000
0.000000 0.000000 0.000000
-0.335971 0.131745 0.509169
-0.280409 0.131745 0.461019
0.000000 0.000000 0.000000
-0.198830 0.037705 0.248551
-0.314683 0.131745 0.226873
0.000000 0.000000 0.000000
0.334568 -0.340144 0.465836
0.000000 0.000000 0.000000
0.000000 0.000000 0.000000
0.000000 0.000000 0.000000
0.017337 -0.055446 0.511770
0.000000 0.000000 0.000000
0.000000 0.000000 0.000000
0.000000 0.000000 0.000000
0.000000 0.000000 0.000000
0.000000 0.000000 0.000000
0.000000 0.000000 0.000000
0.000000 0.000000 0.000000
-0.281685 -0.731364 0.484360
-0.323816 0.131745 0.301312
0.000000 0.000000 0.000000
-0.127873 0.104978 0.532379
0.000000 0.000000 0.000000
0.000000 0.000000 0.000000
-0.341067 -0.017058 0.264362
0.000000 0.000000 0.000000
0.000000 0.000000 0.000000
0.000000 0.000000 0.000000
0.000000 0.000000 0.000000
0.000000 0.000000 0.000000
-0.283069 0.046348 0.479429
0.000000 0.000000 0.000000
-0.031171 0.131745 0.330358
-0.307830 0.020211 -0.005891
0.316732 -0.401758 0.495948
-0.227183 -0.028864 0.263486
0.000000 0.000000 0.000000
-0.173188 0.078209 0.450647
0.000000 0.000000 0.000000
0.000000 0.000000 0.000000
0.000000 0.000000 0.000000
0.000000 0.000000 0.000000
0.000000 0.000000 0.000000
0.000000 0.000000 0.000000
-0.326564 -0.115718 0.467261
0.000000 0.000000 0.000000
0.000000 0.000000 0.000000
0.000000 0.000000 0.000000
-0.342561 -0.076369 0.495997
0.000000 0.000000 0.000000
-0.087809 0.104978 0.397901
-0.247185 0.062611 0.279779
-0.048409 0.024106 0.511770
0.000000 0.000000 0.000000
0.000000 0.000000 0.000000
0.000000 0.000000 0.000000
0.000000 0.000000 0.000000
0.000000 0.000000 0.000000
0.000000 0.000000 0.000000
0.000000 0.000000 0.000000
-0.337074 -0.056178 0.025732
0.000000 0.000000 0.000000
0.000000 0.000000 0.000000
0.117696 0.056701 0.511770
0.000000 0.000000 0.000000
0.000000 0.000000 0.000000
-0.183755 0.020211 0.176745
-0.094484 -0.028864 0.231311
0.000000 0.000000 0.000000
0.000000 0.000000 0.000000
0.000000 0.000000 0.000000
-0.311047 0.104978 0.083058
-0.289053 0.011289 0.210868
-0.354451 0.036611 0.127906
0.000000 0.000000 0.000000
0.000000 0.000000 0.000000
-0.081096 0.070134 0.230705
0.000000 0.000000 0.000000
0.000000 0.000000 0.000000
0.000000 0.000000 0.000000
-0.265428 -0.550586 0.438227
0.000000 0.000000 0.000000
0.000000 0.000000 0.000000
0.000000 0.000000 0.000000
0.000000 0.000000 0.000000
0.000000 0.000000 0.000000
0.000000 0.000000 0.000000
0.000000 0.000000 0.000000
0.000000 0.000000 0.000000
0.280575 -0.747081 0.464042
0.063416 0.039282 0.485002
0.000000 0.000000 0.000000
0.000000 0.000000 0.000000
0.000000 0.000000 0.000000
0.000000 0.000000 0.000000
0.000000 0.000000 0.000000
-0.314299 0.039725 0.426929
0.000000 0.000000 0.000000
0.000000 0.000000 0.000000
-0.351851 -0.280556 0.467616
-0.335104 0.131745 0.363175
-0.354451 -0.001553 -0.047966
-0.291990 0.007155 0.070096
-0.253758 -0.028600 0.511770
-0.039157 0.090292 0.511770
-0.252794 0.104978 0.310504
0.000000 0.000000 0.000000
0.000000 0.000000 0.000000
0.000000 0.000000 0.000000
0.000000 0.000000 0.000000
-0.314299 0.039408 0.305245
-0.136788 0.104978 0.423084
0.000000 0.000000 0.000000
0.270425 -0.425456 0.448746
0.000000 0.000000 0.000000
0.000000 0.000000 0.000000
-0.292761 0.131745 0.371374
-0.122310 0.104978 0.289202
0.000000 0.000000 0.000000
-0.068187 -0.019189 0.279779
-0.214679 0.131745 0.492141
0.000000 0.000000 0.000000
0.000000 0.000000 0.000000
0.000000 0.000000 0.000000
0.000000 0.000000 0.000000
0.000000 0.000000 0.000000
0.000000 0.000000 0.000000
-0.140386 -0.018107 0.485445
0.000000 0.000000 0.000000
-0.341067 0.040323 0.493609
-0.307714 -0.673438 0.447566
0.000000 0.000000 0.000000
0.000000 0.000000 0.000000
0.000000 0.000000 0.000000
-0.353315 -0.018412 -0.002668
-0.186796 0.104978 0.232560
0.000000 0.000000 0.000000
0.000000 0.000000 0.000000
0.000000 0.000000 0.000000
0.000000 0.000000 0.000000
0.000000 0.000000 0.000000
0.079554 0.104978 0.468738
-0.327683 0.095167 0.015107
0.000000 0.000000 0.000000
0.000000 0.000000 0.000000
0.000000 0.000000 0.000000
0.000000 0.000000 0.000000
0.000000 0.000000 0.000000
0.000000 0.000000 0.000000
0.000000 0.000000 0.000000
0.000000 0.000000 0.000000
-0.327683 0.053241 0.162406
0.000000 0.000000 0.000000
-0.321842 -0.411328 0.447264
0.000000 0.000000 0.000000
0.000000 0.000000 0.000000
0.000000 0.000000 0.000000
-0.157995 0.019885 0.279779
0.000000 0.000000 0.000000
0.000000 0.000000 0.000000
0.000000 0.000000 0.000000
0.000000 0.000000 0.000000
0.000000 0.000000 0.000000
-0.022720 0.104978 0.391653
0.000000 0.000000 0.000000
-0.360774 -0.164311 0.490135
-0.225951 0.073814 0.485002
-0.305089 -0.231297 0.529857
-0.196350 0.020211 0.088763
0.000000 0.000000 0.000000
0.000000 0.000000 0.000000
0.000000 0.000000 0.000000
0.000000 0.000000 0.000000
0.327977 -0.281791 0.522875
-0.280534 0.083626 0.399808
-0.180889 -0.028864 0.234850
0.000000 0.000000 0.000000
0.000000 0.000000 0.000000
0.000000 0.000000 0.000000
-0.304237 0.048329 0.230705
-0.354387 -0.014995 0.151373
0.000000 0.000000 0.000000
0.000000 0.000000 0.000000
-0.121533 0.011289 0.210021
0.000000 0.000000 0.000000
-0.374452 0.122621 0.381004
0.000000 0.000000 0.000000
0.000000 0.000000 0.000000
0.000000 0.000000 0.000000
-0.267380 0.104978 0.092057
-0.354451 0.057676 -0.020035
0.000000 0.000000 0.000000
0.000000 0.000000 0.000000
0.000000 0.000000 0.000000
-0.341067 -0.015032 0.419302
0.000000 0.000000 0.000000
0.000000 0.000000 0.000000
-0.314299 -0.035031 -0.073124
0.000000 0.000000 0.000000
0.000000 0.000000 0.000000
0.000000 0.000000 0.000000
0.294988 -0.269207 0.469317
0.000000 0.000000 0.000000
0.000000 0.000000 0.000000
0.000000 0.000000 0.000000
0.000000 0.000000 0.000000
0.000000 0.000000 0.000000
-0.084410 0.131745 0.523138
0.000000 0.000000 0.000000
0.000000 0.000000 0.000000
0.000000 0.000000 0.000000
-0.290996 0.104978 0.505210
0.000000 0.000000 0.000000
0.000000 0.000000 0.000000
0.000000 0.000000 0.000000
-0.354451 0.093494 0.231987
-0.249595 0.035667 0.511770
-0.202901 0.090462 0.279779
-0.272716 -0.615684 0.438222
0.000000 0.000000 0.000000
0.000000 0.000000 0.000000
-0.190018 0.131745 0.211472
0.000000 0.000000 0.000000
0.000000 0.000000 0.000000
-0.055101 0.104978 0.278719
0.000000 0.000000 0.000000
-0.354451 -0.005968 0.060219
0.000000 0.000000 0.000000
0.000000 0.000000 0.000000
0.000000 0.000000 0.000000
-0.210412 0.131745 0.141958
-0.354451 -0.003499 0.224569
-0.334863 -0.349366 0.457081
0.266103 -0.647596 0.469248
-0.035068 -0.057966 0.485002
0.000000 0.000000 0.000000
-0.360393 -0.213537 0.511130
0.000000 0.000000 0.000000
0.000000 0.000000 0.000000
0.000000 0.000000 0.000000
0.000000 0.000000 0.000000
-0.149602 0.131745 0.374509
-0.341067 -0.005023 0.504751
-0.287178 -0.028864 0.265204
0.025880 0.104978 0.497634
0.000000 0.000000 0.000000
0.000000 0.000000 0.000000
0.000000 0.000000 0.000000
0.000000 0.000000 0.000000
0.000000 0.000000 0.000000
-0.283069 -0.073037 0.511321
0.000000 0.000000 0.000000
0.000000 0.000000 0.000000
-0.376723 0.122818 0.519377
0.000000 0.000000 0.000000
0.000000 0.000000 0.000000
-0.360598 0.104978 -0.067957
-0.352020 0.047619 0.265880
0.000000 0.000000 0.000000
0.000000 0.000000 0.000000
0.000000 0.000000 0.000000
-0.312481 -0.028864 0.231431
0.000000 0.000000 0.000000
-0.341067 0.087476 0.417707
0.000000 0.000000 0.000000
-0.347507 0.104978 0.174941
0.000000 0.000000 0.000000
-0.304892 0.131745 0.123807
0.000000 0.000000 0.000000
-0.086134 0.023572 0.253012
-0.293706 -0.015480 0.014509
0.000000 0.000000 0.000000
-0.242416 -0.002096 0.069300
0.000000 0.000000 0.000000
0.039777 -0.008683 0.511770
0.000000 0.000000 0.000000
0.000000 0.000000 0.000000
-0.255867 0.011289 -0.019734
0.000000 0.000000 0.000000
0.000000 0.000000 0.000000
0.000000 0.000000 0.000000
-0.185951 0.011289 0.028278
0.000000 0.000000 0.000000
0.000000 0.000000 0.000000
0.125517 0.014063 0.485002
-0.266281 -0.513295 0.479694
0.000000 0.000000 0.000000
0.000000 0.000000 0.000000
-0.317552 -0.772713 0.460023
0.000000 0.000000 0.000000
0.000000 0.000000 0.000000
0.000000 0.000000 0.000000
0.000000 0.000000 0.000000
-0.226830 0.104978 0.069584
-0.327683 0.070046 0.065772
0.000000 0.000000 0.000000
0.000000 0.000000 0.000000
-0.300288 0.011289 0.115301
0.000000 0.000000 0.000000
-0.319125 0.075623 0.511770
0.000000 0.000000 0.000000
0.000000 0.000000 0.000000
0.000000 0.000000 0.000000
0.000000 0.000000 0.000000
0.000000 0.000000 0.000000
0.000000 0.000000 0.000000
0.000000 0.000000 0.000000
-0.306907 -0.217669 0.475939
0.000000 0.000000 0.000000
0.000000 0.000000 0.000000
0.000000 0.000000 0.000000
0.000000 0.000000 0.000000
0.000000 0.000000 0.000000
0.000000 0.000000 0.000000
0.000000 0.000000 0.000000
0.000000 0.000000 0.000000
-0.261208 0.104978 0.436570
0.000000 0.000000 0.000000
0.000000 0.000000 0.000000
0.000000 0.000000 0.000000
0.000000 0.000000 0.000000
-0.134240 0.104978 0.332787
0.000000 0.000000 0.000000
0.000000 0.000000 0.000000
-0.173908 0.122779 0.547135
0.000000 0.000000 0.000000
0.000000 0.000000 0.000000
-0.153393 0.011289 0.106066
-0.276149 0.131745 0.516424
0.000000 0.000000 0.000000
-0.081643 0.082554 0.493925
0.000000 0.000000 0.000000
0.000000 0.000000 0.000000
0.283114 -0.344590 0.466089
-0.055228 0.020211 0.208870
0.000000 0.000000 0.000000
0.264329 -0.480037 0.446629
0.000000 0.000000 0.000000
0.000000 0.000000 0.000000
0.000000 0.000000 0.000000
-0.320833 0.091668 0.270856
0.000000 0.000000 0.000000
0.000000 0.000000 0.000000
-0.324895 0.020211 0.027012
0.000000 0.000000 0.000000
-0.353562 -0.012868 0.107384
0.000000 0.000000 0.000000
0.000000 0.000000 0.000000
-0.192202 -0.002096 0.266069
0.000000 0.000000 0.000000
0.000000 0.000000 0.000000
-0.180466 0.131745 0.443458
0.000000 0.000000 0.000000
-0.300584 0.090468 0.346271
0.000000 0.000000 0.000000
-0.353051 0.131745 0.270143
-0.308494 -0.474915 0.439472
0.000000 0.000000 0.000000
0.000000 0.000000 0.000000
-0.327683 0.000167 0.189740
0.000000 0.000000 0.000000
0.000000 0.000000 0.000000
-0.327683 0.082256 -0.036975
0.000000 0.000000 0.000000
0.000000 0.000000 0.000000
-0.053580 0.131745 0.459906
0.000000 0.000000 0.000000
0.000000 0.000000 0.000000
0.000000 0.000000 0.000000
0.021630 0.104978 0.392923
-0.253132 0.131745 0.132642
-0.250353 0.131745 0.343015
0.000000 0.000000 0.000000
0.290059 -0.799045 0.486986
0.042614 0.131745 0.439160
0.000000 0.000000 0.000000
0.000000 0.000000 0.000000
-0.334998 0.017890 0.453772
0.000000 0.000000 0.000000
-0.300150 0.081447 0.453772
-0.331556 0.044167 0.005482
-0.291113 0.020211 -0.093829
-0.151217 0.015741 0.511770
0.000000 0.000000 0.000000
0.000000 0.000000 0.000000
-0.024221 0.011146 0.248551
0.000000 0.000000 0.000000
0.000000 0.000000 0.000000
0.000000 0.000000 0.000000
-0.224595 -0.002096 0.230833
0.000000 0.000000 0.000000
-0.150389 0.050386 0.248551
0.000000 0.000000 0.000000
0.000000 0.000000 0.000000
0.000000 0.000000 0.000000
0.000000 0.000000 0.000000
0.000000 0.000000 0.000000
-0.199012 0.020211 0.128409
-0.341067 0.025663 0.392984
0.000000 0.000000 0.000000
-0.376758 0.110577 0.074703
0.000000 0.000000 0.000000
0.000000 0.000000 0.000000
0.000000 0.000000 0.000000
0.000000 0.000000 0.000000
-0.257629 0.020211 0.042900
0.000000 0.000000 0.000000
0.000000 0.000000 0.000000
-0.144290 0.066203 0.485002
0.000000 0.000000 0.000000
0.000000 0.000000 0.000000
-0.146490 -0.028864 0.226939
0.000000 0.000000 0.000000
0.000000 0.000000 0.000000
-0.233920 0.098926 0.230705
-0.316987 0.131745 0.049981
-0.192325 0.087585 0.511770
-0.314299 -0.054780 0.138625
-0.284922 -0.361708 0.455148
0.000000 0.000000 0.000000
0.000000 0.000000 0.000000
0.000000 0.000000 0.000000
0.000000 0.000000 0.000000
-0.329011 0.104978 0.545582
0.000000 0.000000 0.000000
0.166026 -0.001711 0.511770
-0.160344 0.067627 0.279779
0.052874 0.131745 0.500753
-0.277157 0.089098 0.230705
0.095325 0.091682 0.511770
0.000000 0.000000 0.000000
0.000000 0.000000 0.000000
0.000000 0.000000 0.000000
0.000000 0.000000 0.000000
0.000000 0.000000 0.000000
0.000000 0.000000 0.000000
-0.314299 -0.008475 -0.038724
0.000000 0.000000 0.000000
0.000000 0.000000 0.000000
-0.318575 0.104978 -0.086286
-0.307418 0.011289 0.155500
-0.354451 0.079727 0.102571
0.000000 0.000000 0.000000
0.000000 0.000000 0.000000
0.000000 0.000000 0.000000
-0.314299 -0.060989 0.063157
0.000000 0.000000 0.000000
-0.284121 -0.002096 0.256694
0.000000 0.000000 0.000000
0.000000 0.000000 0.000000
-0.140997 0.131745 0.263850
-0.222903 0.104978 0.453471
-0.238174 0.045362 0.230705
-0.227525 0.011289 0.172947
-0.171198 0.104978 0.125552
0.000000 0.000000 0.000000
-0.339029 -0.338276 0.504851
-0.018744 -0.028864 0.273428
0.264149 -0.552957 0.436135
0.000000 0.000000 0.000000
0.000000 0.000000 0.000000
-0.041882 0.057585 0.485002
0.289968 -0.300019 0.498223
0.000000 0.000000 0.000000
0.000000 0.000000 0.000000
0.000000 0.000000 0.000000
0.000000 0.000000 0.000000
0.000000 0.000000 0.000000
0.000000 0.000000 0.000000
0.000000 0.000000 0.000000
0.000000 0.000000 0.000000
-0.327683 0.031892 -0.066099
0.000000 0.000000 0.000000
0.000000 0.000000 0.000000
0.000000 0.000000 0.000000
0.000000 0.000000 0.000000
0.286658 -0.580185 0.475994
-0.023252 0.104978 0.439121
0.000000 0.000000 0.000000
0.000000 0.000000 0.000000
0.000000 0.000000 0.000000
-0.228190 0.131745 0.286414
-0.297978 -0.006396 0.502847
-0.341067 0.096926 0.482502
-0.354813 0.104978 0.334570
0.000000 0.000000 0.000000
-0.091678 -0.014617 0.511770
0.000000 0.000000 0.000000
0.000000 0.000000 0.000000
0.000000 0.000000 0.000000
-0.126378 0.014616 0.239627
0.000000 0.000000 0.000000
0.000000 0.000000 0.000000
0.000000 0.000000 0.000000
0.000000 0.000000 0.000000
0.000000 0.000000 0.000000
0.000000 0.000000 0.000000
-0.266273 0.092753 0.485002
0.000000 0.000000 0.000000
0.000000 0.000000 0.000000
0.000000 0.000000 0.000000
0.000000 0.000000 0.000000
0.318215 -0.418271 0.452150
0.000000 0.000000 0.000000
0.000000 0.000000 0.000000
-0.327683 0.079481 0.210360
-0.319984 -0.049288 0.263060
-0.278557 0.131745 0.290180
0.000000 0.000000 0.000000
-0.296225 -0.285143 0.519083
0.000000 0.000000 0.000000
-0.314299 -0.041715 0.439627
0.000000 0.000000 0.000000
0.000000 0.000000 0.000000
-0.292012 0.131745 0.417671
0.000000 0.000000 0.000000
0.276150 -0.690733 0.479871
0.000000 0.000000 0.000000
0.000000 0.000000 0.000000
0.000000 0.000000 0.000000
0.000000 0.000000 0.000000
0.000000 0.000000 0.000000
0.000000 0.000000 0.000000
-0.164057 -0.028864 0.268387
-0.175475 0.021608 0.230705
-0.314665 0.131745 -0.018191
-0.136269 0.093389 0.248551
0.000000 0.000000 0.000000
0.000000 0.000000 0.000000
0.000000 0.000000 0.000000
0.000000 0.000000 0.000000
0.000000 0.000000 0.000000
0.000000 0.000000 0.000000
0.000000 0.000000 0.000000
0.280974 -0.507497 0.480431
0.000000 0.000000 0.000000
-0.314730 -0.257082 0.471119
-0.114963 0.015261 0.279779
0.000000 0.000000 0.000000
0.000000 0.000000 0.000000
0.000000 0.000000 0.000000
0.000000 0.000000 0.000000
0.000000 0.000000 0.000000
0.000000 0.000000 0.000000
0.000000 0.000000 0.000000
-0.131580 0.104978 0.481366
0.000000 0.000000 0.000000
-0.331953 0.104978 0.136299
0.000000 0.000000 0.000000
-0.075505 0.131745 0.295207
0.000000 0.000000 0.000000
0.000000 0.000000 0.000000
0.000000 0.000000 0.000000
-0.197940 -0.012269 -0.001286
0.000000 0.000000 0.000000
0.000000 0.000000 0.000000
-0.327683 0.032637 0.097266
-0.168850 0.104978 0.283094
-0.230680 0.020211 0.014705
0.000000 0.000000 0.000000
-0.255436 -0.002096 0.227086
-0.020572 0.016711 0.279779
-0.324826 -0.404024 0.489580
-0.341067 0.065680 0.462009
0.000000 0.000000 0.000000
0.000000 0.000000 0.000000
0.000000 0.000000 0.000000
0.000000 0.000000 0.000000
0.000000 0.000000 0.000000
-0.054418 0.014410 0.253012
0.000000 0.000000 0.000000
0.039355 0.075058 0.485002
-0.044742 0.131745 0.511185
0.000000 0.000000 0.000000
-0.341067 0.026289 0.333874
0.000000 0.000000 0.000000
-0.354451 0.017650 0.176639
-0.340457 0.131745 0.403984
0.000000 0.000000 0.000000
