0.000000 0.000000 0.000000
0.000000 0.000000 0.000000
0.324248 -0.815145 -0.464392
0.372750 0.113228 -0.513537
-0.096145 0.122743 -0.514342
-0.347119 -0.305831 -0.477732
0.282773 -0.347822 -0.424202
0.000000 0.000000 0.000000
0.000000 0.000000 0.000000
0.000000 0.000000 0.000000
0.000000 0.000000 0.000000
0.000000 0.000000 0.000000
-0.365883 0.126578 -0.381661
0.000000 0.000000 0.000000
0.000000 0.000000 0.000000
0.108712 -0.032453 -0.478030
0.000000 0.000000 0.000000
-0.059097 0.131745 -0.314252
0.280507 -0.545840 -0.444277
0.000000 0.000000 0.000000
0.000000 0.000000 0.000000
0.000000 0.000000 0.000000
0.000000 0.000000 0.000000
0.353345 -0.120101 -0.482952
0.000000 0.000000 0.000000
-0.340640 -0.066470 -0.478651
0.000000 0.000000 0.000000
0.000000 0.000000 0.000000
-0.307787 0.131745 -0.470130
0.000000 0.000000 0.000000
-0.160370 0.131745 -0.237563
0.000000 0.000000 0.000000
-0.328649 0.131745 -0.183625
0.000000 0.000000 0.000000
-0.341067 -0.011686 -0.289227
0.000000 0.000000 0.000000
0.000000 0.000000 0.000000
-0.308660 0.107508 -0.514342
0.000000 0.000000 0.000000
-0.294544 0.131745 -0.438098
0.000000 0.000000 0.000000
0.210776 0.131745 -0.498428
-0.135518 -0.012303 -0.451883
0.080545 0.131745 -0.417330
0.000000 0.000000 0.000000
0.000000 0.000000 0.000000
0.279062 0.010474 -0.431030
0.000000 0.000000 0.000000
0.000000 0.000000 0.000000
0.000000 0.000000 0.000000
0.000000 0.000000 0.000000
0.000000 0.000000 0.000000
0.000000 0.000000 0.000000
0.000000 0.000000 0.000000
0.000000 0.000000 0.000000
0.000000 0.000000 0.000000
-0.341067 -0.044568 -0.410551
0.000000 0.000000 0.000000
0.000000 0.000000 0.000000
0.000000 0.000000 0.000000
0.000000 0.000000 0.000000
0.000000 0.000000 0.000000
-0.161671 0.131745 -0.406281
0.000000 0.000000 0.000000
0.000000 0.000000 0.000000
0.000000 0.000000 0.000000
0.000000 0.000000 0.000000
-0.209637 0.104978 -0.345428
0.302617 -0.688309 -0.412438
-0.198749 -0.028864 -0.230085
0.000000 0.000000 0.000000
0.274767 -0.397469 -0.447962
0.000000 0.000000 0.000000
0.000000 0.000000 0.000000
0.000000 0.000000 0.000000
0.000000 0.000000 0.000000
0.000000 0.000000 0.000000
-0.275067 -0.421074 -0.438067
0.000000 0.000000 0.000000
0.349972 -0.271636 -0.444360
0.000000 0.000000 0.000000
-0.231590 0.027308 -0.451883
0.001105 0.039139 -0.478651
0.000000 0.000000 0.000000
-0.041990 0.074067 -0.246661
0.000000 0.000000 0.000000
0.249859 0.131745 -0.470901
0.000000 0.000000 0.000000
0.000000 0.000000 0.000000
0.279062 -0.046470 -0.423356
-0.325457 -0.192974 -0.443643
-0.022689 -0.064366 -0.459928
0.000000 0.000000 0.000000
-0.334001 0.131745 -0.444572
-0.260283 0.104978 -0.282969
0.000000 0.000000 0.000000
0.000000 0.000000 0.000000
-0.033330 0.104978 -0.409725
0.000000 0.000000 0.000000
0.217839 0.040484 -0.478651
0.000000 0.000000 0.000000
0.000000 0.000000 0.000000
0.111383 0.131745 -0.490060
0.000000 0.000000 0.000000
0.000000 0.000000 0.000000
0.000000 0.000000 0.000000
-0.214071 0.131745 -0.468216
0.000000 0.000000 0.000000
0.000000 0.000000 0.000000
-0.243309 0.043150 -0.246661
0.174745 0.078209 -0.418214
0.000000 0.000000 0.000000
0.000000 0.000000 0.000000
0.000000 0.000000 0.000000
0.000000 0.000000 0.000000
0.000000 0.000000 0.000000
0.000000 0.000000 0.000000
0.000000 0.000000 0.000000
0.000000 0.000000 0.000000
0.000000 0.000000 0.000000
0.000000 0.000000 0.000000
-0.370929 0.123177 -0.259150
0.000000 0.000000 0.000000
0.000000 0.000000 0.000000
0.000000 0.000000 0.000000
0.000000 0.000000 0.000000
-0.135302 0.047042 -0.451883
0.000000 0.000000 0.000000
0.302026 -0.188933 -0.485856
-0.294763 -0.370409 -0.420659
0.321602 0.072867 -0.478651
0.000000 0.000000 0.000000
-0.341067 0.027118 -0.397992
0.000000 0.000000 0.000000
0.044063 0.123158 -0.508585
0.000000 0.000000 0.000000
0.000000 0.000000 0.000000
-0.088091 0.131745 -0.227850
0.000000 0.000000 0.000000
0.000000 0.000000 0.000000
-0.108966 -0.024420 -0.246661
0.000000 0.000000 0.000000
0.000000 0.000000 0.000000
0.035057 0.131745 -0.357115
0.000000 0.000000 0.000000
0.000000 0.000000 0.000000
0.000000 0.000000 0.000000
-0.276238 0.104978 -0.143577
-0.150025 0.040952 -0.246661
0.000000 0.000000 0.000000
0.000000 0.000000 0.000000
0.000000 0.000000 0.000000
-0.313620 0.104978 -0.370719
0.000000 0.000000 0.000000
-0.302073 0.077937 -0.478651
-0.330789 -0.193620 -0.498679
0.000000 0.000000 0.000000
0.000000 0.000000 0.000000
0.000000 0.000000 0.000000
0.000000 0.000000 0.000000
0.000000 0.000000 0.000000
0.000000 0.000000 0.000000
-0.109452 0.131745 -0.412227
-0.327683 0.043616 -0.185765
0.000000 0.000000 0.000000
0.123485 0.047133 -0.451883
0.000000 0.000000 0.000000
0.000000 0.000000 0.000000
0.309404 -0.475671 -0.426923
0.297146 -0.109103 -0.432390
0.000000 0.000000 0.000000
0.178761 0.008709 -0.478651
0.337060 -0.046288 -0.473839
0.000000 0.000000 0.000000
0.000000 0.000000 0.000000
-0.142604 0.104978 -0.295197
0.000000 0.000000 0.000000
0.000000 0.000000 0.000000
0.142262 0.131745 -0.362405
0.000000 0.000000 0.000000
0.000000 0.000000 0.000000
-0.341067 0.066402 -0.473594
0.296421 -0.269916 -0.491838
-0.283069 -0.049232 -0.457606
-0.055668 0.039150 -0.451883
0.000000 0.000000 0.000000
0.000000 0.000000 0.000000
0.000000 0.000000 0.000000
0.000000 0.000000 0.000000
-0.314299 0.070259 -0.259718
0.032169 0.006441 -0.451883
0.000000 0.000000 0.000000
0.000000 0.000000 0.000000
0.000000 0.000000 0.000000
0.000000 0.000000 0.000000
-0.169270 0.085864 -0.478651
0.000000 0.000000 0.000000
-0.240585 0.029562 -0.197586
0.000000 0.000000 0.000000
-0.283069 0.022772 -0.425960
-0.303701 -0.273113 -0.435612
0.000000 0.000000 0.000000
0.000000 0.000000 0.000000
0.000000 0.000000 0.000000
0.000000 0.000000 0.000000
-0.250908 0.131745 -0.209385
-0.222670 0.098611 -0.422945
-0.308670 0.131745 -0.335149
0.000000 0.000000 0.000000
0.000000 0.000000 0.000000
0.264665 -0.475964 -0.421929
0.288764 0.131745 -0.497941
0.000000 0.000000 0.000000
0.264317 -0.626923 -0.433254
0.000000 0.000000 0.000000
0.000000 0.000000 0.000000
-0.161384 0.131745 -0.486646
0.000000 0.000000 0.000000
0.000000 0.000000 0.000000
0.000000 0.000000 0.000000
0.000000 0.000000 0.000000
0.000000 0.000000 0.000000
0.000000 0.000000 0.000000
0.000000 0.000000 0.000000
0.000000 0.000000 0.000000
0.000000 0.000000 0.000000
0.000000 0.000000 0.000000
0.000000 0.000000 0.000000
0.000000 0.000000 0.000000
-0.325099 -0.365127 -0.470377
-0.102797 0.131745 -0.353834
0.000000 0.000000 0.000000
0.000000 0.000000 0.000000
0.218991 0.104978 -0.389538
0.000000 0.000000 0.000000
-0.349001 -0.151065 -0.497671
-0.158887 -0.028864 -0.233914
0.315170 0.015726 -0.478651
-0.282706 -0.028864 -0.228400
0.000000 0.000000 0.000000
0.293437 -0.756839 -0.423983
0.000000 0.000000 0.000000
0.000000 0.000000 0.000000
0.000000 0.000000 0.000000
-0.314299 -0.005931 -0.389665
0.331859 -0.351567 -0.440082
0.000000 0.000000 0.000000
0.000000 0.000000 0.000000
0.000000 0.000000 0.000000
-0.021335 0.131745 -0.479269
0.000000 0.000000 0.000000
0.000000 0.000000 0.000000
0.000000 0.000000 0.000000
0.000000 0.000000 0.000000
0.356984 -0.198682 -0.481067
0.000000 0.000000 0.000000
0.000000 0.000000 0.000000
0.000000 0.000000 0.000000
-0.266470 0.001760 -0.478651
-0.310760 -0.120798 -0.435304
0.000000 0.000000 0.000000
-0.351693 0.025155 -0.224733
0.000000 0.000000 0.000000
0.000000 0.000000 0.000000
0.000000 0.000000 0.000000
-0.190639 0.131745 -0.266870
0.000000 0.000000 0.000000
0.065828 0.040043 -0.451883
0.158395 0.098925 -0.478651
0.035410 0.091593 -0.453349
0.000000 0.000000 0.000000
0.000000 0.000000 0.000000
0.000000 0.000000 0.000000
0.000000 0.000000 0.000000
-0.101246 -0.038270 -0.478651
0.317243 0.131745 -0.458094
0.000000 0.000000 0.000000
0.000000 0.000000 0.000000
0.000000 0.000000 0.000000
0.000000 0.000000 0.000000
-0.180930 -0.009236 -0.474583
0.000000 0.000000 0.000000
0.000000 0.000000 0.000000
0.000000 0.000000 0.000000
0.000000 0.000000 0.000000
-0.265245 0.072828 -0.451883
0.000000 0.000000 0.000000
0.000000 0.000000 0.000000
-0.296499 0.078209 -0.338715
0.000000 0.000000 0.000000
0.000000 0.000000 0.000000
0.000000 0.000000 0.000000
0.000000 0.000000 0.000000
0.035140 -0.037539 -0.478651
0.000000 0.000000 0.000000
0.000000 0.000000 0.000000
0.000000 0.000000 0.000000
0.112491 0.104978 -0.331025
0.000000 0.000000 0.000000
0.000000 0.000000 0.000000
0.122533 0.104978 -0.427760
0.000000 0.000000 0.000000
0.229449 -0.017863 -0.451883
-0.249777 0.131745 -0.393495
0.000000 0.000000 0.000000
0.000000 0.000000 0.000000
0.000000 0.000000 0.000000
0.000000 0.000000 0.000000
0.000000 0.000000 0.000000
0.264855 0.066244 -0.451883
0.332950 -0.168697 -0.442688
-0.341067 0.017045 -0.464158
0.000000 0.000000 0.000000
0.000000 0.000000 0.000000
0.367177 0.123109 -0.468271
0.000000 0.000000 0.000000
0.037266 0.104978 -0.303734
-0.164735 0.131745 -0.347802
0.000000 0.000000 0.000000
0.000000 0.000000 0.000000
-0.190611 0.069576 -0.215431
0.000000 0.000000 0.000000
-0.354451 0.079807 -0.202938
0.319214 0.048306 -0.424510
0.311137 -0.287720 -0.433420
-0.047400 0.104320 -0.478651
0.000000 0.000000 0.000000
0.000000 0.000000 0.000000
0.000000 0.000000 0.000000
-0.021095 0.104978 -0.359342
0.000000 0.000000 0.000000
0.000000 0.000000 0.000000
-0.025573 -0.016277 -0.478651
0.000000 0.000000 0.000000
0.318444 -0.416944 -0.431858
0.000000 0.000000 0.000000
0.000000 0.000000 0.000000
0.000000 0.000000 0.000000
0.000000 0.000000 0.000000
0.000000 0.000000 0.000000
0.000000 0.000000 0.000000
0.000000 0.000000 0.000000
-0.276463 0.104978 -0.480502
0.000000 0.000000 0.000000
0.000000 0.000000 0.000000
0.000000 0.000000 0.000000
-0.289017 -0.332369 -0.462148
0.301084 -0.609717 -0.416793
0.000000 0.000000 0.000000
0.289074 -0.098727 -0.489523
0.000000 0.000000 0.000000
0.000000 0.000000 0.000000
-0.359043 -0.232541 -0.466398
0.000000 0.000000 0.000000
-0.109964 0.102510 -0.451883
0.000000 0.000000 0.000000
0.000000 0.000000 0.000000
0.167265 0.131745 -0.448586
0.000000 0.000000 0.000000
0.000000 0.000000 0.000000
0.000000 0.000000 0.000000
0.000000 0.000000 0.000000
0.000000 0.000000 0.000000
-0.301345 -0.250792 -0.482526
-0.295345 -0.111061 -0.485077
0.282210 -0.551692 -0.403014
0.000000 0.000000 0.000000
-0.365536 0.127031 -0.494612
0.000000 0.000000 0.000000
0.000000 0.000000 0.000000
-0.299611 0.131745 -0.251040
0.000000 0.000000 0.000000
0.000000 0.000000 0.000000
-0.291912 0.059386 -0.219893
0.000000 0.000000 0.000000
0.000000 0.000000 0.000000
0.304348 -0.331103 -0.478363
0.000000 0.000000 0.000000
0.000000 0.000000 0.000000
0.000000 0.000000 0.000000
0.017635 0.131745 -0.441298
0.000000 0.000000 0.000000
0.000000 0.000000 0.000000
-0.180146 0.049083 -0.451883
0.000000 0.000000 0.000000
0.000000 0.000000 0.000000
-0.104156 0.030660 -0.215431
-0.268684 0.131745 -0.499633
0.258875 0.131745 -0.410452
0.000000 0.000000 0.000000
0.219031 0.091593 -0.452988
0.000000 0.000000 0.000000
0.000000 0.000000 0.000000
0.089341 0.094456 -0.478651
-0.323221 0.083860 -0.397066
0.000000 0.000000 0.000000
0.000000 0.000000 0.000000
0.000000 0.000000 0.000000
0.000000 0.000000 0.000000
0.000000 0.000000 0.000000
0.000000 0.000000 0.000000
-0.214905 0.096722 -0.246661
0.000000 0.000000 0.000000
0.000000 0.000000 0.000000
0.000000 0.000000 0.000000
0.000000 0.000000 0.000000
0.000000 0.000000 0.000000
0.017683 0.104978 -0.397781
0.000000 0.000000 0.000000
0.000000 0.000000 0.000000
-0.116802 -0.019386 -0.193124
0.299360 -0.236194 -0.453820
0.284234 -0.038621 -0.478651
0.273721 -0.707905 -0.446245
-0.016044 0.131745 -0.282534
0.000000 0.000000 0.000000
0.000000 0.000000 0.000000
-0.246191 0.131745 -0.344913
-0.337353 0.131745 -0.282803
0.000000 0.000000 0.000000
-0.341067 -0.012001 -0.439459
0.000000 0.000000 0.000000
0.000000 0.000000 0.000000
0.000000 0.000000 0.000000
0.000000 0.000000 0.000000
0.000000 0.000000 0.000000
0.000000 0.000000 0.000000
0.000000 0.000000 0.000000
0.000000 0.000000 0.000000
0.316204 -0.773366 -0.455970
0.000000 0.000000 0.000000
0.000000 0.000000 0.000000
0.000000 0.000000 0.000000
0.000000 0.000000 0.000000
0.000000 0.000000 0.000000
0.000000 0.000000 0.000000
0.000000 0.000000 0.000000
-0.091629 0.046696 -0.478651
0.000000 0.000000 0.000000
0.071635 0.131745 -0.325558
0.000000 0.000000 0.000000
0.000000 0.000000 0.000000
0.000000 0.000000 0.000000
0.000000 0.000000 0.000000
0.000000 0.000000 0.000000
0.000000 0.000000 0.000000
0.000000 0.000000 0.000000
0.000000 0.000000 0.000000
0.000000 0.000000 0.000000
-0.297980 -0.398956 -0.463378
0.000000 0.000000 0.000000
-0.064166 0.008029 -0.246661
0.000000 0.000000 0.000000
-0.321046 0.131745 -0.123790
0.000000 0.000000 0.000000
0.000000 0.000000 0.000000
-0.376758 0.113122 -0.189052
0.142953 -0.015819 -0.451930
0.000000 0.000000 0.000000
0.207791 0.131745 -0.436593
-0.063159 -0.016402 -0.451883
0.000000 0.000000 0.000000
0.000000 0.000000 0.000000
-0.304214 0.019845 -0.246661
0.000000 0.000000 0.000000
-0.314299 -0.001417 -0.337722
0.000000 0.000000 0.000000
0.000000 0.000000 0.000000
-0.134030 0.100516 -0.211222
0.000000 0.000000 0.000000
0.000000 0.000000 0.000000
0.000000 0.000000 0.000000
-0.238535 -0.002096 -0.226918
0.000000 0.000000 0.000000
0.000000 0.000000 0.000000
0.000000 0.000000 0.000000
-0.170771 0.078209 -0.422558
0.000000 0.000000 0.000000
0.000000 0.000000 0.000000
0.000000 0.000000 0.000000
0.000000 0.000000 0.000000
0.000000 0.000000 0.000000
0.000000 0.000000 0.000000
0.000000 0.000000 0.000000
0.000000 0.000000 0.000000
-0.212274 0.098840 -0.197586
0.000000 0.000000 0.000000
0.000000 0.000000 0.000000
0.000000 0.000000 0.000000
-0.080224 0.076595 -0.246661
0.000000 0.000000 0.000000
0.000000 0.000000 0.000000
0.000000 0.000000 0.000000
0.000000 0.000000 0.000000
0.000000 0.000000 0.000000
-0.287845 0.069724 -0.246661
0.326307 -0.376524 -0.467909
-0.216395 0.104978 -0.501893
0.000000 0.000000 0.000000
0.352318 -0.116881 -0.434408
0.000000 0.000000 0.000000
0.000000 0.000000 0.000000
0.178839 0.131745 -0.384165
-0.341067 0.037145 -0.311047
-0.021124 -0.002096 -0.237794
0.000000 0.000000 0.000000
0.000000 0.000000 0.000000
0.000000 0.000000 0.000000
0.000000 0.000000 0.000000
0.000000 0.000000 0.000000
0.000000 0.000000 0.000000
0.000000 0.000000 0.000000
0.000000 0.000000 0.000000
0.000000 0.000000 0.000000
0.000000 0.000000 0.000000
0.000000 0.000000 0.000000
0.000000 0.000000 0.000000
0.000000 0.000000 0.000000
0.000000 0.000000 0.000000
-0.200863 0.017205 -0.206509
-0.280540 0.011289 -0.186382
0.000000 0.000000 0.000000
0.000000 0.000000 0.000000
0.087512 -0.005142 -0.451883
0.078593 0.104978 -0.370377
-0.233924 -0.028864 -0.194227
-0.071510 0.104978 -0.371814
0.000000 0.000000 0.000000
0.000000 0.000000 0.000000
0.285590 0.044049 -0.478651
0.000000 0.000000 0.000000
0.000000 0.000000 0.000000
-0.341067 0.079095 -0.368300
-0.376758 0.107721 -0.306522
0.019108 0.041756 -0.451883
-0.302145 -0.029274 -0.420654
0.000000 0.000000 0.000000
0.000000 0.000000 0.000000
-0.305114 0.104978 -0.301799
0.000000 0.000000 0.000000
0.000000 0.000000 0.000000
-0.333197 0.104978 -0.227917
0.000000 0.000000 0.000000
0.000000 0.000000 0.000000
0.060406 0.011719 -0.478651
0.000000 0.000000 0.000000
0.000000 0.000000 0.000000
0.000000 0.000000 0.000000
0.000000 0.000000 0.000000
0.000000 0.000000 0.000000
0.000000 0.000000 0.000000
0.017755 -0.043931 -0.451883
-0.032176 0.074542 -0.478651
0.000000 0.000000 0.000000
0.278902 -0.502271 -0.447855
-0.323221 0.086319 -0.436649
0.000000 0.000000 0.000000
0.000000 0.000000 0.000000
0.000000 0.000000 0.000000
-0.302341 0.104978 -0.411330
-0.099237 0.104978 -0.301938
0.000000 0.000000 0.000000
-0.172356 0.093708 -0.197586
0.000000 0.000000 0.000000
0.000000 0.000000 0.000000
-0.264071 0.047343 -0.478651
0.000000 0.000000 0.000000
0.258376 -0.040318 -0.477204
0.000000 0.000000 0.000000
0.000000 0.000000 0.000000
-0.025138 0.017874 -0.451883
0.352533 -0.223121 -0.442380
-0.294087 -0.299283 -0.468664
-0.050602 0.015463 -0.478651
0.000000 0.000000 0.000000
0.337060 0.040161 -0.452476
0.000000 0.000000 0.000000
-0.122391 0.131745 -0.474383
0.073905 -0.046233 -0.451883
0.322199 -0.013622 -0.478651
0.320553 -0.244826 -0.495353
0.000000 0.000000 0.000000
0.000000 0.000000 0.000000
-0.322103 -0.085954 -0.425288
-0.351544 -0.285126 -0.434357
0.000000 0.000000 0.000000
0.000000 0.000000 0.000000
-0.311883 -0.020408 -0.478651
0.000000 0.000000 0.000000
0.000000 0.000000 0.000000
-0.360866 -0.166956 -0.444476
0.000000 0.000000 0.000000
0.000000 0.000000 0.000000
0.000000 0.000000 0.000000
0.000000 0.000000 0.000000
-0.003659 0.068354 -0.451883
0.000000 0.000000 0.000000
-0.015709 0.106736 -0.514342
-0.354451 0.092483 -0.155056
-0.264294 0.045010 -0.451883
0.000000 0.000000 0.000000
0.000000 0.000000 0.000000
0.311849 -0.135913 -0.496867
0.000000 0.000000 0.000000
0.000000 0.000000 0.000000
0.000000 0.000000 0.000000
0.000000 0.000000 0.000000
0.000000 0.000000 0.000000
0.000000 0.000000 0.000000
0.163511 0.060996 -0.478651
0.000000 0.000000 0.000000
0.000000 0.000000 0.000000
0.000000 0.000000 0.000000
0.000000 0.000000 0.000000
0.000000 0.000000 0.000000
0.000000 0.000000 0.000000
0.000000 0.000000 0.000000
-0.323606 -0.033166 -0.249319
0.000000 0.000000 0.000000
0.000000 0.000000 0.000000
0.000000 0.000000 0.000000
0.261983 -0.584546 -0.414527
0.000000 0.000000 0.000000
0.158843 0.026522 -0.451883
0.000000 0.000000 0.000000
0.321877 0.104978 -0.503854
0.000000 0.000000 0.000000
0.282022 -0.649269 -0.407859
0.000000 0.000000 0.000000
0.249088 0.015579 -0.451883
0.000000 0.000000 0.000000
-0.323221 0.036044 -0.432429
0.120078 0.022946 -0.478651
-0.183048 -0.002096 -0.238663
0.000000 0.000000 0.000000
0.000000 0.000000 0.000000
-0.222670 0.081836 -0.464622
0.000000 0.000000 0.000000
0.000000 0.000000 0.000000
0.000000 0.000000 0.000000
-0.283767 0.011289 -0.141748
-0.206327 0.131745 -0.384176
0.045741 0.051661 -0.478651
0.120134 0.065691 -0.478651
0.341875 -0.310852 -0.469744
0.292182 0.081964 -0.420654
0.000000 0.000000 0.000000
0.295931 -0.444430 -0.409525
0.282037 0.096232 -0.478651
0.000000 0.000000 0.000000
0.000000 0.000000 0.000000
0.082555 0.104978 -0.440114
0.000000 0.000000 0.000000
-0.105060 0.017564 -0.451883
0.000000 0.000000 0.000000
0.000000 0.000000 0.000000
0.000000 0.000000 0.000000
0.000000 0.000000 0.000000
0.295615 -0.496233 -0.404769
-0.299858 0.094257 -0.197586
-0.177075 0.073512 -0.246661
0.000000 0.000000 0.000000
-0.354055 -0.105695 -0.467135
-0.154174 -0.002096 -0.209544
-0.164985 0.041944 -0.478651
-0.137207 0.091593 -0.456678
0.354114 -0.241427 -0.487456
-0.212110 -0.011512 -0.454261
-0.302789 -0.148046 -0.489890
0.000000 0.000000 0.000000
0.000000 0.000000 0.000000
-0.206438 0.131745 -0.177857
0.000000 0.000000 0.000000
0.000000 0.000000 0.000000
0.000000 0.000000 0.000000
0.015500 0.092162 -0.478651
0.000000 0.000000 0.000000
0.000000 0.000000 0.000000
-0.130450 0.007623 -0.478651
0.000000 0.000000 0.000000
-0.290425 -0.028864 -0.195802
0.000000 0.000000 0.000000
0.000000 0.000000 0.000000
0.325227 0.094171 -0.447422
0.000000 0.000000 0.000000
0.000000 0.000000 0.000000
-0.287609 0.069512 -0.420654
0.000000 0.000000 0.000000
0.313372 -0.376719 -0.419661
0.000000 0.000000 0.000000
-0.121469 0.104978 -0.380710
-0.299212 0.038875 -0.469729
-0.190293 0.104978 -0.427416
0.303107 0.041361 -0.460805
-0.327480 0.003814 -0.197586
0.267427 -0.448579 -0.453268
0.000000 0.000000 0.000000
-0.073817 0.104978 -0.422154
0.000000 0.000000 0.000000
-0.060697 0.131745 -0.467054
-0.229876 0.068473 -0.215431
0.000000 0.000000 0.000000
0.000000 0.000000 0.000000
0.000000 0.000000 0.000000
0.000000 0.000000 0.000000
-0.148460 0.095317 -0.246661
0.330166 -0.085985 -0.484699
-0.354712 -0.267060 -0.489003
-0.102835 0.043929 -0.246661
-0.235955 0.042322 -0.478651
0.000000 0.000000 0.000000
-0.341067 0.091782 -0.320106
0.000000 0.000000 0.000000
0.186796 0.091593 -0.464241
0.000000 0.000000 0.000000
0.000000 0.000000 0.000000
-0.205832 0.131745 -0.305120
