0.271668 -0.159022 -0.222684
0.000000 0.000000 0.000000
0.000000 0.000000 0.000000
0.776548 -0.294931 0.444539
0.000000 0.000000 0.000000
0.000000 0.000000 0.000000
0.712363 -0.327286 -0.513401
0.172057 -0.345491 -0.362764
0.000000 0.000000 0.000000
0.698740 -0.345491 -0.028773
0.000000 0.000000 0.000000
0.000000 0.000000 0.000000
0.000000 0.000000 0.000000
0.000000 0.000000 0.000000
0.000000 0.000000 0.000000
0.449087 -0.307168 -0.315712
0.501677 -0.261836 0.040092
0.000000 0.000000 0.000000
0.000000 0.000000 0.000000
0.583098 -0.345491 -0.340530
0.079191 -0.283951 -0.513401
-0.244179 0.160374 -0.618398
0.000000 0.000000 0.000000
0.000000 0.000000 0.000000
0.716359 -0.345491 0.106058
0.593970 -0.278447 0.097849
0.023263 -0.049976 -0.315712
0.000000 0.000000 0.000000
0.000000 0.000000 0.000000
0.636697 -0.278447 -0.149311
0.000000 0.000000 0.000000
0.577053 -0.278447 0.346997
0.516207 -0.278447 -0.470417
-0.043744 -0.345491 -0.513148
0.000000 0.000000 0.000000
0.000000 0.000000 0.000000
0.000000 0.000000 0.000000
0.563201 -0.345491 0.292226
0.000000 0.000000 0.000000
0.776345 -0.278447 -0.292865
0.000000 0.000000 0.000000
0.313347 -0.285947 -0.513401
0.000000 0.000000 0.000000
0.654723 -0.278447 0.177593
0.000000 0.000000 0.000000
0.000000 0.000000 0.000000
0.000000 0.000000 0.000000
0.000000 0.000000 0.000000
0.327074 -0.208563 -0.009185
0.000000 0.000000 0.000000
0.000000 0.000000 0.000000
0.000000 0.000000 0.000000
0.633830 -0.278447 0.341148
0.000000 0.000000 0.000000
0.000000 0.000000 0.000000
0.265770 -0.278447 -0.421957
0.000000 0.000000 0.000000
0.441678 -0.259790 -0.161982
0.538838 -0.336966 -0.146549
0.000000 0.000000 0.000000
0.000000 0.000000 0.000000
-0.244179 0.246516 -0.557697
0.032348 -0.278447 -0.339060
0.000000 0.000000 0.000000
0.000000 0.000000 0.000000
0.776548 -0.333189 0.268428
0.000000 0.000000 0.000000
0.000000 0.000000 0.000000
-0.282144 0.019539 -0.586029
-0.121819 -0.278447 -0.370290
0.769826 -0.278447 -0.125799
0.000000 0.000000 0.000000
0.000000 0.000000 0.000000
0.000000 0.000000 0.000000
0.000000 0.000000 0.000000
0.379155 -0.207069 0.110391
0.000000 0.000000 0.000000
0.000000 0.000000 0.000000
0.000000 0.000000 0.000000
0.000000 0.000000 0.000000
0.342909 -0.345491 -0.365071
0.000000 0.000000 0.000000
0.000000 0.000000 0.000000
0.676426 -0.345491 -0.408127
0.000000 0.000000 0.000000
0.000000 0.000000 0.000000
0.693363 -0.345491 -0.178040
0.768013 -0.345491 0.112619
0.136819 -0.098744 -0.229475
0.000000 0.000000 0.000000
0.240739 -0.345491 -0.446642
0.569214 -0.278447 -0.018471
0.000000 0.000000 0.000000
0.214225 -0.278447 -0.388886
0.512192 -0.266536 0.198161
0.000000 0.000000 0.000000
0.644096 -0.278447 -0.059802
0.367733 -0.278447 -0.398090
0.000000 0.000000 0.000000
0.000000 0.000000 0.000000
0.000000 0.000000 0.000000
0.636225 -0.278447 -0.271956
0.000000 0.000000 0.000000
0.598261 -0.345491 0.197138
-0.033039 -0.345491 -0.357455
0.000000 0.000000 0.000000
0.645500 -0.278447 -0.466586
0.000000 0.000000 0.000000
0.000000 0.000000 0.000000
0.000000 0.000000 0.000000
0.000000 0.000000 0.000000
0.000000 0.000000 0.000000
0.314187 -0.178028 -0.312590
0.000000 0.000000 0.000000
0.000000 0.000000 0.000000
0.000000 0.000000 0.000000
0.768635 -0.286333 0.076859
0.000000 0.000000 0.000000
0.000000 0.000000 0.000000
0.000000 0.000000 0.000000
0.436468 -0.345491 -0.483092
0.000000 0.000000 0.000000
0.000000 0.000000 0.000000
0.000000 0.000000 0.000000
0.776548 -0.345121 -0.251250
-0.259823 -0.073859 -0.622839
0.345558 -0.216825 -0.198643
0.000000 0.000000 0.000000
0.000000 0.000000 0.000000
0.000000 0.000000 0.000000
0.518434 -0.269327 -0.263847
0.776548 -0.289426 -0.401311
0.000000 0.000000 0.000000
0.000000 0.000000 0.000000
0.000000 0.000000 0.000000
0.000000 0.000000 0.000000
0.000000 0.000000 0.000000
0.276277 -0.161083 -0.087519
-0.077238 -0.003916 -0.315712
0.468453 -0.271758 0.242004
0.582634 -0.345491 0.018310
0.000000 0.000000 0.000000
0.000000 0.000000 0.000000
0.000000 0.000000 0.000000
0.091965 -0.345491 -0.445300
0.546829 -0.278447 -0.356111
0.000000 0.000000 0.000000
0.000000 0.000000 0.000000
0.000000 0.000000 0.000000
-0.244179 -0.011878 -0.495560
0.000000 0.000000 0.000000
-0.104150 -0.345491 -0.429111
0.000000 0.000000 0.000000
0.663691 -0.345491 0.345650
0.000000 0.000000 0.000000
0.728112 -0.345491 0.511593
-0.021371 -0.278447 -0.442455
0.256768 -0.177136 0.011640
0.243610 -0.279928 -0.315712
0.439764 -0.234160 -0.049580
0.000000 0.000000 0.000000
0.000000 0.000000 0.000000
0.000000 0.000000 0.000000
0.000000 0.000000 0.000000
0.648956 -0.345491 -0.469367
0.000000 0.000000 0.000000
0.024599 -0.345491 -0.467718
0.000000 0.000000 0.000000
0.000000 0.000000 0.000000
0.000000 0.000000 0.000000
0.000000 0.000000 0.000000
0.403767 -0.218070 0.028170
0.543046 -0.345491 0.098928
0.000000 0.000000 0.000000
0.000000 0.000000 0.000000
0.755547 -0.332700 0.159842
0.596678 -0.345491 -0.122725
0.000000 0.000000 0.000000
0.220434 -0.304766 -0.513401
0.000000 0.000000 0.000000
0.000000 0.000000 0.000000
0.174616 -0.140414 -0.154751
0.770568 -0.278447 -0.034811
0.596725 -0.278447 0.221331
-0.123191 -0.278447 -0.491370
0.429572 -0.254378 0.108434
0.000000 0.000000 0.000000
0.000000 0.000000 0.000000
0.000000 0.000000 0.000000
0.000000 0.000000 0.000000
0.383742 -0.292083 -0.513401
0.218560 -0.135283 -0.311068
0.000000 0.000000 0.000000
0.000000 0.000000 0.000000
0.000000 0.000000 0.000000
0.000000 0.000000 0.000000
0.360234 -0.198610 -0.097811
0.000000 0.000000 0.000000
0.000000 0.000000 0.000000
0.536853 -0.345491 -0.476682
0.000000 0.000000 0.000000
0.776548 -0.328619 0.373195
0.000000 0.000000 0.000000
0.000000 0.000000 0.000000
0.000000 0.000000 0.000000
0.000000 0.000000 0.000000
0.147913 -0.345491 -0.404240
0.000000 0.000000 0.000000
-0.244179 0.084598 -0.527067
0.000000 0.000000 0.000000
0.000000 0.000000 0.000000
0.141706 -0.278447 -0.340889
0.000000 0.000000 0.000000
-0.244179 -0.025724 -0.546598
-0.244179 0.300898 -0.618601
0.000000 0.000000 0.000000
0.000000 0.000000 0.000000
0.000000 0.000000 0.000000
0.000000 0.000000 0.000000
0.254069 -0.345491 -0.397176
0.336607 -0.345491 -0.458059
0.000000 0.000000 0.000000
0.000000 0.000000 0.000000
0.000000 0.000000 0.000000
0.757680 -0.278447 -0.470684
0.669877 -0.278447 -0.377743
0.000000 0.000000 0.000000
0.000000 0.000000 0.000000
0.732782 -0.278447 0.300985
0.000000 0.000000 0.000000
0.000000 0.000000 0.000000
0.505470 -0.288305 -0.093209
0.000000 0.000000 0.000000
0.000000 0.000000 0.000000
0.000000 0.000000 0.000000
0.000000 0.000000 0.000000
0.000000 0.000000 0.000000
0.000000 0.000000 0.000000
0.064773 -0.338858 -0.315712
0.000000 0.000000 0.000000
0.681987 -0.345491 -0.318252
0.000000 0.000000 0.000000
0.000000 0.000000 0.000000
0.666747 -0.278447 0.039848
0.000000 0.000000 0.000000
0.000000 0.000000 0.000000
0.722158 -0.345491 0.409047
0.381680 -0.208198 -0.276969
0.000000 0.000000 0.000000
0.000000 0.000000 0.000000
0.000000 0.000000 0.000000
0.683231 -0.345491 0.243185
0.000000 0.000000 0.000000
0.455024 -0.345491 -0.393252
0.538838 -0.340034 -0.243829
0.601926 -0.345491 -0.217488
0.091316 -0.103180 -0.305636
0.000000 0.000000 0.000000
0.000000 0.000000 0.000000
0.135721 -0.278447 -0.437677
0.339139 -0.299388 -0.315712
0.000000 0.000000 0.000000
-0.124289 -0.334820 -0.513401
0.740398 -0.278447 -0.208906
0.520982 -0.270466 0.133392
0.000000 0.000000 0.000000
0.000000 0.000000 0.000000
0.000000 0.000000 0.000000
0.000000 0.000000 0.000000
0.000000 0.000000 0.000000
0.000000 0.000000 0.000000
0.000000 0.000000 0.000000
0.000000 0.000000 0.000000
0.594380 -0.345491 0.391117
-0.282144 -0.079954 -0.573996
0.000000 0.000000 0.000000
0.316741 -0.179169 -0.166723
0.769333 -0.345491 -0.083156
0.000000 0.000000 0.000000
0.398492 -0.345491 -0.331070
0.484917 -0.279117 -0.003106
0.000000 0.000000 0.000000
0.444536 -0.261067 -0.227807
0.000000 0.000000 0.000000
0.000000 0.000000 0.000000
0.000000 0.000000 0.000000
0.604496 -0.321309 -0.513401
0.000000 0.000000 0.000000
0.000000 0.000000 0.000000
0.000000 0.000000 0.000000
-0.049559 -0.294997 -0.315712
0.000000 0.000000 0.000000
0.000000 0.000000 0.000000
0.583160 -0.278447 -0.444161
0.000000 0.000000 0.000000
0.070905 -0.278447 -0.425833
0.000000 0.000000 0.000000
0.000000 0.000000 0.000000
0.509329 -0.265256 -0.160608
0.000000 0.000000 0.000000
-0.038935 -0.044958 -0.277160
0.000000 0.000000 0.000000
0.000000 0.000000 0.000000
0.000000 0.000000 0.000000
0.209876 -0.131401 -0.226918
-0.244179 0.034127 -0.603805
0.765997 -0.345491 0.023640
0.000000 0.000000 0.000000
0.000000 0.000000 0.000000
0.000000 0.000000 0.000000
0.000000 0.000000 0.000000
0.000000 0.000000 0.000000
0.538838 -0.331036 -0.056349
0.000000 0.000000 0.000000
0.000000 0.000000 0.000000
0.716538 -0.278447 -0.111854
0.044723 -0.057578 -0.255197
0.000000 0.000000 0.000000
0.000000 0.000000 0.000000
0.000000 0.000000 0.000000
0.523021 -0.304388 0.265874
0.000000 0.000000 0.000000
0.747114 -0.345491 -0.164348
0.148789 -0.336373 -0.513401
0.000000 0.000000 0.000000
-0.282144 0.230870 -0.621948
0.566406 -0.278447 -0.304508
0.000000 0.000000 0.000000
0.000000 0.000000 0.000000
0.018546 -0.280409 -0.513401
0.687562 -0.278447 -0.224146
0.585791 -0.345491 -0.429272
0.419658 -0.278447 -0.343814
0.000000 0.000000 0.000000
0.000000 0.000000 0.000000
0.000000 0.000000 0.000000
0.000000 0.000000 0.000000
0.624722 -0.345491 0.116727
0.164364 -0.278447 -0.498980
0.000000 0.000000 0.000000
0.000000 0.000000 0.000000
0.000000 0.000000 0.000000
0.000000 0.000000 0.000000
0.516579 -0.339177 -0.315712
0.612132 -0.345491 -0.036420
0.000000 0.000000 0.000000
0.000000 0.000000 0.000000
0.000000 0.000000 0.000000
0.000000 0.000000 0.000000
-0.270661 0.097291 -0.622839
0.000000 0.000000 0.000000
0.000000 0.000000 0.000000
0.000000 0.000000 0.000000
0.218476 -0.160019 -0.048025
0.472934 -0.278447 -0.397530
0.663383 -0.345491 -0.109665
0.000000 0.000000 0.000000
0.000000 0.000000 0.000000
0.000000 0.000000 0.000000
0.583678 -0.278447 -0.105317
0.349250 -0.193702 0.062943
0.538838 -0.335604 0.217657
0.000000 0.000000 0.000000
0.704602 -0.278447 0.244484
0.000000 0.000000 0.000000
0.519737 -0.294681 0.016419
0.670050 -0.345491 -0.255487
0.000000 0.000000 0.000000
0.000000 0.000000 0.000000
0.445289 -0.278447 -0.456919
0.000000 0.000000 0.000000
0.000000 0.000000 0.000000
-0.282144 0.114868 -0.553348
0.000000 0.000000 0.000000
0.566416 -0.278447 -0.212021
0.744531 -0.278447 0.007168
0.407803 -0.244648 -0.139501
0.323960 -0.278447 -0.451227
0.000000 0.000000 0.000000
0.707761 -0.278447 0.147062
0.697586 -0.278447 -0.315258
0.490787 -0.337541 0.265874
0.664905 -0.278447 0.270307
0.000000 0.000000 0.000000
0.000000 0.000000 0.000000
0.730947 -0.278447 0.187283
0.000000 0.000000 0.000000
0.702469 -0.345491 0.179822
0.000000 0.000000 0.000000
0.000000 0.000000 0.000000
0.000000 0.000000 0.000000
0.000000 0.000000 0.000000
0.000000 0.000000 0.000000
0.000000 0.000000 0.000000
0.000000 0.000000 0.000000
0.000000 0.000000 0.000000
0.000000 0.000000 0.000000
0.000000 0.000000 0.000000
0.000000 0.000000 0.000000
0.212333 -0.132499 -0.104362
0.134679 -0.097788 -0.140047
0.717343 -0.345491 0.304046
0.301746 -0.278447 -0.363938
0.000000 0.000000 0.000000
0.000000 0.000000 0.000000
0.744677 -0.278447 0.364818
0.488752 -0.280832 -0.211806
0.000000 0.000000 0.000000
0.000000 0.000000 0.000000
0.000000 0.000000 0.000000
0.581802 -0.278447 0.148814
0.000000 0.000000 0.000000
0.000000 0.000000 0.000000
0.453405 -0.265031 0.176779
0.000000 0.000000 0.000000
0.000000 0.000000 0.000000
0.000000 0.000000 0.000000
0.000000 0.000000 0.000000
0.000000 0.000000 0.000000
0.000000 0.000000 0.000000
0.742790 -0.345491 -0.421697
0.000000 0.000000 0.000000
0.000000 0.000000 0.000000
0.000000 0.000000 0.000000
-0.018911 -0.345491 -0.412106
0.000000 0.000000 0.000000
0.776548 -0.328064 -0.480211
0.000000 0.000000 0.000000
0.000000 0.000000 0.000000
0.000000 0.000000 0.000000
0.000000 0.000000 0.000000
0.000000 0.000000 0.000000
0.209385 -0.345491 -0.398645
0.654415 -0.345491 0.387181
0.000000 0.000000 0.000000
0.000000 0.000000 0.000000
0.000000 0.000000 0.000000
0.287815 -0.345491 -0.316131
0.359995 -0.345491 -0.500610
0.000000 0.000000 0.000000
0.000000 0.000000 0.000000
0.000000 0.000000 0.000000
0.000000 0.000000 0.000000
0.000000 0.000000 0.000000
0.096213 -0.278447 -0.380644
0.000000 0.000000 0.000000
0.000000 0.000000 0.000000
0.000000 0.000000 0.000000
0.297180 -0.170425 -0.053244
0.669124 -0.306974 -0.513401
0.201546 -0.278447 -0.431047
0.000000 0.000000 0.000000
0.000000 0.000000 0.000000
0.000000 0.000000 0.000000
0.401467 -0.217042 -0.193633
0.000000 0.000000 0.000000
0.000000 0.000000 0.000000
0.330662 -0.185393 -0.243829
0.000000 0.000000 0.000000
0.000000 0.000000 0.000000
0.000000 0.000000 0.000000
0.000000 0.000000 0.000000
0.000000 0.000000 0.000000
0.395929 -0.345491 -0.406893
0.000000 0.000000 0.000000
0.000000 0.000000 0.000000
-0.244179 -0.083519 -0.450446
0.000000 0.000000 0.000000
0.686362 -0.278447 0.421382
0.000000 0.000000 0.000000
0.000000 0.000000 0.000000
0.000000 0.000000 0.000000
0.455466 -0.241179 -0.304788
0.512578 -0.345491 -0.405163
0.000000 0.000000 0.000000
0.742457 -0.345491 -0.305440
0.776548 -0.308546 0.510384
0.143446 -0.101707 -0.276881
0.000000 0.000000 0.000000
0.499902 -0.263807 0.265874
0.000000 0.000000 0.000000
0.648958 -0.345491 0.065159
0.688588 -0.278447 -0.018664
0.570786 -0.278447 -0.151949
0.000000 0.000000 0.000000
-0.002476 -0.278447 -0.382290
0.513800 -0.278447 0.315562
0.254877 -0.151516 -0.167047
0.000000 0.000000 0.000000
0.499596 -0.285678 -0.310376
0.490830 -0.321162 -0.513401
0.000000 0.000000 0.000000
0.000000 0.000000 0.000000
0.776548 -0.337800 -0.109023
0.000000 0.000000 0.000000
0.000000 0.000000 0.000000
0.000000 0.000000 0.000000
0.000000 0.000000 0.000000
0.000000 0.000000 0.000000
0.000000 0.000000 0.000000
0.076504 -0.345491 -0.504243
0.000000 0.000000 0.000000
0.000000 0.000000 0.000000
0.636457 -0.278447 -0.333035
0.120901 -0.345491 -0.322492
0.287464 -0.343583 -0.513401
-0.064134 -0.278447 -0.405740
0.776548 -0.340086 -0.030387
0.000000 0.000000 0.000000
0.776548 -0.334935 0.467873
0.380290 -0.232350 -0.042093
0.000000 0.000000 0.000000
0.740859 -0.278447 0.483005
-0.282144 0.292502 -0.593901
0.000000 0.000000 0.000000
0.713524 -0.278447 0.054236
-0.244179 0.378799 -0.603927
0.705798 -0.345491 -0.077319
0.623956 -0.345491 0.281249
0.704450 -0.278447 -0.419894
0.000000 0.000000 0.000000
0.000000 0.000000 0.000000
0.000000 0.000000 0.000000
0.000000 0.000000 0.000000
0.000000 0.000000 0.000000
0.204716 -0.153868 -0.177796
0.000000 0.000000 0.000000
0.000000 0.000000 0.000000
0.082812 -0.099378 -0.240910
0.000000 0.000000 0.000000
0.000000 0.000000 0.000000
0.311949 -0.345491 -0.419069
0.702232 -0.278447 0.495595
0.000000 0.000000 0.000000
0.000000 0.000000 0.000000
0.452173 -0.264481 -0.100756
0.000000 0.000000 0.000000
0.000000 0.000000 0.000000
0.000000 0.000000 0.000000
0.623473 -0.278447 -0.014234
0.000000 0.000000 0.000000
0.091991 -0.078706 -0.178440
0.000000 0.000000 0.000000
0.000000 0.000000 0.000000
0.000000 0.000000 0.000000
0.000000 0.000000 0.000000
0.000000 0.000000 0.000000
0.000000 0.000000 0.000000
0.767292 -0.286333 0.147563
0.000000 0.000000 0.000000
0.464088 -0.269808 -0.059029
-0.041181 -0.283832 -0.513401
0.000000 0.000000 0.000000
0.000000 0.000000 0.000000
0.000000 0.000000 0.000000
0.609388 -0.278447 0.056486
0.000000 0.000000 0.000000
0.000000 0.000000 0.000000
0.000000 0.000000 0.000000
0.535573 -0.285750 0.075269
0.000000 0.000000 0.000000
0.000000 0.000000 0.000000
0.000000 0.000000 0.000000
0.000000 0.000000 0.000000
0.577830 -0.345491 0.152131
0.000000 0.000000 0.000000
0.176205 -0.318680 -0.315712
0.704172 -0.345491 0.028787
0.000000 0.000000 0.000000
0.000000 0.000000 0.000000
0.000000 0.000000 0.000000
0.000000 0.000000 0.000000
0.436307 -0.257389 0.011371
0.000000 0.000000 0.000000
0.000000 0.000000 0.000000
0.000000 0.000000 0.000000
0.538838 -0.308885 0.136059
0.000000 0.000000 0.000000
0.000000 0.000000 0.000000
0.000000 0.000000 0.000000
0.176929 -0.345491 -0.466250
-0.244528 -0.084331 -0.512504
0.000000 0.000000 0.000000
0.000000 0.000000 0.000000
0.555869 -0.330284 -0.513401
0.395328 -0.345491 -0.463836
0.000000 0.000000 0.000000
0.000000 0.000000 0.000000
0.000000 0.000000 0.000000
0.623018 -0.345491 -0.290511
0.000000 0.000000 0.000000
0.307894 -0.175215 0.030954
-0.046866 -0.345491 -0.454696
0.755547 -0.302157 0.225843
0.000000 0.000000 0.000000
0.000000 0.000000 0.000000
0.401568 -0.241861 0.144142
0.776548 -0.321064 -0.332390
0.000000 0.000000 0.000000
0.000000 0.000000 0.000000
0.000000 0.000000 0.000000
0.014316 -0.341407 -0.315712
-0.244179 0.134046 -0.554156
0.000000 0.000000 0.000000
0.770687 -0.345491 0.216501
0.000000 0.000000 0.000000
0.000000 0.000000 0.000000
0.000000 0.000000 0.000000
0.000000 0.000000 0.000000
-0.282144 -0.051158 -0.533552
0.000000 0.000000 0.000000
0.000000 0.000000 0.000000
-0.244179 0.028185 -0.562797
-0.282144 0.164741 -0.582200
0.000000 0.000000 0.000000
0.000000 0.000000 0.000000
0.634820 -0.278447 0.115505
0.000000 0.000000 0.000000
0.000000 0.000000 0.000000
0.000000 0.000000 0.000000
-0.269218 0.037369 -0.530281
0.000000 0.000000 0.000000
0.000000 0.000000 0.000000
0.000000 0.000000 0.000000
0.000000 0.000000 0.000000
0.000000 0.000000 0.000000
0.000000 0.000000 0.000000
0.000000 0.000000 0.000000
0.000000 0.000000 0.000000
0.000000 0.000000 0.000000
0.000000 0.000000 0.000000
0.000000 0.000000 0.000000
0.379560 -0.278447 -0.457119
0.000000 0.000000 0.000000
0.000000 0.000000 0.000000
0.000000 0.000000 0.000000
0.000000 0.000000 0.000000
0.483983 -0.253926 0.090961
0.736514 -0.345491 -0.361968
0.659206 -0.345491 0.185745
0.000000 0.000000 0.000000
0.000000 0.000000 0.000000
0.000000 0.000000 0.000000
0.000000 0.000000 0.000000
0.563794 -0.345491 -0.195571
0.255092 -0.176387 -0.310317
0.436176 -0.315328 -0.513401
0.000000 0.000000 0.000000
-0.069889 -0.278447 -0.350915
0.000000 0.000000 0.000000
0.741873 -0.278447 -0.250177
0.700345 -0.278447 -0.464947
0.000000 0.000000 0.000000
0.000000 0.000000 0.000000
-0.244179 -0.023110 -0.616866
0.000000 0.000000 0.000000
0.272078 -0.183979 0.056847
0.000000 0.000000 0.000000
0.000000 0.000000 0.000000
0.178314 -0.117293 -0.112427
0.721209 -0.278447 -0.366750
0.000000 0.000000 0.000000
0.000000 0.000000 0.000000
0.619986 -0.278447 -0.200237
0.000000 0.000000 0.000000
-0.168091 -0.278447 -0.425775
0.000000 0.000000 0.000000
0.000000 0.000000 0.000000
0.000000 0.000000 0.000000
0.000000 0.000000 0.000000
0.000000 0.000000 0.000000
0.000000 0.000000 0.000000
0.538838 -0.290237 -0.052201
0.000000 0.000000 0.000000
0.000000 0.000000 0.000000
0.000000 0.000000 0.000000
0.000000 0.000000 0.000000
0.000000 0.000000 0.000000
0.000000 0.000000 0.000000
0.000000 0.000000 0.000000
0.000000 0.000000 0.000000
0.677168 -0.345491 0.437039
-0.282144 0.081811 -0.584560
0.640524 -0.345491 -0.181216
0.000000 0.000000 0.000000
0.000000 0.000000 0.000000
0.000000 0.000000 0.000000
0.000000 0.000000 0.000000
0.244069 -0.146685 -0.250843
0.776548 -0.322767 0.320822
0.538838 -0.318823 -0.286811
0.000000 0.000000 0.000000
0.000000 0.000000 0.000000
0.755214 -0.278447 0.258532
0.759401 -0.323751 -0.202731
-0.282144 -0.023125 -0.584394
0.000000 0.000000 0.000000
0.000000 0.000000 0.000000
0.516099 -0.268282 -0.034969
0.000000 0.000000 0.000000
0.568223 -0.278447 -0.493974
0.000000 0.000000 0.000000
0.000000 0.000000 0.000000
-0.044546 -0.332316 -0.315712
0.000000 0.000000 0.000000
0.556179 -0.278447 0.276610
0.388744 -0.211354 -0.128513
0.000000 0.000000 0.000000
0.000000 0.000000 0.000000
-0.114038 -0.278447 -0.443295
-0.160587 -0.307618 -0.513401
0.000000 0.000000 0.000000
0.235318 -0.278447 -0.463483
0.000000 0.000000 0.000000
0.000000 0.000000 0.000000
0.000000 0.000000 0.000000
0.000000 0.000000 0.000000
