0.000000 0.000000 0.000000
-0.298637 -0.204339 0.714164
0.000000 0.000000 0.000000
0.545357 -0.253303 0.397546
0.000000 0.000000 0.000000
0.000000 0.000000 0.000000
0.000000 0.000000 0.000000
-0.037775 -0.197461 0.300581
0.231009 -0.284215 0.418371
0.000000 0.000000 0.000000
0.323403 -0.197461 0.591528
0.000000 0.000000 0.000000
0.000000 0.000000 0.000000
0.000000 0.000000 0.000000
-0.281201 -0.284215 0.349822
0.000000 0.000000 0.000000
0.000000 0.000000 0.000000
0.000000 0.000000 0.000000
0.000000 0.000000 0.000000
0.029664 -0.281031 0.714164
0.000000 0.000000 0.000000
0.000000 0.000000 0.000000
0.000000 0.000000 0.000000
0.000000 0.000000 0.000000
0.538003 -0.265189 0.714164
-0.116313 -0.197461 0.579759
0.000000 0.000000 0.000000
0.250487 -0.197461 0.319749
0.000000 0.000000 0.000000
-0.068897 -0.284215 0.491121
0.000000 0.000000 0.000000
0.000000 0.000000 0.000000
0.000000 0.000000 0.000000
0.000000 0.000000 0.000000
0.000000 0.000000 0.000000
0.037791 -0.284215 0.247743
0.000000 0.000000 0.000000
0.398010 -0.197461 0.542207
0.000000 0.000000 0.000000
-0.277189 -0.284215 0.542513
0.261069 -0.284215 0.653564
-0.190702 -0.197461 0.414952
0.000000 0.000000 0.000000
0.000000 0.000000 0.000000
0.000000 0.000000 0.000000
0.000000 0.000000 0.000000
0.082465 -0.197461 0.489999
0.000000 0.000000 0.000000
0.432689 -0.284215 0.457739
0.000000 0.000000 0.000000
0.000000 0.000000 0.000000
0.000000 0.000000 0.000000
0.000000 0.000000 0.000000
0.000000 0.000000 0.000000
0.000000 0.000000 0.000000
0.000000 0.000000 0.000000
-0.113681 -0.197461 0.472653
0.078618 -0.197461 0.159885
0.000000 0.000000 0.000000
0.312869 -0.197461 0.140213
0.162587 -0.197461 0.671366
0.000000 0.000000 0.000000
0.482406 -0.197461 0.209882
0.000000 0.000000 0.000000
0.000000 0.000000 0.000000
0.000000 0.000000 0.000000
0.000000 0.000000 0.000000
0.000000 0.000000 0.000000
0.330710 -0.284215 0.227685
0.000000 0.000000 0.000000
0.000000 0.000000 0.000000
0.000000 0.000000 0.000000
0.156740 -0.284215 0.581765
-0.126758 -0.284215 0.678022
-0.151303 -0.133618 0.177221
0.000000 0.000000 0.000000
0.489723 -0.197461 0.667274
0.000000 0.000000 0.000000
0.000000 0.000000 0.000000
0.000000 0.000000 0.000000
0.000000 0.000000 0.000000
-0.080968 -0.284215 0.316315
-0.290738 -0.197461 0.529939
0.000000 0.000000 0.000000
0.000000 0.000000 0.000000
0.348175 -0.284215 0.287032
0.093514 -0.197461 0.310645
0.000000 0.000000 0.000000
0.000000 0.000000 0.000000
0.000000 0.000000 0.000000
0.000000 0.000000 0.000000
0.053605 -0.197461 0.602147
0.000000 0.000000 0.000000
0.000000 0.000000 0.000000
0.046331 -0.197461 0.545046
0.545357 -0.222637 0.228653
0.000000 0.000000 0.000000
-0.041401 -0.001211 0.177221
0.000000 0.000000 0.000000
0.064651 -0.284215 0.447134
0.113042 -0.284215 0.113461
0.000000 0.000000 0.000000
0.406362 -0.197461 0.364571
0.236297 -0.197461 0.478291
0.000000 0.000000 0.000000
0.000000 0.000000 0.000000
0.000000 0.000000 0.000000
0.000000 0.000000 0.000000
0.533686 -0.284215 0.571208
0.000000 0.000000 0.000000
0.000000 0.000000 0.000000
-0.205754 -0.197461 0.268047
0.000000 0.000000 0.000000
0.007008 -0.284215 0.597543
0.000000 0.000000 0.000000
0.000000 0.000000 0.000000
0.013212 -0.135229 0.120463
-0.127386 -0.284215 0.469699
0.000000 0.000000 0.000000
0.000000 0.000000 0.000000
0.200841 -0.284215 0.268191
0.378321 -0.248015 0.714164
0.000000 0.000000 0.000000
0.000000 0.000000 0.000000
0.340431 -0.284215 0.536666
0.000000 0.000000 0.000000
0.000000 0.000000 0.000000
-0.334766 -0.197461 0.394400
0.000000 0.000000 0.000000
-0.029549 -0.284215 0.147808
0.000000 0.000000 0.000000
0.000000 0.000000 0.000000
-0.091951 -0.284215 0.150911
-0.312695 -0.256046 0.714164
0.000000 0.000000 0.000000
0.000000 0.000000 0.000000
0.000000 0.000000 0.000000
0.000000 0.000000 0.000000
0.000000 0.000000 0.000000
0.204883 -0.197461 0.225565
0.000000 0.000000 0.000000
0.000000 0.000000 0.000000
0.000000 0.000000 0.000000
0.000000 0.000000 0.000000
0.000000 0.000000 0.000000
0.000000 0.000000 0.000000
0.000000 0.000000 0.000000
0.000000 0.000000 0.000000
0.000000 0.000000 0.000000
0.000000 0.000000 0.000000
0.468193 -0.197461 0.460550
0.000000 0.000000 0.000000
-0.166773 -0.197461 0.686833
0.000000 0.000000 0.000000
0.000000 0.000000 0.000000
-0.339139 -0.284215 0.444614
0.000000 0.000000 0.000000
0.389748 -0.197461 0.238033
0.471262 -0.284215 0.313775
-0.295049 -0.284215 0.654753
0.000000 0.000000 0.000000
0.000000 0.000000 0.000000
0.140428 -0.282490 0.714164
0.000000 0.000000 0.000000
0.000000 0.000000 0.000000
0.005165 -0.197461 0.415983
0.000000 0.000000 0.000000
0.000000 0.000000 0.000000
0.000000 0.000000 0.000000
0.406750 -0.269809 0.393929
0.000000 0.000000 0.000000
0.242625 -0.284215 0.142215
0.000000 0.000000 0.000000
0.000000 0.000000 0.000000
0.204174 -0.284215 0.545398
0.000000 0.000000 0.000000
0.419048 -0.284215 0.614866
0.000000 0.000000 0.000000
0.000000 0.000000 0.000000
0.000000 0.000000 0.000000
0.000000 0.000000 0.000000
-0.181637 -0.284215 0.364942
0.000000 0.000000 0.000000
-0.030352 -0.197461 0.705654
0.000000 0.000000 0.000000
0.000000 0.000000 0.000000
0.000000 0.000000 0.000000
0.000000 0.000000 0.000000
0.000000 0.000000 0.000000
0.134031 -0.284215 0.345788
0.000000 0.000000 0.000000
0.518369 -0.197461 0.553009
-0.037570 -0.186126 0.177221
0.000000 0.000000 0.000000
0.160489 -0.197461 0.404810
0.000000 0.000000 0.000000
0.165550 -0.284215 0.496534
0.360298 -0.284215 0.099368
0.000000 0.000000 0.000000
0.194065 -0.197461 0.563003
0.000000 0.000000 0.000000
-0.124266 -0.284215 0.540937
0.000000 0.000000 0.000000
0.000000 0.000000 0.000000
0.000000 0.000000 0.000000
0.000000 0.000000 0.000000
0.000000 0.000000 0.000000
0.288242 -0.197461 0.694252
0.000000 0.000000 0.000000
0.000000 0.000000 0.000000
0.000000 0.000000 0.000000
0.000000 0.000000 0.000000
0.327650 -0.197461 0.394446
-0.226685 -0.197461 0.642548
-0.251101 -0.284215 0.254398
0.219439 -0.197461 0.117924
0.000000 0.000000 0.000000
0.001610 0.258546 0.177221
0.000000 0.000000 0.000000
-0.072867 -0.197461 0.679855
0.000000 0.000000 0.000000
-0.346939 -0.243131 0.580505
0.516376 -0.284215 0.495469
0.000000 0.000000 0.000000
0.000000 0.000000 0.000000
0.000000 0.000000 0.000000
0.000000 0.000000 0.000000
0.000000 0.000000 0.000000
0.000000 0.000000 0.000000
0.000000 0.000000 0.000000
0.000000 0.000000 0.000000
0.000000 0.000000 0.000000
0.387815 -0.197461 0.144240
0.498259 -0.197461 0.327045
-0.133061 -0.197461 0.336171
0.000000 0.000000 0.000000
0.000000 0.000000 0.000000
0.000000 0.000000 0.000000
-0.208976 -0.284215 0.625928
0.000000 0.000000 0.000000
0.107553 -0.197461 0.691709
-0.121639 -0.197461 0.213167
0.000000 0.000000 0.000000
0.314303 -0.284215 0.429991
0.000000 0.000000 0.000000
0.000000 0.000000 0.000000
-0.135045 -0.284215 0.233299
0.000000 0.000000 0.000000
0.263034 -0.284215 0.324863
0.000000 0.000000 0.000000
0.000000 0.000000 0.000000
0.000000 0.000000 0.000000
-0.346939 -0.282737 0.274657
0.395686 -0.197461 0.639788
0.000000 0.000000 0.000000
0.034757 -0.197461 0.137912
-0.204459 -0.256302 0.714164
0.000000 0.000000 0.000000
0.000000 0.000000 0.000000
0.000000 0.000000 0.000000
0.000000 0.000000 0.000000
-0.292254 -0.197461 0.328110
-0.022813 0.122324 0.177221
0.000000 0.000000 0.000000
-0.217036 -0.284215 0.452992
-0.023566 -0.284215 0.689389
0.000000 0.000000 0.000000
0.000000 0.000000 0.000000
0.000000 0.000000 0.000000
0.000000 0.000000 0.000000
0.000000 0.000000 0.000000
0.406225 -0.284215 0.311649
0.000000 0.000000 0.000000
0.000000 0.000000 0.000000
0.171473 -0.197461 0.130133
-0.198195 -0.197461 0.524357
-0.012938 -0.284215 0.382250
0.000000 0.000000 0.000000
0.000000 0.000000 0.000000
0.000000 0.000000 0.000000
0.456130 -0.284215 0.694046
-0.084577 -0.066453 0.177221
0.013212 -0.045193 0.142418
0.000000 0.000000 0.000000
0.000000 0.000000 0.000000
-0.304225 -0.197461 0.619270
0.174571 -0.197461 0.303541
0.023648 -0.284215 0.366540
0.000000 0.000000 0.000000
0.511183 -0.284215 0.251341
0.000000 0.000000 0.000000
0.000000 0.000000 0.000000
-0.272852 -0.197461 0.458790
0.026863 -0.197461 0.247146
0.000000 0.000000 0.000000
0.306171 -0.197461 0.223751
0.000000 0.000000 0.000000
-0.036213 -0.197461 0.603157
0.000000 0.000000 0.000000
0.000000 0.000000 0.000000
0.317159 -0.197461 0.481666
0.545357 -0.236125 0.631741
0.000000 0.000000 0.000000
0.000000 0.000000 0.000000
0.052476 -0.284215 0.203015
0.000000 0.000000 0.000000
0.000000 0.000000 0.000000
0.000000 0.000000 0.000000
0.000000 0.000000 0.000000
0.000000 0.000000 0.000000
0.000000 0.000000 0.000000
0.000000 0.000000 0.000000
0.000000 0.000000 0.000000
0.221348 -0.238131 0.714164
0.077702 -0.284215 0.640865
0.000000 0.000000 0.000000
0.000000 0.000000 0.000000
0.000000 0.000000 0.000000
0.114257 -0.197461 0.230373
0.000000 0.000000 0.000000
0.000000 0.000000 0.000000
0.013212 0.180803 0.160139
0.000000 0.000000 0.000000
0.000000 0.000000 0.000000
0.356106 -0.284215 0.621627
-0.051180 -0.284215 0.231255
0.021347 -0.197461 0.352864
0.000000 0.000000 0.000000
-0.346939 -0.261993 0.521032
0.000000 0.000000 0.000000
0.000000 0.000000 0.000000
-0.203570 -0.197461 0.198662
0.000000 0.000000 0.000000
0.431036 -0.284215 0.228607
0.130618 -0.284215 0.231861
0.000000 0.000000 0.000000
0.000000 0.000000 0.000000
0.000000 0.000000 0.000000
-0.028945 -0.197461 0.514773
0.000000 0.000000 0.000000
0.538545 -0.284215 0.636374
0.000000 0.000000 0.000000
0.545357 -0.215430 0.482590
0.000000 0.000000 0.000000
0.117271 -0.197461 0.564722
0.035632 -0.284215 0.509873
0.000000 0.000000 0.000000
0.000000 0.000000 0.000000
0.000000 0.000000 0.000000
0.013212 0.066597 0.142139
0.000000 0.000000 0.000000
0.000000 0.000000 0.000000
0.178746 -0.284215 0.196646
-0.082104 -0.284215 0.609391
-0.022102 -0.284215 0.302356
0.279616 -0.284215 0.596632
0.000000 0.000000 0.000000
-0.079872 -0.197461 0.400459
0.467702 -0.284215 0.392710
0.251404 -0.197461 0.621567
0.000000 0.000000 0.000000
0.236229 -0.197461 0.408722
0.000000 0.000000 0.000000
0.000000 0.000000 0.000000
0.000000 0.000000 0.000000
0.000000 0.000000 0.000000
0.073433 -0.197461 0.412886
0.000000 0.000000 0.000000
0.000000 0.000000 0.000000
0.000000 0.000000 0.000000
0.000000 0.000000 0.000000
0.329100 -0.284215 0.137996
0.000000 0.000000 0.000000
-0.098170 -0.249114 0.714164
0.000000 0.000000 0.000000
0.000000 0.000000 0.000000
-0.046318 0.072498 0.177221
0.545357 -0.274473 0.307595
0.000000 0.000000 0.000000
0.000000 0.000000 0.000000
0.000000 0.000000 0.000000
0.000000 0.000000 0.000000
0.000000 0.000000 0.000000
0.000000 0.000000 0.000000
0.000000 0.000000 0.000000
0.306770 -0.276949 0.714164
0.000000 0.000000 0.000000
0.000000 0.000000 0.000000
-0.001216 -0.284215 0.443063
0.000000 0.000000 0.000000
-0.019088 -0.114078 0.177221
0.000000 0.000000 0.000000
0.000000 0.000000 0.000000
0.495230 -0.234597 0.714164
0.000000 0.000000 0.000000
-0.213434 -0.197461 0.349112
0.000000 0.000000 0.000000
0.108432 -0.284215 0.415061
0.000000 0.000000 0.000000
0.000000 0.000000 0.000000
0.000000 0.000000 0.000000
-0.144553 -0.284215 0.395065
-0.346939 -0.213693 0.469815
0.489616 -0.197461 0.401437
0.397981 -0.197461 0.450917
0.000000 0.000000 0.000000
-0.129054 -0.197461 0.263637
0.000000 0.000000 0.000000
0.000000 0.000000 0.000000
0.000000 0.000000 0.000000
0.000000 0.000000 0.000000
0.000000 0.000000 0.000000
-0.346939 -0.240115 0.653935
0.545357 -0.200531 0.315875
0.000000 0.000000 0.000000
0.000000 0.000000 0.000000
0.000000 0.000000 0.000000
0.452038 -0.284215 0.531046
0.000000 0.000000 0.000000
0.000000 0.000000 0.000000
0.000000 0.000000 0.000000
0.000000 0.000000 0.000000
0.401654 -0.284215 0.152146
0.000000 0.000000 0.000000
0.263764 -0.197461 0.029488
0.000000 0.000000 0.000000
0.000000 0.000000 0.000000
0.177030 -0.284215 0.647569
0.256220 -0.197461 0.172042
0.000000 0.000000 0.000000
0.334845 -0.197461 0.695766
0.000000 0.000000 0.000000
0.000000 0.000000 0.000000
0.074224 -0.284215 0.572720
-0.082866 0.104954 0.177221
-0.185191 -0.284215 0.216253
0.270118 -0.284215 0.522264
0.000000 0.000000 0.000000
0.000000 0.000000 0.000000
0.000000 0.000000 0.000000
0.000000 0.000000 0.000000
0.000000 0.000000 0.000000
0.000000 0.000000 0.000000
0.000000 0.000000 0.000000
0.000000 0.000000 0.000000
0.000000 0.000000 0.000000
0.000000 0.000000 0.000000
0.000000 0.000000 0.000000
-0.250923 -0.284215 0.410288
-0.346939 -0.283496 0.394604
0.000000 0.000000 0.000000
0.384606 -0.284215 0.500966
0.198556 -0.284215 0.350778
0.000000 0.000000 0.000000
0.023145 -0.197461 0.668643
0.088100 -0.247906 0.714164
0.000000 0.000000 0.000000
0.000000 0.000000 0.000000
0.000000 0.000000 0.000000
0.000000 0.000000 0.000000
0.368861 -0.197461 0.306740
0.450519 -0.197461 0.284974
0.000000 0.000000 0.000000
0.000000 0.000000 0.000000
0.000000 0.000000 0.000000
-0.232783 -0.284215 0.499496
0.068431 -0.284215 0.305193
-0.140337 -0.197461 0.418263
0.000000 0.000000 0.000000
0.000000 0.000000 0.000000
-0.265399 -0.197461 0.390341
0.000000 0.000000 0.000000
0.000000 0.000000 0.000000
0.000000 0.000000 0.000000
0.000000 0.000000 0.000000
0.449967 -0.197461 0.519792
0.000000 0.000000 0.000000
-0.346939 -0.219089 0.304767
0.161516 -0.197461 0.453476
0.179066 -0.284215 0.126325
-0.161876 -0.284215 0.303952
0.000000 0.000000 0.000000
0.260640 -0.197461 0.554421
0.155425 -0.197461 0.514508
0.000000 0.000000 0.000000
0.177676 -0.197461 0.051356
0.000000 0.000000 0.000000
-0.176552 -0.197461 0.587942
0.000000 0.000000 0.000000
0.000000 0.000000 0.000000
0.000000 0.000000 0.000000
0.000000 0.000000 0.000000
0.000000 0.000000 0.000000
0.000000 0.000000 0.000000
0.000000 0.000000 0.000000
0.000000 0.000000 0.000000
0.000000 0.000000 0.000000
0.000000 0.000000 0.000000
0.000000 0.000000 0.000000
0.000000 0.000000 0.000000
0.072131 -0.284215 0.355606
0.000000 0.000000 0.000000
0.000000 0.000000 0.000000
0.000000 0.000000 0.000000
0.233492 -0.284215 0.083979
0.000000 0.000000 0.000000
0.000000 0.000000 0.000000
-0.227353 -0.284215 0.587586
0.000000 0.000000 0.000000
0.000000 0.000000 0.000000
0.205131 -0.280610 0.714164
0.000000 0.000000 0.000000
0.000000 0.000000 0.000000
0.000000 0.000000 0.000000
0.543633 -0.197461 0.702251
0.000000 0.000000 0.000000
0.000000 0.000000 0.000000
0.000000 0.000000 0.000000
0.000000 0.000000 0.000000
0.315428 -0.197461 0.287021
0.000000 0.000000 0.000000
0.000000 0.000000 0.000000
0.000000 0.000000 0.000000
0.000000 0.000000 0.000000
0.260799 -0.284215 0.246714
-0.056699 -0.197461 0.232165
0.000000 0.000000 0.000000
0.545357 -0.238119 0.577959
0.000000 0.000000 0.000000
0.000000 0.000000 0.000000
0.000000 0.000000 0.000000
0.000000 0.000000 0.000000
0.442628 -0.197461 0.600877
0.000000 0.000000 0.000000
0.000000 0.000000 0.000000
0.000000 0.000000 0.000000
0.000000 0.000000 0.000000
0.000000 0.000000 0.000000
0.169299 -0.197461 0.353025
0.000000 0.000000 0.000000
0.265792 -0.284215 0.470552
0.000000 0.000000 0.000000
0.000000 0.000000 0.000000
-0.224016 -0.197461 0.709855
0.158423 -0.284215 0.435292
0.000000 0.000000 0.000000
0.000000 0.000000 0.000000
0.000000 0.000000 0.000000
0.000000 0.000000 0.000000
0.308664 -0.284215 0.368815
0.000000 0.000000 0.000000
0.000000 0.000000 0.000000
0.000000 0.000000 0.000000
0.000000 0.000000 0.000000
0.000000 0.000000 0.000000
-0.236497 -0.284215 0.316550
0.047550 -0.284215 0.146827
0.000000 0.000000 0.000000
0.000000 0.000000 0.000000
0.000000 0.000000 0.000000
-0.090811 -0.284215 0.418540
0.000000 0.000000 0.000000
0.481712 -0.284215 0.624724
0.000000 0.000000 0.000000
0.156853 -0.197461 0.261147
0.214479 -0.197461 0.689915
0.013212 0.010367 0.166424
0.009292 -0.153463 0.177221
-0.181619 -0.197461 0.466862
0.295879 -0.284215 0.189778
0.000000 0.000000 0.000000
0.000000 0.000000 0.000000
0.000000 0.000000 0.000000
0.000000 0.000000 0.000000
0.000000 0.000000 0.000000
0.000000 0.000000 0.000000
0.100869 -0.284215 0.168420
0.502484 -0.197461 0.609120
-0.280498 -0.197461 0.664005
0.000000 0.000000 0.000000
0.000000 0.000000 0.000000
0.000000 0.000000 0.000000
0.000000 0.000000 0.000000
0.537122 -0.197461 0.427892
0.436917 -0.254408 0.714164
0.000000 0.000000 0.000000
0.368675 -0.284215 0.432789
0.050446 -0.198436 0.714164
-0.178835 -0.284215 0.512758
0.000000 0.000000 0.000000
0.000000 0.000000 0.000000
0.000000 0.000000 0.000000
0.212390 -0.284215 0.604422
0.400955 -0.197461 0.697965
0.000000 0.000000 0.000000
0.366025 -0.284215 0.190402
0.000000 0.000000 0.000000
-0.105438 -0.167524 0.177221
0.352296 -0.197461 0.098298
-0.051600 -0.284215 0.560842
0.000000 0.000000 0.000000
-0.172040 -0.197461 0.639897
0.044752 -0.197461 0.296571
0.000000 0.000000 0.000000
0.422133 -0.197461 0.189010
0.000000 0.000000 0.000000
-0.346939 -0.274317 0.338034
0.000000 0.000000 0.000000
-0.265438 -0.284215 0.709762
-0.182262 -0.284215 0.672240
0.000000 0.000000 0.000000
0.111896 -0.284215 0.474589
0.000000 0.000000 0.000000
0.000000 0.000000 0.000000
0.000000 0.000000 0.000000
0.000000 0.000000 0.000000
0.000000 0.000000 0.000000
0.000000 0.000000 0.000000
0.000000 0.000000 0.000000
0.000000 0.000000 0.000000
0.000000 0.000000 0.000000
0.000000 0.000000 0.000000
0.000000 0.000000 0.000000
0.401553 -0.284215 0.554719
0.000000 0.000000 0.000000
0.021958 -0.284215 0.648788
-0.028715 -0.197461 0.370910
0.000000 0.000000 0.000000
0.000000 0.000000 0.000000
0.000000 0.000000 0.000000
-0.085123 -0.197461 0.626297
0.000000 0.000000 0.000000
0.315056 -0.284215 0.640521
0.000000 0.000000 0.000000
0.000000 0.000000 0.000000
0.000000 0.000000 0.000000
-0.034842 -0.197461 0.454371
0.000000 0.000000 0.000000
0.000000 0.000000 0.000000
0.000000 0.000000 0.000000
0.451139 -0.197461 0.343490
0.013212 -0.092970 0.160872
0.000000 0.000000 0.000000
0.000000 0.000000 0.000000
0.000000 0.000000 0.000000
0.000000 0.000000 0.000000
0.000000 0.000000 0.000000
0.000000 0.000000 0.000000
0.000000 0.000000 0.000000
0.000000 0.000000 0.000000
0.280178 -0.284215 0.111307
0.000000 0.000000 0.000000
-0.157155 -0.235411 0.714164
-0.346939 -0.198774 0.691907
0.000000 0.000000 0.000000
0.545357 -0.248844 0.524222
0.545357 -0.216855 0.269291
-0.145884 -0.197461 0.532179
0.000000 0.000000 0.000000
0.000000 0.000000 0.000000
0.405096 -0.284215 0.713710
0.460394 -0.284215 0.262112
0.000000 0.000000 0.000000
0.000000 0.000000 0.000000
0.000000 0.000000 0.000000
0.000000 0.000000 0.000000
0.000000 0.000000 0.000000
-0.291577 -0.284215 0.465438
0.168741 -0.241868 0.714164
-0.271864 -0.197461 0.263134
0.000000 0.000000 0.000000
0.019284 -0.197461 0.496812
0.000000 0.000000 0.000000
0.000000 0.000000 0.000000
0.000000 0.000000 0.000000
0.186179 -0.197461 0.627922
0.132795 -0.284215 0.281258
-0.095087 -0.284215 0.260753
0.000000 0.000000 0.000000
-0.158554 -0.197461 0.171582
0.000000 0.000000 0.000000
0.000000 0.000000 0.000000
0.000000 0.000000 0.000000
0.000000 0.000000 0.000000
0.160841 -0.197461 0.197007
-0.123779 -0.284215 0.347928
-0.247163 -0.197461 0.596596
0.437982 -0.197461 0.418230
0.132277 -0.284215 0.634372
0.000000 0.000000 0.000000
0.000000 0.000000 0.000000
0.076251 -0.197461 0.361246
0.096644 -0.197461 0.106856
0.292911 -0.284215 0.286293
0.000000 0.000000 0.000000
0.242368 -0.197461 0.073192
0.000000 0.000000 0.000000
-0.004027 -0.284215 0.218009
0.000000 0.000000 0.000000
0.000000 0.000000 0.000000
0.519628 -0.197461 0.373004
0.000000 0.000000 0.000000
-0.108031 -0.202353 0.714164
0.000000 0.000000 0.000000
0.332125 -0.284215 0.583582
0.229577 -0.284215 0.206765
0.000000 0.000000 0.000000
0.000000 0.000000 0.000000
0.311282 -0.197461 0.346742
0.361891 -0.284215 0.335510
-0.346939 -0.267166 0.228248
-0.064590 -0.284215 0.706029
0.000000 0.000000 0.000000
0.000000 0.000000 0.000000
0.000000 0.000000 0.000000
-0.055009 -0.284215 0.656241
0.000000 0.000000 0.000000
