0.000000 0.000000 0.000000
0.608595 0.379760 -0.398976
0.000000 0.000000 0.000000
0.000000 0.000000 0.000000
0.000000 0.000000 0.000000
-0.159093 0.369486 -0.309838
0.000000 0.000000 0.000000
0.000000 0.000000 0.000000
0.000000 0.000000 0.000000
-0.387788 -0.047674 -0.362360
0.118171 -0.016634 -0.393427
-0.718895 0.205668 -0.398976
0.000000 0.000000 0.000000
0.000000 0.000000 0.000000
0.000000 0.000000 0.000000
0.000000 0.000000 0.000000
0.000000 0.000000 0.000000
0.746159 0.082773 -0.378460
0.000000 0.000000 0.000000
0.000000 0.000000 0.000000
0.000000 0.000000 0.000000
0.245102 0.369486 -0.385428
-0.503926 0.336199 -0.317710
0.736809 -0.103616 -0.398976
0.000000 0.000000 0.000000
-0.673400 -0.029950 -0.169089
0.000000 0.000000 0.000000
0.000000 0.000000 0.000000
0.443649 -0.016634 -0.374448
0.000000 0.000000 0.000000
-0.751734 0.335153 -0.154379
0.000000 0.000000 0.000000
0.000000 0.000000 0.000000
0.000000 0.000000 0.000000
0.000000 0.000000 0.000000
0.000000 0.000000 0.000000
-0.396659 0.369486 -0.234909
0.000000 0.000000 0.000000
0.000000 0.000000 0.000000
0.000000 0.000000 0.000000
0.000000 0.000000 0.000000
-0.056224 -0.027305 -0.398976
0.000000 0.000000 0.000000
0.000000 0.000000 0.000000
0.000000 0.000000 0.000000
0.000000 0.000000 0.000000
0.000000 0.000000 0.000000
0.000000 0.000000 0.000000
0.000000 0.000000 0.000000
0.000000 0.000000 0.000000
0.042569 0.382803 -0.267603
0.000000 0.000000 0.000000
-0.632495 -0.016634 -0.394892
-0.718447 0.335438 -0.392755
0.000000 0.000000 0.000000
0.000000 0.000000 0.000000
0.000000 0.000000 0.000000
0.000000 0.000000 0.000000
0.000000 0.000000 0.000000
0.380707 0.373222 -0.398976
0.000000 0.000000 0.000000
0.267564 -0.016634 -0.255284
0.000000 0.000000 0.000000
0.000000 0.000000 0.000000
-0.311972 0.372865 -0.398976
0.000000 0.000000 0.000000
-0.219445 -0.029950 -0.273114
0.000000 0.000000 0.000000
0.000000 0.000000 0.000000
0.000000 0.000000 0.000000
0.000000 0.000000 0.000000
0.000000 0.000000 0.000000
0.000000 0.000000 0.000000
0.000000 0.000000 0.000000
0.483153 0.349755 -0.365690
0.000000 0.000000 0.000000
0.000000 0.000000 0.000000
0.094072 -0.016634 -0.288122
-0.751734 0.237462 -0.306838
0.000000 0.000000 0.000000
0.000000 0.000000 0.000000
0.000000 0.000000 0.000000
0.000000 0.000000 0.000000
-0.534459 -0.016634 -0.254085
0.000000 0.000000 0.000000
-0.725222 0.134303 -0.398976
0.000000 0.000000 0.000000
0.000000 0.000000 0.000000
0.000000 0.000000 0.000000
0.000000 0.000000 0.000000
0.000000 0.000000 0.000000
0.000000 0.000000 0.000000
0.000000 0.000000 0.000000
0.000000 0.000000 0.000000
0.000000 0.000000 0.000000
0.000000 0.000000 0.000000
0.746159 0.226768 -0.376711
0.000000 0.000000 0.000000
0.000000 0.000000 0.000000
0.000000 0.000000 0.000000
0.289835 -0.016634 -0.390928
0.000000 0.000000 0.000000
0.000000 0.000000 0.000000
-0.062386 0.382803 -0.388833
0.000000 0.000000 0.000000
0.000000 0.000000 0.000000
-0.751734 -0.043702 -0.289517
0.000000 0.000000 0.000000
0.000000 0.000000 0.000000
0.000000 0.000000 0.000000
0.000000 0.000000 0.000000
0.000000 0.000000 0.000000
0.000000 0.000000 0.000000
0.000000 0.000000 0.000000
0.000000 0.000000 0.000000
0.000000 0.000000 0.000000
0.000000 0.000000 0.000000
0.746066 0.369486 -0.337877
0.000000 0.000000 0.000000
0.000000 0.000000 0.000000
0.000000 0.000000 0.000000
0.000000 0.000000 0.000000
0.000000 0.000000 0.000000
0.597776 -0.021923 -0.398976
-0.654804 0.382803 -0.265316
0.000000 0.000000 0.000000
0.145630 -0.029950 -0.264410
0.000000 0.000000 0.000000
0.000000 0.000000 0.000000
0.000000 0.000000 0.000000
-0.726233 0.252983 -0.167728
0.000000 0.000000 0.000000
0.000000 0.000000 0.000000
-0.636713 0.369486 -0.123179
0.000000 0.000000 0.000000
-0.266064 0.369486 -0.232202
0.000000 0.000000 0.000000
0.000000 0.000000 0.000000
0.000000 0.000000 0.000000
0.000000 0.000000 0.000000
0.000000 0.000000 0.000000
0.000000 0.000000 0.000000
0.000000 0.000000 0.000000
0.000000 0.000000 0.000000
0.000000 0.000000 0.000000
-0.621991 -0.029950 -0.243170
0.000000 0.000000 0.000000
-0.735417 0.053390 -0.282473
0.000000 0.000000 0.000000
0.088747 0.370939 -0.398976
0.000000 0.000000 0.000000
0.000000 0.000000 0.000000
0.000000 0.000000 0.000000
0.000000 0.000000 0.000000
-0.355240 -0.029950 -0.210779
0.743355 -0.252213 -0.398976
0.000000 0.000000 0.000000
-0.000674 -0.059602 -0.315760
0.000000 0.000000 0.000000
0.000000 0.000000 0.000000
0.000000 0.000000 0.000000
0.000000 0.000000 0.000000
0.000000 0.000000 0.000000
0.000000 0.000000 0.000000
0.172215 0.369486 -0.273463
0.000000 0.000000 0.000000
0.512202 -0.059910 -0.318569
-0.176451 -0.051367 -0.365690
0.000000 0.000000 0.000000
-0.627442 0.369486 -0.394720
0.000000 0.000000 0.000000
-0.352052 0.336199 -0.316684
0.000000 0.000000 0.000000
0.000000 0.000000 0.000000
0.000000 0.000000 0.000000
0.000000 0.000000 0.000000
0.000000 0.000000 0.000000
-0.501562 -0.059910 -0.362423
0.000000 0.000000 0.000000
0.000000 0.000000 0.000000
0.000000 0.000000 0.000000
0.000000 0.000000 0.000000
-0.157554 -0.016634 -0.177515
0.000000 0.000000 0.000000
0.000000 0.000000 0.000000
0.000000 0.000000 0.000000
0.000000 0.000000 0.000000
-0.751734 0.361614 -0.300697
0.000000 0.000000 0.000000
-0.579783 0.382803 -0.246383
0.000000 0.000000 0.000000
-0.751734 0.328596 -0.209209
0.000000 0.000000 0.000000
0.000000 0.000000 0.000000
0.000000 0.000000 0.000000
-0.111131 -0.016634 -0.261382
-0.751734 0.331948 -0.089166
0.000000 0.000000 0.000000
0.000000 0.000000 0.000000
0.000000 0.000000 0.000000
0.000000 0.000000 0.000000
0.000000 0.000000 0.000000
0.000000 0.000000 0.000000
0.000000 0.000000 0.000000
-0.451317 -0.016634 -0.246181
0.000000 0.000000 0.000000
0.000000 0.000000 0.000000
0.000000 0.000000 0.000000
0.000000 0.000000 0.000000
0.712872 0.199745 -0.332060
0.000000 0.000000 0.000000
0.000000 0.000000 0.000000
0.000000 0.000000 0.000000
0.000000 0.000000 0.000000
0.000000 0.000000 0.000000
0.000000 0.000000 0.000000
0.000000 0.000000 0.000000
-0.273875 -0.029950 -0.357762
0.000000 0.000000 0.000000
-0.056674 0.369486 -0.246533
0.000000 0.000000 0.000000
0.000000 0.000000 0.000000
0.000000 0.000000 0.000000
0.000000 0.000000 0.000000
0.000000 0.000000 0.000000
0.000000 0.000000 0.000000
-0.497738 0.369486 -0.251503
-0.430469 0.369486 -0.376252
0.000000 0.000000 0.000000
0.000000 0.000000 0.000000
-0.751734 0.031919 -0.378192
0.000000 0.000000 0.000000
0.000000 0.000000 0.000000
-0.106947 0.370359 -0.398976
0.000000 0.000000 0.000000
0.000000 0.000000 0.000000
0.000000 0.000000 0.000000
0.000000 0.000000 0.000000
0.000000 0.000000 0.000000
0.230247 -0.040906 -0.315760
0.000000 0.000000 0.000000
0.000000 0.000000 0.000000
0.000000 0.000000 0.000000
0.000000 0.000000 0.000000
0.000000 0.000000 0.000000
0.000000 0.000000 0.000000
0.304967 0.355303 -0.362360
-0.665263 -0.056529 -0.315760
0.000000 0.000000 0.000000
0.000000 0.000000 0.000000
0.000000 0.000000 0.000000
0.000000 0.000000 0.000000
0.000000 0.000000 0.000000
0.000000 0.000000 0.000000
0.345142 -0.051960 -0.315760
0.000000 0.000000 0.000000
0.000000 0.000000 0.000000
0.000000 0.000000 0.000000
-0.183517 0.369486 -0.196819
-0.323053 0.369486 -0.168752
0.000000 0.000000 0.000000
-0.013706 -0.029950 -0.232082
-0.751734 0.153823 -0.309789
0.000000 0.000000 0.000000
0.000000 0.000000 0.000000
0.000000 0.000000 0.000000
0.000000 0.000000 0.000000
0.000000 0.000000 0.000000
0.714772 0.333126 -0.398976
0.000000 0.000000 0.000000
0.000000 0.000000 0.000000
0.000000 0.000000 0.000000
0.562574 0.369486 -0.334871
0.000000 0.000000 0.000000
0.000000 0.000000 0.000000
-0.709124 -0.029950 -0.098558
0.000000 0.000000 0.000000
-0.449794 -0.059910 -0.363373
-0.501875 -0.029950 -0.161111
0.691833 -0.039700 -0.362360
0.000000 0.000000 0.000000
0.000000 0.000000 0.000000
0.000000 0.000000 0.000000
0.000000 0.000000 0.000000
-0.011651 0.343744 -0.362360
0.642553 0.339531 -0.329484
-0.751734 0.288328 -0.374512
0.000000 0.000000 0.000000
-0.554148 0.369486 -0.385095
0.000000 0.000000 0.000000
0.000000 0.000000 0.000000
0.087954 0.339531 -0.324582
0.000000 0.000000 0.000000
0.000000 0.000000 0.000000
0.000000 0.000000 0.000000
-0.447616 0.369486 -0.151020
0.000000 0.000000 0.000000
0.000000 0.000000 0.000000
-0.564820 -0.029950 -0.383017
-0.216119 0.382803 -0.384323
0.000000 0.000000 0.000000
0.000000 0.000000 0.000000
0.000000 0.000000 0.000000
0.000000 0.000000 0.000000
0.000000 0.000000 0.000000
0.481576 -0.053956 -0.365690
0.000000 0.000000 0.000000
-0.657898 0.338398 -0.319089
0.000000 0.000000 0.000000
0.000000 0.000000 0.000000
0.220710 0.339531 -0.325129
0.000000 0.000000 0.000000
0.035445 -0.016634 -0.381659
0.000000 0.000000 0.000000
0.000000 0.000000 0.000000
-0.421433 -0.029950 -0.292106
0.000000 0.000000 0.000000
0.000000 0.000000 0.000000
0.202366 0.370745 -0.398976
0.000000 0.000000 0.000000
0.537970 -0.019187 -0.398976
0.000000 0.000000 0.000000
0.000000 0.000000 0.000000
0.000000 0.000000 0.000000
0.348106 0.351805 -0.319089
0.746159 -0.018118 -0.357831
0.000000 0.000000 0.000000
0.000000 0.000000 0.000000
0.000000 0.000000 0.000000
0.000000 0.000000 0.000000
0.000000 0.000000 0.000000
0.000000 0.000000 0.000000
0.001701 -0.016634 -0.295663
0.000000 0.000000 0.000000
-0.050002 0.337485 -0.319089
0.000000 0.000000 0.000000
-0.407896 0.382803 -0.288773
0.000000 0.000000 0.000000
0.000000 0.000000 0.000000
0.000000 0.000000 0.000000
0.000000 0.000000 0.000000
0.000000 0.000000 0.000000
0.000000 0.000000 0.000000
0.000000 0.000000 0.000000
0.000000 0.000000 0.000000
0.000000 0.000000 0.000000
0.000000 0.000000 0.000000
0.000000 0.000000 0.000000
0.000000 0.000000 0.000000
0.000000 0.000000 0.000000
-0.580776 -0.029950 -0.162382
0.000000 0.000000 0.000000
0.000000 0.000000 0.000000
0.411471 0.339531 -0.352445
0.000000 0.000000 0.000000
0.000000 0.000000 0.000000
0.000000 0.000000 0.000000
0.000000 0.000000 0.000000
0.000000 0.000000 0.000000
0.000000 0.000000 0.000000
0.419927 -0.053386 -0.315760
0.000000 0.000000 0.000000
0.000000 0.000000 0.000000
0.000000 0.000000 0.000000
0.000000 0.000000 0.000000
0.000000 0.000000 0.000000
0.000000 0.000000 0.000000
0.000000 0.000000 0.000000
0.000000 0.000000 0.000000
0.000000 0.000000 0.000000
0.000000 0.000000 0.000000
0.000000 0.000000 0.000000
0.000000 0.000000 0.000000
0.000000 0.000000 0.000000
-0.221724 0.339531 -0.338809
0.000000 0.000000 0.000000
0.000000 0.000000 0.000000
-0.339067 -0.016634 -0.311338
-0.283762 -0.029950 -0.181812
0.000000 0.000000 0.000000
0.000000 0.000000 0.000000
0.000000 0.000000 0.000000
0.419566 0.382803 -0.283278
0.000000 0.000000 0.000000
0.000000 0.000000 0.000000
0.000000 0.000000 0.000000
0.000000 0.000000 0.000000
0.000000 0.000000 0.000000
0.000000 0.000000 0.000000
-0.699103 -0.016634 -0.351851
0.000000 0.000000 0.000000
0.000000 0.000000 0.000000
0.000000 0.000000 0.000000
0.000000 0.000000 0.000000
-0.222294 0.382803 -0.262997
-0.720572 0.252983 -0.246719
0.000000 0.000000 0.000000
0.000000 0.000000 0.000000
0.000000 0.000000 0.000000
0.712872 0.137930 -0.384874
0.000000 0.000000 0.000000
0.000000 0.000000 0.000000
0.000000 0.000000 0.000000
0.000000 0.000000 0.000000
0.000000 0.000000 0.000000
0.000000 0.000000 0.000000
0.000000 0.000000 0.000000
0.461864 -0.016634 -0.291827
-0.234900 -0.029950 -0.386422
0.000000 0.000000 0.000000
0.380316 -0.029950 -0.386855
0.746159 -0.321979 -0.339680
0.000000 0.000000 0.000000
0.000000 0.000000 0.000000
0.201685 -0.055288 -0.365690
-0.531880 0.369486 -0.167653
0.000000 0.000000 0.000000
0.000000 0.000000 0.000000
0.000000 0.000000 0.000000
-0.130026 -0.016634 -0.334036
0.000000 0.000000 0.000000
0.712872 -0.201259 -0.329515
-0.714263 -0.016634 -0.260804
0.000000 0.000000 0.000000
0.454719 0.382803 -0.386637
0.000000 0.000000 0.000000
0.000000 0.000000 0.000000
0.000000 0.000000 0.000000
0.000000 0.000000 0.000000
-0.350387 0.369486 -0.254545
0.000000 0.000000 0.000000
0.541895 0.339217 -0.319089
-0.678867 0.382803 -0.199262
0.000000 0.000000 0.000000
0.000000 0.000000 0.000000
0.000000 0.000000 0.000000
0.000000 0.000000 0.000000
0.156810 0.382803 -0.345801
0.000000 0.000000 0.000000
0.000000 0.000000 0.000000
0.000000 0.000000 0.000000
-0.591290 0.336199 -0.316970
0.000000 0.000000 0.000000
0.000000 0.000000 0.000000
0.000000 0.000000 0.000000
0.000000 0.000000 0.000000
0.000000 0.000000 0.000000
0.000000 0.000000 0.000000
0.000000 0.000000 0.000000
-0.066562 -0.046617 -0.315760
0.000000 0.000000 0.000000
0.000000 0.000000 0.000000
-0.284607 0.366159 -0.321833
0.000000 0.000000 0.000000
0.000000 0.000000 0.000000
-0.389270 -0.016634 -0.148518
0.000000 0.000000 0.000000
0.000000 0.000000 0.000000
0.000000 0.000000 0.000000
0.000000 0.000000 0.000000
0.000000 0.000000 0.000000
0.000000 0.000000 0.000000
0.000000 0.000000 0.000000
-0.698050 0.382803 -0.090038
0.000000 0.000000 0.000000
0.000000 0.000000 0.000000
-0.555103 -0.041470 -0.315760
-0.088687 0.348749 -0.319089
0.000000 0.000000 0.000000
0.000000 0.000000 0.000000
-0.478656 -0.026705 -0.398976
-0.603720 -0.016634 -0.304351
0.712872 -0.319518 -0.396433
0.000000 0.000000 0.000000
0.000000 0.000000 0.000000
0.000000 0.000000 0.000000
0.000000 0.000000 0.000000
0.240299 0.382803 -0.291580
0.000000 0.000000 0.000000
0.000000 0.000000 0.000000
0.000000 0.000000 0.000000
0.000000 0.000000 0.000000
0.000000 0.000000 0.000000
0.000000 0.000000 0.000000
0.000000 0.000000 0.000000
0.000000 0.000000 0.000000
0.000000 0.000000 0.000000
0.000000 0.000000 0.000000
0.746159 -0.172137 -0.380575
0.000000 0.000000 0.000000
-0.150881 0.382803 -0.258668
0.000000 0.000000 0.000000
0.000000 0.000000 0.000000
0.000000 0.000000 0.000000
0.636873 -0.016634 -0.322585
0.000000 0.000000 0.000000
0.000000 0.000000 0.000000
0.000000 0.000000 0.000000
0.000000 0.000000 0.000000
0.000000 0.000000 0.000000
0.000000 0.000000 0.000000
0.000000 0.000000 0.000000
0.000000 0.000000 0.000000
0.000000 0.000000 0.000000
-0.320533 -0.059425 -0.365690
0.000000 0.000000 0.000000
0.000000 0.000000 0.000000
0.000000 0.000000 0.000000
0.107099 0.369486 -0.286099
0.000000 0.000000 0.000000
0.000000 0.000000 0.000000
0.000000 0.000000 0.000000
-0.091414 -0.029950 -0.188456
0.000000 0.000000 0.000000
0.000000 0.000000 0.000000
0.000000 0.000000 0.000000
0.000000 0.000000 0.000000
0.000000 0.000000 0.000000
0.000000 0.000000 0.000000
0.000000 0.000000 0.000000
0.000000 0.000000 0.000000
0.000000 0.000000 0.000000
0.000000 0.000000 0.000000
0.717489 0.025545 -0.398976
-0.615683 -0.029950 -0.119699
0.000000 0.000000 0.000000
0.000000 0.000000 0.000000
0.000000 0.000000 0.000000
0.000000 0.000000 0.000000
0.133191 -0.040973 -0.319089
0.000000 0.000000 0.000000
0.671557 0.382803 -0.394335
-0.715765 0.382803 -0.250629
0.000000 0.000000 0.000000
0.000000 0.000000 0.000000
0.000000 0.000000 0.000000
0.000000 0.000000 0.000000
-0.751734 0.087901 -0.339495
0.000000 0.000000 0.000000
0.000000 0.000000 0.000000
0.286984 -0.033747 -0.319089
0.000000 0.000000 0.000000
0.000000 0.000000 0.000000
0.000000 0.000000 0.000000
0.000000 0.000000 0.000000
0.033692 0.369486 -0.331255
-0.483775 -0.016634 -0.317310
0.000000 0.000000 0.000000
-0.718447 0.333830 -0.246814
0.000000 0.000000 0.000000
0.000000 0.000000 0.000000
0.000000 0.000000 0.000000
0.000000 0.000000 0.000000
-0.307131 -0.029950 -0.260657
0.000000 0.000000 0.000000
0.000000 0.000000 0.000000
0.000000 0.000000 0.000000
-0.129225 -0.021394 -0.398976
-0.694289 0.382803 -0.352428
0.000000 0.000000 0.000000
0.000000 0.000000 0.000000
0.000000 0.000000 0.000000
0.000000 0.000000 0.000000
0.000000 0.000000 0.000000
0.063567 -0.016634 -0.330829
0.000000 0.000000 0.000000
0.712872 -0.142705 -0.351006
-0.717932 0.382803 -0.144143
0.000000 0.000000 0.000000
0.000000 0.000000 0.000000
0.000000 0.000000 0.000000
-0.395127 0.382803 -0.170031
0.000000 0.000000 0.000000
-0.245963 -0.028044 -0.315760
0.000000 0.000000 0.000000
-0.751734 -0.031581 -0.349157
0.000000 0.000000 0.000000
0.000000 0.000000 0.000000
0.000000 0.000000 0.000000
0.000000 0.000000 0.000000
0.000000 0.000000 0.000000
0.000000 0.000000 0.000000
-0.751734 0.369201 -0.350704
0.000000 0.000000 0.000000
-0.737639 0.382803 -0.189680
-0.374156 -0.016634 -0.398864
0.000000 0.000000 0.000000
0.000000 0.000000 0.000000
0.000000 0.000000 0.000000
0.000000 0.000000 0.000000
0.000000 0.000000 0.000000
0.000000 0.000000 0.000000
0.000000 0.000000 0.000000
0.000000 0.000000 0.000000
-0.393349 0.369486 -0.345864
0.000000 0.000000 0.000000
0.134823 0.347555 -0.362360
0.000000 0.000000 0.000000
0.000000 0.000000 0.000000
0.000000 0.000000 0.000000
-0.718447 0.301224 -0.128707
-0.251177 -0.016634 -0.219840
0.000000 0.000000 0.000000
0.000000 0.000000 0.000000
-0.679505 -0.016634 -0.385347
-0.453257 0.382803 -0.326120
0.000000 0.000000 0.000000
0.053878 -0.016634 -0.240910
0.000000 0.000000 0.000000
0.000000 0.000000 0.000000
0.000000 0.000000 0.000000
0.000000 0.000000 0.000000
0.000000 0.000000 0.000000
0.000000 0.000000 0.000000
0.000000 0.000000 0.000000
0.000000 0.000000 0.000000
0.675002 -0.020585 -0.398976
0.000000 0.000000 0.000000
0.000000 0.000000 0.000000
0.000000 0.000000 0.000000
0.000000 0.000000 0.000000
0.712872 0.307584 -0.353113
0.000000 0.000000 0.000000
0.000000 0.000000 0.000000
-0.632721 0.382803 -0.319655
0.000000 0.000000 0.000000
0.000000 0.000000 0.000000
-0.550369 -0.029950 -0.206206
0.000000 0.000000 0.000000
-0.115412 0.369486 -0.296938
0.000000 0.000000 0.000000
0.000000 0.000000 0.000000
-0.176852 -0.016634 -0.251448
0.000000 0.000000 0.000000
-0.415110 -0.029950 -0.213185
0.588001 -0.054616 -0.319089
0.000000 0.000000 0.000000
0.000000 0.000000 0.000000
0.000000 0.000000 0.000000
0.000000 0.000000 0.000000
0.000000 0.000000 0.000000
0.148506 -0.029950 -0.351314
-0.370204 0.369486 -0.397227
0.000000 0.000000 0.000000
0.000000 0.000000 0.000000
0.000000 0.000000 0.000000
0.000000 0.000000 0.000000
0.000000 0.000000 0.000000
0.000000 0.000000 0.000000
0.000000 0.000000 0.000000
0.000000 0.000000 0.000000
0.000000 0.000000 0.000000
0.000000 0.000000 0.000000
0.000000 0.000000 0.000000
0.000000 0.000000 0.000000
0.000000 0.000000 0.000000
0.000000 0.000000 0.000000
0.000000 0.000000 0.000000
-0.718447 0.111302 -0.307962
0.000000 0.000000 0.000000
0.000000 0.000000 0.000000
-0.163150 0.382803 -0.397428
0.000000 0.000000 0.000000
0.000000 0.000000 0.000000
0.000000 0.000000 0.000000
0.000000 0.000000 0.000000
-0.751734 0.264836 -0.117364
-0.113400 0.369486 -0.231810
-0.029068 0.382803 -0.203561
0.000000 0.000000 0.000000
0.000000 0.000000 0.000000
0.000000 0.000000 0.000000
0.000000 0.000000 0.000000
0.561358 -0.026624 -0.353714
0.000000 0.000000 0.000000
0.000000 0.000000 0.000000
-0.559631 0.369486 -0.335305
0.000000 0.000000 0.000000
0.000000 0.000000 0.000000
0.000000 0.000000 0.000000
0.000000 0.000000 0.000000
0.216993 -0.016634 -0.388951
-0.751734 0.184098 -0.366381
0.000000 0.000000 0.000000
0.742288 -0.046402 -0.398976
-0.061721 0.336199 -0.364772
-0.718447 0.299714 -0.190595
-0.633438 0.369486 -0.181673
0.000000 0.000000 0.000000
0.000000 0.000000 0.000000
-0.116639 0.382803 -0.351687
-0.718447 0.282569 -0.317950
-0.002881 0.369486 -0.257978
-0.483209 0.382803 -0.376271
-0.638081 -0.026624 -0.339953
-0.718447 0.245910 -0.352411
0.000000 0.000000 0.000000
0.000000 0.000000 0.000000
-0.308914 -0.016634 -0.390852
0.459921 0.369486 -0.322233
0.000000 0.000000 0.000000
0.000000 0.000000 0.000000
0.000000 0.000000 0.000000
0.000000 0.000000 0.000000
0.000000 0.000000 0.000000
0.000000 0.000000 0.000000
0.000000 0.000000 0.000000
0.000000 0.000000 0.000000
-0.115105 -0.048426 -0.362360
0.000000 0.000000 0.000000
0.000000 0.000000 0.000000
0.514302 -0.016634 -0.352341
0.000000 0.000000 0.000000
0.000000 0.000000 0.000000
0.000000 0.000000 0.000000
0.000000 0.000000 0.000000
0.000000 0.000000 0.000000
