-0.339997 -0.465270 -0.345155
0.347804 -0.475357 0.345761
-0.071413 -0.183742 0.262832
0.000000 0.000000 0.000000
0.000000 0.000000 0.000000
-0.358360 -0.472656 0.230423
0.000000 0.000000 0.000000
-0.249022 -0.196164 -0.097163
0.056696 -0.310275 -0.285528
-0.055482 -0.475357 0.298791
-0.219320 0.032638 0.070363
-0.305853 -0.428872 -0.037416
0.203800 -0.313223 0.219034
-0.123458 0.058885 -0.183907
0.000000 0.000000 0.000000
-0.224142 -0.164324 0.142645
0.177221 -0.047319 0.175775
0.000000 0.000000 0.000000
-0.085032 0.114453 0.199357
-0.099900 0.254342 -0.157628
-0.093789 -0.460163 -0.330290
0.000000 0.000000 0.000000
0.000000 0.000000 0.000000
-0.075748 -0.138280 -0.246526
-0.250053 -0.393192 0.174645
0.000000 0.000000 0.000000
-0.159410 -0.279827 -0.233185
0.000000 0.000000 0.000000
0.142439 -0.475357 0.359235
-0.063422 0.054050 -0.213540
-0.217443 -0.475357 -0.206976
-0.223605 -0.466553 0.366839
-0.269684 -0.307959 -0.098373
0.000000 0.000000 0.000000
-0.202933 0.160423 -0.035701
0.000000 0.000000 0.000000
0.225874 -0.305706 0.193421
0.084378 -0.257473 0.275241
0.008416 -0.041179 0.246730
0.000000 0.000000 0.000000
-0.241075 -0.056338 -0.034170
-0.278087 -0.251366 0.017409
0.000000 0.000000 0.000000
0.000000 0.000000 0.000000
-0.081363 -0.337243 0.288482
-0.167758 0.173444 0.119065
0.000000 0.000000 0.000000
-0.186495 -0.190662 0.197680
0.134145 -0.434626 0.290503
-0.339429 -0.460163 0.073309
0.000000 0.000000 0.000000
-0.127582 -0.026705 0.206369
-0.358360 -0.461248 -0.164465
-0.148455 -0.216432 -0.227204
-0.167924 -0.087937 -0.183106
0.037995 -0.475357 -0.358988
0.057786 -0.182676 -0.261136
-0.261367 -0.323686 -0.125643
0.285659 -0.475357 0.300344
0.000000 0.000000 0.000000
-0.173747 -0.475357 0.246486
-0.172239 -0.321849 0.237836
0.177946 -0.173976 0.205661
-0.211985 -0.475357 -0.325997
-0.173470 0.293836 -0.055611
-0.138808 -0.384398 -0.269150
-0.254580 -0.110424 0.009064
-0.094057 0.004348 0.216974
0.000000 0.000000 0.000000
0.147665 -0.193048 0.233445
0.027750 -0.390936 0.309310
0.000000 0.000000 0.000000
0.000000 0.000000 0.000000
0.044480 -0.072246 -0.241902
-0.106702 -0.058244 -0.217853
0.000000 0.000000 0.000000
0.000000 0.000000 0.000000
-0.259548 -0.475357 0.263120
0.014826 0.130570 -0.207263
0.000000 0.000000 0.000000
-0.143742 0.146779 -0.148397
-0.212342 0.046263 -0.074917
-0.009786 -0.389815 -0.305345
0.000000 0.000000 0.000000
0.086917 -0.113886 0.245114
-0.290027 -0.356978 0.066764
-0.054021 -0.255232 -0.274294
0.235674 -0.433324 0.220624
0.000000 0.000000 0.000000
-0.109185 -0.299040 0.269550
-0.341085 -0.460163 0.341482
0.000000 0.000000 0.000000
-0.231935 -0.019263 0.060174
0.000000 0.000000 0.000000
-0.258157 -0.266417 0.112255
0.000000 0.000000 0.000000
-0.272048 -0.459060 0.164908
0.023018 -0.461439 0.366839
0.000000 0.000000 0.000000
0.158292 0.068066 0.163100
-0.202034 -0.072310 0.145015
-0.061804 0.173095 -0.190633
-0.224249 -0.377366 -0.199062
0.000000 0.000000 0.000000
0.000000 0.000000 0.000000
0.000000 0.000000 0.000000
-0.212787 0.100638 0.046616
-0.288627 -0.475357 -0.122242
0.000000 0.000000 0.000000
-0.304241 -0.460163 -0.248749
-0.268056 -0.217858 -0.043964
-0.129341 -0.460163 0.346651
-0.358360 -0.473207 -0.058126
-0.144382 -0.419531 0.278341
0.021575 -0.149910 0.265243
-0.162224 0.062656 0.158113
0.100693 0.007586 0.214810
-0.210771 -0.239520 -0.176534
-0.191255 0.235681 0.031096
0.000000 0.000000 0.000000
-0.008935 -0.263273 0.286895
-0.197834 -0.024953 -0.130984
0.000000 0.000000 0.000000
-0.137574 -0.101123 0.215275
-0.148581 -0.475357 -0.271093
0.092564 -0.363397 0.293301
0.207813 -0.439889 0.246165
0.000000 0.000000 0.000000
-0.218106 0.075062 -0.033938
0.000000 0.000000 0.000000
-0.162436 -0.046886 -0.178002
0.254486 -0.475357 0.362371
-0.259154 -0.176442 0.061855
-0.289255 -0.321752 -0.021075
0.006104 0.238479 -0.187904
-0.225791 -0.111698 -0.114644
-0.122364 -0.216084 0.248003
0.000000 0.000000 0.000000
0.000000 0.000000 0.000000
0.000000 0.000000 0.000000
0.000000 0.000000 0.000000
0.015647 0.053732 0.228105
-0.025627 -0.475357 -0.302459
-0.278043 -0.402858 -0.121568
-0.115154 0.139069 0.178984
-0.304052 -0.475357 -0.319568
0.000000 0.000000 0.000000
-0.154858 0.219437 -0.115910
0.060751 -0.464602 0.366839
-0.251893 -0.240201 -0.110359
0.000000 0.000000 0.000000
-0.161954 -0.002715 0.174651
-0.212799 -0.267786 0.187161
0.000000 0.000000 0.000000
-0.348386 -0.460163 0.159737
0.000000 0.000000 0.000000
-0.059574 -0.190381 -0.261406
0.058173 -0.263651 -0.276473
-0.159403 -0.461172 -0.362465
-0.139615 -0.475357 0.269749
0.000000 0.000000 0.000000
-0.142499 0.077341 -0.165108
0.000000 0.000000 0.000000
-0.052505 -0.409700 0.308023
-0.197455 -0.475357 0.298377
-0.070957 -0.337656 -0.287515
0.236776 -0.194368 0.144337
0.049060 -0.424786 -0.308295
0.000000 0.000000 0.000000
-0.208036 -0.475357 0.225320
0.299280 -0.460163 0.217695
0.000000 0.000000 0.000000
-0.305267 -0.431297 0.049560
0.146025 -0.272663 0.252785
0.000000 0.000000 0.000000
0.000000 0.000000 0.000000
-0.158832 -0.158583 -0.206115
-0.358360 -0.469813 -0.266800
-0.049810 -0.110572 0.253494
-0.061955 -0.409929 -0.302247
0.000000 0.000000 0.000000
0.015158 0.009891 -0.230153
0.000000 0.000000 0.000000
0.211192 -0.475357 0.312247
0.000000 0.000000 0.000000
0.000000 0.000000 0.000000
-0.061666 0.138842 -0.197474
0.048122 0.280062 -0.174170
0.000000 0.000000 0.000000
-0.062129 -0.475357 0.364543
0.151502 -0.107560 0.210111
0.007406 -0.137643 -0.259211
0.000000 0.000000 0.000000
0.000000 0.000000 0.000000
0.000000 0.000000 0.000000
0.104277 -0.325649 -0.275934
-0.200671 0.169399 0.047459
-0.195404 -0.165229 -0.174951
-0.218557 -0.345937 0.202114
-0.032185 -0.067276 -0.241936
-0.025404 0.069678 0.223636
0.000000 0.000000 0.000000
-0.274882 -0.475357 0.335314
-0.190047 0.232622 -0.037594
0.000000 0.000000 0.000000
0.167253 -0.371196 0.260904
-0.322188 -0.460163 0.295089
0.000000 0.000000 0.000000
-0.298169 -0.475357 -0.008173
-0.111634 0.047845 0.201258
-0.165568 0.102403 0.142333
-0.260443 -0.328037 0.134689
-0.090794 -0.084241 0.235507
0.206445 -0.247074 0.200375
-0.203919 -0.403520 0.231716
-0.037568 -0.004742 -0.229506
0.000000 0.000000 0.000000
-0.233603 0.005546 -0.008649
0.071832 -0.475357 0.310929
0.000000 0.000000 0.000000
0.256308 -0.475357 0.182503
-0.179610 0.017371 -0.142424
0.000000 0.000000 0.000000
-0.187865 0.110439 -0.104431
0.081890 -0.393785 0.302709
0.007280 -0.214833 -0.273896
0.118553 -0.058700 0.220836
0.000000 0.000000 0.000000
-0.009584 -0.331853 0.299393
0.000000 0.000000 0.000000
0.000000 0.000000 0.000000
-0.158129 -0.279504 0.239231
-0.236585 -0.100733 0.089181
0.000000 0.000000 0.000000
0.000000 0.000000 0.000000
0.000000 0.000000 0.000000
0.000000 0.000000 0.000000
-0.267849 -0.224151 0.059082
0.000000 0.000000 0.000000
0.129804 -0.475357 0.293533
-0.226530 -0.331747 -0.182821
0.000000 0.000000 0.000000
-0.300437 -0.460163 -0.191528
-0.054569 -0.460163 -0.361184
0.000000 0.000000 0.000000
0.000000 0.000000 0.000000
0.000000 0.000000 0.000000
-0.130215 0.333910 -0.114689
0.020045 0.184463 -0.196334
0.000000 0.000000 0.000000
-0.085606 -0.123950 0.245356
0.000000 0.000000 0.000000
0.000000 0.000000 0.000000
-0.109043 -0.108713 -0.226879
0.000000 0.000000 0.000000
-0.009670 -0.289392 -0.286536
0.028050 -0.104417 0.255919
-0.235011 -0.475357 -0.256275
-0.033502 0.034269 0.229066
-0.226974 -0.014908 -0.067550
-0.257707 -0.156271 -0.040691
0.000000 0.000000 0.000000
-0.281938 -0.303655 0.057496
0.086013 -0.181353 0.259150
0.000000 0.000000 0.000000
-0.181379 -0.362591 -0.235109
0.000000 0.000000 0.000000
0.072695 -0.380550 -0.296777
0.000000 0.000000 0.000000
-0.217138 -0.313483 0.194637
0.000000 0.000000 0.000000
0.000000 0.000000 0.000000
0.000000 0.000000 0.000000
0.234833 -0.371987 0.202508
0.110712 0.048476 0.202380
-0.221586 -0.038522 0.097173
-0.109431 0.097938 -0.185808
-0.188822 -0.130593 0.178982
-0.291091 -0.422026 0.103334
-0.008663 -0.442716 0.319855
-0.353607 -0.460163 0.009974
0.113305 -0.320788 0.276082
-0.237356 -0.227971 0.143731
0.000000 0.000000 0.000000
-0.299366 -0.475357 0.214964
-0.209436 -0.296658 -0.194893
0.173075 0.012757 0.162474
-0.050905 0.286098 -0.172767
-0.294225 -0.372239 -0.050436
-0.101731 -0.009492 -0.210256
-0.137177 -0.355749 0.268955
-0.012677 -0.204842 0.275681
0.000000 0.000000 0.000000
-0.001080 0.064290 -0.221369
0.261118 -0.475357 0.252801
-0.197621 0.087366 0.097924
0.078363 -0.475357 -0.319975
-0.338470 -0.475357 -0.110956
-0.254417 -0.460163 -0.291997
-0.262339 -0.445707 -0.169300
0.000000 0.000000 0.000000
0.000000 0.000000 0.000000
-0.115015 0.194199 -0.159679
-0.099572 -0.179565 -0.244834
0.000000 0.000000 0.000000
0.000000 0.000000 0.000000
-0.358360 -0.469797 -0.214059
-0.184480 0.177620 -0.082148
-0.243886 -0.070390 0.037199
0.126992 -0.146591 0.235139
-0.108568 -0.295835 -0.264136
0.000000 0.000000 0.000000
0.013899 -0.331061 -0.295112
0.000000 0.000000 0.000000
0.062272 -0.052759 0.241792
0.010149 0.298282 -0.176007
-0.182298 -0.420449 -0.247534
-0.102545 -0.239906 0.260831
-0.303923 -0.475357 0.122715
-0.055952 0.236651 -0.180470
-0.253296 -0.369810 -0.159010
0.000000 0.000000 0.000000
0.000000 0.000000 0.000000
-0.300395 -0.377599 -0.010705
-0.307695 -0.456093 -0.059616
-0.267868 -0.467836 -0.362465
-0.198812 0.023036 0.121872
0.000000 0.000000 0.000000
0.178347 -0.475357 0.253731
-0.211292 0.139492 0.006574
-0.058692 -0.036400 0.238715
-0.179530 0.210262 0.085853
0.294489 -0.475357 0.361119
0.000596 -0.059723 -0.244836
0.000000 0.000000 0.000000
-0.168250 -0.046896 0.179660
-0.098586 -0.454084 0.304011
-0.058201 -0.270404 0.281714
-0.191141 -0.453235 -0.248189
-0.168542 -0.362914 0.249819
-0.173118 -0.443335 0.264218
-0.149627 -0.164797 0.220209
0.198421 -0.378287 0.238679
0.000000 0.000000 0.000000
0.000000 0.000000 0.000000
0.000000 0.000000 0.000000
-0.206055 -0.460163 -0.360931
0.000000 0.000000 0.000000
-0.106378 -0.475357 -0.279507
-0.201206 -0.077689 -0.141930
-0.225156 -0.060105 -0.092596
-0.223561 0.054337 0.026187
-0.248450 -0.205128 0.107891
0.000000 0.000000 0.000000
0.037324 -0.229155 0.277924
0.196776 -0.107363 0.169213
0.040906 0.000350 0.234717
0.000000 0.000000 0.000000
0.205497 -0.475357 0.364537
-0.173713 -0.466887 0.366839
0.000000 0.000000 0.000000
0.000000 0.000000 0.000000
-0.239724 -0.432011 -0.194789
0.000000 0.000000 0.000000
-0.297641 -0.475357 0.029044
0.028415 -0.302449 0.292746
0.070816 -0.313597 0.289236
-0.142714 0.265654 -0.118293
0.281160 -0.475357 0.233147
0.000000 0.000000 0.000000
-0.356028 -0.473440 0.322561
0.000000 0.000000 0.000000
0.000000 0.000000 0.000000
0.000000 0.000000 0.000000
-0.156533 -0.475357 -0.317852
-0.148198 0.012085 -0.175545
0.000000 0.000000 0.000000
0.000000 0.000000 0.000000
0.000000 0.000000 0.000000
0.000000 0.000000 0.000000
-0.191673 -0.460163 -0.282580
0.000000 0.000000 0.000000
0.000326 -0.448332 -0.317645
0.039792 -0.234436 -0.273341
0.000000 0.000000 0.000000
-0.314469 -0.460163 0.196494
-0.266855 -0.180857 -0.003900
0.000000 0.000000 0.000000
-0.024807 -0.475357 0.347036
-0.154972 -0.441338 -0.273242
-0.248142 -0.453529 0.194474
-0.308735 -0.418567 0.006346
0.168038 -0.317845 0.247577
-0.251638 -0.460163 0.297570
0.000000 0.000000 0.000000
0.000000 0.000000 0.000000
0.135958 -0.022778 0.201818
0.208041 -0.150703 0.168107
0.196017 -0.025190 0.144462
-0.276009 -0.375663 0.118713
0.000000 0.000000 0.000000
-0.113523 -0.341273 -0.271082
-0.198221 -0.121154 -0.158461
-0.170892 0.248155 -0.082715
-0.220946 -0.460163 0.317343
-0.141085 0.098155 0.168199
0.000000 0.000000 0.000000
-0.246616 -0.280027 -0.141261
-0.081556 -0.228237 -0.261936
0.000000 0.000000 0.000000
0.220882 -0.475357 0.227906
0.000000 0.000000 0.000000
0.038701 -0.337375 0.297894
0.000000 0.000000 0.000000
-0.313118 -0.460163 0.249761
-0.235030 -0.263380 0.156920
0.167419 -0.419640 0.272331
-0.248181 -0.114763 0.063420
0.000000 0.000000 0.000000
-0.260315 -0.460163 -0.225278
-0.114091 0.129076 -0.175165
-0.229893 -0.162682 -0.128044
0.000000 0.000000 0.000000
-0.038455 -0.155244 0.263186
-0.309723 -0.460163 -0.108875
-0.141344 0.166979 0.152673
0.000000 0.000000 0.000000
-0.264650 -0.475357 0.222902
0.142402 -0.333226 0.266550
-0.304813 -0.475357 0.350272
0.000000 0.000000 0.000000
0.000000 0.000000 0.000000
-0.273084 -0.267479 -0.071650
-0.248625 -0.100203 -0.035143
0.067076 -0.137059 0.256856
0.000000 0.000000 0.000000
-0.335305 -0.475357 0.111413
-0.260827 -0.154426 0.019965
0.000000 0.000000 0.000000
0.000000 0.000000 0.000000
0.000000 0.000000 0.000000
-0.298763 -0.385571 0.038325
-0.288922 -0.319889 0.025973
-0.355054 -0.475357 0.268705
0.000000 0.000000 0.000000
-0.332462 -0.475357 -0.300719
0.050886 -0.432025 0.313913
0.000000 0.000000 0.000000
0.028978 -0.386472 -0.303657
0.114013 -0.475357 0.342418
-0.243021 -0.155349 0.098417
0.049798 -0.124304 -0.251095
0.225155 -0.460163 0.272286
0.050704 0.240692 -0.181233
-0.182160 -0.202924 -0.198277
0.000000 0.000000 0.000000
-0.032869 0.094514 -0.211519
-0.092311 -0.379105 -0.287361
-0.196071 -0.026317 0.139571
-0.225877 0.034465 -0.028882
-0.137663 -0.033732 -0.194025
-0.125022 -0.460163 -0.339813
0.002428 -0.170228 -0.265791
-0.292804 -0.430389 -0.098514
0.176848 -0.266295 0.228522
-0.061779 -0.229155 0.273674
-0.279390 -0.283789 -0.045534
-0.305707 -0.475357 0.320296
-0.171521 -0.249093 -0.216917
0.000000 0.000000 0.000000
0.000000 0.000000 0.000000
0.213522 -0.080932 0.139110
0.000000 0.000000 0.000000
-0.195377 0.129593 0.084187
-0.243742 -0.115146 -0.072881
-0.048870 -0.368868 -0.296272
0.000000 0.000000 0.000000
0.256822 -0.460163 0.322724
0.000000 0.000000 0.000000
0.168026 -0.475357 0.315545
0.056340 0.166061 -0.194333
-0.036987 -0.313377 -0.287435
0.000000 0.000000 0.000000
-0.208190 0.006338 -0.103191
-0.108465 -0.384889 0.286498
-0.148930 -0.114984 -0.203819
-0.221114 -0.475357 0.254596
0.180559 -0.223565 0.215483
-0.025297 0.205876 -0.191641
0.249292 -0.341243 0.174033
-0.038881 -0.112325 -0.249499
0.011195 -0.475357 0.325022
-0.203135 0.185353 -0.001027
0.000000 0.000000 0.000000
0.000000 0.000000 0.000000
0.000000 0.000000 0.000000
-0.201630 0.078723 -0.085944
-0.052942 -0.457774 -0.312403
-0.137564 -0.475357 0.316329
0.000000 0.000000 0.000000
-0.229487 -0.214513 -0.144868
-0.010242 -0.460163 -0.356223
0.000000 0.000000 0.000000
0.000000 0.000000 0.000000
0.000000 0.000000 0.000000
-0.280122 -0.370524 -0.101771
0.000000 0.000000 0.000000
-0.057782 0.003123 0.231582
-0.225955 -0.119553 0.123381
0.000000 0.000000 0.000000
-0.210230 -0.220491 0.176917
0.000000 0.000000 0.000000
-0.183326 -0.097303 0.176579
-0.200972 -0.342818 -0.215588
0.000000 0.000000 0.000000
-0.147805 0.038708 0.176282
0.262671 -0.435829 0.186226
-0.173749 0.055884 -0.138861
-0.261303 -0.468369 0.366839
0.017001 -0.258048 -0.280828
0.000000 0.000000 0.000000
-0.160149 0.184972 -0.119039
-0.154619 -0.334467 -0.249260
0.311789 -0.460163 0.316146
0.000000 0.000000 0.000000
-0.121765 -0.241061 -0.247821
0.000000 0.000000 0.000000
0.000000 0.000000 0.000000
-0.164815 -0.475357 0.326268
-0.006723 -0.087284 0.254896
0.000000 0.000000 0.000000
-0.313061 -0.460163 0.057859
0.000000 0.000000 0.000000
-0.272487 -0.262635 0.074881
0.000000 0.000000 0.000000
-0.101964 -0.475357 -0.362206
0.000000 0.000000 0.000000
0.000000 0.000000 0.000000
-0.202854 -0.391897 -0.225282
0.178501 0.071545 0.136986
0.131963 -0.374814 0.279295
-0.244338 -0.460163 -0.334906
-0.356651 -0.460163 -0.307683
-0.325368 -0.475357 -0.220437
-0.344512 -0.475357 -0.025107
-0.091836 -0.260068 -0.263983
-0.231231 -0.399311 0.200934
-0.206376 -0.460163 0.263618
-0.115941 0.310412 -0.132595
0.053326 0.014665 -0.224221
-0.196848 0.049064 -0.110742
-0.230483 0.007586 0.035599
-0.097310 -0.475357 0.347071
-0.265745 -0.193938 0.034997
-0.084827 0.225748 -0.170669
0.000000 0.000000 0.000000
-0.209309 0.120294 -0.040623
0.000000 0.000000 0.000000
-0.044107 -0.460163 0.327251
0.000000 0.000000 0.000000
-0.060807 -0.076000 0.245702
-0.299952 -0.475357 0.162237
-0.272825 -0.305776 0.094700
-0.170861 -0.416522 0.259979
-0.245427 -0.313555 0.157790
0.000000 0.000000 0.000000
-0.220804 0.087273 0.002781
-0.025267 -0.382149 0.306555
-0.046192 -0.319560 0.292315
0.223027 -0.221651 0.170802
-0.119477 -0.058327 0.218601
0.000000 0.000000 0.000000
-0.187406 -0.246033 0.209313
0.082976 -0.154723 -0.249510
0.127292 -0.237592 0.253442
-0.176622 0.133270 0.119057
-0.048161 -0.356919 0.298911
-0.275632 -0.239559 -0.015277
0.028100 0.094555 -0.212360
0.097346 -0.429581 0.304722
0.087449 -0.418739 -0.302092
-0.283838 -0.324832 -0.066310
-0.021704 0.319752 -0.170768
-0.197974 0.129687 -0.071476
-0.075320 -0.036087 -0.226464
-0.186532 -0.460163 -0.308784
0.000000 0.000000 0.000000
-0.165245 0.105695 -0.135456
-0.276850 -0.340105 0.100553
-0.238999 -0.144314 -0.097664
0.000000 0.000000 0.000000
0.000000 0.000000 0.000000
0.200412 -0.460163 0.334302
0.073070 0.034373 0.220827
-0.175381 0.146063 -0.110505
0.080591 -0.021876 0.229102
-0.043392 -0.224403 -0.269914
-0.106911 -0.156017 0.242753
-0.304902 -0.475357 -0.272355
0.103208 -0.460163 -0.325981
0.000000 0.000000 0.000000
-0.206269 -0.107848 0.149709
-0.098974 0.164958 -0.176866
-0.330213 -0.475357 -0.254807
0.195731 -0.460163 0.281284
-0.065436 -0.446174 0.313011
-0.024888 -0.420982 -0.309199
-0.175260 -0.132169 -0.187515
0.000000 0.000000 0.000000
-0.097578 -0.449911 -0.299203
-0.064271 0.054252 0.219631
0.000000 0.000000 0.000000
0.077771 -0.340760 -0.288547
0.051357 -0.273795 0.284388
0.000000 0.000000 0.000000
0.000000 0.000000 0.000000
0.000000 0.000000 0.000000
0.000000 0.000000 0.000000
-0.302651 -0.460163 -0.358103
-0.201215 -0.165802 0.172950
0.000000 0.000000 0.000000
0.004268 -0.010202 0.241508
-0.283497 -0.448740 0.133785
0.000000 0.000000 0.000000
-0.252172 -0.404979 -0.170704
0.000000 0.000000 0.000000
-0.227605 -0.433380 0.215450
-0.110728 0.083240 0.194659
-0.296270 -0.401516 -0.073828
-0.084876 0.310974 -0.153771
-0.295778 -0.460163 -0.151810
-0.197299 0.199974 0.032534
0.238713 -0.475357 0.310493
0.069259 -0.090962 -0.241989
0.143670 0.010231 0.188026
0.000000 0.000000 0.000000
0.033906 -0.040277 -0.237218
0.049011 -0.475357 0.333870
0.000000 0.000000 0.000000
0.204983 -0.185823 0.183093
0.000000 0.000000 0.000000
-0.215005 -0.475357 -0.250235
-0.215372 0.003649 0.093044
0.000000 0.000000 0.000000
-0.078105 0.104524 -0.197462
-0.239293 -0.475357 0.342029
0.000000 0.000000 0.000000
-0.138487 -0.081906 -0.204325
-0.284505 -0.460163 0.245325
0.252767 -0.399193 0.187657
0.257461 -0.460163 0.212895
-0.289383 -0.475357 -0.222307
-0.220876 -0.475357 -0.285618
0.000000 0.000000 0.000000
-0.172458 -0.012742 -0.160503
-0.013141 -0.297035 0.292536
0.000000 0.000000 0.000000
0.237456 -0.265658 0.165781
-0.246661 -0.475357 -0.185246
0.000000 0.000000 0.000000
0.172769 -0.089808 0.189558
-0.188077 0.054242 0.126839
0.090490 -0.273696 -0.270930
-0.286702 -0.292749 -0.001906
0.094894 -0.467027 0.366839
-0.143752 0.129246 0.159229
0.000000 0.000000 0.000000
-0.159668 -0.460163 0.294130
-0.295381 -0.396442 0.078423
-0.074581 0.020674 -0.215528
-0.244224 -0.319153 -0.156098
-0.324522 -0.460163 -0.141101
-0.240524 -0.348702 0.174279
0.027256 -0.451358 -0.316215
0.000000 0.000000 0.000000
-0.291985 -0.460163 0.295114
0.173693 -0.460163 0.362441
-0.140247 0.111434 -0.159099
-0.349358 -0.460163 0.195290
-0.058855 -0.289109 -0.280008
0.047688 0.137319 -0.201654
0.000000 0.000000 0.000000
0.000000 0.000000 0.000000
-0.003820 -0.026541 -0.238035
-0.269145 -0.408444 0.150155
-0.224421 0.016903 -0.059175
0.077452 -0.222865 0.271102
-0.153734 0.042050 -0.164497
-0.358360 -0.471153 -0.101808
0.000000 0.000000 0.000000
-0.233407 -0.066358 0.081260
-0.017947 0.124247 -0.207910
-0.069840 -0.103793 -0.242144
0.000000 0.000000 0.000000
-0.350863 -0.475357 0.035431
0.000000 0.000000 0.000000
0.280123 -0.460163 0.257149
0.174922 -0.128150 0.197051
-0.239470 -0.021711 -0.000324
0.143418 -0.460163 0.330622
-0.005793 -0.106027 -0.252675
0.000000 0.000000 0.000000
0.104328 -0.285754 0.272705
0.000000 0.000000 0.000000
-0.302347 -0.451233 0.089407
0.162464 -0.460163 0.291027
0.000000 0.000000 0.000000
-0.185620 -0.288427 0.220124
-0.257192 -0.134482 -0.015642
-0.183732 0.169995 0.093974
-0.294625 -0.354096 0.028022
0.000000 0.000000 0.000000
-0.208202 -0.207740 -0.170638
0.000000 0.000000 0.000000
-0.269562 -0.475357 -0.159939
0.000000 0.000000 0.000000
0.072067 -0.472533 -0.362465
