0.000000 0.000000 0.000000
0.000000 0.000000 0.000000
0.000000 0.000000 0.000000
0.000000 0.000000 0.000000
-0.323992 -0.111711 -0.789757
-0.247963 -0.178362 -0.610846
-0.171125 -0.177537 0.211966
0.000000 0.000000 0.000000
-0.279768 0.296749 0.901611
-0.175122 -0.102357 0.679250
0.000000 0.000000 0.000000
-0.320534 -0.115810 -0.323480
-0.330765 -0.083393 0.303722
0.000000 0.000000 0.000000
0.000000 0.000000 0.000000
0.000000 0.000000 0.000000
-0.282352 0.185671 0.808136
-0.196364 -0.053187 -0.530131
0.000000 0.000000 0.000000
-0.292477 -0.053187 0.006914
-0.330765 -0.090602 0.450143
0.000000 0.000000 0.000000
0.000000 0.000000 0.000000
0.000000 0.000000 0.000000
0.000000 0.000000 0.000000
0.000000 0.000000 0.000000
-0.267652 0.016015 0.697323
-0.143606 -0.177914 -0.165063
0.000000 0.000000 0.000000
0.000000 0.000000 0.000000
0.000000 0.000000 0.000000
-0.126032 -0.177323 0.424929
-0.322668 0.241682 0.808136
0.000000 0.000000 0.000000
0.000000 0.000000 0.000000
0.000000 0.000000 0.000000
0.000000 0.000000 0.000000
0.000000 0.000000 0.000000
0.000000 0.000000 0.000000
-0.225713 -0.177712 0.036519
-0.078654 -0.225038 0.629767
0.000000 0.000000 0.000000
0.000000 0.000000 0.000000
0.000000 0.000000 0.000000
-0.220525 -0.053187 -0.160756
-0.316273 -0.120226 0.219281
-0.313949 -0.122558 -0.446514
0.000000 0.000000 0.000000
-0.200742 -0.053187 0.471128
0.000000 0.000000 0.000000
0.000000 0.000000 0.000000
-0.246268 0.066892 0.846139
0.000000 0.000000 0.000000
0.000000 0.000000 0.000000
-0.163951 -0.053187 0.407122
-0.139063 -0.053187 0.099949
-0.070562 0.015970 0.796190
-0.257717 -0.219519 -0.816224
0.000000 0.000000 0.000000
0.000000 0.000000 0.000000
-0.201094 -0.178195 -0.444609
0.000000 0.000000 0.000000
-0.213156 0.234401 0.909333
0.000000 0.000000 0.000000
0.000000 0.000000 0.000000
0.000000 0.000000 0.000000
-0.330765 -0.067513 0.612725
0.000000 0.000000 0.000000
0.000000 0.000000 0.000000
-0.082997 0.045830 0.726192
0.000000 0.000000 0.000000
-0.316281 -0.053187 -0.586697
0.000000 0.000000 0.000000
0.000000 0.000000 0.000000
-0.125949 0.295331 0.808136
0.000000 0.000000 0.000000
-0.307625 -0.128014 -0.162415
-0.255754 -0.220707 0.598714
0.000000 0.000000 0.000000
0.000000 0.000000 0.000000
0.000000 0.000000 0.000000
0.000000 0.000000 0.000000
-0.147450 -0.178062 -0.311563
-0.248016 -0.053187 -0.357100
-0.200137 0.091958 0.770859
0.000000 0.000000 0.000000
0.000000 0.000000 0.000000
-0.255332 0.026927 0.805348
0.000000 0.000000 0.000000
-0.230688 -0.053187 0.239701
0.000000 0.000000 0.000000
0.000000 0.000000 0.000000
0.000000 0.000000 0.000000
0.000000 0.000000 0.000000
-0.188797 -0.020737 0.661735
-0.296489 -0.135797 0.473046
0.000000 0.000000 0.000000
0.000000 0.000000 0.000000
0.000000 0.000000 0.000000
0.000000 0.000000 0.000000
0.000000 0.000000 0.000000
-0.165713 -0.053187 -0.041449
0.000000 0.000000 0.000000
0.000000 0.000000 0.000000
0.000000 0.000000 0.000000
0.000000 0.000000 0.000000
0.000000 0.000000 0.000000
-0.176865 -0.177810 -0.061294
-0.174583 -0.177199 0.548536
-0.239584 -0.150704 0.315596
0.000000 0.000000 0.000000
0.000000 0.000000 0.000000
-0.271533 -0.053187 -0.643562
-0.245771 -0.178029 -0.279540
0.000000 0.000000 0.000000
0.000000 0.000000 0.000000
0.000000 0.000000 0.000000
-0.273463 -0.053187 0.106481
-0.196811 -0.178315 -0.563612
0.000000 0.000000 0.000000
-0.099318 -0.177444 0.303961
0.000000 0.000000 0.000000
0.000000 0.000000 0.000000
-0.280428 -0.119591 0.650998
0.000000 0.000000 0.000000
-0.074726 -0.162494 0.629704
0.000000 0.000000 0.000000
0.000000 0.000000 0.000000
-0.158586 -0.053187 0.216652
-0.152334 0.135778 0.909333
0.000000 0.000000 0.000000
-0.284397 0.061243 0.741117
0.000000 0.000000 0.000000
0.000000 0.000000 0.000000
0.000000 0.000000 0.000000
-0.325925 -0.109340 0.106729
-0.320942 -0.115327 0.332100
0.000000 0.000000 0.000000
-0.223674 -0.151740 -0.715783
-0.226945 0.328615 0.808136
0.000000 0.000000 0.000000
0.000000 0.000000 0.000000
-0.293500 -0.137583 -0.511118
-0.223588 -0.177617 0.131564
0.000000 0.000000 0.000000
0.000000 0.000000 0.000000
0.000000 0.000000 0.000000
0.000000 0.000000 0.000000
-0.296201 -0.053187 -0.246359
0.000000 0.000000 0.000000
0.000000 0.000000 0.000000
0.000000 0.000000 0.000000
0.000000 0.000000 0.000000
-0.307630 -0.128008 -0.047558
0.000000 0.000000 0.000000
-0.330765 -0.063270 -0.355317
0.000000 0.000000 0.000000
-0.165790 -0.053187 0.547637
0.000000 0.000000 0.000000
-0.099163 0.177688 0.808136
0.000000 0.000000 0.000000
-0.109276 0.050133 0.829953
0.000000 0.000000 0.000000
-0.127151 -0.150954 0.066428
-0.293824 -0.053187 0.415955
0.000000 0.000000 0.000000
-0.309039 0.160767 0.884269
0.000000 0.000000 0.000000
0.000000 0.000000 0.000000
-0.289048 -0.053187 -0.059531
0.000000 0.000000 0.000000
0.000000 0.000000 0.000000
0.000000 0.000000 0.000000
-0.170515 -0.177983 -0.233799
-0.154843 -0.026552 0.754166
0.000000 0.000000 0.000000
-0.322117 -0.113934 -0.675794
0.000000 0.000000 0.000000
0.000000 0.000000 0.000000
0.000000 0.000000 0.000000
-0.223763 -0.053187 -0.301864
0.000000 0.000000 0.000000
0.000000 0.000000 0.000000
0.000000 0.000000 0.000000
-0.288857 -0.053187 -0.487622
0.000000 0.000000 0.000000
-0.301062 -0.037528 0.716574
-0.212590 -0.177301 0.445796
-0.277567 -0.053187 0.531413
-0.128377 -0.177230 0.517982
0.000000 0.000000 0.000000
-0.133069 0.050141 0.730367
0.000000 0.000000 0.000000
0.000000 0.000000 0.000000
-0.159201 0.346335 0.889412
-0.109764 0.213197 0.909333
-0.100877 -0.177592 0.156738
0.000000 0.000000 0.000000
0.000000 0.000000 0.000000
0.000000 0.000000 0.000000
0.000000 0.000000 0.000000
0.000000 0.000000 0.000000
-0.160969 -0.151106 -0.084219
0.000000 0.000000 0.000000
0.000000 0.000000 0.000000
0.000000 0.000000 0.000000
0.000000 0.000000 0.000000
-0.163399 -0.181277 0.629723
0.000000 0.000000 0.000000
0.000000 0.000000 0.000000
-0.127197 0.295783 0.909333
-0.193456 -0.053187 0.033905
-0.158768 -0.177402 0.346774
0.000000 0.000000 0.000000
0.000000 0.000000 0.000000
0.000000 0.000000 0.000000
-0.236974 -0.053187 0.331327
-0.206363 -0.177950 -0.200137
0.000000 0.000000 0.000000
-0.308086 0.346335 0.833077
0.000000 0.000000 0.000000
0.000000 0.000000 0.000000
0.000000 0.000000 0.000000
0.000000 0.000000 0.000000
0.000000 0.000000 0.000000
0.000000 0.000000 0.000000
-0.257717 -0.162005 0.559632
-0.257717 -0.166555 -0.370314
-0.243297 -0.177518 0.230741
0.000000 0.000000 0.000000
0.000000 0.000000 0.000000
0.000000 0.000000 0.000000
0.000000 0.000000 0.000000
0.000000 0.000000 0.000000
0.000000 0.000000 0.000000
0.000000 0.000000 0.000000
0.000000 0.000000 0.000000
0.000000 0.000000 0.000000
0.000000 0.000000 0.000000
0.000000 0.000000 0.000000
0.000000 0.000000 0.000000
0.000000 0.000000 0.000000
-0.160610 -0.177704 0.045564
-0.257717 -0.173658 -0.092531
0.000000 0.000000 0.000000
-0.178478 0.223799 0.808136
-0.200823 -0.151862 -0.647859
0.000000 0.000000 0.000000
-0.181114 -0.178261 -0.509709
0.000000 0.000000 0.000000
0.000000 0.000000 0.000000
0.000000 0.000000 0.000000
0.000000 0.000000 0.000000
-0.173035 -0.177458 0.289961
0.000000 0.000000 0.000000
0.000000 0.000000 0.000000
0.000000 0.000000 0.000000
0.000000 0.000000 0.000000
-0.316151 -0.053187 -0.140704
0.000000 0.000000 0.000000
0.000000 0.000000 0.000000
-0.330765 0.120990 0.820918
0.000000 0.000000 0.000000
0.000000 0.000000 0.000000
-0.113063 -0.177191 0.556345
-0.312292 -0.053187 0.226297
0.000000 0.000000 0.000000
-0.084806 -0.089042 0.692409
0.000000 0.000000 0.000000
0.000000 0.000000 0.000000
-0.105465 -0.053187 0.490802
0.000000 0.000000 0.000000
-0.190800 -0.053187 -0.252822
0.000000 0.000000 0.000000
-0.097388 0.091905 0.770807
0.000000 0.000000 0.000000
-0.330765 -0.099452 0.019800
-0.105411 -0.031078 0.651721
-0.204459 -0.053187 0.157485
0.000000 0.000000 0.000000
0.000000 0.000000 0.000000
0.000000 0.000000 0.000000
0.000000 0.000000 0.000000
-0.295647 0.244829 0.893758
-0.161376 -0.053187 0.303062
0.000000 0.000000 0.000000
-0.201410 0.159205 0.808136
0.000000 0.000000 0.000000
-0.239261 -0.177571 0.177779
0.000000 0.000000 0.000000
0.000000 0.000000 0.000000
-0.199290 0.300492 0.909333
-0.327177 -0.107579 0.546368
0.000000 0.000000 0.000000
-0.255367 -0.177761 -0.012142
-0.158705 -0.151873 0.127115
-0.303231 -0.131299 -0.242596
0.000000 0.000000 0.000000
-0.270940 -0.147219 -0.449712
0.000000 0.000000 0.000000
-0.325222 -0.110254 -0.607014
0.000000 0.000000 0.000000
0.000000 0.000000 0.000000
-0.250296 -0.053187 0.609259
0.000000 0.000000 0.000000
0.000000 0.000000 0.000000
-0.254484 -0.177361 0.387009
-0.153134 -0.151875 0.481400
-0.330765 0.066832 0.747480
-0.280153 -0.012077 0.670120
0.000000 0.000000 0.000000
0.000000 0.000000 0.000000
0.000000 0.000000 0.000000
-0.263820 -0.053187 0.065452
0.000000 0.000000 0.000000
0.000000 0.000000 0.000000
-0.274210 0.120083 0.891163
0.000000 0.000000 0.000000
0.000000 0.000000 0.000000
0.000000 0.000000 0.000000
0.000000 0.000000 0.000000
-0.231517 0.346335 0.878580
0.000000 0.000000 0.000000
0.000000 0.000000 0.000000
0.000000 0.000000 0.000000
-0.232081 -0.151812 -0.787176
-0.202161 -0.151872 0.203247
0.000000 0.000000 0.000000
-0.220521 0.169328 0.909333
-0.245928 -0.053187 -0.571362
0.000000 0.000000 0.000000
-0.193951 -0.177352 0.395529
0.000000 0.000000 0.000000
0.000000 0.000000 0.000000
0.000000 0.000000 0.000000
0.000000 0.000000 0.000000
0.000000 0.000000 0.000000
0.000000 0.000000 0.000000
0.000000 0.000000 0.000000
0.000000 0.000000 0.000000
-0.253253 -0.150932 0.088463
-0.330765 -0.072437 -0.534427
0.000000 0.000000 0.000000
0.000000 0.000000 0.000000
0.000000 0.000000 0.000000
-0.329160 -0.053187 -0.178334
-0.249969 -0.177892 -0.142428
0.000000 0.000000 0.000000
-0.263614 -0.053187 -0.320023
0.000000 0.000000 0.000000
-0.210956 -0.179780 0.629721
0.000000 0.000000 0.000000
-0.240674 0.058781 0.738733
-0.201334 -0.053187 -0.430898
0.000000 0.000000 0.000000
0.000000 0.000000 0.000000
-0.260849 0.118609 0.796665
0.000000 0.000000 0.000000
0.000000 0.000000 0.000000
-0.277638 -0.053187 0.180128
0.000000 0.000000 0.000000
0.000000 0.000000 0.000000
-0.276343 -0.145493 0.280819
0.000000 0.000000 0.000000
-0.215152 -0.014474 0.766103
0.000000 0.000000 0.000000
0.000000 0.000000 0.000000
0.000000 0.000000 0.000000
0.000000 0.000000 0.000000
0.000000 0.000000 0.000000
-0.228550 -0.178241 -0.490802
0.000000 0.000000 0.000000
0.000000 0.000000 0.000000
-0.240858 -0.151831 0.496893
0.000000 0.000000 0.000000
-0.249633 -0.053187 0.402714
-0.256056 -0.150596 -0.564481
0.000000 0.000000 0.000000
0.000000 0.000000 0.000000
0.000000 0.000000 0.000000
-0.199850 -0.151867 -0.279270
0.000000 0.000000 0.000000
0.000000 0.000000 0.000000
0.000000 0.000000 0.000000
-0.106074 -0.151875 0.370709
-0.246277 -0.084220 0.696799
-0.132404 -0.053187 0.163174
0.000000 0.000000 0.000000
-0.185024 0.089329 0.868688
-0.170055 -0.151867 -0.357474
0.000000 0.000000 0.000000
-0.330765 0.295877 0.848739
0.000000 0.000000 0.000000
0.000000 0.000000 0.000000
0.000000 0.000000 0.000000
-0.109690 -0.053187 0.274094
-0.286136 -0.141400 0.155620
0.000000 0.000000 0.000000
0.000000 0.000000 0.000000
0.000000 0.000000 0.000000
-0.119570 -0.231972 0.600495
-0.115350 0.097172 0.876439
-0.200321 -0.177870 -0.120447
0.000000 0.000000 0.000000
-0.193953 0.035642 0.815631
-0.283882 -0.142505 -0.742103
-0.292823 -0.053187 -0.407680
-0.164711 -0.053187 -0.191886
0.000000 0.000000 0.000000
0.000000 0.000000 0.000000
0.000000 0.000000 0.000000
0.000000 0.000000 0.000000
-0.233864 0.254158 0.808136
0.000000 0.000000 0.000000
0.000000 0.000000 0.000000
-0.220515 -0.053187 -0.060485
0.000000 0.000000 0.000000
0.000000 0.000000 0.000000
-0.290464 -0.139279 -0.388962
0.000000 0.000000 0.000000
0.000000 0.000000 0.000000
-0.251780 -0.151225 -0.203390
0.000000 0.000000 0.000000
-0.120371 -0.177733 0.015745
-0.330765 -0.064092 -0.444563
0.000000 0.000000 0.000000
-0.330765 -0.056263 0.359453
-0.087615 -0.151875 0.540226
0.000000 0.000000 0.000000
0.000000 0.000000 0.000000
0.000000 0.000000 0.000000
-0.202248 -0.151043 -0.022032
0.000000 0.000000 0.000000
0.000000 0.000000 0.000000
0.000000 0.000000 0.000000
-0.178590 -0.053187 -0.127563
-0.162136 0.094900 0.773707
-0.271255 -0.147125 -0.295712
-0.120079 -0.150806 0.214168
-0.289535 0.308592 0.808136
0.000000 0.000000 0.000000
0.000000 0.000000 0.000000
-0.330765 -0.099124 -0.092023
0.000000 0.000000 0.000000
-0.250597 -0.053187 -0.217364
-0.281521 -0.143467 0.003966
0.000000 0.000000 0.000000
0.000000 0.000000 0.000000
-0.127384 -0.053187 0.588203
0.000000 0.000000 0.000000
0.000000 0.000000 0.000000
0.000000 0.000000 0.000000
0.000000 0.000000 0.000000
-0.144846 0.151287 0.808136
0.000000 0.000000 0.000000
-0.130720 -0.150413 0.605423
-0.330765 -0.079761 0.152673
-0.288265 -0.140357 0.408367
0.000000 0.000000 0.000000
0.000000 0.000000 0.000000
-0.330765 -0.090053 0.262783
0.000000 0.000000 0.000000
-0.267919 -0.053187 0.473702
-0.217238 0.117205 0.896238
0.000000 0.000000 0.000000
0.000000 0.000000 0.000000
0.000000 0.000000 0.000000
0.000000 0.000000 0.000000
0.000000 0.000000 0.000000
0.000000 0.000000 0.000000
0.000000 0.000000 0.000000
0.000000 0.000000 0.000000
0.000000 0.000000 0.000000
0.000000 0.000000 0.000000
0.000000 0.000000 0.000000
-0.135116 0.016170 0.796388
0.000000 0.000000 0.000000
0.000000 0.000000 0.000000
0.000000 0.000000 0.000000
0.000000 0.000000 0.000000
-0.330765 -0.082410 -0.261087
-0.112059 -0.053187 0.386000
-0.149660 -0.151046 -0.025565
0.000000 0.000000 0.000000
-0.213601 -0.151364 -0.341386
0.000000 0.000000 0.000000
0.000000 0.000000 0.000000
0.000000 0.000000 0.000000
0.000000 0.000000 0.000000
0.000000 0.000000 0.000000
0.000000 0.000000 0.000000
-0.129167 -0.151875 0.264758
0.000000 0.000000 0.000000
-0.281316 -0.143548 -0.638595
-0.215576 -0.053187 0.558912
-0.192245 0.045590 0.725960
-0.177983 -0.053187 0.607364
-0.330765 -0.059486 0.056359
-0.190182 -0.060349 0.720765
0.000000 0.000000 0.000000
0.000000 0.000000 0.000000
-0.156235 -0.053187 0.351563
0.000000 0.000000 0.000000
-0.130920 0.012765 0.694175
-0.220165 -0.151864 -0.408139
-0.330765 -0.037933 0.664627
0.000000 0.000000 0.000000
-0.214654 -0.151867 -0.226706
0.000000 0.000000 0.000000
0.000000 0.000000 0.000000
-0.215335 -0.177253 0.494172
0.000000 0.000000 0.000000
-0.330765 0.181073 0.842124
0.000000 0.000000 0.000000
-0.289016 -0.139990 -0.127546
-0.254520 -0.150586 0.433065
-0.330765 -0.085713 -0.401457
-0.218767 -0.128930 0.652988
-0.194135 -0.053187 -0.343392
-0.328864 0.018968 0.733536
0.000000 0.000000 0.000000
-0.199595 -0.150931 0.089115
0.000000 0.000000 0.000000
-0.077623 -0.047280 0.733681
-0.197636 -0.231968 0.604438
0.000000 0.000000 0.000000
-0.193412 -0.151616 -0.592281
0.000000 0.000000 0.000000
0.000000 0.000000 0.000000
-0.330765 -0.070681 -0.031664
-0.089778 0.248830 0.808136
0.000000 0.000000 0.000000
-0.181214 0.346335 0.834501
0.000000 0.000000 0.000000
0.000000 0.000000 0.000000
0.000000 0.000000 0.000000
0.000000 0.000000 0.000000
-0.330765 -0.098903 0.408847
0.000000 0.000000 0.000000
0.000000 0.000000 0.000000
0.000000 0.000000 0.000000
0.000000 0.000000 0.000000
0.000000 0.000000 0.000000
-0.274603 -0.007507 0.764904
-0.129031 -0.063766 0.717388
-0.056648 -0.177167 0.579775
0.000000 0.000000 0.000000
0.000000 0.000000 0.000000
0.000000 0.000000 0.000000
-0.261124 -0.053187 -0.516822
-0.276896 -0.145276 -0.695545
-0.179428 -0.151226 -0.204077
0.000000 0.000000 0.000000
0.000000 0.000000 0.000000
-0.099605 0.157345 0.909333
0.000000 0.000000 0.000000
0.000000 0.000000 0.000000
0.000000 0.000000 0.000000
0.000000 0.000000 0.000000
0.000000 0.000000 0.000000
-0.168094 -0.151875 0.428887
0.000000 0.000000 0.000000
0.000000 0.000000 0.000000
-0.302680 -0.131693 0.052698
0.000000 0.000000 0.000000
-0.305483 -0.129687 0.601599
0.000000 0.000000 0.000000
-0.239978 -0.004497 0.677460
0.000000 0.000000 0.000000
0.000000 0.000000 0.000000
0.000000 0.000000 0.000000
0.000000 0.000000 0.000000
0.000000 0.000000 0.000000
0.000000 0.000000 0.000000
0.000000 0.000000 0.000000
0.000000 0.000000 0.000000
0.000000 0.000000 0.000000
0.000000 0.000000 0.000000
0.000000 0.000000 0.000000
0.000000 0.000000 0.000000
0.000000 0.000000 0.000000
0.000000 0.000000 0.000000
0.000000 0.000000 0.000000
0.000000 0.000000 0.000000
0.000000 0.000000 0.000000
0.000000 0.000000 0.000000
-0.278580 -0.144618 0.533097
-0.233892 -0.053187 0.278657
0.000000 0.000000 0.000000
-0.330765 -0.095605 -0.214438
-0.330765 -0.070719 0.509455
-0.288603 -0.053187 0.335411
0.000000 0.000000 0.000000
-0.139980 -0.053187 0.026643
0.000000 0.000000 0.000000
0.000000 0.000000 0.000000
-0.165918 0.253743 0.909333
-0.255067 0.192414 0.908178
0.000000 0.000000 0.000000
-0.189158 -0.053187 0.112870
0.000000 0.000000 0.000000
0.000000 0.000000 0.000000
0.000000 0.000000 0.000000
0.000000 0.000000 0.000000
-0.314617 -0.053187 -0.302844
-0.063047 0.069262 0.848857
-0.234907 -0.053187 -0.008200
0.000000 0.000000 0.000000
0.000000 0.000000 0.000000
0.000000 0.000000 0.000000
0.000000 0.000000 0.000000
0.000000 0.000000 0.000000
0.000000 0.000000 0.000000
0.000000 0.000000 0.000000
0.000000 0.000000 0.000000
0.000000 0.000000 0.000000
0.000000 0.000000 0.000000
0.000000 0.000000 0.000000
-0.231830 -0.178500 -0.748122
0.000000 0.000000 0.000000
0.000000 0.000000 0.000000
-0.113696 -0.025471 0.755235
0.000000 0.000000 0.000000
0.000000 0.000000 0.000000
-0.236486 -0.173182 -0.833537
0.000000 0.000000 0.000000
-0.241324 -0.151805 -0.050726
0.000000 0.000000 0.000000
-0.227981 -0.150417 0.601586
0.000000 0.000000 0.000000
-0.215713 -0.178122 -0.371437
0.000000 0.000000 0.000000
0.000000 0.000000 0.000000
-0.303505 0.031338 0.782172
-0.150901 0.203930 0.909333
-0.250637 -0.053187 -0.118037
0.000000 0.000000 0.000000
0.000000 0.000000 0.000000
0.000000 0.000000 0.000000
-0.100906 -0.116455 0.665318
0.000000 0.000000 0.000000
0.000000 0.000000 0.000000
-0.285591 -0.045015 0.638225
-0.218908 -0.151873 0.359242
0.000000 0.000000 0.000000
-0.319898 -0.053187 -0.661109
0.000000 0.000000 0.000000
-0.315139 -0.053187 0.113655
-0.108742 -0.151875 0.117076
0.000000 0.000000 0.000000
0.000000 0.000000 0.000000
0.000000 0.000000 0.000000
-0.206032 -0.151868 -0.157875
0.000000 0.000000 0.000000
-0.201208 -0.177584 0.165160
0.000000 0.000000 0.000000
-0.196643 -0.053187 0.367468
-0.106669 0.342000 0.909333
0.000000 0.000000 0.000000
0.000000 0.000000 0.000000
0.000000 0.000000 0.000000
-0.179017 0.169557 0.909333
-0.139073 -0.151875 0.316912
0.000000 0.000000 0.000000
-0.330765 0.083803 0.792343
-0.222098 -0.188707 -0.792546
0.000000 0.000000 0.000000
-0.285501 -0.141712 -0.082222
0.000000 0.000000 0.000000
0.000000 0.000000 0.000000
-0.200509 -0.178066 -0.316505
0.000000 0.000000 0.000000
0.000000 0.000000 0.000000
0.000000 0.000000 0.000000
0.000000 0.000000 0.000000
-0.276971 -0.053187 -0.168993
0.000000 0.000000 0.000000
-0.070021 0.007927 0.689491
0.000000 0.000000 0.000000
0.000000 0.000000 0.000000
0.000000 0.000000 0.000000
-0.075798 -0.151875 0.472948
0.000000 0.000000 0.000000
-0.217470 -0.150770 0.250213
0.000000 0.000000 0.000000
0.000000 0.000000 0.000000
0.000000 0.000000 0.000000
0.000000 0.000000 0.000000
-0.135092 0.346335 0.814327
-0.330765 -0.096203 -0.482380
-0.228356 -0.151862 -0.519029
-0.181946 0.273065 0.808136
0.000000 0.000000 0.000000
-0.164158 -0.151868 -0.282741
0.000000 0.000000 0.000000
-0.136745 -0.151875 0.365558
0.000000 0.000000 0.000000
0.000000 0.000000 0.000000
0.000000 0.000000 0.000000
-0.219296 -0.150613 0.405675
0.000000 0.000000 0.000000
0.000000 0.000000 0.000000
0.000000 0.000000 0.000000
-0.230671 -0.053187 -0.478572
-0.330765 -0.056905 -0.094677
0.000000 0.000000 0.000000
-0.203988 -0.178368 -0.617575
0.000000 0.000000 0.000000
-0.153429 -0.150837 0.183404
-0.282977 -0.142898 -0.815755
0.000000 0.000000 0.000000
0.000000 0.000000 0.000000
0.000000 0.000000 0.000000
0.000000 0.000000 0.000000
0.000000 0.000000 0.000000
0.000000 0.000000 0.000000
-0.158242 -0.177298 0.450102
