-0.430679 -0.492413 -0.732631
0.419696 -0.485659 -0.733027
0.016917 0.032255 -0.476151
-0.010472 -0.145134 -0.425354
0.000000 0.000000 0.000000
-0.452471 0.001401 -0.511343
0.449261 -0.060771 -0.590831
0.000000 0.000000 0.000000
0.000000 0.000000 0.000000
-0.118790 -0.061090 -0.762195
0.000000 0.000000 0.000000
0.000000 0.000000 0.000000
0.000000 0.000000 0.000000
0.000000 0.000000 0.000000
0.000000 0.000000 0.000000
0.214239 -0.111984 -0.762195
-0.366471 -0.145134 -0.341613
0.000000 0.000000 0.000000
0.000000 0.000000 0.000000
-0.422905 -0.193083 -0.732767
0.000000 0.000000 0.000000
0.000000 0.000000 0.000000
0.000000 0.000000 0.000000
0.000000 0.000000 0.000000
0.000000 0.000000 0.000000
-0.202461 0.032255 -0.578393
0.250076 0.032255 -0.631405
0.449261 -0.253903 -0.739958
0.000000 0.000000 0.000000
-0.223637 -0.145134 -0.596077
0.000000 0.000000 0.000000
0.000000 0.000000 0.000000
0.000000 0.000000 0.000000
0.015669 -0.145134 -0.650014
0.000000 0.000000 0.000000
-0.408965 0.029991 -0.762195
0.000000 0.000000 0.000000
0.000000 0.000000 0.000000
-0.452471 -0.080076 -0.246351
0.028032 0.032255 -0.682202
0.000000 0.000000 0.000000
-0.131842 -0.145134 -0.253777
-0.286135 0.032255 -0.495454
0.428580 0.015439 -0.762195
0.000000 0.000000 0.000000
0.198607 -0.145134 -0.525177
0.000000 0.000000 0.000000
0.000000 0.000000 0.000000
0.000000 0.000000 0.000000
-0.443937 -0.145134 -0.537256
0.000000 0.000000 0.000000
0.000000 0.000000 0.000000
0.000000 0.000000 0.000000
0.000000 0.000000 0.000000
0.000000 0.000000 0.000000
0.055784 -0.100816 -0.762195
-0.301218 -0.133332 -0.762195
0.000000 0.000000 0.000000
0.391715 -0.145134 -0.458625
0.000000 0.000000 0.000000
0.356380 -0.145134 -0.694208
0.000000 0.000000 0.000000
-0.221550 -0.145134 -0.403533
-0.154925 0.032255 -0.388209
0.000000 0.000000 0.000000
0.174460 -0.145134 -0.594949
0.000000 0.000000 0.000000
0.000000 0.000000 0.000000
0.000000 0.000000 0.000000
0.000000 0.000000 0.000000
0.000000 0.000000 0.000000
0.000000 0.000000 0.000000
0.000000 0.000000 0.000000
-0.252642 0.032255 -0.730417
-0.452471 -0.031800 -0.615288
0.000000 0.000000 0.000000
0.000000 0.000000 0.000000
-0.449130 0.032255 -0.382743
0.000000 0.000000 0.000000
-0.438875 -0.344245 -0.732631
0.118937 0.032255 -0.563922
0.000000 0.000000 0.000000
0.000000 0.000000 0.000000
0.000000 0.000000 0.000000
0.220964 -0.145134 -0.376462
0.400039 0.032255 -0.702898
-0.403503 0.032255 -0.393650
0.000000 0.000000 0.000000
0.000000 0.000000 0.000000
0.000000 0.000000 0.000000
0.208249 0.032255 -0.757028
0.000000 0.000000 0.000000
-0.131809 -0.145134 -0.704395
-0.069000 0.032255 -0.523663
0.419696 -0.365654 -0.743613
-0.260723 -0.145134 -0.238353
0.000000 0.000000 0.000000
-0.124375 0.032255 -0.697223
0.000000 0.000000 0.000000
0.000000 0.000000 0.000000
0.000000 0.000000 0.000000
-0.402045 0.032255 -0.625796
-0.308128 -0.145134 -0.500304
0.000000 0.000000 0.000000
-0.099280 -0.145134 -0.556746
0.000000 0.000000 0.000000
0.449261 -0.098397 -0.756091
0.129248 0.032255 -0.461490
0.000000 0.000000 0.000000
-0.258126 -0.145134 -0.541669
0.000000 0.000000 0.000000
0.000000 0.000000 0.000000
0.000000 0.000000 0.000000
0.000000 0.000000 0.000000
0.097684 -0.145134 -0.521046
0.000000 0.000000 0.000000
-0.411866 0.032255 -0.222285
0.158016 -0.145134 -0.712608
0.000000 0.000000 0.000000
0.000000 0.000000 0.000000
0.000000 0.000000 0.000000
-0.434037 -0.145134 -0.667543
0.000000 0.000000 0.000000
0.000000 0.000000 0.000000
0.000000 0.000000 0.000000
0.336897 -0.145134 -0.574048
0.249316 0.032255 -0.508236
0.000000 0.000000 0.000000
-0.004788 0.032255 -0.534733
0.000000 0.000000 0.000000
-0.035664 0.032255 -0.371059
0.096991 -0.145134 -0.343302
-0.062943 -0.145134 -0.355672
-0.452471 -0.115720 -0.411057
0.000000 0.000000 0.000000
-0.452471 -0.069341 -0.747939
0.000000 0.000000 0.000000
0.000000 0.000000 0.000000
0.319690 -0.046521 -0.762195
0.000000 0.000000 0.000000
0.304292 -0.145134 -0.716164
0.000000 0.000000 0.000000
0.000000 0.000000 0.000000
-0.074264 0.032255 -0.613381
-0.281105 0.032255 -0.360271
0.000000 0.000000 0.000000
0.000000 0.000000 0.000000
-0.452471 -0.130127 -0.131812
0.000000 0.000000 0.000000
-0.391426 -0.145134 -0.205983
0.000000 0.000000 0.000000
0.000000 0.000000 0.000000
-0.221542 0.032255 -0.511768
0.000000 0.000000 0.000000
0.410102 0.032255 -0.585895
-0.052277 -0.145134 -0.541316
-0.300585 0.032255 -0.625175
0.003766 -0.133033 -0.762195
0.000000 0.000000 0.000000
0.000000 0.000000 0.000000
0.123399 0.032255 -0.699152
0.000000 0.000000 0.000000
0.000000 0.000000 0.000000
0.000000 0.000000 0.000000
0.000000 0.000000 0.000000
0.000000 0.000000 0.000000
0.129842 -0.027232 -0.762195
0.000000 0.000000 0.000000
0.000000 0.000000 0.000000
0.000000 0.000000 0.000000
0.000000 0.000000 0.000000
0.000000 0.000000 0.000000
-0.009005 -0.001880 -0.762195
-0.355957 -0.145134 -0.636244
-0.243157 -0.036694 -0.762195
0.253303 -0.145134 -0.657538
0.000000 0.000000 0.000000
-0.452471 -0.101826 -0.493685
0.000000 0.000000 0.000000
0.286707 -0.145134 -0.492360
-0.267139 -0.145134 -0.680765
0.000000 0.000000 0.000000
0.000000 0.000000 0.000000
-0.452471 -0.267484 -0.737874
0.000000 0.000000 0.000000
0.000000 0.000000 0.000000
-0.147414 -0.145134 -0.467792
0.093306 -0.145134 -0.641243
0.000000 0.000000 0.000000
0.437780 -0.145134 -0.565379
0.000000 0.000000 0.000000
-0.357072 -0.057544 -0.762195
0.147911 -0.145134 -0.426993
0.000000 0.000000 0.000000
0.000000 0.000000 0.000000
-0.212463 -0.126291 -0.762195
0.000000 0.000000 0.000000
0.000000 0.000000 0.000000
-0.244381 0.032255 -0.622101
0.000000 0.000000 0.000000
0.000000 0.000000 0.000000
0.000000 0.000000 0.000000
-0.452471 -0.084467 -0.638845
0.000000 0.000000 0.000000
0.000000 0.000000 0.000000
-0.278286 -0.145134 -0.443252
0.000000 0.000000 0.000000
0.000000 0.000000 0.000000
0.000000 0.000000 0.000000
0.000000 0.000000 0.000000
0.000000 0.000000 0.000000
-0.422905 -0.420680 -0.761045
0.449261 -0.105874 -0.658625
0.000000 0.000000 0.000000
-0.409145 0.032255 -0.695483
0.000000 0.000000 0.000000
-0.452471 -0.063650 -0.358810
0.000000 0.000000 0.000000
0.000000 0.000000 0.000000
0.000000 0.000000 0.000000
-0.199968 0.032255 -0.307644
0.000000 0.000000 0.000000
0.304007 0.032255 -0.731914
0.000000 0.000000 0.000000
-0.280995 -0.145134 -0.157644
0.000000 0.000000 0.000000
-0.177852 -0.145134 -0.252980
-0.403349 -0.145134 -0.761397
0.000000 0.000000 0.000000
0.000000 0.000000 0.000000
0.000000 0.000000 0.000000
0.000000 0.000000 0.000000
-0.452471 -0.017402 -0.711796
0.000000 0.000000 0.000000
0.276932 -0.052098 -0.762195
-0.283525 -0.145134 -0.341723
-0.382663 -0.145134 -0.427440
0.422067 -0.175415 -0.762195
0.000000 0.000000 0.000000
0.000000 0.000000 0.000000
0.000000 0.000000 0.000000
0.000000 0.000000 0.000000
0.000000 0.000000 0.000000
0.009646 -0.145134 -0.321339
0.323105 0.032255 -0.568782
-0.387350 0.032255 -0.300380
-0.325504 0.032255 -0.720655
-0.241818 0.032255 -0.409576
0.000000 0.000000 0.000000
0.000000 0.000000 0.000000
0.000000 0.000000 0.000000
0.000000 0.000000 0.000000
0.000000 0.000000 0.000000
0.173836 0.032255 -0.592932
-0.143124 -0.145134 -0.426080
0.000000 0.000000 0.000000
0.000000 0.000000 0.000000
0.000000 0.000000 0.000000
0.000000 0.000000 0.000000
-0.036548 0.032255 -0.464754
0.000000 0.000000 0.000000
0.000000 0.000000 0.000000
0.000000 0.000000 0.000000
-0.040774 -0.145134 -0.267774
-0.362110 -0.145134 -0.683973
0.000000 0.000000 0.000000
0.000000 0.000000 0.000000
0.000000 0.000000 0.000000
0.000000 0.000000 0.000000
-0.448787 -0.145134 -0.337557
0.000000 0.000000 0.000000
0.000000 0.000000 0.000000
-0.360365 0.032255 -0.539258
0.000000 0.000000 0.000000
0.000000 0.000000 0.000000
-0.170415 0.032255 -0.761895
-0.307845 0.032255 -0.569522
0.000000 0.000000 0.000000
0.000000 0.000000 0.000000
-0.393282 0.032255 -0.480683
0.000000 0.000000 0.000000
0.000000 0.000000 0.000000
0.000000 0.000000 0.000000
0.366069 -0.111706 -0.762195
0.000000 0.000000 0.000000
0.000000 0.000000 0.000000
0.449261 -0.026934 -0.712301
0.000000 0.000000 0.000000
0.000000 0.000000 0.000000
0.300787 -0.145134 -0.410180
0.000000 0.000000 0.000000
-0.452471 0.003583 -0.275836
0.000000 0.000000 0.000000
0.000000 0.000000 0.000000
0.000000 0.000000 0.000000
-0.161248 -0.145134 -0.619139
0.000000 0.000000 0.000000
0.000000 0.000000 0.000000
-0.060243 -0.049705 -0.762195
0.061345 -0.145134 -0.718631
0.018020 -0.145134 -0.529055
0.000000 0.000000 0.000000
0.058671 0.032255 -0.495325
-0.329142 0.032255 -0.420523
0.000000 0.000000 0.000000
0.000000 0.000000 0.000000
0.195673 -0.145134 -0.658051
0.078348 -0.145134 -0.466714
0.449261 -0.136667 -0.690108
0.000000 0.000000 0.000000
0.000000 0.000000 0.000000
0.000000 0.000000 0.000000
0.000000 0.000000 0.000000
0.000000 0.000000 0.000000
-0.070320 -0.145134 -0.630452
0.000000 0.000000 0.000000
-0.134988 -0.145134 -0.340407
0.449261 -0.032081 -0.667234
-0.452471 0.028866 -0.587292
-0.229276 -0.145134 -0.271100
0.000000 0.000000 0.000000
0.222931 0.032255 -0.681534
-0.169392 0.032255 -0.650452
0.103856 -0.145134 -0.580535
0.000000 0.000000 0.000000
0.007107 0.032255 -0.612722
0.000000 0.000000 0.000000
-0.027973 -0.103370 -0.762195
0.000000 0.000000 0.000000
0.000000 0.000000 0.000000
0.000000 0.000000 0.000000
0.000000 0.000000 0.000000
0.000000 0.000000 0.000000
0.000000 0.000000 0.000000
-0.065000 0.032255 -0.741814
0.000000 0.000000 0.000000
0.433027 -0.307566 -0.762195
0.000000 0.000000 0.000000
0.063317 0.009559 -0.762195
-0.406882 -0.145134 -0.277276
0.000000 0.000000 0.000000
0.357756 0.031098 -0.762195
-0.131632 0.032255 -0.561015
-0.305583 -0.066791 -0.762195
0.389898 -0.145134 -0.626631
0.000000 0.000000 0.000000
0.000000 0.000000 0.000000
-0.138480 0.032255 -0.460702
-0.216963 -0.145134 -0.481518
-0.311413 0.010399 -0.762195
0.000000 0.000000 0.000000
0.000000 0.000000 0.000000
0.000000 0.000000 0.000000
0.421270 -0.438919 -0.732631
-0.269965 0.032255 -0.292061
0.000000 0.000000 0.000000
0.000000 0.000000 0.000000
-0.328143 -0.145134 -0.266355
0.000000 0.000000 0.000000
0.000000 0.000000 0.000000
0.000000 0.000000 0.000000
0.000000 0.000000 0.000000
0.000000 0.000000 0.000000
0.000000 0.000000 0.000000
-0.452471 -0.037968 -0.449647
0.000000 0.000000 0.000000
0.000000 0.000000 0.000000
0.000000 0.000000 0.000000
0.000000 0.000000 0.000000
0.000000 0.000000 0.000000
-0.080366 -0.145134 -0.750087
0.400984 -0.029576 -0.762195
0.000000 0.000000 0.000000
0.000000 0.000000 0.000000
-0.183739 -0.145134 -0.669032
0.000000 0.000000 0.000000
0.000000 0.000000 0.000000
0.000000 0.000000 0.000000
0.000000 0.000000 0.000000
-0.161736 -0.145134 -0.522475
0.000000 0.000000 0.000000
0.000000 0.000000 0.000000
0.000000 0.000000 0.000000
0.000000 0.000000 0.000000
0.000000 0.000000 0.000000
0.000000 0.000000 0.000000
0.000000 0.000000 0.000000
0.270597 -0.145134 -0.589674
-0.079744 -0.145134 -0.456325
-0.452471 -0.011053 -0.231651
0.000000 0.000000 0.000000
0.320335 0.032255 -0.632168
0.217893 -0.145134 -0.445698
0.000000 0.000000 0.000000
0.000000 0.000000 0.000000
0.449261 0.009592 -0.624755
0.104289 -0.145134 -0.761126
0.000000 0.000000 0.000000
-0.361938 -0.145134 -0.570591
-0.093801 0.032255 -0.407909
0.000000 0.000000 0.000000
0.000000 0.000000 0.000000
0.000000 0.000000 0.000000
0.000000 0.000000 0.000000
0.000000 0.000000 0.000000
0.000000 0.000000 0.000000
0.000000 0.000000 0.000000
-0.058661 0.032255 -0.678885
0.000000 0.000000 0.000000
-0.391898 -0.145134 -0.146615
-0.391675 -0.145134 -0.494239
-0.452471 -0.049823 -0.533979
0.000000 0.000000 0.000000
0.230559 -0.145134 -0.729267
0.000000 0.000000 0.000000
0.182982 0.032255 -0.523427
-0.329658 0.032255 -0.339580
0.419696 -0.231285 -0.744287
-0.452471 -0.131184 -0.196390
0.000000 0.000000 0.000000
0.000000 0.000000 0.000000
-0.201818 0.032255 -0.428037
0.000000 0.000000 0.000000
0.132895 0.032255 -0.630871
0.000000 0.000000 0.000000
0.000000 0.000000 0.000000
0.000000 0.000000 0.000000
-0.194227 0.032255 -0.709406
0.000000 0.000000 0.000000
0.000000 0.000000 0.000000
0.000000 0.000000 0.000000
0.000000 0.000000 0.000000
0.000000 0.000000 0.000000
0.000000 0.000000 0.000000
0.158364 0.032255 -0.734065
0.156272 -0.093937 -0.762195
0.387808 -0.145134 -0.528263
-0.130965 0.032255 -0.503799
0.000000 0.000000 0.000000
0.000000 0.000000 0.000000
0.000000 0.000000 0.000000
0.000000 0.000000 0.000000
0.000000 0.000000 0.000000
0.000000 0.000000 0.000000
-0.070132 -0.145134 -0.676260
0.000000 0.000000 0.000000
0.000000 0.000000 0.000000
0.000000 0.000000 0.000000
0.000000 0.000000 0.000000
0.194498 -0.021624 -0.762195
0.000000 0.000000 0.000000
-0.452471 -0.136380 -0.726877
-0.304967 -0.145134 -0.596534
0.170122 -0.145134 -0.487430
0.000000 0.000000 0.000000
0.332667 -0.145134 -0.483498
0.000000 0.000000 0.000000
0.045799 -0.145134 -0.376467
-0.206696 -0.055122 -0.762195
0.000000 0.000000 0.000000
0.000000 0.000000 0.000000
-0.419391 -0.145134 -0.604895
0.000000 0.000000 0.000000
0.349621 0.032255 -0.664144
0.000000 0.000000 0.000000
0.299628 -0.102929 -0.762195
0.000000 0.000000 0.000000
0.000000 0.000000 0.000000
-0.416505 -0.145134 -0.370195
0.000000 0.000000 0.000000
-0.260811 0.032255 -0.678646
0.000000 0.000000 0.000000
0.000000 0.000000 0.000000
0.449261 0.021783 -0.673771
0.279662 0.032255 -0.577214
0.000000 0.000000 0.000000
-0.449203 -0.009921 -0.762195
0.000000 0.000000 0.000000
0.000000 0.000000 0.000000
-0.152655 -0.142930 -0.762195
-0.426919 -0.288923 -0.762195
0.000000 0.000000 0.000000
-0.139312 0.032255 -0.333224
-0.452471 0.016230 -0.643065
0.000000 0.000000 0.000000
0.000000 0.000000 0.000000
-0.181740 -0.145134 -0.363222
0.000000 0.000000 0.000000
0.000000 0.000000 0.000000
-0.417900 0.032255 -0.539020
0.000000 0.000000 0.000000
0.000000 0.000000 0.000000
0.000000 0.000000 0.000000
0.000000 0.000000 0.000000
0.000000 0.000000 0.000000
0.000000 0.000000 0.000000
0.000000 0.000000 0.000000
0.000000 0.000000 0.000000
-0.452471 -0.069856 -0.186512
-0.252801 0.032255 -0.464433
0.000000 0.000000 0.000000
0.000000 0.000000 0.000000
0.000000 0.000000 0.000000
0.000000 0.000000 0.000000
0.000000 0.000000 0.000000
0.000000 0.000000 0.000000
0.449261 -0.396284 -0.752729
0.000000 0.000000 0.000000
0.449261 -0.100484 -0.545109
0.000000 0.000000 0.000000
0.152108 -0.145134 -0.367424
-0.452471 0.030751 -0.326082
0.000000 0.000000 0.000000
0.397542 -0.145134 -0.736635
0.000000 0.000000 0.000000
-0.154054 -0.016536 -0.762195
0.000000 0.000000 0.000000
0.000000 0.000000 0.000000
-0.452471 -0.102292 -0.566801
-0.007310 0.032255 -0.422183
0.000000 0.000000 0.000000
0.000000 0.000000 0.000000
0.000000 0.000000 0.000000
0.000000 0.000000 0.000000
0.300547 -0.145134 -0.634862
-0.003275 -0.052099 -0.762195
0.104874 -0.145134 -0.690947
0.000000 0.000000 0.000000
0.000000 0.000000 0.000000
-0.332820 -0.145134 -0.162820
0.000000 0.000000 0.000000
-0.023153 -0.145134 -0.607583
0.000000 0.000000 0.000000
0.000000 0.000000 0.000000
0.000000 0.000000 0.000000
0.000000 0.000000 0.000000
0.000000 0.000000 0.000000
0.000000 0.000000 0.000000
0.000000 0.000000 0.000000
-0.452471 -0.088281 -0.705371
-0.431887 -0.145134 -0.458990
0.000000 0.000000 0.000000
0.000000 0.000000 0.000000
0.043481 0.032255 -0.575866
0.000000 0.000000 0.000000
-0.446040 0.032255 -0.197138
0.269289 0.032255 -0.684569
0.072559 0.032255 -0.440506
0.075230 -0.042968 -0.762195
0.077325 0.032255 -0.655030
0.000000 0.000000 0.000000
-0.105073 -0.145134 -0.386511
-0.326229 0.032255 -0.295973
0.000000 0.000000 0.000000
-0.366651 -0.009153 -0.762195
-0.427549 -0.145134 -0.097367
0.000000 0.000000 0.000000
-0.452471 -0.229216 -0.735300
0.000000 0.000000 0.000000
0.000000 0.000000 0.000000
-0.217762 0.016619 -0.762195
0.252212 -0.145134 -0.540364
0.449261 0.024079 -0.723147
0.000000 0.000000 0.000000
0.000000 0.000000 0.000000
0.000000 0.000000 0.000000
0.000000 0.000000 0.000000
0.000000 0.000000 0.000000
0.000000 0.000000 0.000000
0.000000 0.000000 0.000000
0.147529 -0.145134 -0.546797
0.000000 0.000000 0.000000
0.000000 0.000000 0.000000
-0.188514 -0.145134 -0.306861
0.001657 -0.145134 -0.715792
0.000000 0.000000 0.000000
0.000000 0.000000 0.000000
0.000000 0.000000 0.000000
-0.247160 0.032255 -0.574434
0.000000 0.000000 0.000000
0.000000 0.000000 0.000000
0.427347 -0.145134 -0.637861
0.000000 0.000000 0.000000
0.000000 0.000000 0.000000
0.000000 0.000000 0.000000
0.000000 0.000000 0.000000
0.000000 0.000000 0.000000
0.000000 0.000000 0.000000
0.000000 0.000000 0.000000
-0.452471 0.002037 -0.426930
0.000000 0.000000 0.000000
0.000000 0.000000 0.000000
-0.085037 0.032255 -0.356288
0.030249 -0.145134 -0.460250
0.027545 -0.145134 -0.581910
0.266388 -0.143969 -0.762195
-0.117617 0.032255 -0.752253
-0.452471 -0.028600 -0.323031
0.000000 0.000000 0.000000
0.000000 0.000000 0.000000
-0.452471 -0.066807 -0.405324
-0.341013 0.032255 -0.677153
-0.248681 -0.087780 -0.762195
-0.335376 0.032255 -0.486169
-0.388992 0.032255 -0.342558
0.000000 0.000000 0.000000
0.224473 -0.059157 -0.762195
0.000000 0.000000 0.000000
-0.355316 -0.145134 -0.734106
0.333969 -0.145134 -0.759235
-0.356438 0.032255 -0.758011
0.000000 0.000000 0.000000
0.000000 0.000000 0.000000
0.000000 0.000000 0.000000
0.000000 0.000000 0.000000
0.000000 0.000000 0.000000
-0.452471 -0.113910 -0.368030
0.028445 0.032255 -0.734185
0.000000 0.000000 0.000000
-0.031875 0.032255 -0.635318
-0.452145 -0.145134 -0.252381
-0.269600 -0.145134 -0.391949
-0.169157 -0.091002 -0.762195
-0.351900 0.032255 -0.596900
-0.273624 -0.145134 -0.635550
-0.447780 -0.376078 -0.762195
0.295638 -0.004118 -0.762195
0.124684 0.020129 -0.762195
0.000000 0.000000 0.000000
-0.260352 -0.145134 -0.730697
-0.289924 -0.145134 -0.300226
-0.287550 -0.145134 -0.200197
0.000000 0.000000 0.000000
0.000000 0.000000 0.000000
-0.452471 -0.445883 -0.735388
0.000000 0.000000 0.000000
0.000000 0.000000 0.000000
0.000000 0.000000 0.000000
0.000000 0.000000 0.000000
0.000000 0.000000 0.000000
-0.011618 -0.145134 -0.367421
0.000000 0.000000 0.000000
0.235817 -0.009249 -0.762195
0.000000 0.000000 0.000000
0.000000 0.000000 0.000000
-0.449253 -0.107594 -0.762195
-0.033829 -0.145134 -0.476457
0.000000 0.000000 0.000000
-0.405972 -0.044240 -0.762195
0.000000 0.000000 0.000000
0.000000 0.000000 0.000000
-0.083885 0.032255 -0.570811
-0.199547 -0.145134 -0.552726
0.000000 0.000000 0.000000
0.000000 0.000000 0.000000
-0.422905 -0.235403 -0.750541
0.449261 -0.108764 -0.605547
-0.101067 -0.145134 -0.604998
0.000000 0.000000 0.000000
0.372881 0.032255 -0.613599
0.000000 0.000000 0.000000
0.000000 0.000000 0.000000
0.000000 0.000000 0.000000
0.000000 0.000000 0.000000
0.000000 0.000000 0.000000
0.000000 0.000000 0.000000
-0.375223 -0.104367 -0.762195
0.170601 0.032255 -0.663061
0.000000 0.000000 0.000000
-0.240624 0.032255 -0.339783
0.000000 0.000000 0.000000
-0.105634 -0.145134 -0.294817
0.000000 0.000000 0.000000
0.000000 0.000000 0.000000
0.000000 0.000000 0.000000
-0.327064 -0.145134 -0.449717
-0.120029 0.032255 -0.628946
0.127553 -0.145134 -0.467130
-0.310652 -0.145134 -0.667965
0.000000 0.000000 0.000000
0.000000 0.000000 0.000000
0.000000 0.000000 0.000000
0.345548 -0.145134 -0.628703
0.000000 0.000000 0.000000
0.000000 0.000000 0.000000
0.000000 0.000000 0.000000
0.000000 0.000000 0.000000
0.000000 0.000000 0.000000
0.000000 0.000000 0.000000
0.000000 0.000000 0.000000
0.000000 0.000000 0.000000
0.221000 -0.145134 -0.598008
0.000000 0.000000 0.000000
0.000000 0.000000 0.000000
-0.236031 -0.145134 -0.345155
0.000000 0.000000 0.000000
0.103746 -0.145134 -0.425721
-0.167639 0.032255 -0.526377
0.000000 0.000000 0.000000
0.000000 0.000000 0.000000
0.000000 0.000000 0.000000
0.000000 0.000000 0.000000
-0.216560 -0.145134 -0.219945
0.000000 0.000000 0.000000
0.000000 0.000000 0.000000
-0.217725 -0.145134 -0.641250
0.449261 -0.080351 -0.712460
0.000000 0.000000 0.000000
-0.451749 0.032255 -0.716705
0.000000 0.000000 0.000000
0.000000 0.000000 0.000000
0.000000 0.000000 0.000000
-0.409122 -0.145134 -0.712578
0.000000 0.000000 0.000000
-0.094628 0.032255 -0.460786
0.000000 0.000000 0.000000
0.000000 0.000000 0.000000
