0.000000 0.000000 0.000000
-0.343334 -0.126734 -0.339427
0.000000 0.000000 0.000000
0.000000 0.000000 0.000000
0.000000 0.000000 0.000000
0.000000 0.000000 0.000000
0.000000 0.000000 0.000000
0.000000 0.000000 0.000000
0.000000 0.000000 0.000000
-0.818051 -0.432577 -0.025808
0.000000 0.000000 0.000000
-0.197376 -0.268789 -0.301314
0.000000 0.000000 0.000000
-0.571494 -0.401820 -0.205818
0.000000 0.000000 0.000000
0.000000 0.000000 0.000000
0.000000 0.000000 0.000000
0.000000 0.000000 0.000000
0.000000 0.000000 0.000000
0.000000 0.000000 0.000000
0.000000 0.000000 0.000000
0.000000 0.000000 0.000000
0.000000 0.000000 0.000000
0.000000 0.000000 0.000000
0.109036 -0.155383 -0.306872
0.000000 0.000000 0.000000
0.000000 0.000000 0.000000
0.000000 0.000000 0.000000
0.000000 0.000000 0.000000
-0.593393 -0.181239 -0.291457
-0.085953 -0.436881 -0.217285
0.000000 0.000000 0.000000
0.000000 0.000000 0.000000
-0.316546 0.067756 -0.217466
0.000000 0.000000 0.000000
0.170374 -0.255047 -0.305431
0.000000 0.000000 0.000000
0.000000 0.000000 0.000000
-0.319273 -0.436881 -0.213289
-0.818051 -0.381962 -0.111838
0.000000 0.000000 0.000000
0.000000 0.000000 0.000000
0.000000 0.000000 0.000000
0.000000 0.000000 0.000000
0.000000 0.000000 0.000000
0.000000 0.000000 0.000000
0.000000 0.000000 0.000000
-0.180921 -0.142767 -0.270904
0.000000 0.000000 0.000000
0.000000 0.000000 0.000000
0.000000 0.000000 0.000000
0.000000 0.000000 0.000000
0.000000 0.000000 0.000000
0.000000 0.000000 0.000000
0.000000 0.000000 0.000000
-0.772650 -0.150920 -0.315018
0.000000 0.000000 0.000000
-0.486537 -0.058607 -0.222945
0.000000 0.000000 0.000000
0.000000 0.000000 0.000000
0.000000 0.000000 0.000000
0.000000 0.000000 0.000000
0.000000 0.000000 0.000000
-0.421211 -0.246016 -0.222945
0.000000 0.000000 0.000000
0.000000 0.000000 0.000000
0.000000 0.000000 0.000000
-0.800923 -0.406866 0.112199
0.000000 0.000000 0.000000
0.000000 0.000000 0.000000
-0.064014 -0.085757 -0.295590
-0.687923 -0.283268 -0.205818
0.000000 0.000000 0.000000
-0.458101 -0.409493 -0.222945
0.000000 0.000000 0.000000
-0.193391 -0.127632 -0.339071
0.000000 0.000000 0.000000
0.000000 0.000000 0.000000
-0.658886 -0.109801 -0.202391
0.000000 0.000000 0.000000
0.000000 0.000000 0.000000
0.000000 0.000000 0.000000
0.000000 0.000000 0.000000
0.000000 0.000000 0.000000
0.000000 0.000000 0.000000
0.000000 0.000000 0.000000
0.000000 0.000000 0.000000
0.000000 0.000000 0.000000
0.000000 0.000000 0.000000
0.000000 0.000000 0.000000
0.000000 0.000000 0.000000
-0.291240 -0.203765 -0.202391
-0.789684 -0.436881 -0.222025
0.000000 0.000000 0.000000
0.000000 0.000000 0.000000
-0.665722 -0.118182 -0.341819
0.000000 0.000000 0.000000
0.000000 0.000000 0.000000
-0.117648 -0.248525 -0.205818
0.000000 0.000000 0.000000
0.000000 0.000000 0.000000
-0.220488 -0.043268 -0.222945
-0.487847 -0.080276 -0.294415
0.000000 0.000000 0.000000
0.000000 0.000000 0.000000
0.062733 -0.412865 -0.205818
0.000000 0.000000 0.000000
0.000000 0.000000 0.000000
0.000000 0.000000 0.000000
0.000000 0.000000 0.000000
0.000000 0.000000 0.000000
-0.552685 -0.274028 -0.202391
0.116776 -0.312201 -0.205818
-0.216778 -0.319491 -0.200678
0.000000 0.000000 0.000000
0.000000 0.000000 0.000000
0.000000 0.000000 0.000000
0.000000 0.000000 0.000000
0.000000 0.000000 0.000000
0.000000 0.000000 0.000000
0.000000 0.000000 0.000000
0.000000 0.000000 0.000000
0.000000 0.000000 0.000000
0.000000 0.000000 0.000000
0.000000 0.000000 0.000000
0.000000 0.000000 0.000000
0.000000 0.000000 0.000000
0.000000 0.000000 0.000000
0.014121 -0.246105 -0.296326
0.000000 0.000000 0.000000
0.000000 0.000000 0.000000
-0.818051 -0.284234 -0.214491
0.000000 0.000000 0.000000
0.000000 0.000000 0.000000
0.000000 0.000000 0.000000
0.000000 0.000000 0.000000
-0.273831 0.082344 -0.202391
0.000000 0.000000 0.000000
-0.029200 -0.167971 -0.273371
0.000000 0.000000 0.000000
-0.818051 -0.413460 0.235347
-0.646538 -0.264181 -0.307154
0.000000 0.000000 0.000000
0.000000 0.000000 0.000000
-0.797498 -0.297329 0.005592
0.000000 0.000000 0.000000
0.000000 0.000000 0.000000
0.000000 0.000000 0.000000
0.000000 0.000000 0.000000
0.000000 0.000000 0.000000
0.000000 0.000000 0.000000
0.000000 0.000000 0.000000
-0.380971 -0.101610 -0.202391
0.000000 0.000000 0.000000
0.000000 0.000000 0.000000
-0.113060 -0.085757 -0.268865
0.000000 0.000000 0.000000
0.000000 0.000000 0.000000
0.000000 0.000000 0.000000
0.000000 0.000000 0.000000
0.000000 0.000000 0.000000
-0.335920 -0.269025 -0.284439
-0.048943 -0.312001 -0.205818
-0.507609 -0.151153 -0.205818
0.000000 0.000000 0.000000
0.000000 0.000000 0.000000
0.000000 0.000000 0.000000
0.000000 0.000000 0.000000
0.000000 0.000000 0.000000
0.000000 0.000000 0.000000
0.000000 0.000000 0.000000
0.000000 0.000000 0.000000
-0.355803 -0.317933 -0.222945
0.000000 0.000000 0.000000
0.000000 0.000000 0.000000
0.000000 0.000000 0.000000
-0.493027 -0.183382 -0.291457
0.000000 0.000000 0.000000
0.000000 0.000000 0.000000
0.000000 0.000000 0.000000
0.000000 0.000000 0.000000
0.000000 0.000000 0.000000
0.000000 0.000000 0.000000
-0.585369 -0.085924 -0.353118
0.000000 0.000000 0.000000
0.000000 0.000000 0.000000
0.000000 0.000000 0.000000
0.000000 0.000000 0.000000
0.018421 -0.085757 -0.333652
0.000000 0.000000 0.000000
0.000000 0.000000 0.000000
-0.195452 -0.436881 -0.206886
0.000000 0.000000 0.000000
0.000000 0.000000 0.000000
0.000000 0.000000 0.000000
-0.222678 -0.150912 -0.205818
-0.637098 -0.190863 -0.205818
0.000000 0.000000 0.000000
-0.419169 -0.132033 -0.205818
0.000000 0.000000 0.000000
-0.667030 -0.435645 -0.222945
-0.756699 -0.241649 -0.285298
0.000000 0.000000 0.000000
0.000000 0.000000 0.000000
0.000000 0.000000 0.000000
0.000000 0.000000 0.000000
0.000000 0.000000 0.000000
0.000000 0.000000 0.000000
0.000000 0.000000 0.000000
-0.521849 -0.241649 -0.291097
0.000000 0.000000 0.000000
0.000000 0.000000 0.000000
0.000000 0.000000 0.000000
-0.284995 -0.174937 -0.291457
0.000000 0.000000 0.000000
0.000000 0.000000 0.000000
-0.102372 -0.205519 -0.291457
0.003581 -0.290187 -0.270551
-0.245705 0.180608 -0.222945
0.000000 0.000000 0.000000
0.000000 0.000000 0.000000
0.000000 0.000000 0.000000
0.000000 0.000000 0.000000
0.000000 0.000000 0.000000
0.000000 0.000000 0.000000
0.000000 0.000000 0.000000
0.000000 0.000000 0.000000
0.000000 0.000000 0.000000
-0.748410 -0.360438 -0.222945
-0.290966 -0.085757 -0.243277
0.000000 0.000000 0.000000
0.000000 0.000000 0.000000
0.000000 0.000000 0.000000
0.000000 0.000000 0.000000
0.000000 0.000000 0.000000
0.000000 0.000000 0.000000
0.000000 0.000000 0.000000
0.000000 0.000000 0.000000
-0.069936 -0.121711 -0.202391
0.000000 0.000000 0.000000
0.000000 0.000000 0.000000
-0.392896 -0.165389 -0.270904
0.000000 0.000000 0.000000
0.000000 0.000000 0.000000
0.000000 0.000000 0.000000
-0.396849 0.004685 -0.202391
0.000000 0.000000 0.000000
-0.099930 -0.141046 -0.330105
0.000000 0.000000 0.000000
0.000000 0.000000 0.000000
0.000000 0.000000 0.000000
0.000000 0.000000 0.000000
-0.818051 -0.244028 -0.170995
-0.143012 -0.046267 -0.222945
0.000000 0.000000 0.000000
0.000000 0.000000 0.000000
0.000000 0.000000 0.000000
0.000000 0.000000 0.000000
0.000000 0.000000 0.000000
0.000000 0.000000 0.000000
0.000000 0.000000 0.000000
0.000000 0.000000 0.000000
0.000000 0.000000 0.000000
0.000000 0.000000 0.000000
0.000000 0.000000 0.000000
-0.047326 -0.216432 -0.222945
-0.317840 -0.022661 -0.200678
0.000000 0.000000 0.000000
0.000000 0.000000 0.000000
0.000000 0.000000 0.000000
0.000000 0.000000 0.000000
0.000000 0.000000 0.000000
0.000000 0.000000 0.000000
0.000000 0.000000 0.000000
0.000000 0.000000 0.000000
0.000000 0.000000 0.000000
0.000000 0.000000 0.000000
-0.136423 -0.164526 -0.222945
0.000000 0.000000 0.000000
0.000000 0.000000 0.000000
0.000000 0.000000 0.000000
0.000000 0.000000 0.000000
-0.413578 -0.111642 -0.343678
-0.456799 -0.323879 -0.202391
0.000000 0.000000 0.000000
0.000000 0.000000 0.000000
0.000000 0.000000 0.000000
0.000000 0.000000 0.000000
0.000000 0.000000 0.000000
-0.795784 -0.379526 0.056717
0.000000 0.000000 0.000000
0.005013 -0.361154 -0.242003
-0.800923 -0.279732 -0.079500
-0.179151 -0.240546 -0.222945
0.000000 0.000000 0.000000
0.000000 0.000000 0.000000
-0.668073 -0.085757 -0.266931
0.000000 0.000000 0.000000
-0.367318 -0.417249 -0.205818
0.000000 0.000000 0.000000
0.000000 0.000000 0.000000
-0.402190 0.081137 -0.222945
0.000000 0.000000 0.000000
-0.584509 -0.085757 -0.210291
0.000000 0.000000 0.000000
0.000000 0.000000 0.000000
0.178240 -0.085757 -0.344702
-0.136696 -0.365617 -0.205818
0.000000 0.000000 0.000000
-0.346414 -0.210347 -0.202391
0.000000 0.000000 0.000000
-0.701581 -0.332732 -0.240657
0.000000 0.000000 0.000000
0.000000 0.000000 0.000000
0.000000 0.000000 0.000000
0.000000 0.000000 0.000000
0.000000 0.000000 0.000000
0.000000 0.000000 0.000000
-0.196961 -0.085757 -0.245341
0.000000 0.000000 0.000000
0.000000 0.000000 0.000000
0.000000 0.000000 0.000000
0.000000 0.000000 0.000000
0.000000 0.000000 0.000000
0.000000 0.000000 0.000000
0.169259 -0.123483 -0.340577
0.000000 0.000000 0.000000
0.000000 0.000000 0.000000
0.000000 0.000000 0.000000
0.000000 0.000000 0.000000
0.000000 0.000000 0.000000
-0.259645 -0.080276 -0.333022
0.000000 0.000000 0.000000
0.000000 0.000000 0.000000
0.000000 0.000000 0.000000
-0.704931 -0.167971 -0.255001
-0.800923 -0.419925 0.174723
0.000000 0.000000 0.000000
0.000000 0.000000 0.000000
0.000000 0.000000 0.000000
0.000000 0.000000 0.000000
0.000000 0.000000 0.000000
0.000000 0.000000 0.000000
0.000000 0.000000 0.000000
-0.130981 -0.080276 -0.341841
0.000000 0.000000 0.000000
0.000000 0.000000 0.000000
0.000000 0.000000 0.000000
0.000000 0.000000 0.000000
0.000000 0.000000 0.000000
0.000000 0.000000 0.000000
0.000000 0.000000 0.000000
0.000000 0.000000 0.000000
0.091380 -0.241649 -0.270845
0.000000 0.000000 0.000000
-0.303185 -0.286657 -0.202391
0.000000 0.000000 0.000000
-0.456848 -0.008618 -0.222945
0.000000 0.000000 0.000000
-0.067809 -0.252922 -0.301916
0.124298 -0.413154 -0.205818
0.000000 0.000000 0.000000
0.000000 0.000000 0.000000
0.000000 0.000000 0.000000
0.000000 0.000000 0.000000
0.000000 0.000000 0.000000
0.000000 0.000000 0.000000
0.000000 0.000000 0.000000
-0.512178 -0.213026 -0.205818
-0.584459 -0.129584 -0.270904
0.000000 0.000000 0.000000
-0.739330 -0.087579 -0.353118
0.000000 0.000000 0.000000
-0.520123 -0.331339 -0.222945
0.049999 -0.138295 -0.270904
0.136242 -0.085757 -0.352998
0.000000 0.000000 0.000000
0.000000 0.000000 0.000000
0.000000 0.000000 0.000000
0.229747 -0.269025 -0.281220
0.000000 0.000000 0.000000
0.000000 0.000000 0.000000
0.000000 0.000000 0.000000
0.000000 0.000000 0.000000
-0.640346 -0.259264 -0.222945
0.000000 0.000000 0.000000
0.000000 0.000000 0.000000
0.000000 0.000000 0.000000
0.000000 0.000000 0.000000
0.000000 0.000000 0.000000
-0.167013 -0.306852 -0.202391
0.000000 0.000000 0.000000
0.000000 0.000000 0.000000
-0.612026 -0.306761 -0.222945
0.000000 0.000000 0.000000
-0.275707 -0.364057 -0.202391
0.000000 0.000000 0.000000
0.000000 0.000000 0.000000
0.000000 0.000000 0.000000
0.000000 0.000000 0.000000
0.000000 0.000000 0.000000
0.000000 0.000000 0.000000
-0.222840 0.033350 -0.222945
0.000000 0.000000 0.000000
0.000000 0.000000 0.000000
0.000000 0.000000 0.000000
0.000000 0.000000 0.000000
0.000000 0.000000 0.000000
0.000000 0.000000 0.000000
0.000000 0.000000 0.000000
-0.052867 -0.381725 -0.200678
-0.444353 -0.243656 -0.295583
0.000000 0.000000 0.000000
0.000000 0.000000 0.000000
0.000000 0.000000 0.000000
0.214541 -0.080276 -0.352468
-0.412879 -0.354911 -0.200678
0.000000 0.000000 0.000000
0.000000 0.000000 0.000000
0.000000 0.000000 0.000000
0.000000 0.000000 0.000000
0.000000 0.000000 0.000000
0.000000 0.000000 0.000000
0.000000 0.000000 0.000000
0.000000 0.000000 0.000000
0.000000 0.000000 0.000000
0.064025 -0.267462 -0.205818
0.000000 0.000000 0.000000
-0.818051 -0.375477 -0.195981
0.000000 0.000000 0.000000
0.000000 0.000000 0.000000
-0.695509 -0.222048 -0.200678
0.000000 0.000000 0.000000
0.000000 0.000000 0.000000
0.000000 0.000000 0.000000
0.000000 0.000000 0.000000
-0.572910 -0.191006 -0.200678
0.000000 0.000000 0.000000
0.000000 0.000000 0.000000
0.000000 0.000000 0.000000
0.000000 0.000000 0.000000
0.000000 0.000000 0.000000
-0.699631 -0.251797 -0.299670
0.000000 0.000000 0.000000
0.000000 0.000000 0.000000
0.000000 0.000000 0.000000
0.000000 0.000000 0.000000
0.000000 0.000000 0.000000
0.025395 -0.308208 -0.205818
0.000000 0.000000 0.000000
0.000000 0.000000 0.000000
0.000000 0.000000 0.000000
0.000000 0.000000 0.000000
0.000000 0.000000 0.000000
-0.553565 -0.158403 -0.306872
0.000000 0.000000 0.000000
0.000000 0.000000 0.000000
0.000000 0.000000 0.000000
-0.797498 -0.345052 -0.051438
0.000000 0.000000 0.000000
0.000000 0.000000 0.000000
0.000000 0.000000 0.000000
-0.395124 -0.080276 -0.268420
0.000000 0.000000 0.000000
0.000000 0.000000 0.000000
-0.358550 -0.115988 -0.270904
0.000000 0.000000 0.000000
-0.317744 -0.142405 -0.200678
0.000000 0.000000 0.000000
0.000000 0.000000 0.000000
0.000000 0.000000 0.000000
0.000000 0.000000 0.000000
0.000000 0.000000 0.000000
0.000000 0.000000 0.000000
-0.818051 -0.300535 -0.152602
0.000000 0.000000 0.000000
0.000000 0.000000 0.000000
0.000000 0.000000 0.000000
0.000000 0.000000 0.000000
0.000000 0.000000 0.000000
0.000000 0.000000 0.000000
0.000000 0.000000 0.000000
0.000000 0.000000 0.000000
0.000000 0.000000 0.000000
-0.266910 -0.268981 -0.299977
0.070272 -0.351493 -0.200678
0.000000 0.000000 0.000000
0.000000 0.000000 0.000000
-0.215147 0.095162 -0.206895
0.000000 0.000000 0.000000
-0.461953 -0.294047 -0.222945
0.000000 0.000000 0.000000
-0.509994 -0.092855 -0.202391
0.000000 0.000000 0.000000
-0.176353 -0.183571 -0.222945
-0.818051 -0.235842 -0.218587
0.000000 0.000000 0.000000
0.000000 0.000000 0.000000
-0.720048 -0.399974 -0.205818
0.000000 0.000000 0.000000
0.000000 0.000000 0.000000
0.000000 0.000000 0.000000
0.000000 0.000000 0.000000
0.000000 0.000000 0.000000
-0.237067 -0.254761 -0.202391
0.000000 0.000000 0.000000
0.000000 0.000000 0.000000
0.000000 0.000000 0.000000
0.000000 0.000000 0.000000
0.000000 0.000000 0.000000
0.000000 0.000000 0.000000
0.000000 0.000000 0.000000
0.000000 0.000000 0.000000
0.000000 0.000000 0.000000
0.000000 0.000000 0.000000
0.000000 0.000000 0.000000
0.000000 0.000000 0.000000
-0.756391 -0.174690 -0.254734
0.013484 -0.156337 -0.306872
0.000000 0.000000 0.000000
0.000000 0.000000 0.000000
0.000000 0.000000 0.000000
0.000000 0.000000 0.000000
0.000000 0.000000 0.000000
0.000000 0.000000 0.000000
0.000000 0.000000 0.000000
0.000000 0.000000 0.000000
0.000000 0.000000 0.000000
-0.186450 -0.003543 -0.215637
0.000000 0.000000 0.000000
0.000000 0.000000 0.000000
0.000000 0.000000 0.000000
-0.090930 -0.045853 -0.222945
0.000000 0.000000 0.000000
0.000000 0.000000 0.000000
0.000000 0.000000 0.000000
0.000000 0.000000 0.000000
0.000000 0.000000 0.000000
0.000000 0.000000 0.000000
0.000000 0.000000 0.000000
0.000000 0.000000 0.000000
0.000000 0.000000 0.000000
0.000000 0.000000 0.000000
-0.386596 -0.241649 -0.284891
0.000000 0.000000 0.000000
-0.171545 -0.103848 -0.200678
0.000000 0.000000 0.000000
0.000000 0.000000 0.000000
-0.611895 -0.145829 -0.202391
0.000000 0.000000 0.000000
0.000000 0.000000 0.000000
-0.818051 -0.335942 0.021877
0.000000 0.000000 0.000000
-0.449331 -0.190864 -0.222945
-0.755419 -0.233022 -0.222945
0.000000 0.000000 0.000000
-0.335015 -0.373354 -0.200678
0.000000 0.000000 0.000000
-0.512983 -0.003543 -0.214999
0.000000 0.000000 0.000000
0.000000 0.000000 0.000000
-0.260537 -0.241649 -0.242355
0.000000 0.000000 0.000000
0.000000 0.000000 0.000000
-0.693992 -0.143592 -0.202391
-0.435552 -0.082652 -0.202391
0.000000 0.000000 0.000000
0.000000 0.000000 0.000000
-0.638257 -0.197597 -0.291457
0.000000 0.000000 0.000000
0.000000 0.000000 0.000000
-0.347186 -0.194559 -0.291457
0.000000 0.000000 0.000000
0.000000 0.000000 0.000000
0.000000 0.000000 0.000000
0.000000 0.000000 0.000000
-0.232371 -0.205143 -0.291457
0.000000 0.000000 0.000000
-0.606320 -0.080276 -0.270663
0.000000 0.000000 0.000000
0.000000 0.000000 0.000000
-0.048691 -0.143655 -0.327289
0.000000 0.000000 0.000000
0.034993 -0.085757 -0.259655
0.000000 0.000000 0.000000
0.000000 0.000000 0.000000
0.000000 0.000000 0.000000
0.060148 -0.117800 -0.341883
0.000000 0.000000 0.000000
0.000000 0.000000 0.000000
0.000000 0.000000 0.000000
0.025589 -0.241649 -0.244752
-0.765377 -0.302600 -0.205818
0.000000 0.000000 0.000000
0.000000 0.000000 0.000000
-0.121653 -0.003543 -0.208585
-0.572705 -0.346459 -0.205818
-0.143376 -0.241649 -0.292981
0.000000 0.000000 0.000000
-0.069849 -0.266168 -0.202391
0.000000 0.000000 0.000000
0.000000 0.000000 0.000000
0.000000 0.000000 0.000000
0.000000 0.000000 0.000000
-0.250866 -0.085757 -0.278674
0.000000 0.000000 0.000000
0.000000 0.000000 0.000000
0.000000 0.000000 0.000000
0.000000 0.000000 0.000000
0.000000 0.000000 0.000000
0.000000 0.000000 0.000000
0.000000 0.000000 0.000000
-0.012229 -0.346784 -0.200678
-0.308010 0.129136 -0.202391
0.000000 0.000000 0.000000
0.000000 0.000000 0.000000
-0.323793 -0.085757 -0.300369
0.000000 0.000000 0.000000
0.000000 0.000000 0.000000
-0.098205 -0.303297 -0.200678
0.000000 0.000000 0.000000
0.000000 0.000000 0.000000
0.000000 0.000000 0.000000
0.000000 0.000000 0.000000
0.000000 0.000000 0.000000
0.000000 0.000000 0.000000
0.000000 0.000000 0.000000
0.000000 0.000000 0.000000
0.000000 0.000000 0.000000
0.000000 0.000000 0.000000
-0.370946 -0.273177 -0.202391
-0.041248 -0.085757 -0.214676
0.000000 0.000000 0.000000
0.000000 0.000000 0.000000
0.000000 0.000000 0.000000
0.000000 0.000000 0.000000
0.000000 0.000000 0.000000
0.000000 0.000000 0.000000
0.000000 0.000000 0.000000
-0.495372 -0.241649 -0.241460
0.000000 0.000000 0.000000
0.081393 -0.085757 -0.290739
0.000000 0.000000 0.000000
-0.292953 0.012038 -0.222945
-0.623097 -0.410026 -0.205818
0.000000 0.000000 0.000000
0.000000 0.000000 0.000000
0.000000 0.000000 0.000000
-0.591706 -0.258698 -0.307522
0.000000 0.000000 0.000000
0.000000 0.000000 0.000000
-0.434742 0.038039 -0.202391
0.000000 0.000000 0.000000
-0.678875 -0.362723 -0.205818
0.006449 -0.404150 -0.205818
0.000000 0.000000 0.000000
0.000000 0.000000 0.000000
0.000000 0.000000 0.000000
0.000000 0.000000 0.000000
0.000000 0.000000 0.000000
-0.088402 -0.196099 -0.222945
0.000000 0.000000 0.000000
0.000000 0.000000 0.000000
0.000000 0.000000 0.000000
-0.106107 -0.082237 -0.202391
0.000000 0.000000 0.000000
0.000000 0.000000 0.000000
0.000000 0.000000 0.000000
-0.267788 -0.060135 -0.202391
0.000000 0.000000 0.000000
0.000000 0.000000 0.000000
-0.599185 -0.237069 -0.205818
-0.191200 -0.380952 -0.202391
-0.337999 -0.070443 -0.222945
0.000000 0.000000 0.000000
0.000000 0.000000 0.000000
-0.250382 -0.125468 -0.339915
0.000000 0.000000 0.000000
0.000000 0.000000 0.000000
0.000000 0.000000 0.000000
-0.703193 -0.080276 -0.314658
0.000000 0.000000 0.000000
0.000000 0.000000 0.000000
0.000000 0.000000 0.000000
0.000000 0.000000 0.000000
0.000000 0.000000 0.000000
-0.400660 -0.182520 -0.202391
0.000000 0.000000 0.000000
0.000000 0.000000 0.000000
0.000000 0.000000 0.000000
0.000000 0.000000 0.000000
-0.521146 -0.380230 -0.202391
0.000000 0.000000 0.000000
-0.005563 -0.225497 -0.202391
0.000000 0.000000 0.000000
-0.776591 -0.196200 -0.205818
-0.728986 -0.293154 -0.265219
0.000000 0.000000 0.000000
-0.372891 -0.080276 -0.316279
0.000000 0.000000 0.000000
0.000000 0.000000 0.000000
0.000000 0.000000 0.000000
0.000000 0.000000 0.000000
-0.542376 -0.120563 -0.341344
0.000000 0.000000 0.000000
-0.258881 -0.113162 -0.200678
-0.086563 -0.241649 -0.253022
0.000000 0.000000 0.000000
0.000000 0.000000 0.000000
-0.010322 -0.181081 -0.222945
0.000000 0.000000 0.000000
0.000000 0.000000 0.000000
0.000000 0.000000 0.000000
0.000000 0.000000 0.000000
0.000000 0.000000 0.000000
0.000000 0.000000 0.000000
0.000000 0.000000 0.000000
