0.000000 0.000000 0.000000
-0.035006 0.046993 0.038427
-0.040590 0.040526 0.183390
0.000000 0.000000 0.000000
0.000000 0.000000 0.000000
-0.018820 0.101583 -0.090195
-0.070971 -0.196887 -0.165423
-0.136672 0.169727 -0.264036
-0.186105 0.259357 -0.097500
-0.017486 0.034809 -0.022617
-0.107118 -0.129420 0.025603
-0.203402 0.428262 0.060449
-0.082449 -0.304451 -0.051257
0.000000 0.000000 0.000000
0.015574 0.071178 -0.127051
0.093731 -0.145145 0.082941
0.000000 0.000000 0.000000
0.000000 0.000000 0.000000
0.000000 0.000000 0.000000
-0.017010 -0.177253 0.024338
0.000000 0.000000 0.000000
-0.240802 0.081946 0.260068
0.000000 0.000000 0.000000
0.000000 0.000000 0.000000
-0.003431 -0.288717 0.094669
0.000627 -0.010238 0.168287
0.000000 0.000000 0.000000
0.000000 0.000000 0.000000
0.035942 0.146517 0.095792
0.000000 0.000000 0.000000
0.000000 0.000000 0.000000
0.000000 0.000000 0.000000
0.000000 0.000000 0.000000
0.000000 0.000000 0.000000
-0.121442 0.031475 0.056881
-0.137541 0.065794 -0.080955
0.032095 -0.193184 0.058393
-0.133336 -0.186500 0.123749
0.000000 0.000000 0.000000
0.000000 0.000000 0.000000
0.000000 0.000000 0.000000
-0.119288 0.045746 -0.221990
0.125681 0.094815 0.141247
0.000000 0.000000 0.000000
0.000000 0.000000 0.000000
0.000000 0.000000 0.000000
-0.081774 -0.335425 0.022742
0.057304 -0.061598 0.007356
-0.031580 -0.121933 -0.065524
0.000000 0.000000 0.000000
0.081171 -0.101481 -0.028722
-0.108360 -0.087854 -0.072104
-0.166152 0.230628 0.034976
0.000000 0.000000 0.000000
-0.019844 0.230985 0.252483
0.000000 0.000000 0.000000
0.000000 0.000000 0.000000
0.022500 -0.023919 0.079476
-0.009254 -0.145563 -0.020685
-0.075602 -0.326900 0.124459
-0.000535 -0.136560 0.132228
-0.152534 -0.033667 0.184114
0.000000 0.000000 0.000000
0.000000 0.000000 0.000000
-0.018035 0.181319 -0.020685
-0.031187 0.188504 0.058473
0.000000 0.000000 0.000000
0.000000 0.000000 0.000000
-0.015870 0.179512 0.231590
0.093598 -0.033288 -0.033076
0.000000 0.000000 0.000000
0.114761 -0.028459 0.103492
0.000000 0.000000 0.000000
0.000000 0.000000 0.000000
0.017896 -0.057578 -0.107962
0.000000 0.000000 0.000000
0.000000 0.000000 0.000000
-0.110750 -0.072662 -0.183623
-0.144416 0.160701 0.056666
0.000000 0.000000 0.000000
0.000000 0.000000 0.000000
-0.047849 -0.067651 0.016827
0.000000 0.000000 0.000000
0.063988 0.040007 0.020120
0.000000 0.000000 0.000000
0.000000 0.000000 0.000000
-0.111579 -0.198856 -0.031082
-0.032395 -0.389922 0.072003
-0.026209 -0.011913 -0.076923
-0.091310 -0.222438 0.035356
0.000000 0.000000 0.000000
-0.017786 -0.227225 -0.055868
0.000000 0.000000 0.000000
-0.178743 0.322741 0.051300
0.000000 0.000000 0.000000
0.000000 0.000000 0.000000
-0.158787 0.163699 -0.088994
0.000000 0.000000 0.000000
-0.084382 -0.407798 0.083793
-0.112388 -0.035107 0.052689
0.000000 0.000000 0.000000
0.000000 0.000000 0.000000
-0.116882 0.091200 -0.242169
0.047341 -0.157713 0.010718
0.000000 0.000000 0.000000
0.014661 -0.115599 0.072310
-0.154024 -0.100430 0.143403
-0.123753 -0.226524 0.114788
-0.000694 -0.110188 0.139699
0.039576 0.062229 0.083981
-0.018075 -0.061806 -0.021596
-0.017016 -0.232982 -0.020685
-0.014696 0.075767 0.195414
-0.028334 -0.218985 0.111715
-0.134916 -0.015782 -0.052189
-0.140281 0.108417 0.038973
0.000000 0.000000 0.000000
-0.200392 0.032277 0.199049
-0.073630 0.274513 0.044995
-0.048578 -0.084853 0.014700
0.000000 0.000000 0.000000
0.000000 0.000000 0.000000
0.000000 0.000000 0.000000
-0.033617 0.121289 0.048585
0.000000 0.000000 0.000000
-0.087420 -0.374752 -0.026068
-0.016280 -0.259689 0.016649
0.000000 0.000000 0.000000
0.000000 0.000000 0.000000
0.000000 0.000000 0.000000
0.125244 0.031265 0.114408
-0.069371 -0.411284 0.031065
0.108380 -0.086232 0.087591
-0.153817 0.240781 -0.289328
0.062863 0.017513 0.016209
0.000000 0.000000 0.000000
0.107287 0.039434 -0.027847
-0.010379 0.111967 -0.023956
-0.085140 -0.266422 0.139025
-0.078927 -0.434474 0.080209
0.015376 -0.268685 0.057110
0.071984 0.110894 0.020616
-0.107798 -0.136358 -0.162836
-0.034782 0.218022 0.060048
0.000000 0.000000 0.000000
0.000000 0.000000 0.000000
-0.044312 -0.054972 0.155211
0.013100 -0.124690 -0.097522
-0.013463 0.051985 0.187419
0.000000 0.000000 0.000000
0.030546 0.010994 -0.119260
-0.012503 0.167642 -0.097919
0.000000 0.000000 0.000000
0.000000 0.000000 0.000000
0.000000 0.000000 0.000000
-0.104907 -0.008967 -0.209561
0.000000 0.000000 0.000000
0.000000 0.000000 0.000000
0.000000 0.000000 0.000000
0.000000 0.000000 0.000000
-0.035864 -0.353615 0.079776
0.000000 0.000000 0.000000
0.000000 0.000000 0.000000
0.000000 0.000000 0.000000
0.000000 0.000000 0.000000
-0.107830 -0.178006 0.154851
0.078466 -0.206308 0.081654
-0.029872 -0.173260 -0.060817
-0.022209 -0.019598 0.037659
-0.160341 0.213482 0.041643
-0.097099 -0.258919 -0.038939
-0.009345 -0.068491 -0.070425
0.000000 0.000000 0.000000
0.000000 0.000000 0.000000
-0.031273 0.118658 0.209740
-0.115100 -0.139924 -0.041882
0.060283 -0.114507 -0.013310
0.000000 0.000000 0.000000
-0.086155 -0.282706 -0.130179
0.000000 0.000000 0.000000
0.000000 0.000000 0.000000
-0.087803 -0.281973 0.024462
0.000000 0.000000 0.000000
-0.008939 0.040895 -0.083098
0.100937 0.003408 -0.068706
0.000000 0.000000 0.000000
0.000000 0.000000 0.000000
-0.045205 -0.138135 0.011452
-0.184448 0.373898 0.070427
-0.090525 -0.365900 0.092722
-0.114588 -0.083629 0.025006
-0.165688 0.005213 0.204490
0.000000 0.000000 0.000000
-0.125362 -0.075718 -0.047045
0.071603 -0.006570 -0.014439
0.000000 0.000000 0.000000
-0.228904 0.477337 0.064275
-0.160108 0.118451 -0.065983
-0.134797 0.056160 0.030450
0.000000 0.000000 0.000000
0.000000 0.000000 0.000000
-0.039223 -0.192189 0.009677
-0.041899 -0.011287 0.167717
-0.113452 -0.034742 -0.082504
0.000000 0.000000 0.000000
-0.167205 0.279260 0.059254
0.000357 -0.185263 0.120217
-0.028512 0.156224 0.056006
0.000000 0.000000 0.000000
-0.220533 0.055674 0.226620
-0.075553 0.301786 0.048177
0.025180 -0.158200 0.064324
0.000000 0.000000 0.000000
-0.098208 -0.213310 0.148185
0.000000 0.000000 0.000000
-0.100340 -0.173927 0.026956
0.000000 0.000000 0.000000
0.000000 0.000000 0.000000
0.080228 0.072598 -0.013075
0.000000 0.000000 0.000000
0.000000 0.000000 0.000000
0.000000 0.000000 0.000000
0.000000 0.000000 0.000000
-0.079528 -0.106572 -0.189635
0.000000 0.000000 0.000000
0.000000 0.000000 0.000000
0.001833 -0.060991 0.153784
-0.014678 -0.012927 -0.027481
-0.136811 0.128550 -0.246103
-0.138377 -0.076274 0.173391
0.000000 0.000000 0.000000
0.000000 0.000000 0.000000
0.000000 0.000000 0.000000
0.000000 0.000000 0.000000
-0.173603 0.206554 -0.088044
0.000000 0.000000 0.000000
0.087317 -0.188968 0.075577
-0.094593 -0.213159 -0.056402
-0.058095 0.091316 0.030285
-0.137967 -0.145488 0.138433
0.000000 0.000000 0.000000
-0.107161 -0.291384 0.105492
-0.092435 -0.168861 0.050846
-0.120471 -0.119507 0.169396
-0.124811 0.020427 -0.082795
-0.043460 -0.127876 0.134371
-0.030879 -0.260607 0.101429
0.025226 0.102364 0.094198
-0.055007 0.037735 0.025387
0.000000 0.000000 0.000000
-0.012120 -0.278723 -0.020685
0.023379 -0.070723 0.073517
0.036801 0.023395 0.080158
-0.009803 -0.189238 -0.022957
-0.009056 -0.105718 -0.020685
0.000000 0.000000 0.000000
-0.034527 -0.079181 0.023601
0.036857 -0.017576 -0.115497
0.000000 0.000000 0.000000
0.000000 0.000000 0.000000
0.000000 0.000000 0.000000
-0.064594 0.206977 0.040959
0.000000 0.000000 0.000000
-0.027173 0.004718 0.037766
-0.080587 -0.063939 -0.204127
0.000000 0.000000 0.000000
0.000000 0.000000 0.000000
-0.097317 -0.159750 -0.066999
0.000000 0.000000 0.000000
-0.040055 0.266291 0.063627
-0.071469 -0.164018 -0.175277
-0.063968 -0.385905 0.113126
0.000000 0.000000 0.000000
-0.013314 0.071383 -0.020685
-0.040202 -0.174762 0.122551
-0.040150 -0.309414 0.089328
0.000000 0.000000 0.000000
0.000000 0.000000 0.000000
-0.125631 -0.003626 0.029586
0.030405 -0.085576 -0.104789
0.087899 -0.117459 0.103184
0.000000 0.000000 0.000000
0.000000 0.000000 0.000000
-0.061884 0.168154 0.037690
0.111537 -0.054684 0.096739
0.058295 -0.025515 0.015150
0.000000 0.000000 0.000000
-0.051430 -0.019712 0.020295
-0.026310 0.084111 0.048253
-0.071267 -0.370730 0.039867
-0.021585 -0.110187 0.028230
0.000000 0.000000 0.000000
-0.130464 0.008513 -0.200999
0.000000 0.000000 0.000000
0.000000 0.000000 0.000000
-0.101696 -0.327633 0.096494
0.000000 0.000000 0.000000
0.074116 0.010557 -0.015865
-0.105479 -0.076433 0.053696
0.000000 0.000000 0.000000
-0.194397 0.364326 0.044180
0.000000 0.000000 0.000000
0.000000 0.000000 0.000000
-0.078281 -0.123354 -0.184410
0.000000 0.000000 0.000000
0.000000 0.000000 0.000000
0.000000 0.000000 0.000000
-0.097404 -0.188928 -0.152618
-0.143464 0.204729 -0.277451
0.000000 0.000000 0.000000
-0.140447 0.096964 -0.090197
-0.033951 -0.090734 0.145051
0.000000 0.000000 0.000000
-0.149070 0.048556 -0.053091
-0.091089 -0.188685 0.047718
-0.062259 0.114039 0.030668
-0.096483 0.032213 -0.229562
0.000000 0.000000 0.000000
-0.077466 -0.341962 -0.050684
0.000000 0.000000 0.000000
0.000000 0.000000 0.000000
0.000000 0.000000 0.000000
0.000000 0.000000 0.000000
-0.165008 -0.060271 0.162270
-0.155698 0.177135 0.034291
-0.037979 -0.282447 0.001523
-0.033826 0.196966 -0.101348
0.000000 0.000000 0.000000
-0.038241 -0.231595 0.006378
-0.012663 0.146280 -0.027911
0.000000 0.000000 0.000000
-0.186936 0.001250 0.185765
-0.006847 0.144279 0.218518
0.000000 0.000000 0.000000
0.000000 0.000000 0.000000
0.000000 0.000000 0.000000
0.000000 0.000000 0.000000
0.070185 0.075947 0.014671
-0.010576 0.069702 -0.086467
0.006668 -0.011872 -0.113890
-0.007635 -0.037635 0.160401
0.117737 0.056009 0.135762
-0.031212 -0.050047 -0.072464
-0.061455 0.242352 0.047267
0.000000 0.000000 0.000000
-0.083786 -0.252768 0.045865
0.000000 0.000000 0.000000
0.000000 0.000000 0.000000
0.000000 0.000000 0.000000
-0.013581 0.019569 0.176720
0.010921 0.036590 -0.121493
0.009124 -0.159494 -0.092237
-0.029943 0.018618 -0.080493
-0.128439 -0.209901 0.117761
-0.128213 0.076722 0.057996
0.023140 -0.234326 0.057637
-0.113514 -0.258908 0.112008
0.065887 -0.040892 -0.009769
0.000000 0.000000 0.000000
0.000000 0.000000 0.000000
-0.111402 -0.040006 -0.194816
-0.030946 0.139282 -0.094603
0.000000 0.000000 0.000000
-0.018299 0.222332 -0.021209
-0.029000 -0.253472 -0.053461
0.026421 0.179191 0.103324
-0.148508 0.132065 -0.092310
0.000000 0.000000 0.000000
0.000000 0.000000 0.000000
0.114404 0.000182 0.116375
0.075257 0.041600 -0.009369
0.000000 0.000000 0.000000
-0.101551 -0.106893 0.051180
-0.158916 0.247529 0.064692
0.000000 0.000000 0.000000
-0.090130 -0.227227 -0.145001
0.000000 0.000000 0.000000
0.000000 0.000000 0.000000
0.000000 0.000000 0.000000
0.027491 0.007953 0.081626
0.000000 0.000000 0.000000
0.004809 0.099984 -0.130487
0.000000 0.000000 0.000000
0.000000 0.000000 0.000000
-0.148175 0.193086 0.064274
0.000000 0.000000 0.000000
0.000000 0.000000 0.000000
-0.118889 -0.107423 -0.046783
0.099150 -0.037293 0.121844
0.000000 0.000000 0.000000
0.000000 0.000000 0.000000
-0.022171 -0.050403 0.033811
-0.084118 -0.301774 0.125683
-0.017768 -0.214185 0.020249
-0.204534 0.455251 0.071840
0.000000 0.000000 0.000000
0.000000 0.000000 0.000000
-0.060136 -0.423268 0.104068
-0.002705 -0.244170 0.105664
-0.013937 -0.328948 0.085210
0.135970 0.059533 0.111390
0.000000 0.000000 0.000000
0.064947 -0.083041 -0.018142
0.000000 0.000000 0.000000
0.000000 0.000000 0.000000
0.000000 0.000000 0.000000
0.025995 0.227640 0.109507
-0.170982 0.260167 0.037992
0.035285 -0.099929 0.066333
0.090401 -0.088331 0.112217
-0.177769 0.345255 0.068833
0.048003 -0.181704 0.003179
0.000000 0.000000 0.000000
-0.004732 -0.355644 0.079538
0.000000 0.000000 0.000000
-0.032206 -0.303771 0.002850
0.000000 0.000000 0.000000
0.000000 0.000000 0.000000
-0.120768 -0.044343 0.025134
0.000000 0.000000 0.000000
-0.036452 0.148185 0.219643
-0.159244 -0.008875 0.197495
0.000000 0.000000 0.000000
-0.137442 0.135531 0.062098
-0.147528 0.131517 0.031619
-0.137093 -0.125157 0.149074
0.045184 0.123014 0.089504
0.000000 0.000000 0.000000
-0.085633 -0.241223 -0.063874
0.000000 0.000000 0.000000
-0.191561 0.397593 0.067304
0.095624 -0.026246 -0.071450
0.000000 0.000000 0.000000
-0.112349 -0.099916 -0.173044
-0.124708 -0.001755 -0.074946
-0.097875 -0.297204 -0.026617
-0.102814 -0.245011 0.129023
-0.100420 -0.138404 -0.067746
-0.115884 -0.150423 0.159490
0.000000 0.000000 0.000000
-0.080786 -0.309902 0.034386
-0.007430 0.105684 0.205527
-0.186274 0.035734 0.221246
0.093708 -0.128827 0.090023
0.000000 0.000000 0.000000
0.000000 0.000000 0.000000
0.000000 0.000000 0.000000
0.017600 -0.053615 0.077564
0.000000 0.000000 0.000000
-0.130871 0.024796 0.027526
0.050628 -0.132126 0.008134
-0.259472 0.097961 0.273761
0.099392 -0.002061 -0.040379
0.000000 0.000000 0.000000
0.000000 0.000000 0.000000
0.000000 0.000000 0.000000
0.013039 -0.315969 0.053346
-0.135445 0.143878 -0.253228
0.004267 -0.095901 -0.101112
-0.040980 0.083701 0.197917
-0.026996 0.203680 0.241340
0.000000 0.000000 0.000000
0.085945 -0.076401 -0.040711
0.000000 0.000000 0.000000
0.000000 0.000000 0.000000
0.000000 0.000000 0.000000
0.000000 0.000000 0.000000
-0.044059 -0.159346 0.010042
-0.017088 -0.144966 -0.063411
-0.174408 -0.030468 0.174948
0.078314 -0.158752 0.099658
0.055612 -0.094880 0.003841
-0.051674 0.064918 0.030782
0.000663 -0.212325 0.113543
0.000000 0.000000 0.000000
-0.052808 -0.046778 0.016076
0.000000 0.000000 0.000000
0.000000 0.000000 0.000000
0.000000 0.000000 0.000000
-0.097387 -0.132114 0.051646
0.000000 0.000000 0.000000
0.000000 0.000000 0.000000
-0.131334 0.103646 0.061342
0.000000 0.000000 0.000000
-0.084911 -0.271098 -0.056557
-0.102699 -0.180297 -0.051785
-0.118841 0.004864 0.052358
-0.128302 0.071525 -0.227443
0.038212 0.077070 -0.129779
0.000000 0.000000 0.000000
-0.113881 -0.061861 -0.071948
-0.130624 -0.041678 -0.050252
0.000000 0.000000 0.000000
-0.127957 -0.099309 0.171359
-0.099090 -0.163064 -0.159624
-0.177064 0.231675 -0.096849
0.000000 0.000000 0.000000
-0.021674 -0.201019 -0.058271
0.097632 -0.066348 0.111447
0.000000 0.000000 0.000000
0.055674 -0.151866 -0.010044
-0.152832 0.219288 0.065908
0.000000 0.000000 0.000000
-0.024806 -0.147953 0.022596
-0.073520 -0.350972 0.116843
-0.010820 -0.030782 -0.074717
-0.147525 -0.082171 0.160344
-0.050851 0.144830 0.041311
0.000000 0.000000 0.000000
0.000000 0.000000 0.000000
0.021407 0.044119 0.088340
0.000000 0.000000 0.000000
0.031613 -0.132932 0.064449
-0.129401 0.112423 -0.243714
-0.089208 -0.039601 -0.207772
0.000000 0.000000 0.000000
0.000000 0.000000 0.000000
0.000000 0.000000 0.000000
-0.155415 0.093232 -0.062562
0.036469 0.038364 -0.123841
0.000000 0.000000 0.000000
-0.009346 0.125352 -0.092974
0.000000 0.000000 0.000000
-0.138050 0.027407 -0.062494
0.000000 0.000000 0.000000
-0.176268 0.303235 0.047308
-0.096822 -0.198650 0.028204
0.000000 0.000000 0.000000
-0.011753 0.012962 -0.020685
-0.019626 -0.160426 0.126219
0.000000 0.000000 0.000000
0.000000 0.000000 0.000000
0.105156 0.028206 -0.050399
-0.092711 -0.244756 0.023671
0.031730 0.202945 0.104348
-0.119277 -0.052790 -0.065885
-0.103879 -0.237591 -0.033313
0.000000 0.000000 0.000000
0.000000 0.000000 0.000000
0.000000 0.000000 0.000000
0.000000 0.000000 0.000000
0.025882 0.055280 -0.125511
-0.014041 -0.104222 -0.067148
0.000000 0.000000 0.000000
-0.134425 0.076993 0.040729
0.000000 0.000000 0.000000
0.091910 -0.169073 0.076500
0.000000 0.000000 0.000000
0.111960 0.034279 0.134576
-0.011032 -0.257526 -0.020685
0.000000 0.000000 0.000000
-0.113106 -0.164390 -0.038321
0.000000 0.000000 0.000000
0.046251 0.182645 0.096536
-0.083287 -0.388295 0.091804
-0.099679 -0.152009 0.036434
0.000000 0.000000 0.000000
0.013306 -0.035347 -0.110916
0.103364 -0.106667 0.085886
0.022976 -0.289551 0.052307
-0.126832 0.054298 0.051918
0.000000 0.000000 0.000000
0.000000 0.000000 0.000000
0.066443 -0.244656 0.084376
0.000000 0.000000 0.000000
0.000000 0.000000 0.000000
0.000000 0.000000 0.000000
0.000000 0.000000 0.000000
-0.011931 -0.171082 -0.061017
-0.137669 -0.164795 0.129525
-0.022957 -0.191207 0.118603
-0.012807 -0.165802 -0.028160
0.000000 0.000000 0.000000
-0.056876 -0.442724 0.100691
-0.147026 -0.055278 0.176144
-0.093494 -0.343774 0.098603
0.019981 -0.210784 0.061085
0.037457 -0.033696 0.072815
-0.041067 -0.115860 0.016104
0.037361 0.081748 0.087216
0.064852 -0.003032 0.004608
-0.039123 0.011366 0.174212
0.000000 0.000000 0.000000
-0.017150 -0.038195 -0.023200
-0.093902 -0.236035 0.142136
-0.100971 -0.273349 0.119414
0.000000 0.000000 0.000000
-0.070604 -0.223013 -0.157574
-0.200211 0.386436 0.048548
-0.008294 0.145060 -0.095278
0.035594 -0.043735 -0.111477
-0.030258 0.160855 -0.097125
-0.018165 -0.287990 0.012741
-0.117443 0.023830 -0.213995
-0.114534 -0.204102 0.135274
0.000000 0.000000 0.000000
0.000000 0.000000 0.000000
0.000000 0.000000 0.000000
-0.069642 -0.469463 0.077765
-0.024944 -0.240698 0.106380
-0.088841 -0.086084 -0.191517
0.000000 0.000000 0.000000
0.107326 -0.016158 0.119367
0.014807 -0.184427 0.065540
0.000000 0.000000 0.000000
-0.023257 -0.117552 0.137451
0.090222 -0.054042 -0.052509
0.000000 0.000000 0.000000
0.000000 0.000000 0.000000
-0.049658 0.002344 0.024118
0.000000 0.000000 0.000000
-0.098066 -0.117423 -0.175089
-0.112857 -0.057873 0.041276
0.000000 0.000000 0.000000
-0.107555 -0.095350 0.039492
0.016292 -0.137976 0.069533
0.000000 0.000000 0.000000
-0.034983 0.248947 0.063888
-0.162858 0.188415 -0.095967
0.000000 0.000000 0.000000
-0.016097 -0.083845 -0.025023
0.000000 0.000000 0.000000
-0.022425 -0.142229 0.130690
0.044158 0.098050 0.086771
0.000000 0.000000 0.000000
0.039340 -0.007809 0.075351
0.000000 0.000000 0.000000
-0.018000 0.050445 -0.020685
0.000000 0.000000 0.000000
0.000000 0.000000 0.000000
-0.018002 0.091745 -0.021724
0.000000 0.000000 0.000000
0.113103 0.063318 -0.045533
-0.035085 0.024916 0.035606
0.000000 0.000000 0.000000
0.000000 0.000000 0.000000
-0.124719 -0.032736 -0.063716
-0.035967 -0.332129 0.084388
0.076228 -0.186677 0.092173
0.000000 0.000000 0.000000
0.000000 0.000000 0.000000
-0.082397 -0.142920 -0.175477
-0.121521 -0.023686 0.032191
0.000000 0.000000 0.000000
0.009210 0.015128 -0.118139
0.000000 0.000000 0.000000
0.000000 0.000000 0.000000
-0.093044 -0.315133 0.110768
0.000000 0.000000 0.000000
0.000000 0.000000 0.000000
-0.035788 -0.035726 0.027570
0.035275 -0.062501 -0.108641
0.000000 0.000000 0.000000
0.005524 -0.075916 -0.104207
0.000000 0.000000 0.000000
0.000000 0.000000 0.000000
0.000000 0.000000 0.000000
-0.018076 -0.062227 0.153303
0.000000 0.000000 0.000000
0.120330 0.076497 0.140932
-0.202169 0.045905 0.225663
-0.019745 -0.303749 0.090856
0.000000 0.000000 0.000000
0.025035 -0.107872 -0.101012
-0.031352 0.063433 0.191158
-0.013298 -0.129757 -0.029010
-0.111954 -0.228274 0.126461
-0.085874 -0.182563 -0.161238
0.000000 0.000000 0.000000
0.000000 0.000000 0.000000
-0.023897 0.057139 0.046297
0.000000 0.000000 0.000000
0.000000 0.000000 0.000000
0.000000 0.000000 0.000000
-0.029695 0.119710 -0.092314
0.000000 0.000000 0.000000
-0.070657 -0.391074 0.034498
-0.046316 0.178805 0.048272
0.000000 0.000000 0.000000
0.000000 0.000000 0.000000
-0.034152 -0.096999 0.022068
-0.115557 -0.015684 0.052436
0.000000 0.000000 0.000000
0.027113 -0.003107 -0.116869
-0.076958 -0.371897 0.104658
0.000000 0.000000 0.000000
0.000000 0.000000 0.000000
-0.018340 -0.087387 0.032404
-0.119162 0.129718 -0.256776
-0.063218 0.188744 0.039485
0.000000 0.000000 0.000000
0.066162 -0.059163 -0.015624
0.000000 0.000000 0.000000
-0.170733 0.309448 0.066278
0.056596 -0.046023 0.013371
0.015787 -0.089957 0.074403
-0.028303 -0.037943 0.160182
0.000000 0.000000 0.000000
0.000000 0.000000 0.000000
0.000000 0.000000 0.000000
-0.009373 0.019570 -0.080605
0.000000 0.000000 0.000000
0.000000 0.000000 0.000000
0.000000 0.000000 0.000000
0.000000 0.000000 0.000000
0.000000 0.000000 0.000000
-0.022229 -0.240128 0.015044
-0.127394 -0.011083 -0.195829
0.046570 -0.200600 0.002441
0.000000 0.000000 0.000000
-0.034555 0.102552 0.045674
-0.071867 -0.403769 0.098478
-0.185169 0.347385 0.049627
0.000000 0.000000 0.000000
0.000000 0.000000 0.000000
-0.168565 0.294173 0.063797
-0.075475 -0.325524 0.043817
