0.170887 -0.124029 -0.201252
0.000000 0.000000 0.000000
0.000000 0.000000 0.000000
0.000000 0.000000 0.000000
-0.342326 0.116867 0.125341
-0.095813 0.394241 -0.223113
0.102696 -0.268261 0.231150
0.000000 0.000000 0.000000
0.000000 0.000000 0.000000
0.381204 -0.447646 0.005032
0.364067 -0.017385 0.064731
0.047912 0.138040 0.225258
-0.164449 -0.124029 0.102916
0.000000 0.000000 0.000000
0.000000 0.000000 0.000000
0.000000 0.000000 0.000000
0.000000 0.000000 0.000000
-0.226242 0.066781 -0.186158
0.265528 0.244462 -0.181922
0.123145 -0.124029 0.149601
0.000000 0.000000 0.000000
0.000000 0.000000 0.000000
0.000000 0.000000 0.000000
-0.312448 -0.278493 0.149780
0.083297 0.073028 -0.237828
0.000000 0.000000 0.000000
0.000000 0.000000 0.000000
-0.018045 -0.124029 -0.128001
0.000000 0.000000 0.000000
0.183545 -0.480250 0.198585
-0.341303 0.248953 -0.129639
-0.383174 -0.025916 -0.050027
0.361056 -0.186819 -0.073835
0.000000 0.000000 0.000000
0.375806 0.216912 0.037936
-0.180589 0.216679 0.213589
0.000000 0.000000 0.000000
-0.093404 -0.055710 0.220400
0.324663 -0.234689 0.132313
0.000000 0.000000 0.000000
0.000000 0.000000 0.000000
0.000000 0.000000 0.000000
-0.140518 -0.315229 0.211826
0.000000 0.000000 0.000000
0.237884 0.188140 0.192381
0.000000 0.000000 0.000000
0.317200 0.033311 -0.129609
0.000000 0.000000 0.000000
0.000000 0.000000 0.000000
-0.201826 -0.124029 -0.124370
0.092856 0.310082 -0.236088
0.000000 0.000000 0.000000
0.000000 0.000000 0.000000
0.000000 0.000000 0.000000
0.000000 0.000000 0.000000
-0.074993 0.187997 -0.230614
0.164654 0.075015 -0.221502
-0.378522 0.282563 0.027978
0.000000 0.000000 0.000000
-0.332366 -0.083512 0.129999
0.000000 0.000000 0.000000
-0.005069 -0.081231 -0.238766
0.000000 0.000000 0.000000
0.000000 0.000000 0.000000
0.000000 0.000000 0.000000
0.000000 0.000000 0.000000
0.190583 -0.004460 0.196328
0.000000 0.000000 0.000000
0.000000 0.000000 0.000000
-0.260939 0.412746 -0.184713
0.000000 0.000000 0.000000
-0.165066 0.104575 0.218567
0.000000 0.000000 0.000000
0.000000 0.000000 0.000000
-0.399847 -0.187214 0.021440
0.241952 -0.342673 0.174733
0.177898 -0.124029 -0.042199
0.302378 -0.124029 0.009053
0.000000 0.000000 0.000000
-0.224162 0.318702 -0.187183
0.014641 -0.124029 0.090084
-0.310450 -0.124029 -0.019225
0.000000 0.000000 0.000000
0.312202 -0.295864 -0.133263
0.000000 0.000000 0.000000
-0.208282 -0.160862 0.204707
0.000000 0.000000 0.000000
-0.389929 0.140370 -0.049569
0.398101 0.104223 -0.028600
-0.130154 -0.124029 0.002431
0.000000 0.000000 0.000000
0.000000 0.000000 0.000000
0.000000 0.000000 0.000000
0.321808 -0.471927 0.128175
0.000000 0.000000 0.000000
0.302192 -0.083988 -0.159641
-0.100662 -0.176030 0.231718
0.000519 -0.372497 0.240210
0.380035 -0.239303 0.044612
0.265380 -0.124029 0.113711
0.071298 -0.094229 0.236031
0.114082 0.260916 -0.232224
0.000000 0.000000 0.000000
-0.383165 0.041156 0.070760
-0.362979 -0.284174 0.069026
-0.081700 0.037801 -0.233147
0.000000 0.000000 0.000000
0.400163 -0.087564 -0.016041
-0.164637 -0.059522 -0.208151
0.000000 0.000000 0.000000
0.335400 0.086016 0.131903
0.000000 0.000000 0.000000
0.369467 0.238454 -0.096807
-0.338703 0.277233 0.103763
-0.273519 0.021289 0.165438
-0.377971 0.321361 0.081036
-0.341306 0.109695 -0.129636
0.000000 0.000000 0.000000
0.000000 0.000000 0.000000
0.274081 0.133329 -0.161127
-0.316952 -0.123075 -0.149639
0.041833 -0.124029 -0.166419
0.105831 0.178629 0.217941
0.000000 0.000000 0.000000
0.061891 -0.476070 0.236587
0.000000 0.000000 0.000000
-0.241789 0.180370 -0.194143
0.000000 0.000000 0.000000
0.000000 0.000000 0.000000
0.000000 0.000000 0.000000
0.268611 -0.096921 0.177251
0.376840 -0.381696 -0.084266
-0.352073 0.352094 -0.117550
0.371312 -0.359170 0.091590
0.000000 0.000000 0.000000
0.028136 0.016263 0.226428
0.135075 -0.356462 0.212619
0.000000 0.000000 0.000000
0.222372 -0.201796 0.193203
0.000000 0.000000 0.000000
0.000000 0.000000 0.000000
0.000000 0.000000 0.000000
-0.091352 -0.181962 -0.223925
-0.107431 -0.421336 0.230485
0.000000 0.000000 0.000000
-0.005730 -0.242374 0.235507
0.000000 0.000000 0.000000
-0.393973 -0.074202 0.049379
0.000000 0.000000 0.000000
0.000000 0.000000 0.000000
0.000000 0.000000 0.000000
0.216756 -0.124029 -0.089908
0.195530 -0.124029 0.074403
-0.275073 0.212451 0.158045
-0.265005 -0.374393 0.163915
0.000000 0.000000 0.000000
-0.204115 -0.168047 -0.209197
0.000000 0.000000 0.000000
-0.069613 0.154293 0.224039
-0.299445 -0.010263 -0.143382
0.000000 0.000000 0.000000
-0.314168 -0.201158 0.129468
-0.021484 0.089172 -0.230038
0.000000 0.000000 0.000000
0.365592 -0.018080 -0.064867
0.000000 0.000000 0.000000
-0.051672 0.053025 0.237254
0.000000 0.000000 0.000000
-0.235143 -0.272115 0.194262
0.141165 0.065828 0.224145
0.000000 0.000000 0.000000
0.000000 0.000000 0.000000
0.000000 0.000000 0.000000
-0.356253 -0.184579 -0.085484
-0.009224 -0.124029 -0.006672
0.016974 -0.029584 -0.242389
0.000000 0.000000 0.000000
0.000000 0.000000 0.000000
0.000000 0.000000 0.000000
0.000000 0.000000 0.000000
0.015556 0.234407 -0.242473
0.000000 0.000000 0.000000
-0.048149 -0.450616 0.225308
0.110706 -0.180165 0.229691
0.000000 0.000000 0.000000
0.000000 0.000000 0.000000
0.212812 -0.211907 -0.198078
0.000000 0.000000 0.000000
0.000000 0.000000 0.000000
0.000000 0.000000 0.000000
0.392226 -0.279260 -0.053836
0.234328 0.085601 0.178489
-0.236713 -0.058783 0.193489
0.147089 -0.067304 0.210276
0.000000 0.000000 0.000000
-0.082060 -0.124029 0.153003
-0.396396 0.363353 -0.045605
-0.234291 -0.124029 -0.025033
0.217641 -0.003413 -0.189859
-0.379176 -0.294443 -0.027144
0.300694 -0.033925 0.138523
0.358605 0.136772 -0.109000
-0.246017 0.296976 0.188908
0.000000 0.000000 0.000000
0.000000 0.000000 0.000000
0.114283 0.155952 -0.232188
-0.004245 0.346138 -0.235427
-0.122807 0.316916 -0.230834
0.000000 0.000000 0.000000
0.257279 0.313307 -0.185984
0.086595 -0.314174 0.221441
0.360314 0.164274 0.091363
-0.279806 0.114731 0.154585
-0.255017 -0.124029 0.136142
0.000000 0.000000 0.000000
-0.290701 -0.124029 -0.072622
-0.155176 0.200220 -0.220584
-0.337493 0.024287 0.105121
0.000000 0.000000 0.000000
0.000000 0.000000 0.000000
-0.380863 0.083435 -0.016872
-0.239194 -0.303922 0.176627
0.000000 0.000000 0.000000
0.000000 0.000000 0.000000
0.000000 0.000000 0.000000
0.361958 -0.158447 0.068901
0.115668 -0.190697 -0.231936
-0.151521 -0.095886 0.213648
0.215395 0.173670 -0.194968
-0.375351 0.165871 0.044551
0.000000 0.000000 0.000000
0.078943 -0.124029 -0.056583
0.000000 0.000000 0.000000
0.000000 0.000000 0.000000
-0.103130 -0.124029 -0.151631
0.380295 -0.356251 0.010570
0.000000 0.000000 0.000000
0.295724 -0.291639 0.142156
-0.006411 -0.124029 0.200091
0.105466 -0.078503 -0.221160
-0.320031 0.223834 0.124724
0.000000 0.000000 0.000000
-0.389744 0.314811 -0.049679
0.099022 0.000241 -0.222332
0.000000 0.000000 0.000000
0.312779 -0.124029 -0.115602
-0.124640 0.012153 0.227352
0.379015 0.125197 0.018377
0.000000 0.000000 0.000000
0.332733 -0.371041 0.134161
-0.151448 0.094846 -0.222239
0.235905 -0.419950 0.177712
0.000000 0.000000 0.000000
-0.388559 0.230121 -0.063238
0.376675 0.172967 -0.035786
0.000000 0.000000 0.000000
-0.090513 0.257960 0.220925
0.000000 0.000000 0.000000
-0.369192 -0.143708 0.095190
0.282461 -0.214533 -0.173584
0.116516 0.039157 0.215997
0.000000 0.000000 0.000000
0.221731 -0.115772 0.200049
0.000000 0.000000 0.000000
0.000000 0.000000 0.000000
0.023069 -0.155695 -0.229880
0.000000 0.000000 0.000000
0.000000 0.000000 0.000000
0.000000 0.000000 0.000000
-0.303255 0.377996 -0.159652
0.000000 0.000000 0.000000
0.000000 0.000000 0.000000
0.000000 0.000000 0.000000
0.302830 0.203264 0.156022
0.000000 0.000000 0.000000
0.000000 0.000000 0.000000
0.150643 -0.057665 -0.222485
0.000000 0.000000 0.000000
0.000000 0.000000 0.000000
0.000000 0.000000 0.000000
-0.256600 -0.156715 0.168055
0.000000 0.000000 0.000000
-0.175551 0.387971 -0.218357
0.000000 0.000000 0.000000
0.116051 -0.124029 -0.110764
0.000000 0.000000 0.000000
-0.167628 -0.226880 0.204039
-0.266261 -0.179607 -0.166450
-0.181685 -0.459541 0.213236
0.172592 0.334230 -0.205251
0.382928 -0.286620 0.069076
-0.282923 -0.124029 0.089801
0.000000 0.000000 0.000000
-0.179371 0.247812 -0.217131
-0.141004 0.290779 0.211739
0.101310 -0.124029 0.082492
0.000000 0.000000 0.000000
0.000000 0.000000 0.000000
0.000000 0.000000 0.000000
-0.079936 -0.046236 -0.238636
0.397612 0.012760 -0.001415
-0.138281 -0.118121 -0.215387
0.000000 0.000000 0.000000
-0.077119 -0.277835 0.233018
0.000000 0.000000 0.000000
0.381194 -0.142928 -0.008239
0.000000 0.000000 0.000000
0.000000 0.000000 0.000000
0.000000 0.000000 0.000000
-0.301703 0.302350 -0.160788
0.000000 0.000000 0.000000
0.000000 0.000000 0.000000
0.000000 0.000000 0.000000
0.000000 0.000000 0.000000
-0.390232 -0.111739 -0.049326
0.000000 0.000000 0.000000
0.000000 0.000000 0.000000
-0.340865 -0.066692 -0.104486
0.322371 0.171824 -0.124027
0.000000 0.000000 0.000000
0.000000 0.000000 0.000000
0.000000 0.000000 0.000000
0.040367 -0.194680 0.225704
0.357629 -0.226455 -0.110097
0.000000 0.000000 0.000000
0.000000 0.000000 0.000000
-0.170671 0.014274 -0.219921
-0.241116 -0.035744 -0.194475
0.040557 0.154064 -0.240994
0.000000 0.000000 0.000000
-0.255270 -0.461001 0.168710
0.363176 -0.085523 0.066490
0.000000 0.000000 0.000000
0.339716 -0.067103 -0.104556
-0.197381 0.000049 0.208203
0.000000 0.000000 0.000000
0.000000 0.000000 0.000000
0.380943 0.055433 0.046190
0.238407 -0.124029 -0.177060
0.000000 0.000000 0.000000
0.199304 -0.283145 0.207239
0.286197 -0.171116 0.149119
0.000000 0.000000 0.000000
-0.021701 -0.078511 0.239024
0.000000 0.000000 0.000000
0.287266 0.126407 0.148336
-0.227290 0.080000 0.198129
0.000000 0.000000 0.000000
0.000000 0.000000 0.000000
-0.386061 0.103438 0.065030
-0.224060 -0.401756 0.199648
-0.357643 0.036978 -0.082733
0.000000 0.000000 0.000000
0.000000 0.000000 0.000000
-0.388672 -0.017067 -0.001583
0.000000 0.000000 0.000000
0.000000 0.000000 0.000000
0.184770 0.247145 -0.215052
0.000000 0.000000 0.000000
0.371411 0.046061 -0.094624
0.044067 -0.124029 0.150617
0.000000 0.000000 0.000000
0.000000 0.000000 0.000000
-0.319264 0.329901 0.125584
0.248486 0.047064 -0.174668
0.161791 -0.410373 0.219268
0.277119 -0.030286 -0.158906
0.244195 -0.012075 0.173628
0.000000 0.000000 0.000000
-0.372264 -0.236821 0.050660
-0.332248 -0.365473 0.135304
0.359281 -0.428558 0.086476
0.000000 0.000000 0.000000
0.000000 0.000000 0.000000
0.000000 0.000000 0.000000
0.076412 -0.402285 0.223294
0.000000 0.000000 0.000000
0.100344 -0.141410 -0.222092
0.000000 0.000000 0.000000
0.180794 0.175371 0.199468
0.000000 0.000000 0.000000
-0.294763 0.153426 -0.165861
0.000000 0.000000 0.000000
0.000000 0.000000 0.000000
0.000000 0.000000 0.000000
0.000000 0.000000 0.000000
0.000000 0.000000 0.000000
-0.399899 -0.129872 0.021123
0.000000 0.000000 0.000000
-0.053603 0.307457 -0.240287
-0.010780 0.190903 0.239668
-0.203575 0.156940 0.206217
0.000000 0.000000 0.000000
0.000000 0.000000 0.000000
0.000000 0.000000 0.000000
-0.380822 0.359760 0.013973
-0.242018 -0.221559 -0.178389
-0.277737 0.054537 -0.159250
0.000000 0.000000 0.000000
0.331237 -0.091829 0.130131
-0.085633 -0.351752 0.221813
0.321739 -0.192810 -0.124738
0.380962 -0.120602 -0.076114
-0.071645 -0.124179 -0.239220
0.000000 0.000000 0.000000
0.277301 -0.473061 0.155621
-0.054233 0.256592 -0.228101
-0.287387 -0.070812 -0.152196
0.000000 0.000000 0.000000
0.000000 0.000000 0.000000
-0.246680 0.127698 -0.191735
0.400177 -0.187528 -0.015952
0.000000 0.000000 0.000000
-0.376760 -0.187315 -0.041855
0.000000 0.000000 0.000000
0.078505 0.241565 0.235556
0.000000 0.000000 0.000000
0.000000 0.000000 0.000000
-0.378756 -0.333277 0.026548
0.000000 0.000000 0.000000
0.171028 -0.153194 0.202599
0.000000 0.000000 0.000000
-0.316694 -0.018650 0.146675
0.169269 0.145467 -0.206316
-0.253745 -0.219298 0.185103
-0.341322 -0.225699 -0.103974
0.018723 -0.302800 0.226984
-0.381674 0.229652 0.073710
0.000000 0.000000 0.000000
0.000000 0.000000 0.000000
0.277778 0.053913 0.155273
0.000000 0.000000 0.000000
0.000000 0.000000 0.000000
0.118780 -0.451215 0.228221
-0.219755 -0.095939 -0.189353
0.000000 0.000000 0.000000
-0.224944 0.232567 0.199284
-0.284865 0.225376 -0.172931
-0.142217 -0.124029 0.171392
0.000000 0.000000 0.000000
0.375791 -0.232202 -0.041174
0.000000 0.000000 0.000000
0.000000 0.000000 0.000000
-0.011220 -0.124029 -0.203747
-0.089800 0.122238 -0.224208
0.087427 -0.019307 0.221290
0.386436 -0.338984 -0.050494
-0.050206 -0.124029 0.048971
0.000000 0.000000 0.000000
0.000000 0.000000 0.000000
0.218631 0.102657 -0.204196
0.000000 0.000000 0.000000
0.000000 0.000000 0.000000
-0.389856 0.229829 0.000385
0.081581 -0.124029 0.011391
0.397392 0.228117 -0.032919
-0.323190 0.432131 -0.130725
0.000000 0.000000 0.000000
0.033128 0.041205 -0.241434
0.365963 0.046306 0.097595
0.000000 0.000000 0.000000
-0.319428 0.071640 0.144676
0.000000 0.000000 0.000000
-0.017765 0.131738 0.239257
0.000000 0.000000 0.000000
0.000000 0.000000 0.000000
0.014431 -0.427910 0.227239
0.000000 0.000000 0.000000
-0.353287 0.194455 -0.090542
0.309304 0.236708 -0.135380
-0.101036 0.077942 0.231650
0.000000 0.000000 0.000000
-0.307230 -0.442900 0.153595
0.165903 0.007528 -0.221102
-0.124533 0.156725 0.214735
0.000000 0.000000 0.000000
0.141421 0.128691 0.224098
0.160472 -0.249891 -0.222844
0.000000 0.000000 0.000000
0.214894 -0.075759 -0.200087
-0.370851 -0.088956 0.093328
-0.198818 -0.124029 0.031195
0.000000 0.000000 0.000000
0.000000 0.000000 0.000000
-0.300294 0.267935 0.158666
-0.330107 -0.172694 -0.135360
0.263488 -0.231156 0.164126
0.079456 0.074368 0.232041
0.117997 -0.129983 0.228364
0.000000 0.000000 0.000000
0.000000 0.000000 0.000000
-0.344614 -0.329340 0.122772
-0.045373 -0.017215 0.237626
0.000000 0.000000 0.000000
0.243762 -0.501520 0.189487
-0.280837 -0.077367 0.167906
0.283694 -0.378630 0.150948
0.043084 0.204764 0.237698
0.000000 0.000000 0.000000
0.000000 0.000000 0.000000
0.000000 0.000000 0.000000
0.361890 -0.494067 0.102167
-0.071407 -0.220190 0.236089
-0.355936 -0.107215 -0.086111
0.000000 0.000000 0.000000
0.000000 0.000000 0.000000
-0.257339 0.271115 -0.186485
0.000000 0.000000 0.000000
0.156903 -0.238128 0.207129
0.318639 0.104597 -0.128217
-0.204535 -0.346504 0.205909
-0.155363 -0.383922 0.217112
-0.352682 -0.013845 -0.116866
0.000000 0.000000 0.000000
0.000000 0.000000 0.000000
0.058781 -0.206785 -0.227768
0.213412 0.127965 0.193152
-0.361254 -0.204870 0.091352
0.000000 0.000000 0.000000
-0.322597 0.164423 0.142360
0.000000 0.000000 0.000000
0.000000 0.000000 0.000000
0.397983 -0.115148 0.026172
0.353387 -0.316746 -0.089000
0.000000 0.000000 0.000000
-0.277106 -0.124029 0.034230
0.000000 0.000000 0.000000
0.000000 0.000000 0.000000
0.000000 0.000000 0.000000
0.000000 0.000000 0.000000
-0.107908 0.263703 -0.220913
0.017302 0.295648 -0.230221
-0.017207 -0.196429 -0.242440
0.080965 -0.042743 -0.233780
0.000000 0.000000 0.000000
0.000000 0.000000 0.000000
-0.400961 0.123331 0.014655
-0.151980 -0.184297 -0.216838
0.371568 0.187963 -0.094447
-0.275378 -0.128527 -0.160974
-0.272093 0.342665 -0.179220
0.199420 -0.369860 0.207203
0.000000 0.000000 0.000000
-0.346111 -0.023890 0.095447
0.000000 0.000000 0.000000
0.000000 0.000000 0.000000
0.324614 -0.164726 0.118357
0.000000 0.000000 0.000000
0.000000 0.000000 0.000000
0.000000 0.000000 0.000000
-0.006017 -0.175835 0.239950
0.000000 0.000000 0.000000
0.345777 -0.000444 0.120253
0.000000 0.000000 0.000000
0.000000 0.000000 0.000000
0.000000 0.000000 0.000000
-0.002192 -0.480963 0.231131
0.008339 0.056757 0.239748
0.372365 -0.381322 0.048322
-0.195860 0.315623 0.194985
0.367269 -0.203284 0.089890
-0.300093 -0.223413 -0.161965
0.000000 0.000000 0.000000
0.387323 0.041534 -0.044906
0.000000 0.000000 0.000000
-0.399852 -0.278162 0.021411
0.188797 -0.170228 -0.200053
-0.006588 -0.124029 -0.066667
0.000000 0.000000 0.000000
0.000000 0.000000 0.000000
0.349354 -0.271151 0.090583
-0.020874 0.031415 -0.230074
0.360614 0.099257 0.071559
0.000000 0.000000 0.000000
0.140413 -0.012372 0.211648
-0.361973 0.393521 -0.074168
0.050843 0.352213 -0.240386
0.000000 0.000000 0.000000
-0.328006 0.181517 -0.129465
0.000000 0.000000 0.000000
0.000000 0.000000 0.000000
0.000000 0.000000 0.000000
0.385081 -0.052033 0.041419
0.000000 0.000000 0.000000
0.388289 -0.063739 -0.061623
-0.350536 -0.259179 0.116127
0.000000 0.000000 0.000000
0.000000 0.000000 0.000000
0.000000 0.000000 0.000000
0.221594 0.275105 -0.203246
0.402141 -0.292231 0.000839
0.000000 0.000000 0.000000
0.282372 0.025029 -0.168640
0.020345 -0.044654 0.226888
0.159687 0.197488 -0.223095
-0.358094 0.158465 0.078691
-0.218665 -0.124029 0.092089
0.124203 -0.124029 -0.027223
0.000000 0.000000 0.000000
0.165779 -0.124029 0.025853
-0.339694 -0.141523 -0.105801
0.370776 0.124238 -0.054616
0.327642 -0.124029 -0.064902
0.050374 -0.359928 0.225113
0.004453 0.183568 -0.237811
0.179393 -0.124029 0.142648
0.000000 0.000000 0.000000
0.000000 0.000000 0.000000
0.000000 0.000000 0.000000
0.060280 -0.107394 -0.239828
0.172498 -0.124029 -0.124651
0.298168 0.288804 -0.162583
-0.145047 -0.031107 0.211003
-0.238550 0.175460 0.192584
0.000000 0.000000 0.000000
0.000000 0.000000 0.000000
-0.382269 0.091967 -0.075679
-0.082631 0.204366 0.230138
0.000000 0.000000 0.000000
-0.185794 0.158084 -0.215071
0.389544 -0.403196 -0.048935
0.000000 0.000000 0.000000
-0.047417 -0.504239 0.225351
0.400418 -0.398658 0.011338
0.000000 0.000000 0.000000
-0.203404 -0.001851 -0.195718
0.000000 0.000000 0.000000
0.000000 0.000000 0.000000
-0.202294 0.366785 -0.196074
-0.384702 -0.226501 -0.070866
0.000000 0.000000 0.000000
-0.284647 0.338955 0.169886
0.000000 0.000000 0.000000
-0.372543 -0.014452 0.050106
-0.080864 -0.124029 0.207921
0.000000 0.000000 0.000000
-0.398040 0.186270 -0.003083
-0.354622 0.303314 -0.088711
-0.181547 0.303830 -0.216433
0.000000 0.000000 0.000000
0.196195 0.073643 0.208237
0.000000 0.000000 0.000000
0.000000 0.000000 0.000000
0.000000 0.000000 0.000000
0.000000 0.000000 0.000000
0.000000 0.000000 0.000000
-0.297280 -0.236078 0.160869
0.000000 0.000000 0.000000
0.095308 -0.124029 -0.163883
-0.014055 0.140102 -0.242627
0.397166 -0.173252 0.031148
0.000000 0.000000 0.000000
0.226160 0.042937 0.182511
0.036261 -0.133835 0.238100
0.328357 -0.124029 0.061878
0.000000 0.000000 0.000000
0.000000 0.000000 0.000000
0.000000 0.000000 0.000000
-0.362430 0.197847 0.102779
0.000000 0.000000 0.000000
0.240992 -0.260386 -0.194004
-0.145677 -0.003619 -0.226672
0.000000 0.000000 0.000000
0.000000 0.000000 0.000000
0.000000 0.000000 0.000000
0.000000 0.000000 0.000000
0.046876 -0.072970 -0.240620
0.000000 0.000000 0.000000
0.000000 0.000000 0.000000
0.395282 -0.238618 0.000969
-0.239409 -0.004277 0.176522
-0.318555 -0.132259 0.145315
0.000000 0.000000 0.000000
0.000000 0.000000 0.000000
0.150234 -0.505737 0.209268
-0.052143 0.363621 -0.240374
0.215998 -0.161750 0.197347
0.000000 0.000000 0.000000
-0.226675 -0.114297 0.198432
0.000000 0.000000 0.000000
-0.026266 -0.035474 -0.241904
0.000000 0.000000 0.000000
0.084196 0.218150 -0.237665
-0.057494 -0.124029 -0.179877
0.360744 -0.146694 -0.106600
-0.201132 -0.062516 0.207000
0.382090 0.070926 -0.000371
0.333692 0.135956 0.133460
0.000000 0.000000 0.000000
0.000000 0.000000 0.000000
-0.149545 -0.487690 0.218936
0.198814 -0.412110 0.193689
-0.323873 -0.124029 0.055871
0.000000 0.000000 0.000000
-0.374348 -0.050236 -0.091345
-0.267627 0.161381 0.162624
-0.398823 0.023539 -0.030816
0.000000 0.000000 0.000000
0.000000 0.000000 0.000000
0.000000 0.000000 0.000000
0.325890 -0.015956 -0.135568
0.268043 -0.124029 -0.090266
-0.363082 -0.347897 0.085671
0.000000 0.000000 0.000000
0.000000 0.000000 0.000000
-0.125528 0.152584 -0.230338
-0.043173 -0.124029 0.099475
0.000000 0.000000 0.000000
0.000000 0.000000 0.000000
0.000000 0.000000 0.000000
-0.056925 -0.387935 0.236944
0.231104 -0.251180 0.195720
-0.125660 -0.124029 -0.106571
0.000000 0.000000 0.000000
0.000000 0.000000 0.000000
0.258733 -0.163584 0.182115
-0.120505 -0.070373 -0.231252
