0.000000 0.000000 0.000000
0.000000 0.000000 0.000000
-0.124163 0.355388 0.568847
0.000000 0.000000 0.000000
0.437441 0.669348 0.187930
0.000000 0.000000 0.000000
0.000000 0.000000 0.000000
0.000000 0.000000 0.000000
0.000000 0.000000 0.000000
0.000000 0.000000 0.000000
0.426372 0.505259 0.568847
0.000000 0.000000 0.000000
0.000000 0.000000 0.000000
0.000000 0.000000 0.000000
0.000000 0.000000 0.000000
0.026125 0.669348 0.449038
0.000000 0.000000 0.000000
0.000000 0.000000 0.000000
0.000000 0.000000 0.000000
0.000000 0.000000 0.000000
0.000000 0.000000 0.000000
0.466854 0.225532 0.435237
-0.338922 0.062607 0.568847
0.000000 0.000000 0.000000
0.446533 0.432478 0.050721
0.141497 0.128317 0.568847
0.000000 0.000000 0.000000
0.000000 0.000000 0.000000
0.000000 0.000000 0.000000
0.000000 0.000000 0.000000
0.000000 0.000000 0.000000
0.000000 0.000000 0.000000
0.333037 0.669348 0.561640
0.000000 0.000000 0.000000
0.118232 0.669348 0.151480
0.000000 0.000000 0.000000
0.000000 0.000000 0.000000
0.000000 0.000000 0.000000
0.491743 0.529259 0.362677
0.176998 0.532345 0.568847
0.000000 0.000000 0.000000
0.318372 0.285221 0.568847
-0.214396 0.016801 0.568847
0.000000 0.000000 0.000000
0.000000 0.000000 0.000000
0.000000 0.000000 0.000000
0.000000 0.000000 0.000000
0.000000 0.000000 0.000000
0.267847 0.569145 0.050721
0.000000 0.000000 0.000000
0.000000 0.000000 0.000000
0.000000 0.000000 0.000000
0.000000 0.000000 0.000000
-0.100856 0.551543 0.568847
0.000000 0.000000 0.000000
0.000000 0.000000 0.000000
0.000000 0.000000 0.000000
0.245979 0.669348 0.326728
0.000000 0.000000 0.000000
0.452449 0.669348 0.533813
0.000000 0.000000 0.000000
0.000000 0.000000 0.000000
0.000000 0.000000 0.000000
0.000000 0.000000 0.000000
0.000000 0.000000 0.000000
0.000000 0.000000 0.000000
0.000000 0.000000 0.000000
0.478341 0.365704 0.277500
0.000000 0.000000 0.000000
0.000000 0.000000 0.000000
0.000000 0.000000 0.000000
0.000000 0.000000 0.000000
0.000000 0.000000 0.000000
-0.014960 0.016944 0.568847
0.000000 0.000000 0.000000
0.000000 0.000000 0.000000
0.000000 0.000000 0.000000
0.097242 0.315086 0.568847
0.000000 0.000000 0.000000
-0.240742 0.233472 0.568847
0.356407 0.087257 0.568847
0.000000 0.000000 0.000000
0.000000 0.000000 0.000000
0.326299 0.669348 0.363761
0.000000 0.000000 0.000000
0.000000 0.000000 0.000000
0.000000 0.000000 0.000000
0.000000 0.000000 0.000000
0.000000 0.000000 0.000000
0.000000 0.000000 0.000000
0.000000 0.000000 0.000000
0.489168 0.497829 0.225553
0.000000 0.000000 0.000000
0.000000 0.000000 0.000000
0.000000 0.000000 0.000000
0.000000 0.000000 0.000000
0.159776 0.669348 0.516193
0.000000 0.000000 0.000000
0.000000 0.000000 0.000000
0.479890 0.384608 0.471631
0.000000 0.000000 0.000000
0.000000 0.000000 0.000000
0.000000 0.000000 0.000000
0.000000 0.000000 0.000000
0.000000 0.000000 0.000000
0.000000 0.000000 0.000000
0.000000 0.000000 0.000000
0.000000 0.000000 0.000000
0.000000 0.000000 0.000000
0.000000 0.000000 0.000000
0.000000 0.000000 0.000000
0.000000 0.000000 0.000000
0.000000 0.000000 0.000000
0.000000 0.000000 0.000000
0.183328 0.441486 0.050721
0.000000 0.000000 0.000000
0.440159 0.074880 0.568847
0.494606 0.564193 0.058165
0.103194 0.669348 0.304996
0.000000 0.000000 0.000000
0.000000 0.000000 0.000000
0.000000 0.000000 0.000000
0.000000 0.000000 0.000000
0.000000 0.000000 0.000000
0.000000 0.000000 0.000000
-0.074196 0.166418 0.568847
0.000000 0.000000 0.000000
0.000000 0.000000 0.000000
0.000000 0.000000 0.000000
0.000000 0.000000 0.000000
0.013437 0.439474 0.568847
0.000000 0.000000 0.000000
0.000000 0.000000 0.000000
0.000000 0.000000 0.000000
0.000000 0.000000 0.000000
0.000000 0.000000 0.000000
0.000000 0.000000 0.000000
0.000000 0.000000 0.000000
0.000000 0.000000 0.000000
0.000000 0.000000 0.000000
0.000000 0.000000 0.000000
0.000000 0.000000 0.000000
0.397654 0.661139 0.050721
0.000000 0.000000 0.000000
0.000000 0.000000 0.000000
0.283183 -0.037164 0.568847
0.000000 0.000000 0.000000
0.000000 0.000000 0.000000
0.343196 0.479409 0.050721
0.465495 0.267151 0.568847
0.493283 0.548063 0.448397
0.000000 0.000000 0.000000
0.000000 0.000000 0.000000
0.449659 0.345882 0.050721
0.291154 0.434070 0.568847
0.000000 0.000000 0.000000
0.000000 0.000000 0.000000
0.047232 0.634525 0.568847
0.000000 0.000000 0.000000
0.484834 0.657645 0.315200
0.259267 0.669348 0.176019
0.000000 0.000000 0.000000
0.000000 0.000000 0.000000
0.000000 0.000000 0.000000
-0.040206 0.253009 0.568847
0.000000 0.000000 0.000000
0.000000 0.000000 0.000000
0.000000 0.000000 0.000000
0.000000 0.000000 0.000000
0.000000 0.000000 0.000000
0.000000 0.000000 0.000000
0.000000 0.000000 0.000000
0.000000 0.000000 0.000000
0.000000 0.000000 0.000000
0.000000 0.000000 0.000000
0.000000 0.000000 0.000000
0.000000 0.000000 0.000000
-0.249617 0.372064 0.568847
0.265526 0.669348 0.104416
0.000000 0.000000 0.000000
0.000000 0.000000 0.000000
0.000000 0.000000 0.000000
0.227657 0.217205 0.568847
0.000000 0.000000 0.000000
0.476290 0.340670 0.362483
0.000000 0.000000 0.000000
0.000000 0.000000 0.000000
0.000000 0.000000 0.000000
0.000000 0.000000 0.000000
0.000000 0.000000 0.000000
0.000000 0.000000 0.000000
0.000000 0.000000 0.000000
0.091343 0.247719 0.568847
0.000000 0.000000 0.000000
0.000000 0.000000 0.000000
0.200297 0.397684 0.568847
0.000000 0.000000 0.000000
0.086542 0.349905 0.050721
0.000000 0.000000 0.000000
0.000000 0.000000 0.000000
0.267913 0.347218 0.050721
0.000000 0.000000 0.000000
0.000000 0.000000 0.000000
0.000000 0.000000 0.000000
-0.307088 0.152049 0.568847
0.000000 0.000000 0.000000
0.000000 0.000000 0.000000
0.000000 0.000000 0.000000
0.000000 0.000000 0.000000
0.205801 0.669348 0.432635
0.000000 0.000000 0.000000
0.000000 0.000000 0.000000
0.000000 0.000000 0.000000
0.000000 0.000000 0.000000
0.000000 0.000000 0.000000
0.000000 0.000000 0.000000
0.000000 0.000000 0.000000
0.320027 0.565374 0.568847
0.000000 0.000000 0.000000
0.442786 0.593131 0.568847
0.000000 0.000000 0.000000
0.000000 0.000000 0.000000
0.000000 0.000000 0.000000
0.000000 0.000000 0.000000
0.000000 0.000000 0.000000
0.000000 0.000000 0.000000
0.000000 0.000000 0.000000
0.000000 0.000000 0.000000
0.000000 0.000000 0.000000
0.471568 0.283049 0.197847
0.190060 0.057241 0.568847
0.000000 0.000000 0.000000
0.000000 0.000000 0.000000
0.000000 0.000000 0.000000
0.000000 0.000000 0.000000
0.000000 0.000000 0.000000
0.000000 0.000000 0.000000
0.000000 0.000000 0.000000
0.000000 0.000000 0.000000
0.000000 0.000000 0.000000
0.000000 0.000000 0.000000
0.000000 0.000000 0.000000
0.175565 0.547170 0.050721
0.401497 0.002829 0.568847
0.000000 0.000000 0.000000
0.000000 0.000000 0.000000
0.408772 0.505478 0.050721
0.000000 0.000000 0.000000
-0.181316 0.215142 0.568847
0.482823 0.659461 0.422404
0.000000 0.000000 0.000000
0.000000 0.000000 0.000000
0.497707 0.602043 0.176526
0.000000 0.000000 0.000000
0.000000 0.000000 0.000000
0.000000 0.000000 0.000000
0.354887 0.669348 0.487481
0.000000 0.000000 0.000000
-0.047692 0.451920 0.568847
0.000000 0.000000 0.000000
0.000000 0.000000 0.000000
0.000000 0.000000 0.000000
0.000000 0.000000 0.000000
0.000000 0.000000 0.000000
0.000000 0.000000 0.000000
0.464159 0.192640 0.525437
0.000000 0.000000 0.000000
0.000000 0.000000 0.000000
0.000000 0.000000 0.000000
0.470660 0.666358 0.076889
0.082871 0.504505 0.568847
0.000000 0.000000 0.000000
0.000000 0.000000 0.000000
0.000000 0.000000 0.000000
0.000000 0.000000 0.000000
0.000000 0.000000 0.000000
-0.122415 0.071555 0.568847
0.000000 0.000000 0.000000
0.000000 0.000000 0.000000
0.390810 0.419951 0.568847
0.000000 0.000000 0.000000
0.000000 0.000000 0.000000
0.000000 0.000000 0.000000
0.000000 0.000000 0.000000
0.000000 0.000000 0.000000
0.373127 0.173769 0.568847
0.000000 0.000000 0.000000
0.000000 0.000000 0.000000
0.000000 0.000000 0.000000
0.000000 0.000000 0.000000
0.000000 0.000000 0.000000
0.000000 0.000000 0.000000
0.000000 0.000000 0.000000
0.000000 0.000000 0.000000
0.000000 0.000000 0.000000
0.000000 0.000000 0.000000
0.461049 0.154691 0.414001
0.000000 0.000000 0.000000
0.000000 0.000000 0.000000
0.000000 0.000000 0.000000
0.482543 0.416990 0.128389
0.000000 0.000000 0.000000
0.000000 0.000000 0.000000
0.484610 0.442218 0.457047
0.000000 0.000000 0.000000
0.000000 0.000000 0.000000
0.000000 0.000000 0.000000
0.000000 0.000000 0.000000
0.000000 0.000000 0.000000
0.000000 0.000000 0.000000
0.470803 0.273723 0.293054
0.000000 0.000000 0.000000
0.000000 0.000000 0.000000
0.000000 0.000000 0.000000
0.000000 0.000000 0.000000
0.000000 0.000000 0.000000
0.000000 0.000000 0.000000
0.000000 0.000000 0.000000
0.000000 0.000000 0.000000
0.000000 0.000000 0.000000
0.000000 0.000000 0.000000
0.000000 0.000000 0.000000
0.235816 0.354172 0.568847
0.214843 0.625142 0.568847
0.000000 0.000000 0.000000
0.000000 0.000000 0.000000
0.000000 0.000000 0.000000
0.014458 0.118088 0.568847
-0.002408 0.326472 0.568847
0.497000 0.593410 0.231278
0.000000 0.000000 0.000000
0.000000 0.000000 0.000000
0.000000 0.000000 0.000000
0.483119 0.424019 0.565360
0.000000 0.000000 0.000000
0.000000 0.000000 0.000000
0.106946 0.034580 0.568847
0.000000 0.000000 0.000000
0.000000 0.000000 0.000000
0.000000 0.000000 0.000000
0.000000 0.000000 0.000000
0.000000 0.000000 0.000000
0.000000 0.000000 0.000000
0.481648 0.406064 0.189721
0.108723 0.509143 0.050721
0.000000 0.000000 0.000000
0.000000 0.000000 0.000000
0.268262 0.123766 0.568847
0.000000 0.000000 0.000000
0.000000 0.000000 0.000000
0.252518 0.669348 0.516381
0.000000 0.000000 0.000000
0.317244 0.669348 0.254040
0.000000 0.000000 0.000000
0.000000 0.000000 0.000000
0.000000 0.000000 0.000000
0.000000 0.000000 0.000000
0.000000 0.000000 0.000000
0.489142 0.497529 0.087826
0.009164 0.382206 0.050721
-0.200636 0.126639 0.568847
0.062849 0.395604 0.568847
0.000000 0.000000 0.000000
0.000000 0.000000 0.000000
0.000000 0.000000 0.000000
0.000000 0.000000 0.000000
0.000000 0.000000 0.000000
0.261144 0.669348 0.399656
0.000000 0.000000 0.000000
0.363126 0.391647 0.050721
0.000000 0.000000 0.000000
0.000000 0.000000 0.000000
0.000000 0.000000 0.000000
0.000000 0.000000 0.000000
0.000000 0.000000 0.000000
0.000000 0.000000 0.000000
0.000000 0.000000 0.000000
0.000000 0.000000 0.000000
0.000000 0.000000 0.000000
0.175460 0.341954 0.050721
0.000000 0.000000 0.000000
0.403559 0.247444 0.568847
0.000000 0.000000 0.000000
0.000000 0.000000 0.000000
0.086307 0.669348 0.402961
0.000000 0.000000 0.000000
-0.036823 0.606923 0.568847
0.470684 0.272270 0.095506
0.000000 0.000000 0.000000
0.000000 0.000000 0.000000
0.409329 0.669348 0.314447
0.000000 0.000000 0.000000
0.484708 0.443416 0.348035
0.259762 0.493933 0.568847
0.000000 0.000000 0.000000
0.342316 0.669348 0.168825
0.000000 0.000000 0.000000
0.000000 0.000000 0.000000
0.000000 0.000000 0.000000
0.000000 0.000000 0.000000
0.000000 0.000000 0.000000
0.000000 0.000000 0.000000
0.499333 0.625756 0.501899
0.000000 0.000000 0.000000
0.000000 0.000000 0.000000
0.000000 0.000000 0.000000
0.000000 0.000000 0.000000
0.036056 0.210657 0.568847
-0.125472 0.261090 0.568847
0.000000 0.000000 0.000000
0.000000 0.000000 0.000000
0.000000 0.000000 0.000000
0.000000 0.000000 0.000000
0.000000 0.000000 0.000000
0.000000 0.000000 0.000000
0.173391 0.669348 0.374580
0.000000 0.000000 0.000000
0.000000 0.000000 0.000000
0.000000 0.000000 0.000000
-0.188346 0.419270 0.568847
0.000000 0.000000 0.000000
0.000000 0.000000 0.000000
0.000000 0.000000 0.000000
0.000000 0.000000 0.000000
0.000000 0.000000 0.000000
0.000000 0.000000 0.000000
0.000000 0.000000 0.000000
0.000000 0.000000 0.000000
0.000000 0.000000 0.000000
0.000000 0.000000 0.000000
0.000000 0.000000 0.000000
0.000000 0.000000 0.000000
-0.313561 0.239193 0.568847
0.000000 0.000000 0.000000
0.000000 0.000000 0.000000
0.000000 0.000000 0.000000
0.000000 0.000000 0.000000
0.000000 0.000000 0.000000
0.000000 0.000000 0.000000
0.000000 0.000000 0.000000
0.000000 0.000000 0.000000
0.277984 0.625687 0.568847
0.000000 0.000000 0.000000
0.000000 0.000000 0.000000
0.000000 0.000000 0.000000
0.457345 0.109482 0.514426
0.000000 0.000000 0.000000
0.254114 0.485976 0.050721
0.000000 0.000000 0.000000
0.000000 0.000000 0.000000
0.372861 0.338668 0.568847
-0.207305 0.301695 0.568847
0.129333 0.438267 0.568847
0.000000 0.000000 0.000000
0.000000 0.000000 0.000000
0.000000 0.000000 0.000000
0.000000 0.000000 0.000000
0.000000 0.000000 0.000000
-0.006067 0.521456 0.568847
0.000000 0.000000 0.000000
0.000000 0.000000 0.000000
0.407425 0.669348 0.397091
0.173680 0.306003 0.568847
0.000000 0.000000 0.000000
0.000000 0.000000 0.000000
0.000000 0.000000 0.000000
0.000000 0.000000 0.000000
0.000000 0.000000 0.000000
-0.057968 0.084655 0.568847
0.000000 0.000000 0.000000
0.000000 0.000000 0.000000
0.000000 0.000000 0.000000
0.345337 0.560075 0.050721
0.000000 0.000000 0.000000
0.000000 0.000000 0.000000
0.141273 0.632847 0.568847
0.000000 0.000000 0.000000
0.000000 0.000000 0.000000
0.301837 0.640238 0.050721
0.000000 0.000000 0.000000
0.115264 0.669348 0.467515
0.000000 0.000000 0.000000
0.459860 0.343662 0.568847
0.197799 0.669348 0.164662
0.007123 0.669348 0.526715
0.000000 0.000000 0.000000
0.000000 0.000000 0.000000
0.000000 0.000000 0.000000
0.000000 0.000000 0.000000
0.000000 0.000000 0.000000
0.000000 0.000000 0.000000
0.000000 0.000000 0.000000
0.465027 0.203227 0.359242
0.000000 0.000000 0.000000
0.000000 0.000000 0.000000
0.474735 0.321703 0.503950
0.000000 0.000000 0.000000
0.000000 0.000000 0.000000
0.000000 0.000000 0.000000
0.382997 0.669348 0.250952
0.000000 0.000000 0.000000
0.000000 0.000000 0.000000
0.000000 0.000000 0.000000
0.000000 0.000000 0.000000
0.000000 0.000000 0.000000
0.000000 0.000000 0.000000
0.000000 0.000000 0.000000
0.265899 0.048163 0.568847
0.000000 0.000000 0.000000
0.000000 0.000000 0.000000
0.000000 0.000000 0.000000
0.000000 0.000000 0.000000
0.000000 0.000000 0.000000
0.449223 0.010361 0.492735
0.000000 0.000000 0.000000
0.117329 0.669348 0.230159
0.000000 0.000000 0.000000
0.490333 0.512054 0.148686
0.000000 0.000000 0.000000
0.000000 0.000000 0.000000
0.000000 0.000000 0.000000
0.000000 0.000000 0.000000
0.470208 0.266453 0.370232
-0.352625 0.114317 0.568847
0.000000 0.000000 0.000000
0.492446 0.537839 0.552804
0.496408 0.586187 0.314042
0.000000 0.000000 0.000000
0.000000 0.000000 0.000000
0.000000 0.000000 0.000000
0.000000 0.000000 0.000000
0.000000 0.000000 0.000000
0.000000 0.000000 0.000000
0.000000 0.000000 0.000000
0.000000 0.000000 0.000000
0.000000 0.000000 0.000000
0.000000 0.000000 0.000000
0.000000 0.000000 0.000000
0.000000 0.000000 0.000000
0.000000 0.000000 0.000000
0.000000 0.000000 0.000000
-0.048977 0.371695 0.568847
0.000000 0.000000 0.000000
0.285159 0.411081 0.050721
0.000000 0.000000 0.000000
0.000000 0.000000 0.000000
0.000000 0.000000 0.000000
0.157818 0.209906 0.568847
0.000000 0.000000 0.000000
0.000000 0.000000 0.000000
-0.146172 0.156022 0.568847
0.000000 0.000000 0.000000
0.000000 0.000000 0.000000
0.497050 0.594024 0.105718
0.000000 0.000000 0.000000
0.466168 0.217153 0.271246
0.000000 0.000000 0.000000
0.000000 0.000000 0.000000
0.000000 0.000000 0.000000
0.000000 0.000000 0.000000
0.498714 0.614325 0.377157
0.068197 0.669348 0.525808
0.000000 0.000000 0.000000
0.000000 0.000000 0.000000
0.000000 0.000000 0.000000
0.000000 0.000000 0.000000
0.000000 0.000000 0.000000
0.000000 0.000000 0.000000
0.000000 0.000000 0.000000
0.100694 0.439488 0.050721
0.000000 0.000000 0.000000
0.000000 0.000000 0.000000
0.331483 0.014214 0.568847
0.476873 0.347789 0.117773
0.000000 0.000000 0.000000
0.000000 0.000000 0.000000
0.000000 0.000000 0.000000
-0.277690 0.091374 0.568847
0.000000 0.000000 0.000000
0.000000 0.000000 0.000000
0.000000 0.000000 0.000000
0.000000 0.000000 0.000000
0.000000 0.000000 0.000000
0.000000 0.000000 0.000000
0.222328 0.650547 0.050721
0.000000 0.000000 0.000000
0.247155 0.288175 0.568847
0.000000 0.000000 0.000000
0.000000 0.000000 0.000000
0.000000 0.000000 0.000000
0.000000 0.000000 0.000000
0.000000 0.000000 0.000000
0.000000 0.000000 0.000000
0.000000 0.000000 0.000000
0.000000 0.000000 0.000000
0.000000 0.000000 0.000000
0.000000 0.000000 0.000000
0.484224 0.437493 0.279853
0.000000 0.000000 0.000000
0.000000 0.000000 0.000000
0.000000 0.000000 0.000000
0.000000 0.000000 0.000000
0.421796 0.669348 0.448713
0.000000 0.000000 0.000000
0.000000 0.000000 0.000000
0.000000 0.000000 0.000000
0.000000 0.000000 0.000000
0.000000 0.000000 0.000000
0.000000 0.000000 0.000000
0.000000 0.000000 0.000000
0.000000 0.000000 0.000000
0.000000 0.000000 0.000000
0.000000 0.000000 0.000000
0.383059 0.669348 0.133512
0.000000 0.000000 0.000000
0.000000 0.000000 0.000000
0.294757 0.214888 0.568847
0.000000 0.000000 0.000000
0.000000 0.000000 0.000000
0.000000 0.000000 0.000000
0.490567 0.514900 0.297807
0.000000 0.000000 0.000000
0.000000 0.000000 0.000000
0.000000 0.000000 0.000000
0.000000 0.000000 0.000000
0.000000 0.000000 0.000000
0.000000 0.000000 0.000000
0.264805 0.669348 0.245883
0.000000 0.000000 0.000000
0.000000 0.000000 0.000000
-0.066617 0.304605 0.568847
0.000000 0.000000 0.000000
0.000000 0.000000 0.000000
0.467370 0.231823 0.147712
0.000000 0.000000 0.000000
0.448268 0.669348 0.257530
0.000000 0.000000 0.000000
0.300363 0.373429 0.568847
0.000000 0.000000 0.000000
0.000000 0.000000 0.000000
0.187264 0.494715 0.050721
0.000000 0.000000 0.000000
0.338829 0.476976 0.568847
0.477869 0.662935 0.136976
0.000000 0.000000 0.000000
0.000000 0.000000 0.000000
0.000000 0.000000 0.000000
0.000000 0.000000 0.000000
0.000000 0.000000 0.000000
0.000000 0.000000 0.000000
0.000000 0.000000 0.000000
0.000000 0.000000 0.000000
0.000000 0.000000 0.000000
0.000000 0.000000 0.000000
-0.082313 0.014051 0.568847
0.000000 0.000000 0.000000
0.208479 0.597800 0.050721
-0.253797 0.175835 0.568847
0.000000 0.000000 0.000000
0.000000 0.000000 0.000000
0.000000 0.000000 0.000000
0.000000 0.000000 0.000000
0.000000 0.000000 0.000000
0.359552 0.611682 0.568847
0.000000 0.000000 0.000000
0.218572 0.000211 0.568847
0.000000 0.000000 0.000000
0.000000 0.000000 0.000000
0.000000 0.000000 0.000000
0.370975 0.335709 0.050721
0.000000 0.000000 0.000000
0.487987 0.637742 0.568847
0.000000 0.000000 0.000000
0.000000 0.000000 0.000000
0.000000 0.000000 0.000000
0.000000 0.000000 0.000000
0.000000 0.000000 0.000000
0.000000 0.000000 0.000000
0.000000 0.000000 0.000000
0.128165 0.391455 0.050721
0.000000 0.000000 0.000000
-0.380477 0.171135 0.568847
0.000000 0.000000 0.000000
0.037112 0.565008 0.568847
0.298083 0.669348 0.475135
0.000000 0.000000 0.000000
0.000000 0.000000 0.000000
-0.144281 0.506832 0.568847
0.333737 0.669348 0.425642
0.000000 0.000000 0.000000
0.000000 0.000000 0.000000
0.000000 0.000000 0.000000
0.000000 0.000000 0.000000
0.478732 0.370485 0.416632
0.086920 0.093090 0.568847
0.000000 0.000000 0.000000
0.000000 0.000000 0.000000
0.000000 0.000000 0.000000
0.000000 0.000000 0.000000
0.000000 0.000000 0.000000
0.000000 0.000000 0.000000
0.000000 0.000000 0.000000
0.000000 0.000000 0.000000
0.000000 0.000000 0.000000
0.000000 0.000000 0.000000
0.000000 0.000000 0.000000
0.000000 0.000000 0.000000
0.000000 0.000000 0.000000
0.000000 0.000000 0.000000
-0.174247 0.063074 0.568847
0.198016 0.151664 0.568847
0.000000 0.000000 0.000000
0.000000 0.000000 0.000000
0.000000 0.000000 0.000000
0.000000 0.000000 0.000000
0.000000 0.000000 0.000000
0.000000 0.000000 0.000000
