0.000000 0.000000 0.000000
-0.305354 0.638014 0.501891
0.262777 0.638014 0.165401
0.000000 0.000000 0.000000
0.000000 0.000000 0.000000
0.000000 0.000000 0.000000
0.000000 0.000000 0.000000
0.000000 0.000000 0.000000
0.194759 0.474020 0.617185
-0.383428 0.193642 0.353442
0.000000 0.000000 0.000000
0.000000 0.000000 0.000000
-0.148818 -0.015236 0.617185
0.395961 0.208500 0.295389
-0.018638 0.638014 -0.157926
0.000000 0.000000 0.000000
0.000000 0.000000 0.000000
0.000000 0.000000 0.000000
0.000000 0.000000 0.000000
0.000000 0.000000 0.000000
-0.406693 0.623699 0.076961
-0.148943 0.419418 0.617185
0.000000 0.000000 0.000000
0.011991 0.638014 0.555732
0.000000 0.000000 0.000000
0.000000 0.000000 0.000000
0.395961 0.507697 0.441098
-0.079861 0.638014 0.204364
0.000000 0.000000 0.000000
0.262318 0.638014 -0.177739
0.000000 0.000000 0.000000
0.395961 0.393794 0.142047
0.221255 0.164900 0.617185
-0.377611 0.423759 0.402631
0.000000 0.000000 0.000000
0.000000 0.000000 0.000000
0.102313 0.243096 0.617185
0.000000 0.000000 0.000000
0.000000 0.000000 0.000000
0.000000 0.000000 0.000000
0.000000 0.000000 0.000000
0.000000 0.000000 0.000000
0.395961 0.338098 0.511715
0.000000 0.000000 0.000000
0.000000 0.000000 0.000000
0.395961 -0.009108 0.493113
-0.339463 0.141300 0.617185
-0.167183 0.638014 -0.368098
0.000000 0.000000 0.000000
0.000000 0.000000 0.000000
-0.325831 0.638014 -0.107953
0.097904 -0.061137 0.617185
0.000000 0.000000 0.000000
-0.087683 0.442466 0.617185
0.248532 0.614748 0.444859
0.000000 0.000000 0.000000
0.395961 0.587216 -0.354632
0.000000 0.000000 0.000000
0.000000 0.000000 0.000000
0.000000 0.000000 0.000000
0.000000 0.000000 0.000000
-0.296678 0.638014 0.259491
0.000000 0.000000 0.000000
-0.377612 0.538129 -0.100878
0.000000 0.000000 0.000000
-0.377612 0.359574 0.155649
0.000000 0.000000 0.000000
0.307133 0.638014 0.069471
-0.183990 0.614748 0.097874
0.000000 0.000000 0.000000
0.334341 0.563842 0.617185
0.000000 0.000000 0.000000
0.097567 0.638014 0.047488
0.000000 0.000000 0.000000
0.000000 0.000000 0.000000
0.000000 0.000000 0.000000
0.163769 0.147507 0.617185
0.000000 0.000000 0.000000
0.000000 0.000000 0.000000
-0.352574 0.355409 0.617185
-0.201495 0.618034 0.640449
0.395961 0.322454 0.003467
0.000000 0.000000 0.000000
0.058849 0.638014 0.356070
0.000000 0.000000 0.000000
0.395961 0.617190 0.342560
0.189577 0.638014 -0.160307
0.000000 0.000000 0.000000
0.000000 0.000000 0.000000
0.000000 0.000000 0.000000
0.000000 0.000000 0.000000
-0.119275 0.198331 0.617185
0.211822 0.638014 0.640367
-0.145589 0.638014 0.442067
0.395961 0.079750 0.596185
0.098541 0.638014 -0.266627
0.000000 0.000000 0.000000
0.000000 0.000000 0.000000
-0.377612 0.571446 0.209180
0.000000 0.000000 0.000000
0.000000 0.000000 0.000000
0.395961 0.380598 0.339014
0.289060 0.313965 0.617185
0.000000 0.000000 0.000000
-0.159750 0.614748 -0.078985
0.000000 0.000000 0.000000
0.000000 0.000000 0.000000
0.000000 0.000000 0.000000
0.395961 0.590844 -0.106817
0.000000 0.000000 0.000000
0.000000 0.000000 0.000000
-0.080374 0.511867 0.617185
0.000000 0.000000 0.000000
0.000000 0.000000 0.000000
0.000000 0.000000 0.000000
0.000000 0.000000 0.000000
0.292625 0.638014 -0.445825
0.000000 0.000000 0.000000
0.000000 0.000000 0.000000
0.078203 0.419399 0.617185
-0.343021 0.510177 0.617185
0.000000 0.000000 0.000000
0.395961 0.494884 0.030406
0.000000 0.000000 0.000000
0.000000 0.000000 0.000000
0.000000 0.000000 0.000000
0.000000 0.000000 0.000000
0.000000 0.000000 0.000000
-0.371796 0.638014 -0.253976
-0.009388 0.033429 0.617185
0.000000 0.000000 0.000000
0.000000 0.000000 0.000000
0.000000 0.000000 0.000000
0.395700 0.236053 0.617185
0.000000 0.000000 0.000000
0.000000 0.000000 0.000000
0.000000 0.000000 0.000000
0.000000 0.000000 0.000000
-0.074764 0.614748 0.026428
0.395961 0.581916 0.169246
0.000000 0.000000 0.000000
0.392450 0.638014 0.508770
-0.396446 0.638014 0.382447
0.000000 0.000000 0.000000
0.046351 0.638014 0.183115
0.395961 0.537563 -0.015690
0.000000 0.000000 0.000000
0.000000 0.000000 0.000000
-0.377612 0.510444 0.165883
0.000000 0.000000 0.000000
0.000000 0.000000 0.000000
0.000000 0.000000 0.000000
0.000000 0.000000 0.000000
0.000000 0.000000 0.000000
-0.383428 0.166951 0.510695
-0.377612 0.340955 0.529870
-0.377612 0.425543 0.015206
-0.151851 0.614748 -0.239772
0.000000 0.000000 0.000000
0.000000 0.000000 0.000000
0.395961 0.324827 0.206749
0.395961 0.174091 0.448030
0.000000 0.000000 0.000000
-0.406693 0.624049 0.000904
0.000000 0.000000 0.000000
0.000000 0.000000 0.000000
0.000000 0.000000 0.000000
0.000000 0.000000 0.000000
0.000000 0.000000 0.000000
0.266983 0.638014 0.323046
-0.377612 0.341594 0.282349
0.000000 0.000000 0.000000
0.055782 0.638014 -0.176871
0.257268 0.638014 -0.074814
0.000000 0.000000 0.000000
0.000000 0.000000 0.000000
-0.183279 0.136470 0.617185
-0.222109 0.295283 0.617185
0.000000 0.000000 0.000000
0.000000 0.000000 0.000000
0.000000 0.000000 0.000000
0.000000 0.000000 0.000000
0.000000 0.000000 0.000000
0.000000 0.000000 0.000000
0.395961 0.561936 -0.252326
-0.261674 0.638014 0.372291
0.000000 0.000000 0.000000
0.000000 0.000000 0.000000
-0.047187 0.305143 0.617185
0.000000 0.000000 0.000000
0.000000 0.000000 0.000000
0.169958 -0.003485 0.617185
-0.374348 0.638014 0.608303
-0.377612 0.554888 0.358881
0.395961 0.439522 0.587217
0.004503 0.638014 -0.381023
-0.144872 0.638014 0.309871
0.072568 0.580010 0.617185
0.000000 0.000000 0.000000
0.000000 0.000000 0.000000
0.097321 0.638014 0.460435
0.000000 0.000000 0.000000
0.000000 0.000000 0.000000
-0.377612 0.558745 0.570976
0.000000 0.000000 0.000000
0.000000 0.000000 0.000000
0.000000 0.000000 0.000000
0.000000 0.000000 0.000000
0.000000 0.000000 0.000000
0.000000 0.000000 0.000000
-0.262129 0.614748 0.018238
0.039328 0.638014 0.108538
0.319007 0.638014 -0.308982
-0.191407 0.614748 0.188419
0.000000 0.000000 0.000000
-0.283471 0.061908 0.617185
0.000000 0.000000 0.000000
0.000000 0.000000 0.000000
0.288258 0.638014 0.554565
0.395961 -0.049886 0.572493
-0.294743 0.638014 0.134313
0.000000 0.000000 0.000000
0.000000 0.000000 0.000000
0.152015 0.638014 0.246921
0.000000 0.000000 0.000000
0.395961 0.119687 0.321303
0.395961 0.292250 0.130743
0.194622 0.638014 -0.363103
0.000000 0.000000 0.000000
0.000000 0.000000 0.000000
0.000000 0.000000 0.000000
0.165903 0.614748 0.558820
0.000000 0.000000 0.000000
-0.227712 0.614748 0.527137
-0.033780 0.638014 -0.295019
0.000000 0.000000 0.000000
0.017180 0.186600 0.617185
0.000000 0.000000 0.000000
0.000000 0.000000 0.000000
0.000000 0.000000 0.000000
0.000000 0.000000 0.000000
0.000000 0.000000 0.000000
0.000000 0.000000 0.000000
-0.280766 0.614748 -0.328604
0.000000 0.000000 0.000000
0.000000 0.000000 0.000000
0.000000 0.000000 0.000000
-0.035675 0.614748 0.423701
0.000000 0.000000 0.000000
-0.067595 0.638014 0.507608
0.000000 0.000000 0.000000
0.000000 0.000000 0.000000
0.180349 0.638014 0.052862
0.000000 0.000000 0.000000
0.000000 0.000000 0.000000
0.395961 0.476699 0.256474
0.000000 0.000000 0.000000
-0.377612 0.306066 0.397051
0.000000 0.000000 0.000000
-0.067383 0.638014 0.625620
-0.401419 0.465062 0.286926
0.000000 0.000000 0.000000
-0.377612 0.564419 0.021680
0.000000 0.000000 0.000000
0.000000 0.000000 0.000000
0.000000 0.000000 0.000000
0.000000 0.000000 0.000000
-0.190993 0.510148 0.617185
-0.259829 0.220178 0.617185
0.000000 0.000000 0.000000
0.000000 0.000000 0.000000
0.154861 0.614748 0.321843
0.199573 0.395866 0.617185
0.000000 0.000000 0.000000
-0.300386 0.614748 0.639932
0.000000 0.000000 0.000000
-0.350456 0.638014 0.275116
0.057040 0.638014 -0.055393
0.000000 0.000000 0.000000
-0.015141 0.614748 0.292129
0.000000 0.000000 0.000000
-0.253990 0.614748 -0.193589
0.395961 0.632233 0.223994
0.000000 0.000000 0.000000
0.000000 0.000000 0.000000
-0.133951 0.614748 -0.141502
0.000000 0.000000 0.000000
0.000000 0.000000 0.000000
-0.383428 0.230336 0.542984
0.000000 0.000000 0.000000
0.000000 0.000000 0.000000
0.000000 0.000000 0.000000
0.000000 0.000000 0.000000
-0.377612 0.569704 0.461080
0.000000 0.000000 0.000000
0.395961 0.286114 0.380793
0.000000 0.000000 0.000000
0.000000 0.000000 0.000000
-0.097178 0.638014 0.114969
0.351925 0.638014 -0.142831
0.000000 0.000000 0.000000
0.000000 0.000000 0.000000
0.000000 0.000000 0.000000
0.323140 0.149918 0.617185
0.000000 0.000000 0.000000
0.000000 0.000000 0.000000
0.000000 0.000000 0.000000
-0.377612 0.453752 0.517625
0.000000 0.000000 0.000000
0.000000 0.000000 0.000000
0.212469 0.638014 -0.272120
0.000000 0.000000 0.000000
0.000000 0.000000 0.000000
0.395961 0.542523 0.544616
0.000000 0.000000 0.000000
0.000000 0.000000 0.000000
0.000000 0.000000 0.000000
0.000000 0.000000 0.000000
-0.132513 0.566399 0.617185
0.000000 0.000000 0.000000
0.395961 0.386286 0.051044
0.000000 0.000000 0.000000
0.000000 0.000000 0.000000
0.000000 0.000000 0.000000
-0.406693 0.617403 -0.174873
0.000000 0.000000 0.000000
0.356935 0.638014 -0.029698
0.000000 0.000000 0.000000
0.291048 0.638014 0.413786
0.000000 0.000000 0.000000
0.000000 0.000000 0.000000
0.000000 0.000000 0.000000
0.000000 0.000000 0.000000
0.000000 0.000000 0.000000
0.395961 0.631641 0.422073
0.395961 0.599205 0.047433
0.310894 0.421806 0.617185
0.395961 0.324646 0.616501
0.293582 0.499312 0.617185
0.000000 0.000000 0.000000
0.395961 0.485314 -0.106802
0.000000 0.000000 0.000000
0.000000 0.000000 0.000000
0.000000 0.000000 0.000000
0.000000 0.000000 0.000000
0.183734 0.638014 -0.013537
0.000000 0.000000 0.000000
0.395961 0.266862 0.492621
0.000000 0.000000 0.000000
0.272387 0.006908 0.617185
0.000000 0.000000 0.000000
0.000000 0.000000 0.000000
0.000000 0.000000 0.000000
-0.406693 0.635941 0.538197
0.196928 0.270608 0.617185
0.152020 0.638014 0.160463
0.000000 0.000000 0.000000
0.219202 0.638014 0.491692
0.000000 0.000000 0.000000
0.008036 0.486006 0.617185
0.000000 0.000000 0.000000
0.000000 0.000000 0.000000
-0.377612 0.467200 0.083142
0.000000 0.000000 0.000000
0.395961 0.341686 0.283174
0.000000 0.000000 0.000000
0.000000 0.000000 0.000000
-0.086891 0.638014 -0.016164
0.172640 0.614748 0.413117
0.000000 0.000000 0.000000
0.000000 0.000000 0.000000
0.000000 0.000000 0.000000
0.000000 0.000000 0.000000
0.000000 0.000000 0.000000
0.395961 0.466116 0.092326
0.000000 0.000000 0.000000
0.000000 0.000000 0.000000
0.000000 0.000000 0.000000
0.085688 0.058853 0.617185
0.379149 0.638014 -0.431196
0.000000 0.000000 0.000000
0.000000 0.000000 0.000000
0.000000 0.000000 0.000000
0.000000 0.000000 0.000000
0.395961 0.152322 0.589038
0.000000 0.000000 0.000000
0.000000 0.000000 0.000000
0.000000 0.000000 0.000000
0.081656 0.638014 0.535443
0.045779 0.322746 0.617185
0.035487 0.614748 0.482504
0.000000 0.000000 0.000000
0.000000 0.000000 0.000000
0.000000 0.000000 0.000000
0.000000 0.000000 0.000000
0.000000 0.000000 0.000000
0.000000 0.000000 0.000000
0.000000 0.000000 0.000000
0.000000 0.000000 0.000000
0.000000 0.000000 0.000000
0.137303 0.638014 -0.072970
0.000000 0.000000 0.000000
0.000000 0.000000 0.000000
0.349406 0.638014 -0.229431
0.395961 0.637730 0.592216
0.000000 0.000000 0.000000
-0.019982 0.614748 0.369813
-0.064057 0.638014 -0.085701
-0.268582 0.376835 0.617186
0.313831 0.042873 0.617185
-0.383428 0.269279 0.232905
-0.223915 0.638014 0.315148
-0.115422 0.638014 -0.237103
0.120485 0.638014 0.623491
-0.109649 0.638014 0.360685
-0.040030 0.102079 0.617185
-0.217084 0.638014 -0.275714
0.000000 0.000000 0.000000
0.000000 0.000000 0.000000
0.360314 0.638014 0.162265
0.000000 0.000000 0.000000
0.000000 0.000000 0.000000
0.395961 0.427989 0.383386
0.000000 0.000000 0.000000
0.000000 0.000000 0.000000
-0.320421 0.638014 0.058314
-0.234787 0.614748 0.207997
0.000000 0.000000 0.000000
0.000000 0.000000 0.000000
0.000000 0.000000 0.000000
0.000000 0.000000 0.000000
0.000000 0.000000 0.000000
-0.254697 0.458038 0.617185
0.395961 0.082896 0.447364
-0.066273 0.000671 0.617185
0.000000 0.000000 0.000000
0.000000 0.000000 0.000000
-0.182946 0.614748 -0.010642
0.000000 0.000000 0.000000
0.000000 0.000000 0.000000
0.000000 0.000000 0.000000
-0.383428 0.211998 0.607512
-0.151093 0.614748 0.568531
-0.406693 0.617696 0.160445
0.000000 0.000000 0.000000
-0.320536 0.614748 0.545958
-0.327821 0.638014 -0.026485
-0.401496 0.614748 -0.075129
-0.134905 0.290754 0.617185
0.000000 0.000000 0.000000
-0.251467 0.638014 -0.060412
0.000000 0.000000 0.000000
0.000000 0.000000 0.000000
-0.240726 0.614748 0.429100
0.000083 0.423340 0.617185
0.000000 0.000000 0.000000
0.000000 0.000000 0.000000
-0.340277 0.436860 0.617185
0.000000 0.000000 0.000000
0.000000 0.000000 0.000000
0.000000 0.000000 0.000000
0.000000 0.000000 0.000000
0.006865 0.614748 0.155196
0.000000 0.000000 0.000000
0.000000 0.000000 0.000000
0.000000 0.000000 0.000000
0.000000 0.000000 0.000000
0.000000 0.000000 0.000000
0.000000 0.000000 0.000000
0.091823 0.638014 -0.371846
0.000000 0.000000 0.000000
-0.406693 0.523813 0.280562
0.014094 0.614748 0.050374
0.000000 0.000000 0.000000
0.000000 0.000000 0.000000
0.395961 0.112476 0.506386
0.000000 0.000000 0.000000
0.000000 0.000000 0.000000
0.000000 0.000000 0.000000
0.056977 0.638014 0.274080
0.000000 0.000000 0.000000
0.000000 0.000000 0.000000
0.000000 0.000000 0.000000
-0.377612 0.404188 0.240998
0.000000 0.000000 0.000000
-0.086858 0.638014 -0.394559
-0.141295 0.638014 -0.296567
-0.301303 0.614748 -0.256055
0.287945 0.614748 0.625232
0.000000 0.000000 0.000000
0.000000 0.000000 0.000000
0.000000 0.000000 0.000000
0.000000 0.000000 0.000000
-0.383428 0.089802 0.537710
-0.302529 0.275583 0.617185
0.395961 0.516991 -0.182006
0.316426 0.638014 0.243621
0.000000 0.000000 0.000000
0.000000 0.000000 0.000000
0.000000 0.000000 0.000000
0.000000 0.000000 0.000000
0.000000 0.000000 0.000000
0.000000 0.000000 0.000000
0.000000 0.000000 0.000000
0.000000 0.000000 0.000000
0.000000 0.000000 0.000000
-0.316746 0.638014 0.346415
0.000000 0.000000 0.000000
0.000000 0.000000 0.000000
0.000000 0.000000 0.000000
0.000000 0.000000 0.000000
0.395961 0.155312 0.238027
0.000000 0.000000 0.000000
0.000000 0.000000 0.000000
0.000000 0.000000 0.000000
0.000000 0.000000 0.000000
0.035005 0.638014 0.621805
0.000000 0.000000 0.000000
0.000000 0.000000 0.000000
0.000000 0.000000 0.000000
0.000000 0.000000 0.000000
-0.383428 0.213403 0.445681
0.000000 0.000000 0.000000
0.000000 0.000000 0.000000
0.000000 0.000000 0.000000
0.149289 0.516164 0.617185
0.000000 0.000000 0.000000
-0.324257 0.638014 0.418385
0.000000 0.000000 0.000000
0.000000 0.000000 0.000000
0.395961 0.189541 0.520679
0.000000 0.000000 0.000000
0.000000 0.000000 0.000000
0.000000 0.000000 0.000000
0.099357 0.614748 0.401371
0.000000 0.000000 0.000000
0.253685 0.241618 0.617185
-0.115056 0.614748 0.267149
0.000000 0.000000 0.000000
-0.377612 0.576010 0.121080
0.000000 0.000000 0.000000
-0.023838 0.555493 0.617185
0.000000 0.000000 0.000000
0.395961 0.442347 -0.023943
0.000000 0.000000 0.000000
0.395961 0.575226 0.284552
0.319360 0.254849 0.617185
-0.377612 0.558588 -0.182604
0.395961 0.016968 0.608830
-0.341959 0.638014 -0.196721
0.000000 0.000000 0.000000
0.000000 0.000000 0.000000
0.395961 0.238989 0.235685
0.005641 0.638014 -0.013003
0.000000 0.000000 0.000000
0.226523 0.638014 0.576701
0.395961 0.608753 -0.206801
0.000000 0.000000 0.000000
0.000000 0.000000 0.000000
0.000000 0.000000 0.000000
0.000000 0.000000 0.000000
-0.262903 0.638014 0.099548
0.000000 0.000000 0.000000
0.000000 0.000000 0.000000
0.000000 0.000000 0.000000
0.000000 0.000000 0.000000
0.000000 0.000000 0.000000
0.395961 0.450525 0.468409
0.151239 0.614748 0.477795
0.335803 0.638014 0.376443
0.000000 0.000000 0.000000
-0.057586 0.242523 0.617185
0.000000 0.000000 0.000000
0.000000 0.000000 0.000000
-0.141241 0.078377 0.617185
0.000000 0.000000 0.000000
0.339333 0.638014 -0.369902
0.000000 0.000000 0.000000
0.395961 0.401398 0.522453
0.000000 0.000000 0.000000
0.000000 0.000000 0.000000
0.000000 0.000000 0.000000
0.208744 0.614748 0.365204
0.000000 0.000000 0.000000
0.000000 0.000000 0.000000
-0.198792 0.638014 -0.107879
-0.377612 0.403153 0.115756
0.000000 0.000000 0.000000
0.000000 0.000000 0.000000
0.214074 0.052418 0.617185
0.000000 0.000000 0.000000
-0.210623 0.614748 0.258823
0.000000 0.000000 0.000000
-0.117952 0.638014 0.071546
-0.262320 0.614748 -0.121285
0.321299 0.638014 0.498522
0.000000 0.000000 0.000000
0.000000 0.000000 0.000000
0.000000 0.000000 0.000000
0.386536 0.638014 0.089137
-0.186126 0.614748 0.474881
0.000000 0.000000 0.000000
0.395961 0.426400 0.242621
0.395961 0.515911 0.307026
0.000000 0.000000 0.000000
0.000000 0.000000 0.000000
0.000000 0.000000 0.000000
-0.252946 0.537871 0.617185
-0.379173 0.478879 0.355191
0.395961 0.624465 -0.288389
0.000000 0.000000 0.000000
0.000000 0.000000 0.000000
0.000000 0.000000 0.000000
0.000000 0.000000 0.000000
0.336401 -0.057676 0.617185
-0.326505 0.638014 0.191917
0.395961 0.160135 0.380926
0.000000 0.000000 0.000000
-0.069237 0.638014 -0.187377
-0.383428 0.249621 0.302105
0.000000 0.000000 0.000000
0.000000 0.000000 0.000000
0.000000 0.000000 0.000000
0.000000 0.000000 0.000000
0.000000 0.000000 0.000000
0.000000 0.000000 0.000000
0.000000 0.000000 0.000000
0.000000 0.000000 0.000000
-0.377612 0.447431 0.198758
0.000000 0.000000 0.000000
0.358326 0.638014 0.289712
0.261543 0.638014 0.015272
-0.384116 0.638014 0.464209
-0.383428 0.285401 0.457305
0.172416 0.591130 0.617185
0.000000 0.000000 0.000000
0.000000 0.000000 0.000000
0.000000 0.000000 0.000000
0.000000 0.000000 0.000000
-0.299108 0.614748 -0.165127
0.000000 0.000000 0.000000
-0.167018 0.614748 0.367466
-0.232985 0.099126 0.617185
-0.377612 0.523601 -0.031612
-0.377612 0.460049 -0.054522
0.085430 0.614748 0.155111
0.000000 0.000000 0.000000
0.000000 0.000000 0.000000
0.150882 0.638014 -0.312194
0.000000 0.000000 0.000000
0.000000 0.000000 0.000000
-0.377612 0.297596 0.583641
0.000000 0.000000 0.000000
0.000000 0.000000 0.000000
0.000000 0.000000 0.000000
0.000000 0.000000 0.000000
0.000000 0.000000 0.000000
0.000000 0.000000 0.000000
-0.257568 0.638014 0.616544
0.083830 0.170289 0.617185
0.395961 0.529787 0.116369
0.395961 0.445429 0.182854
0.000000 0.000000 0.000000
-0.014527 0.638014 0.218564
0.152591 0.638014 -0.205179
0.000000 0.000000 0.000000
0.000000 0.000000 0.000000
0.000000 0.000000 0.000000
0.000000 0.000000 0.000000
0.000000 0.000000 0.000000
0.000000 0.000000 0.000000
-0.060443 0.614748 0.151327
0.000000 0.000000 0.000000
0.000000 0.000000 0.000000
0.000000 0.000000 0.000000
-0.110641 0.614748 0.486690
-0.215106 -0.001283 0.617185
-0.030345 0.369905 0.617185
0.024346 0.638014 -0.110495
0.000000 0.000000 0.000000
0.000000 0.000000 0.000000
-0.100680 0.133842 0.617185
-0.377611 0.487853 0.575431
0.000000 0.000000 0.000000
0.133100 0.380850 0.617185
-0.382645 0.614748 0.336326
0.000000 0.000000 0.000000
0.395961 0.549433 0.604304
0.000000 0.000000 0.000000
0.000000 0.000000 0.000000
0.109546 0.638014 0.506362
0.240999 0.638014 0.078254
0.000000 0.000000 0.000000
0.109406 0.638014 -0.137531
0.000000 0.000000 0.000000
0.000000 0.000000 0.000000
0.000000 0.000000 0.000000
0.029376 0.638014 -0.314417
0.000000 0.000000 0.000000
0.000000 0.000000 0.000000
-0.377612 0.413788 0.337564
0.261336 0.638014 -0.396218
0.000000 0.000000 0.000000
-0.158091 0.349119 0.617185
0.000000 0.000000 0.000000
0.357190 0.484836 0.617185
-0.377612 0.481150 0.458429
-0.196999 0.235218 0.617185
0.000000 0.000000 0.000000
0.000000 0.000000 0.000000
0.395961 0.507749 0.201374
0.000000 0.000000 0.000000
0.395961 0.483494 0.358954
0.000000 0.000000 0.000000
0.000000 0.000000 0.000000
-0.290631 0.614748 0.312978
-0.086029 0.614748 -0.133765
