0.000000 0.000000 0.000000
0.460816 -0.729210 -0.301167
0.000000 0.000000 0.000000
0.000000 0.000000 0.000000
0.000000 0.000000 0.000000
0.154846 0.019623 -0.282436
0.303855 -0.448216 0.231441
0.000000 0.000000 0.000000
-0.140322 -0.409420 -0.308451
0.149950 -0.410571 -0.180667
0.474538 -0.740308 0.321101
-0.025923 0.080950 0.231441
0.034349 -0.122463 0.192468
0.000000 0.000000 0.000000
0.000000 0.000000 0.000000
-0.185998 0.107723 -0.350953
-0.040703 -0.100776 -0.114211
0.000000 0.000000 0.000000
0.000000 0.000000 0.000000
0.509867 -0.626525 0.018751
0.108562 0.075317 -0.029872
0.000000 0.000000 0.000000
0.037882 -0.315578 -0.007503
0.394451 -0.485408 -0.271159
-0.190903 -0.442140 -0.083999
0.000000 0.000000 0.000000
0.000000 0.000000 0.000000
0.108852 -0.057433 -0.042626
0.000000 0.000000 0.000000
-0.011020 -0.200463 -0.316695
0.165943 0.030642 0.192363
0.269629 -0.437900 0.025891
0.096742 -0.329458 0.231441
0.000000 0.000000 0.000000
-0.091911 0.142753 -0.111144
0.347505 0.076383 -0.350953
0.074329 0.143522 -0.350953
0.000000 0.000000 0.000000
0.515739 -0.746889 -0.108794
-0.230090 0.001942 -0.200714
-0.131948 -0.094286 0.089400
-0.117956 0.075317 0.077600
0.000000 0.000000 0.000000
0.000000 0.000000 0.000000
-0.091986 -0.147213 0.093755
-0.090444 -0.279380 -0.234470
0.077456 -0.353116 -0.277579
0.404533 -0.531136 -0.076885
0.000000 0.000000 0.000000
0.000000 0.000000 0.000000
0.315422 -0.425747 -0.253092
0.451779 -0.603759 0.197184
-0.344976 0.152428 -0.206863
0.095006 0.123449 -0.179660
-0.095480 -0.343093 0.060149
0.000000 0.000000 0.000000
0.000000 0.000000 0.000000
0.552173 -0.745528 0.118893
0.000000 0.000000 0.000000
-0.073620 -0.323760 -0.076885
-0.027238 0.075317 -0.233081
-0.089296 -0.053349 -0.282436
0.000000 0.000000 0.000000
-0.026160 -0.125361 0.231441
-0.221377 -0.409701 -0.316695
0.369684 -0.540524 0.060149
0.000000 0.000000 0.000000
0.000000 0.000000 0.000000
0.104993 -0.139974 -0.236932
-0.131328 -0.045955 -0.076885
0.377497 -0.472173 -0.113507
0.041621 -0.237972 0.128667
0.000000 0.000000 0.000000
0.225875 -0.008143 -0.077936
0.000000 0.000000 0.000000
0.000000 0.000000 0.000000
0.038813 -0.115658 -0.026917
0.488209 -0.594864 -0.179660
0.059258 -0.253408 -0.145402
0.000000 0.000000 0.000000
0.198695 -0.401994 0.128667
0.179036 -0.355631 -0.008368
-0.331592 0.106984 -0.350953
0.163913 -0.067065 -0.170412
0.109193 -0.025447 0.096475
-0.213768 0.124866 -0.111144
0.460816 -0.727930 0.102473
0.000000 0.000000 0.000000
0.552173 -0.728155 -0.236981
0.000000 0.000000 0.000000
0.000000 0.000000 0.000000
0.000000 0.000000 0.000000
0.000000 0.000000 0.000000
0.322076 -0.511590 -0.213918
0.000000 0.000000 0.000000
0.000000 0.000000 0.000000
-0.046678 -0.215218 -0.058552
0.000000 0.000000 0.000000
-0.120505 -0.377581 -0.179660
0.269432 -0.432997 0.162926
-0.187638 -0.440201 -0.166109
0.000000 0.000000 0.000000
-0.036357 0.138860 -0.042626
0.000000 0.000000 0.000000
0.000000 0.000000 0.000000
0.547152 -0.692646 -0.393975
0.253547 -0.472338 -0.139345
-0.075611 0.110104 -0.350953
0.537609 -0.678371 0.244575
-0.141801 0.075566 -0.179660
0.000000 0.000000 0.000000
0.039391 -0.120203 -0.145402
0.226402 0.138488 -0.350953
0.000000 0.000000 0.000000
0.000000 0.000000 0.000000
0.000000 0.000000 0.000000
0.552173 -0.735822 -0.020264
0.273768 -0.481947 -0.277850
0.000000 0.000000 0.000000
0.496172 -0.746889 -0.036127
0.000000 0.000000 0.000000
0.067863 0.080496 -0.350953
0.000000 0.000000 0.000000
-0.209621 -0.004008 -0.042626
-0.078533 -0.167715 -0.265969
0.035302 -0.209922 0.223524
0.000000 0.000000 0.000000
0.000000 0.000000 0.000000
-0.230112 0.141317 -0.248177
0.265796 -0.401335 -0.125054
0.000000 0.000000 0.000000
0.000000 0.000000 0.000000
0.097735 0.099517 -0.248177
-0.082694 0.079618 0.128667
0.283332 0.035103 -0.168908
0.000000 0.000000 0.000000
0.106237 -0.136337 0.060149
0.030741 0.084130 -0.145402
0.000000 0.000000 0.000000
0.114839 -0.336916 0.094408
-0.060023 -0.248084 -0.174855
0.013813 0.075317 0.020031
0.000000 0.000000 0.000000
0.024829 0.087225 0.197184
0.000000 0.000000 0.000000
-0.082705 -0.271597 0.026089
0.170542 -0.393256 0.231441
0.448621 -0.541688 -0.063281
0.199734 -0.442591 -0.044684
-0.140913 0.015229 0.025686
0.000000 0.000000 0.000000
0.406176 -0.507990 0.128667
0.000000 0.000000 0.000000
-0.228820 0.124104 0.025891
-0.168452 -0.370331 -0.008368
0.000000 0.000000 0.000000
0.084616 -0.359624 -0.183012
-0.026460 -0.122184 0.009159
0.112513 -0.292387 -0.058427
-0.309260 0.063448 -0.213918
0.027160 -0.133422 -0.307719
-0.029186 -0.304367 0.128667
0.000000 0.000000 0.000000
-0.114809 -0.010674 -0.182697
0.168300 0.032784 0.042966
-0.391082 0.102710 -0.282436
0.000000 0.000000 0.000000
0.000000 0.000000 0.000000
0.000000 0.000000 0.000000
0.232240 -0.002920 -0.313760
0.143839 -0.321315 0.128667
-0.137163 0.075317 -0.061744
0.000000 0.000000 0.000000
0.077729 0.083279 0.060149
0.396696 -0.573319 -0.282436
0.000000 0.000000 0.000000
0.214395 -0.017907 -0.174323
0.000000 0.000000 0.000000
0.174884 0.089816 -0.145402
0.120265 -0.078148 -0.316694
-0.132454 -0.093662 -0.112789
0.460507 -0.653247 -0.111144
0.175996 -0.043249 0.197184
0.000000 0.000000 0.000000
-0.286755 -0.494562 -0.291734
-0.169692 0.019637 -0.282436
0.020254 -0.143948 0.104555
-0.075921 0.143833 -0.241896
0.044500 -0.262557 -0.282436
0.000000 0.000000 0.000000
0.000000 0.000000 0.000000
0.000000 0.000000 0.000000
0.460816 -0.713680 0.226389
0.387306 -0.488226 0.231441
-0.281730 -0.417226 -0.213918
0.058615 -0.209929 -0.011094
-0.070125 -0.353790 -0.307389
0.000000 0.000000 0.000000
-0.167838 0.127708 -0.213918
0.017279 -0.148482 -0.080551
0.000000 0.000000 0.000000
0.000000 0.000000 0.000000
0.537740 -0.678371 0.075145
0.000000 0.000000 0.000000
0.174615 -0.404661 -0.282436
0.000000 0.000000 0.000000
0.000000 0.000000 0.000000
0.189299 -0.436394 0.062304
0.000000 0.000000 0.000000
-0.046001 -0.209360 0.128667
0.250378 0.083903 -0.350953
0.153658 -0.053805 -0.076885
-0.142318 0.016506 -0.132537
0.000000 0.000000 0.000000
-0.294545 0.065905 -0.145402
0.422804 -0.546523 -0.179660
0.000000 0.000000 0.000000
-0.004950 -0.227313 0.025891
0.549717 -0.696113 0.302529
0.307588 -0.504524 0.008953
0.171954 -0.058498 0.049076
0.460039 -0.621021 0.128667
-0.102638 -0.132152 -0.201621
0.000000 0.000000 0.000000
0.000000 0.000000 0.000000
0.234593 -0.462341 -0.185628
0.000000 0.000000 0.000000
0.460816 -0.682933 -0.216138
0.170613 0.114997 -0.282436
-0.146776 0.143833 0.152452
0.000000 0.000000 0.000000
0.404342 -0.595134 -0.005658
0.166848 0.031465 -0.079481
-0.103278 0.140507 0.025891
0.205232 -0.431953 0.231441
0.000000 0.000000 0.000000
0.000000 0.000000 0.000000
0.086333 0.108532 0.025891
-0.079884 -0.340176 0.128667
0.024639 0.075317 -0.084640
0.216727 -0.378864 -0.179660
0.000000 0.000000 0.000000
0.000000 0.000000 0.000000
0.000000 0.000000 0.000000
0.229535 0.057960 -0.248177
-0.055136 0.143833 0.195544
-0.045636 -0.264291 -0.076885
0.122014 -0.024383 -0.213918
0.013347 -0.181231 -0.198029
0.105688 -0.139022 -0.101101
0.058034 -0.247156 -0.076885
-0.029187 0.136002 0.060149
0.000000 0.000000 0.000000
0.026384 -0.304013 -0.139795
-0.008444 0.117868 -0.316694
0.000000 0.000000 0.000000
0.101363 -0.373383 -0.058770
-0.135694 0.004174 0.162926
-0.202548 -0.390396 -0.248177
0.000000 0.000000 0.000000
0.000000 0.000000 0.000000
0.162173 -0.334391 -0.251638
0.009891 0.143618 -0.213918
-0.144925 0.090152 -0.282436
0.310669 -0.506929 0.159422
0.000000 0.000000 0.000000
0.000000 0.000000 0.000000
0.000000 0.000000 0.000000
0.500575 -0.665872 -0.042626
0.000000 0.000000 0.000000
-0.068453 0.077649 -0.008368
-0.081600 -0.363787 -0.233655
0.456369 -0.664430 0.025891
-0.218475 0.082740 -0.179660
-0.257537 0.089223 -0.316694
0.520804 -0.645222 0.153684
0.269781 -0.403437 -0.059316
0.480660 -0.746889 -0.401013
-0.195181 -0.368631 -0.111144
0.037178 -0.118151 -0.236348
0.000000 0.000000 0.000000
-0.041949 0.079720 -0.145402
0.160131 0.075317 -0.333228
-0.020123 -0.250354 0.212555
0.081102 -0.164958 0.197184
0.495511 -0.621736 -0.111144
0.400821 -0.490381 0.017824
0.000000 0.000000 0.000000
0.000000 0.000000 0.000000
-0.234112 -0.466346 -0.232585
0.000000 0.000000 0.000000
0.067231 -0.075526 0.095271
0.110640 -0.090106 0.162926
0.000000 0.000000 0.000000
0.462900 -0.746889 -0.163477
0.000000 0.000000 0.000000
0.533709 -0.667283 -0.263395
-0.235976 0.053938 -0.076885
0.000000 0.000000 0.000000
0.000000 0.000000 0.000000
0.000000 0.000000 0.000000
0.000000 0.000000 0.000000
0.550664 -0.678371 -0.141368
-0.123394 -0.067810 -0.008368
0.000000 0.000000 0.000000
0.320561 -0.457758 -0.042626
0.000000 0.000000 0.000000
-0.154920 -0.056363 -0.248177
-0.276943 0.135953 -0.076885
0.129524 -0.395463 0.134227
-0.130295 -0.322542 -0.008368
-0.288972 -0.431111 -0.282436
0.144164 -0.325312 -0.111144
0.322281 -0.429338 -0.179660
0.000000 0.000000 0.000000
0.000000 0.000000 0.000000
0.135671 0.123513 -0.213918
-0.063753 -0.347998 -0.175125
-0.108020 0.077636 0.231441
-0.103343 -0.032335 0.094408
-0.165042 0.118050 -0.008368
0.276042 -0.476628 0.094408
0.175151 -0.055283 -0.230245
0.077730 -0.075127 -0.213918
0.214974 -0.017381 0.118769
0.193118 -0.037249 -0.009088
-0.031185 -0.166249 -0.179660
-0.268955 0.129050 -0.145402
0.040199 0.075317 -0.017496
0.000000 0.000000 0.000000
-0.005487 0.093012 0.128667
0.000000 0.000000 0.000000
0.552173 -0.706648 -0.334894
-0.246779 0.035708 0.025891
-0.134669 0.141902 -0.145402
0.000000 0.000000 0.000000
0.246234 0.070057 -0.111144
0.496935 -0.746889 0.044564
-0.229044 0.001083 -0.133914
-0.314083 0.143833 -0.289919
0.000000 0.000000 0.000000
0.000000 0.000000 0.000000
0.000000 0.000000 0.000000
-0.212684 0.084052 -0.248177
0.499192 -0.608277 0.223503
-0.090236 -0.144395 -0.042626
0.000000 0.000000 0.000000
-0.132590 0.127942 -0.316695
-0.030575 -0.276103 -0.008368
0.248445 -0.391830 0.025614
0.082331 0.126010 -0.111144
0.000000 0.000000 0.000000
0.000000 0.000000 0.000000
0.000000 0.000000 0.000000
0.000000 0.000000 0.000000
-0.010053 -0.241754 -0.248177
0.444808 -0.566180 0.094408
0.069543 -0.193721 -0.302548
0.393772 -0.573880 0.231441
0.018702 -0.226307 -0.111144
0.000000 0.000000 0.000000
-0.098269 -0.377469 -0.031036
-0.152442 -0.404757 0.025891
-0.100575 -0.288874 0.104970
-0.246375 0.142242 -0.350953
0.237342 -0.396684 -0.248177
0.200953 -0.411122 -0.111144
-0.257657 -0.423292 -0.145402
-0.128482 -0.319080 -0.282436
-0.086100 -0.042162 0.149460
0.328967 -0.509894 -0.076885
0.359723 -0.458299 0.070364
0.000000 0.000000 0.000000
0.296218 0.080684 -0.282436
0.000000 0.000000 0.000000
0.000000 0.000000 0.000000
0.080093 0.082191 -0.179660
-0.068596 -0.063621 -0.053797
0.000000 0.000000 0.000000
0.000000 0.000000 0.000000
0.394029 -0.580283 0.128667
0.000000 0.000000 0.000000
0.102258 -0.332781 0.025891
-0.105195 -0.383153 -0.105167
-0.159705 0.140930 0.060149
0.085629 -0.282532 -0.213918
0.000000 0.000000 0.000000
-0.073589 0.143833 0.101752
0.000000 0.000000 0.000000
-0.030496 -0.129397 0.128667
-0.168299 -0.054056 -0.141447
0.000000 0.000000 0.000000
0.462504 -0.678371 -0.364178
0.000000 0.000000 0.000000
-0.140878 0.143833 -0.088030
0.128021 -0.109074 -0.024564
-0.052336 -0.199922 0.231441
0.012756 -0.289012 -0.194693
-0.187778 0.086742 0.060149
0.000000 0.000000 0.000000
0.138546 0.143833 -0.326086
0.164834 0.076704 0.025891
-0.125883 -0.311643 -0.145402
0.038376 -0.303403 0.128667
0.000000 0.000000 0.000000
0.054377 -0.121219 0.060149
0.428607 -0.608324 -0.145402
-0.087894 0.075317 -0.076389
-0.065766 -0.180253 0.025891
0.000000 0.000000 0.000000
0.000000 0.000000 0.000000
0.000000 0.000000 0.000000
0.367140 -0.552603 -0.201287
-0.053952 0.075317 -0.279122
0.126136 -0.020722 -0.316694
0.000000 0.000000 0.000000
-0.027724 -0.120258 -0.276767
0.000000 0.000000 0.000000
-0.047214 0.135435 -0.179660
0.000000 0.000000 0.000000
0.000000 0.000000 0.000000
0.058784 -0.261913 0.060149
-0.129680 0.075317 -0.118946
0.000000 0.000000 0.000000
-0.163805 0.036034 -0.211101
0.000000 0.000000 0.000000
0.000000 0.000000 0.000000
0.143678 -0.007970 -0.145402
0.525102 -0.660917 -0.179660
0.079440 -0.311621 0.162926
0.000000 0.000000 0.000000
0.456672 -0.656771 -0.282436
-0.186877 0.040780 0.060149
0.000000 0.000000 0.000000
0.000000 0.000000 0.000000
0.092642 0.075317 -0.102067
-0.296968 0.132776 -0.042626
0.175161 0.075317 -0.225173
0.000000 0.000000 0.000000
0.000000 0.000000 0.000000
0.464944 -0.678371 0.174007
0.000000 0.000000 0.000000
0.000000 0.000000 0.000000
0.079327 -0.178807 0.114804
0.521920 -0.678371 0.002537
-0.210846 0.137900 0.094408
-0.181700 -0.354781 -0.294798
0.283875 0.038713 -0.076885
0.008066 0.143833 -0.124639
-0.073273 -0.085842 0.060149
-0.284788 -0.493027 -0.217000
0.129619 0.143833 -0.136045
-0.359313 0.088283 -0.226046
0.000000 0.000000 0.000000
0.021467 0.135823 -0.008368
0.368325 -0.465013 0.158701
0.080285 -0.261046 0.227629
0.216281 0.032553 0.060149
0.215873 -0.372118 -0.072236
0.454635 -0.623799 -0.042626
0.193327 -0.357144 0.085037
-0.162313 0.034679 -0.061437
0.411782 -0.601500 0.060149
-0.226608 0.143833 -0.044343
0.000000 0.000000 0.000000
0.063356 -0.184033 -0.076885
0.000000 0.000000 0.000000
-0.135732 -0.328815 -0.213918
0.000000 0.000000 0.000000
-0.040161 -0.310707 0.060149
-0.242906 0.031825 -0.282436
-0.099444 -0.292558 -0.111144
0.000000 0.000000 0.000000
0.091078 -0.103482 -0.282436
0.000000 0.000000 0.000000
0.059306 -0.336619 -0.073736
0.000000 0.000000 0.000000
0.039971 0.075317 -0.225258
0.000000 0.000000 0.000000
0.000000 0.000000 0.000000
0.000000 0.000000 0.000000
0.030424 0.143833 -0.277851
-0.327184 0.104224 -0.111144
0.471282 -0.678371 0.289119
0.000000 0.000000 0.000000
0.074917 0.143833 -0.026458
0.000000 0.000000 0.000000
0.000000 0.000000 0.000000
0.000000 0.000000 0.000000
0.251561 -0.397306 0.094408
0.000000 0.000000 0.000000
-0.077774 -0.156729 -0.111144
-0.048884 0.089085 0.060149
0.154298 -0.328191 -0.181721
-0.153027 0.075317 0.169975
-0.033949 -0.110768 -0.046035
0.177298 -0.366819 0.162926
0.000000 0.000000 0.000000
-0.196773 -0.021771 -0.248177
0.000000 0.000000 0.000000
0.076052 -0.064379 -0.101321
0.000000 0.000000 0.000000
0.000000 0.000000 0.000000
-0.168710 -0.032920 0.025891
-0.047088 -0.092041 -0.206496
-0.004199 -0.221024 0.060149
0.000000 0.000000 0.000000
-0.005889 -0.170457 0.162926
0.231993 0.106760 -0.282436
0.053051 -0.330833 0.061126
0.000000 0.000000 0.000000
0.318642 -0.433086 -0.111144
0.000000 0.000000 0.000000
0.000000 0.000000 0.000000
0.000000 0.000000 0.000000
-0.031990 -0.311368 -0.145402
0.000000 0.000000 0.000000
0.000000 0.000000 0.000000
0.000000 0.000000 0.000000
0.551668 -0.746889 0.268752
0.389534 -0.487540 -0.213918
0.097051 -0.297081 -0.145402
0.053420 -0.201381 -0.248177
0.330356 -0.501607 -0.145402
0.487436 -0.746889 -0.228573
0.103143 -0.067244 -0.145402
0.166312 -0.337453 0.227081
-0.035492 0.143833 -0.273564
0.000000 0.000000 0.000000
0.000000 0.000000 0.000000
0.443601 -0.535947 -0.265175
-0.191952 0.044263 0.128667
0.465201 -0.560643 -0.119043
0.000000 0.000000 0.000000
-0.057897 0.143833 -0.006660
-0.200003 0.143833 -0.296038
-0.278295 0.143833 -0.218909
0.000000 0.000000 0.000000
0.286511 0.079560 -0.213918
0.000000 0.000000 0.000000
0.000000 0.000000 0.000000
-0.191350 0.058787 -0.115109
0.000000 0.000000 0.000000
0.148964 0.075317 -0.046688
0.000000 0.000000 0.000000
0.000000 0.000000 0.000000
-0.154857 -0.411124 -0.213918
0.000000 0.000000 0.000000
0.315035 -0.430307 0.094408
0.000000 0.000000 0.000000
0.000000 0.000000 0.000000
0.157327 0.022811 0.097759
0.512475 -0.630984 -0.047874
0.000000 0.000000 0.000000
0.256919 -0.398368 0.231441
0.008335 -0.235029 -0.042626
0.000000 0.000000 0.000000
0.054750 0.075317 -0.290211
-0.081560 0.108518 -0.213918
0.000000 0.000000 0.000000
-0.374169 0.152590 -0.248177
0.000000 0.000000 0.000000
0.125510 -0.030715 0.162926
-0.011825 -0.195230 -0.008368
0.006961 -0.264506 -0.076885
0.000000 0.000000 0.000000
0.000000 0.000000 0.000000
0.000000 0.000000 0.000000
0.122070 -0.301076 -0.271711
0.000000 0.000000 0.000000
0.552173 -0.733493 0.206185
-0.204771 0.096933 -0.145402
0.000000 0.000000 0.000000
0.416850 -0.587104 -0.213918
-0.033398 -0.315087 -0.042626
0.001935 0.075317 -0.348132
-0.140214 -0.331344 -0.076885
-0.013889 -0.222599 -0.179660
0.493740 -0.662201 0.094408
0.460816 -0.712230 -0.089026
0.125759 0.090408 -0.145402
-0.034434 -0.291578 -0.213918
0.043273 -0.180963 -0.145402
0.000000 0.000000 0.000000
0.011090 0.087487 -0.282436
0.000000 0.000000 0.000000
0.000000 0.000000 0.000000
0.349859 -0.537522 -0.260366
0.000000 0.000000 0.000000
-0.334156 0.132633 -0.145402
0.040977 -0.183133 0.025891
0.552069 -0.746889 0.054561
-0.102305 0.140294 0.162926
-0.006194 -0.246216 0.162926
0.000000 0.000000 0.000000
-0.205625 0.069621 -0.001550
0.123719 -0.366492 0.197184
0.053849 0.077442 0.094408
0.471553 -0.598013 0.060149
0.201011 0.044840 -0.316694
0.250369 -0.462902 -0.008368
0.108441 -0.288685 0.005780
-0.337880 0.075981 -0.316798
-0.218105 0.143833 -0.191476
0.000000 0.000000 0.000000
0.498429 -0.746889 -0.350906
0.196817 0.045617 -0.008368
0.173052 0.005421 -0.213918
0.121522 0.075317 0.033244
-0.124879 -0.102997 -0.263247
0.232978 0.075317 -0.188898
-0.111989 0.092027 -0.248177
0.447335 -0.540217 0.227115
0.179405 -0.051004 -0.309572
-0.027521 -0.154482 0.060149
0.245270 -0.467973 0.129350
-0.114768 0.076721 -0.316694
0.463491 -0.746889 0.171922
0.166598 -0.362846 -0.145402
0.000000 0.000000 0.000000
0.000000 0.000000 0.000000
0.123803 -0.114272 0.118490
0.008961 -0.283248 0.025891
0.386458 -0.501194 -0.042626
0.121721 0.091438 -0.282436
0.000000 0.000000 0.000000
-0.001242 -0.259282 0.094408
0.000000 0.000000 0.000000
0.000000 0.000000 0.000000
0.244758 -0.467702 0.205159
0.212583 -0.450222 -0.265942
-0.034241 -0.309448 -0.316694
-0.097977 0.143833 0.208517
0.000000 0.000000 0.000000
-0.115415 -0.066989 -0.213918
0.000000 0.000000 0.000000
0.429778 -0.538692 0.025891
-0.068931 0.075317 0.191479
-0.143349 0.096678 0.025891
-0.079345 0.075317 -0.169367
0.000000 0.000000 0.000000
-0.039881 -0.208478 -0.145402
0.112535 -0.292408 0.200157
0.000000 0.000000 0.000000
0.000000 0.000000 0.000000
0.321260 -0.515196 0.090127
0.000000 0.000000 0.000000
0.000000 0.000000 0.000000
0.156885 -0.359974 -0.076885
-0.133512 0.128518 -0.248177
0.000000 0.000000 0.000000
-0.110955 0.127287 -0.179660
0.000000 0.000000 0.000000
-0.013230 0.118531 -0.076885
0.000000 0.000000 0.000000
0.460816 -0.726883 0.006992
-0.264968 0.120913 -0.282436
0.000000 0.000000 0.000000
-0.214551 0.113277 -0.076885
0.000000 0.000000 0.000000
0.135071 -0.386215 -0.248177
0.086174 -0.354476 0.128667
0.000000 0.000000 0.000000
0.003831 0.095420 -0.179660
-0.095630 0.113211 -0.042626
0.190614 0.075317 -0.102720
0.156142 -0.329704 0.022948
0.000000 0.000000 0.000000
-0.050756 -0.237774 -0.292085
-0.122522 -0.002917 -0.266302
0.552173 -0.684922 0.135141
0.010054 -0.185385 -0.248177
0.373725 -0.541142 0.162926
0.491231 -0.594666 0.157698
0.000000 0.000000 0.000000
-0.269914 0.053011 -0.248177
0.000000 0.000000 0.000000
0.090656 -0.161540 -0.015540
-0.002975 0.124385 0.162926
0.000000 0.000000 0.000000
0.000000 0.000000 0.000000
-0.255436 0.021240 -0.049420
0.218109 -0.396771 -0.008368
0.000000 0.000000 0.000000
-0.016549 -0.179675 -0.111144
0.000000 0.000000 0.000000
0.000000 0.000000 0.000000
0.000000 0.000000 0.000000
0.000000 0.000000 0.000000
0.000000 0.000000 0.000000
-0.025306 0.075317 -0.058651
-0.142709 -0.408603 -0.042626
0.000000 0.000000 0.000000
0.000000 0.000000 0.000000
0.055631 -0.212097 0.060149
0.000000 0.000000 0.000000
-0.159117 0.110075 0.128667
-0.308552 0.100711 -0.248177
0.000000 0.000000 0.000000
0.210702 -0.449105 0.158894
0.000000 0.000000 0.000000
-0.008391 -0.264816 -0.136273
0.552173 -0.723171 -0.180135
-0.078753 -0.281254 -0.042626
-0.290725 0.121551 -0.316694
0.182181 -0.392551 0.025891
0.238619 0.002316 -0.026584
-0.149100 0.131562 -0.042626
-0.235014 0.093936 -0.042626
0.000000 0.000000 0.000000
0.057623 -0.309102 -0.248177
0.248635 0.010239 -0.241911
0.102391 -0.374226 0.071972
-0.143167 0.075317 -0.015568
-0.325409 -0.443310 -0.316694
0.501872 -0.624539 -0.213918
0.371502 -0.556714 -0.145402
