-0.557817 0.192098 -0.011751
0.106006 0.036985 -0.516281
0.308573 -0.286684 -0.578755
-0.298611 -0.204982 -0.317484
-0.271954 -0.426905 -0.316280
-0.156399 0.002142 -0.294684
-0.752061 -0.575603 -0.159148
-0.222403 0.138292 0.282739
-0.289617 -0.471891 -0.577626
0.000000 0.000000 0.000000
-0.717085 -0.153824 0.293645
0.005000 0.139450 -0.235391
-0.461485 -0.469013 0.248063
0.000000 0.000000 0.000000
-0.612620 0.237590 0.282739
-0.288240 0.110619 -0.075446
-0.408902 0.301337 0.089872
-0.696926 -0.137490 0.011188
-0.277324 -0.097105 -0.536864
0.137735 0.110619 0.077073
0.000000 0.000000 0.000000
0.320045 -0.050482 -0.313239
-0.696926 -0.581489 0.328924
0.372156 0.110619 -0.220302
-0.752061 0.151157 -0.191647
-0.478942 0.137384 0.104365
-0.056195 0.002142 -0.571977
-0.752061 -0.000328 0.221226
0.000000 0.000000 0.000000
-0.752061 -0.379730 0.058752
-0.260925 0.110619 -0.001507
-0.371991 -0.561848 0.094225
0.000000 0.000000 0.000000
-0.746544 0.268130 0.080227
-0.434522 0.151782 -0.235391
0.000000 0.000000 0.000000
-0.477224 0.252453 0.282739
0.000000 0.000000 0.000000
-0.745695 -0.583895 0.180487
-0.306496 0.002142 -0.468783
0.000000 0.000000 0.000000
-0.055030 0.181953 -0.028238
0.289282 0.002142 -0.449267
-0.752061 0.147056 0.006100
0.000000 0.000000 0.000000
-0.604887 -0.494613 0.067472
0.000000 0.000000 0.000000
0.004537 0.110619 -0.055466
0.061643 0.005724 -0.281105
0.000000 0.000000 0.000000
-0.173797 -0.469013 0.086101
0.195636 0.192354 -0.117392
-0.532402 0.110619 -0.137820
-0.696926 -0.400013 0.204312
-0.224730 0.110619 -0.226536
-0.067612 0.110619 0.042042
-0.633363 0.110619 0.183138
0.000000 0.000000 0.000000
-0.271954 -0.275529 -0.558596
0.000000 0.000000 0.000000
-0.727689 0.240242 -0.024115
-0.126737 0.079345 -0.420504
-0.577142 0.203090 0.123532
-0.354343 -0.561848 0.217424
-0.696926 -0.556465 -0.005186
-0.254399 0.214742 0.046987
-0.312903 0.056796 -0.282013
0.278155 -0.102251 -0.551088
-0.696926 -0.196359 0.119249
-0.751134 -0.385201 0.293546
0.172980 0.110619 -0.193086
0.000000 0.000000 0.000000
-0.752061 -0.196796 0.113696
0.000000 0.000000 0.000000
0.000000 0.000000 0.000000
0.245221 0.064416 -0.287940
0.143480 0.078814 -0.382858
-0.488753 -0.561848 0.178223
-0.466880 0.110619 -0.093363
-0.416196 0.132977 0.282739
0.000000 0.000000 0.000000
-0.681183 0.185583 -0.084518
-0.746544 0.206410 0.196199
-0.696926 -0.030124 0.133712
-0.619638 -0.469013 0.219405
-0.281733 -0.469013 0.229865
-0.198660 0.075398 -0.526827
-0.020150 0.078997 -0.492579
-0.386930 0.211280 -0.021459
0.000000 0.000000 0.000000
-0.117403 0.193958 -0.156048
0.074600 0.110619 -0.040600
0.000000 0.000000 0.000000
-0.312643 0.193958 -0.169511
-0.752061 -0.188971 0.168662
-0.034078 0.005685 -0.306461
0.000000 0.000000 0.000000
0.000000 0.000000 0.000000
0.000000 0.000000 0.000000
0.000000 0.000000 0.000000
-0.273675 -0.067209 -0.275595
-0.637428 0.301337 0.182646
-0.158158 0.152688 -0.017014
-0.613597 0.110619 0.020517
-0.752061 -0.009173 0.033763
-0.752061 -0.469389 0.044451
-0.351954 0.110619 0.018833
-0.194781 0.110619 0.143103
-0.639326 0.165454 -0.235391
0.000000 0.000000 0.000000
0.000000 0.000000 0.000000
0.000000 0.000000 0.000000
0.000000 0.000000 0.000000
0.000000 0.000000 0.000000
0.223881 0.031680 -0.547888
-0.752061 0.114084 0.257983
-0.473281 0.232277 0.019903
-0.482677 -0.469013 0.088768
-0.604702 -0.561848 0.253722
-0.167677 0.110619 -0.116092
-0.576895 0.178532 -0.235391
-0.404315 -0.469013 0.110684
-0.696926 -0.093587 0.278772
-0.291692 0.054600 -0.578755
0.000383 0.078188 -0.397248
-0.264791 0.301337 0.076833
-0.049820 0.230648 0.026742
0.308318 0.110619 -0.126776
-0.746544 0.286913 0.280158
-0.328889 0.110619 0.187405
-0.614478 0.211280 0.022943
-0.219302 0.074693 -0.366145
-0.746024 -0.583895 0.003386
0.085063 0.193958 -0.137274
0.000000 0.000000 0.000000
0.000000 0.000000 0.000000
-0.398332 0.261489 0.186383
-0.696926 -0.359482 0.067642
-0.049594 0.110619 -0.189763
-0.752061 -0.128361 0.144560
0.000000 0.000000 0.000000
0.000000 0.000000 0.000000
0.000000 0.000000 0.000000
0.000000 0.000000 0.000000
-0.109137 0.301337 0.018561
-0.752061 -0.271243 0.247961
-0.153154 0.203090 0.078127
-0.631089 0.301337 0.073536
-0.403469 0.193958 -0.135910
0.161112 0.005206 -0.306461
-0.514985 0.138620 0.202858
0.315039 0.021268 -0.317484
0.004637 0.002142 -0.562150
-0.045984 0.110619 0.175630
-0.339453 0.417782 0.119347
0.000000 0.000000 0.000000
0.278155 -0.151423 -0.301050
-0.221221 -0.561848 0.237806
-0.210298 0.008449 -0.281105
-0.667915 -0.561848 0.123487
-0.595385 0.155526 -0.011032
0.000000 0.000000 0.000000
-0.271954 -0.298838 -0.290220
0.124006 0.009526 -0.573243
0.197558 0.110619 -0.055571
-0.752061 -0.474576 0.139061
0.000000 0.000000 0.000000
0.248619 0.162541 -0.207241
-0.281074 -0.494518 0.067472
-0.354410 0.203090 0.103988
-0.285056 0.110619 -0.149880
0.235303 0.073840 -0.410783
0.000000 0.000000 0.000000
-0.667221 0.110619 -0.151362
-0.737737 0.185583 0.258689
-0.752061 0.119864 0.088506
0.021402 0.021281 -0.281105
-0.158275 -0.469013 0.221887
0.320045 -0.011853 -0.571314
0.000000 0.000000 0.000000
-0.515755 0.257882 0.166851
-0.485342 -0.561848 0.242783
-0.746544 0.206019 -0.154564
0.000000 0.000000 0.000000
0.000000 0.000000 0.000000
-0.698005 0.046165 0.293732
-0.696926 -0.298652 0.032224
-0.697983 -0.583895 -0.108521
-0.147045 0.110619 0.003431
0.000000 0.000000 0.000000
-0.305003 -0.376163 -0.578754
-0.022297 0.193186 -0.107769
-0.518111 0.191584 -0.102548
-0.255827 -0.561848 0.129584
-0.359167 0.284447 0.035244
0.000000 0.000000 0.000000
-0.569755 0.113242 0.282739
-0.746544 0.297118 0.225354
-0.346661 0.211377 0.282739
-0.139762 0.078691 -0.463878
-0.111864 0.110619 -0.186696
-0.211817 0.193958 -0.091748
-0.746544 0.231282 0.143267
0.081235 0.110619 -0.172815
0.147525 0.193389 -0.212957
-0.372657 0.160874 -0.235391
-0.532275 -0.469013 0.191438
0.000000 0.000000 0.000000
0.000000 0.000000 0.000000
-0.512524 0.110619 0.008151
0.000000 0.000000 0.000000
-0.524286 -0.558528 0.067472
-0.298901 0.002142 -0.357180
0.000000 0.000000 0.000000
0.092823 0.076207 -0.335225
-0.312471 -0.187511 -0.578754
-0.696926 -0.251403 0.182379
-0.696926 -0.104771 0.206316
0.000000 0.000000 0.000000
-0.082609 0.076590 -0.338861
-0.752061 0.056183 0.121454
-0.261615 0.007715 -0.573243
0.042034 0.077894 -0.503076
0.000000 0.000000 0.000000
-0.456029 0.203090 0.116169
-0.696926 -0.480603 0.067748
-0.085085 0.203090 0.117056
0.000000 0.000000 0.000000
-0.700681 0.056363 0.006842
0.320045 0.056328 -0.526111
-0.674794 0.110619 -0.054571
-0.746019 -0.220963 0.006842
0.000000 0.000000 0.000000
0.177930 0.076483 -0.516497
0.320045 -0.178960 -0.566370
-0.113626 0.067041 -0.558995
-0.311296 0.195463 -0.087451
-0.752061 -0.506130 0.278457
-0.564752 0.301337 0.255292
-0.583550 0.168699 -0.086203
-0.696926 -0.506787 0.249516
-0.696926 0.065910 0.187435
-0.752061 -0.103984 0.235112
0.000000 0.000000 0.000000
-0.542045 0.110619 -0.053636
-0.271771 0.110619 0.088357
-0.245141 0.046239 -0.411607
-0.488885 0.192708 -0.011244
0.000000 0.000000 0.000000
-0.489345 0.110619 -0.192008
0.000000 0.000000 0.000000
-0.382251 0.152164 -0.088191
-0.752061 -0.526076 0.092462
-0.660069 0.247931 0.112987
-0.752061 -0.349530 0.189245
-0.549660 -0.492112 0.274747
-0.696926 -0.313418 0.264970
0.000000 0.000000 0.000000
-0.238525 0.185583 -0.234094
-0.752061 -0.579856 0.066797
-0.681886 0.141846 0.282739
0.045823 0.156403 -0.011032
-0.573982 0.138620 0.117903
-0.345002 -0.509291 0.274747
0.000000 0.000000 0.000000
-0.240733 -0.469013 0.157772
-0.427440 -0.561848 0.269943
-0.752061 -0.538932 -0.073768
-0.696926 0.074134 0.094157
-0.752061 0.163017 -0.083717
0.057299 0.036889 -0.433618
-0.366378 -0.469013 0.200800
-0.538094 0.193958 -0.158548
0.261124 0.110619 -0.045656
-0.120469 0.164929 -0.070911
-0.710172 0.240949 0.042381
0.025646 0.110619 0.107278
0.000000 0.000000 0.000000
0.000000 0.000000 0.000000
-0.382887 0.110619 -0.085232
0.000000 0.000000 0.000000
-0.611717 -0.561848 0.154941
-0.537540 0.253713 0.026207
-0.238699 0.110619 0.214865
-0.608258 0.152080 -0.161151
0.000000 0.000000 0.000000
-0.217875 0.231049 0.021594
-0.703327 -0.583895 0.243402
0.000000 0.000000 0.000000
-0.251345 0.189796 -0.016045
0.000000 0.000000 0.000000
0.000000 0.000000 0.000000
-0.242300 0.212317 0.131429
-0.752061 -0.074695 0.090792
0.041087 0.110619 0.015197
-0.586171 -0.469013 0.141784
-0.548474 0.301337 0.138816
0.010408 0.193902 -0.167037
-0.079224 0.110619 -0.100413
0.000000 0.000000 0.000000
0.000000 0.000000 0.000000
-0.176871 0.301337 0.056115
-0.139896 -0.523832 0.067472
-0.061303 0.036889 -0.432857
0.138537 0.118970 -0.235391
-0.312573 0.255704 0.155065
-0.397026 0.110619 0.126300
0.000000 0.000000 0.000000
-0.420942 0.110619 0.053641
-0.593721 0.110619 -0.224899
-0.677074 0.198155 -0.165773
0.000000 0.000000 0.000000
-0.442391 0.110619 0.217136
-0.325285 0.152080 -0.018096
-0.170510 0.036889 -0.360670
-0.696926 -0.437339 0.009485
0.000000 0.000000 0.000000
0.260565 0.110619 -0.206038
-0.110296 0.180353 -0.235391
-0.421622 0.152080 -0.018155
0.000000 0.000000 0.000000
-0.334013 0.152080 -0.174003
-0.479337 0.193958 -0.188339
0.000000 0.000000 0.000000
-0.689291 0.257094 0.162588
-0.142865 0.110619 0.247565
-0.312292 0.110619 0.273998
-0.409647 -0.561848 0.165255
-0.350089 0.211280 0.021683
-0.674899 0.193958 -0.032685
-0.650433 0.301337 0.265784
-0.288034 0.046549 -0.413547
-0.118165 0.211280 0.019556
-0.199380 -0.561848 0.111490
0.085161 0.166215 -0.235391
-0.218640 0.177711 -0.167723
-0.472767 0.301337 0.217301
0.000000 0.000000 0.000000
-0.752061 0.088886 0.192735
0.136329 0.152818 -0.110219
-0.226880 0.110619 -0.090107
0.160567 0.046239 -0.453360
0.000000 0.000000 0.000000
0.312780 0.058734 -0.399443
-0.492844 0.200834 0.282739
-0.747907 0.185583 0.051162
-0.458706 -0.561848 0.084634
0.000000 0.000000 0.000000
0.252218 0.071192 -0.454336
-0.128506 0.110619 0.090117
0.000000 0.000000 0.000000
0.278155 -0.407263 -0.564622
-0.696926 -0.503254 0.172956
-0.752061 -0.453332 0.216453
-0.172253 0.152080 -0.195815
-0.312303 -0.051632 -0.536864
0.000000 0.000000 0.000000
-0.696926 -0.109370 0.057895
-0.226283 0.051979 -0.578755
0.023372 0.036889 -0.358178
0.235637 0.110619 -0.128590
-0.111306 0.033611 -0.281105
-0.402448 0.230648 0.063177
-0.084585 0.073675 -0.538739
0.000000 0.000000 0.000000
0.108580 0.181760 -0.055450
-0.032742 0.203090 0.084763
-0.308658 -0.109205 -0.317484
0.000000 0.000000 0.000000
-0.610899 0.271328 0.239645
0.000000 0.000000 0.000000
-0.187451 0.037233 -0.470368
-0.465743 0.290265 0.036955
0.000000 0.000000 0.000000
0.000000 0.000000 0.000000
-0.430015 0.110619 -0.004526
-0.063588 0.162417 -0.235391
0.000000 0.000000 0.000000
-0.284844 0.301337 0.163896
0.043142 0.163533 -0.089471
0.262287 0.041256 -0.357873
-0.310799 -0.365108 -0.275595
-0.343046 0.301337 0.170696
0.010408 0.158510 -0.118117
0.181162 0.036889 -0.360354
-0.696926 -0.201178 0.265143
0.000000 0.000000 0.000000
0.161880 0.049139 -0.573480
-0.401161 0.110619 -0.202851
0.000000 0.000000 0.000000
-0.582519 0.241622 0.078827
0.000000 0.000000 0.000000
0.000000 0.000000 0.000000
-0.009677 0.071808 -0.309910
-0.290288 0.273601 0.032055
-0.259253 0.046239 -0.504481
-0.447690 0.178442 -0.101156
-0.693929 0.203090 0.105299
0.201768 0.185118 -0.164718
-0.648247 0.110619 0.110128
0.193771 0.110619 0.018973
0.000000 0.000000 0.000000
-0.744246 0.110619 -0.076045
-0.293530 0.123837 -0.235391
-0.321501 0.241044 0.075698
-0.117159 0.079773 -0.369153
-0.055030 0.165809 -0.161260
-0.432329 0.152080 -0.184462
0.000000 0.000000 0.000000
0.232847 0.184456 -0.235391
-0.390476 -0.498903 0.274747
0.000000 0.000000 0.000000
-0.696926 -0.424729 0.084681
0.268764 0.068601 -0.544950
-0.088119 0.046239 -0.494633
-0.399704 0.110619 0.202512
-0.616266 0.162054 -0.083253
-0.737774 -0.014602 0.293706
-0.619363 -0.514229 0.274747
-0.339233 0.268381 0.223690
0.114728 0.110619 -0.099189
0.001912 0.182220 -0.051362
-0.382251 0.181800 -0.167361
0.000000 0.000000 0.000000
0.000000 0.000000 0.000000
0.000000 0.000000 0.000000
0.064744 0.046239 -0.570471
-0.664820 0.301337 0.132949
-0.475980 0.243618 0.089633
-0.446047 0.205909 -0.045955
-0.314433 -0.469013 0.157731
-0.622247 0.204290 -0.018213
-0.518111 0.164261 -0.020428
-0.603614 0.110619 -0.125690
-0.710172 0.262139 0.236242
0.444191 0.110619 -0.224977
-0.259042 0.042519 -0.329835
-0.543868 0.205909 -0.064223
0.030845 0.193958 -0.211939
-0.180838 0.110619 -0.047162
-0.680551 0.238423 0.282739
0.048289 0.110619 -0.137609
-0.034714 0.059353 -0.574314
-0.700458 0.157692 -0.235391
-0.087764 0.189810 -0.041546
0.000000 0.000000 0.000000
-0.153203 0.156005 -0.086462
0.000000 0.000000 0.000000
-0.259332 0.246055 0.102829
-0.262042 0.192188 -0.126842
0.300404 0.139021 -0.235391
-0.752061 -0.202726 0.258827
0.000000 0.000000 0.000000
-0.045970 0.036889 -0.368975
0.000000 0.000000 0.000000
0.132678 0.061551 -0.283468
-0.099300 0.203801 -0.100429
0.089440 0.078971 -0.451389
-0.585395 -0.561848 0.091235
-0.316022 -0.561848 0.166253
-0.018139 0.152080 -0.076135
-0.227503 -0.549356 0.067472
0.290966 0.002142 -0.378592
0.059693 0.110619 -0.229087
-0.489970 0.111866 -0.235391
-0.287426 -0.561848 0.069804
0.000000 0.000000 0.000000
-0.344290 0.182220 -0.118863
0.056419 0.065300 -0.290036
0.074499 0.205909 -0.075631
0.000000 0.000000 0.000000
-0.271696 -0.561848 0.270395
-0.310437 0.357231 0.094191
-0.435308 0.301337 0.170521
-0.057252 0.110619 0.109957
0.231494 0.006763 -0.306461
-0.551524 0.138620 0.051545
0.000000 0.000000 0.000000
-0.752061 -0.396516 0.137949
-0.693143 0.292900 0.037730
-0.751873 -0.326304 0.006842
-0.205591 0.110619 0.071719
0.000000 0.000000 0.000000
0.000000 0.000000 0.000000
-0.522891 0.155919 -0.207241
-0.708576 0.110619 0.035844
-0.644005 0.183783 -0.112387
0.000000 0.000000 0.000000
0.000000 0.000000 0.000000
-0.752061 -0.265258 0.107583
0.000000 0.000000 0.000000
0.000000 0.000000 0.000000
-0.002701 0.110619 -0.122597
-0.259959 0.152080 -0.050111
-0.696926 -0.047329 0.216425
0.000000 0.000000 0.000000
-0.171985 0.110619 0.198836
0.000000 0.000000 0.000000
-0.734519 0.301337 0.132041
-0.403294 0.228949 0.131429
-0.193360 0.066399 -0.293392
-0.111038 0.152080 -0.017595
0.000000 0.000000 0.000000
-0.289443 -0.130934 -0.578755
-0.342638 -0.511679 0.067472
-0.352770 0.329715 0.064438
-0.749718 -0.539269 0.323664
-0.157183 0.110619 -0.228149
-0.348547 0.110619 0.086045
-0.696926 -0.542448 -0.057088
-0.696926 -0.284929 0.124076
-0.146326 0.067998 -0.298276
-0.232377 0.073331 -0.471129
0.290982 0.002142 -0.520790
0.117824 0.193958 -0.171192
0.000000 0.000000 0.000000
-0.472168 0.157437 -0.011032
-0.752061 -0.065389 0.180467
-0.670729 -0.469013 0.127419
-0.427351 -0.514079 0.067472
-0.062977 0.055152 -0.275595
-0.545815 -0.469013 0.084758
-0.125057 -0.469013 0.165350
-0.507182 0.110619 0.260628
0.000000 0.000000 0.000000
-0.491686 0.152080 -0.142530
-0.090083 0.203090 0.068185
0.337570 0.110619 -0.182188
-0.316812 0.162339 -0.104576
0.000000 0.000000 0.000000
-0.529817 0.246799 0.106856
-0.110945 0.036889 -0.398165
0.155025 0.193958 -0.070328
-0.125612 0.246239 0.103829
0.112182 0.158242 -0.011032
0.000000 0.000000 0.000000
0.134038 0.078027 -0.501805
0.277955 0.152080 -0.154147
-0.613555 0.255939 0.156335
0.000000 0.000000 0.000000
-0.219497 0.110619 -0.155569
-0.547592 -0.561848 0.150231
-0.308327 0.025467 -0.518010
0.000000 0.000000 0.000000
-0.109455 0.005468 -0.547888
-0.446550 -0.469013 0.155530
-0.070444 0.078550 -0.446763
-0.433574 0.110619 -0.144982
-0.475902 0.110619 0.162184
-0.147027 0.074995 -0.530661
0.048059 0.077607 -0.434040
-0.218105 0.352891 0.091241
0.197976 0.031115 -0.281105
-0.669759 -0.469013 0.258945
-0.323171 0.154070 0.282739
0.280754 -0.155138 -0.536864
0.013074 0.046239 -0.523614
-0.720454 0.110619 0.142366
0.000000 0.000000 0.000000
0.000000 0.000000 0.000000
-0.752061 -0.559679 0.229940
-0.696926 -0.161441 0.178537
-0.604174 0.110619 -0.062322
-0.349518 0.181252 -0.059949
-0.267697 0.211280 0.001898
-0.261397 0.205909 -0.070169
0.189793 0.163869 -0.235391
-0.233148 0.295823 0.022741
0.000000 0.000000 0.000000
-0.638157 0.203090 0.093773
-0.710172 0.210916 -0.202772
0.300898 -0.105559 -0.317484
0.170171 0.110619 -0.115221
-0.696926 -0.050104 0.073494
-0.539009 -0.560182 0.274747
-0.286290 -0.507155 0.274747
-0.190891 0.190998 -0.048175
0.000000 0.000000 0.000000
-0.305019 0.059212 -0.467994
-0.088936 0.110619 -0.018890
0.000000 0.000000 0.000000
0.263244 0.041312 -0.491806
0.000000 0.000000 0.000000
0.000000 0.000000 0.000000
-0.287903 0.203121 0.282739
0.000000 0.000000 0.000000
0.200479 0.046239 -0.411482
0.165979 0.152080 -0.060547
-0.737226 0.110619 -0.149730
0.247433 0.071941 -0.349695
-0.271954 -0.336238 -0.545063
-0.322126 0.205909 -0.020437
-0.718785 -0.246502 0.293605
-0.129994 0.036889 -0.495968
-0.696926 0.093470 0.253932
0.000000 0.000000 0.000000
0.000000 0.000000 0.000000
0.000000 0.000000 0.000000
-0.696926 -0.329842 0.207114
0.000000 0.000000 0.000000
0.151194 0.075332 -0.326894
-0.690775 0.301337 0.190355
-0.178293 0.076754 -0.407062
-0.736396 0.116366 0.293760
-0.217761 -0.469013 0.213317
-0.752061 0.163292 0.154240
-0.190891 0.158843 -0.147296
-0.560358 0.138620 0.173085
-0.509953 0.173760 -0.235391
0.402997 0.110619 -0.165387
-0.701443 0.110619 -0.200892
0.000000 0.000000 0.000000
-0.696926 -0.104087 0.142913
0.000000 0.000000 0.000000
-0.151339 0.205909 -0.042873
0.000000 0.000000 0.000000
0.130102 0.110619 -0.044209
-0.181586 0.240666 0.073653
-0.010163 0.110619 0.041931
-0.696926 0.028103 0.126329
-0.169781 0.077181 -0.498793
-0.271954 -0.422759 -0.561479
-0.752061 -0.297709 0.054819
-0.710170 -0.534349 0.053317
0.312178 0.049693 -0.460332
-0.027281 0.155050 -0.034454
-0.095553 0.110619 0.213103
0.000000 0.000000 0.000000
0.002691 0.046239 -0.466035
-0.679909 -0.561848 0.180925
-0.589522 0.193958 -0.141152
-0.626274 0.110619 0.236354
-0.266380 0.110619 0.141956
0.073338 0.046239 -0.495537
-0.715283 0.231722 -0.119559
0.000000 0.000000 0.000000
0.168150 0.077575 -0.435748
0.000000 0.000000 0.000000
0.279365 -0.353236 -0.578754
-0.485745 0.203987 -0.126056
-0.170454 0.046239 -0.564724
-0.568354 0.301337 0.192990
-0.484376 0.110619 -0.040072
0.331183 0.185583 -0.228224
-0.429858 0.244451 0.094143
-0.329120 0.110619 -0.186388
0.031538 0.152080 -0.184563
0.000000 0.000000 0.000000
0.000000 0.000000 0.000000
0.000000 0.000000 0.000000
0.000000 0.000000 0.000000
0.076776 0.074796 -0.532546
0.000000 0.000000 0.000000
-0.045573 0.077730 -0.411046
0.281249 0.066646 -0.336158
-0.441402 0.152080 -0.056289
-0.025154 0.077495 -0.347476
-0.626032 -0.561848 0.209408
-0.200462 0.152080 -0.011859
-0.297497 -0.471891 -0.292595
-0.535769 0.152080 -0.108903
0.000000 0.000000 0.000000
-0.349993 0.249954 0.123935
-0.489541 -0.503423 0.274747
-0.554190 0.110619 -0.183981
0.078201 0.193958 -0.185972
-0.414028 0.186345 -0.212409
-0.313843 0.005854 -0.301502
0.095816 0.152080 -0.138676
0.000000 0.000000 0.000000
-0.611097 0.193958 -0.189946
0.000000 0.000000 0.000000
0.182792 0.152080 -0.142190
-0.638981 -0.469013 0.160859
-0.406282 0.193958 -0.083653
0.000000 0.000000 0.000000
0.251015 0.193958 -0.139484
0.000000 0.000000 0.000000
0.000000 0.000000 0.000000
-0.174107 0.076512 -0.338128
-0.166530 0.230648 0.038709
0.133011 0.110619 -0.155410
-0.696926 -0.352200 0.012240
0.000000 0.000000 0.000000
-0.133845 0.110619 0.145380
-0.524779 -0.469013 0.136807
-0.696926 -0.507367 0.116206
0.000000 0.000000 0.000000
-0.251345 0.155199 -0.109851
-0.501711 0.152080 -0.064735
-0.087764 0.176521 -0.143318
0.106403 0.046239 -0.382255
-0.238365 0.152080 -0.191949
-0.752061 -0.517177 0.018493
-0.696926 -0.244755 0.015726
0.191687 0.076391 -0.386736
-0.648989 0.167565 -0.014754
-0.308550 0.203090 0.055728
-0.696926 -0.220256 0.073793
-0.561555 -0.561848 0.219886
-0.192715 0.193958 -0.209809
0.191628 0.003033 -0.573243
-0.752061 -0.164266 0.217373
0.085263 0.110619 0.087485
-0.570932 0.152080 -0.148180
-0.258559 0.010142 -0.329349
-0.651045 -0.561848 0.073253
-0.500290 0.193958 -0.062098
0.056843 0.199682 -0.028160
0.000000 0.000000 0.000000
-0.120469 0.156416 -0.125973
0.317115 0.050558 -0.278629
-0.046864 0.193958 -0.074461
-0.258988 -0.561848 0.199080
-0.752061 -0.514066 0.175846
0.000000 0.000000 0.000000
-0.005255 0.074665 -0.533807
