0.000000 0.000000 0.000000
0.293124 -0.484675 -0.319685
0.000000 0.000000 0.000000
0.000000 0.000000 0.000000
0.000000 0.000000 0.000000
-0.001949 0.949495 -0.020418
0.061349 0.490033 -0.140046
0.000000 0.000000 0.000000
0.000000 0.000000 0.000000
0.000000 0.000000 0.000000
0.216096 -0.106298 -0.242390
0.213338 0.224561 -0.085686
0.000000 0.000000 0.000000
0.383492 -0.326204 -0.056432
0.000000 0.000000 0.000000
0.000000 0.000000 0.000000
0.000000 0.000000 0.000000
0.000000 0.000000 0.000000
0.095655 0.696244 0.002882
0.332835 -0.276954 -0.171997
0.000000 0.000000 0.000000
0.000000 0.000000 0.000000
0.000000 0.000000 0.000000
0.100480 0.103616 -0.243455
0.000000 0.000000 0.000000
0.285997 -0.000155 -0.078210
0.000000 0.000000 0.000000
0.000000 0.000000 0.000000
0.000000 0.000000 0.000000
0.000000 0.000000 0.000000
0.000000 0.000000 0.000000
0.418940 -0.498820 -0.129930
0.201928 -0.305265 -0.324988
0.000000 0.000000 0.000000
0.000000 0.000000 0.000000
0.000000 0.000000 0.000000
0.075248 0.281649 -0.198795
0.346180 -0.171706 -0.001327
0.433048 -0.496129 0.052714
0.213203 0.260092 -0.059458
0.000000 0.000000 0.000000
0.000000 0.000000 0.000000
0.260734 0.115434 0.021584
0.000000 0.000000 0.000000
0.035179 0.813003 -0.049816
0.247613 0.051855 -0.132010
0.000000 0.000000 0.000000
0.164959 0.449466 -0.016796
0.128574 -0.154217 -0.311633
0.000000 0.000000 0.000000
0.031423 0.650439 -0.102786
0.000000 0.000000 0.000000
0.097683 -0.126474 -0.315840
0.159401 -0.489223 -0.402568
0.000000 0.000000 0.000000
0.380259 -0.342591 -0.106557
0.038621 0.128233 -0.252980
0.000000 0.000000 0.000000
0.000000 0.000000 0.000000
0.000000 0.000000 0.000000
0.088897 0.252351 -0.202211
0.000000 0.000000 0.000000
0.000000 0.000000 0.000000
0.000000 0.000000 0.000000
0.135906 0.546524 -0.024814
0.000000 0.000000 0.000000
0.000000 0.000000 0.000000
0.000000 0.000000 0.000000
0.000000 0.000000 0.000000
0.161471 0.340324 -0.112349
0.312704 -0.359646 -0.244102
0.303687 -0.145465 -0.144099
0.000000 0.000000 0.000000
0.000000 0.000000 0.000000
0.382450 -0.306877 -0.021993
0.000000 0.000000 0.000000
0.000000 0.000000 0.000000
0.169968 0.431652 0.018164
0.000000 0.000000 0.000000
0.000000 0.000000 0.000000
0.000000 0.000000 0.000000
0.000000 0.000000 0.000000
0.173863 0.138357 -0.186602
0.242227 0.172079 0.038046
0.170752 0.025997 -0.229494
0.000000 0.000000 0.000000
0.049359 0.374499 -0.180528
0.000000 0.000000 0.000000
0.000000 0.000000 0.000000
0.000000 0.000000 0.000000
0.000000 0.000000 0.000000
0.000000 0.000000 0.000000
0.000000 0.000000 0.000000
0.203641 -0.203705 -0.287062
0.000000 0.000000 0.000000
0.000000 0.000000 0.000000
0.000000 0.000000 0.000000
0.000000 0.000000 0.000000
0.000000 0.000000 0.000000
0.000000 0.000000 0.000000
0.359937 -0.453700 -0.226734
0.000000 0.000000 0.000000
0.291438 0.003193 0.034297
0.000000 0.000000 0.000000
0.000000 0.000000 0.000000
0.000000 0.000000 0.000000
0.000000 0.000000 0.000000
0.000000 0.000000 0.000000
0.000000 0.000000 0.000000
0.000000 0.000000 0.000000
0.000000 0.000000 0.000000
0.000000 0.000000 0.000000
0.111073 -0.021702 -0.277861
0.000000 0.000000 0.000000
0.000000 0.000000 0.000000
0.000000 0.000000 0.000000
0.411975 -0.419975 -0.045540
0.313453 -0.090585 -0.072173
0.000000 0.000000 0.000000
0.027273 0.191367 -0.236262
0.000000 0.000000 0.000000
0.352430 -0.224476 -0.069476
0.000000 0.000000 0.000000
0.000000 0.000000 0.000000
0.000000 0.000000 0.000000
0.000000 0.000000 0.000000
0.290884 -0.249134 -0.220620
0.203575 0.321846 -0.003103
0.247169 0.145342 -0.058711
0.157010 0.185862 -0.182409
0.246043 -0.385550 -0.320078
0.000000 0.000000 0.000000
0.000000 0.000000 0.000000
0.198267 -0.402679 -0.359679
0.000000 0.000000 0.000000
0.000000 0.000000 0.000000
0.000000 0.000000 0.000000
0.228774 0.175547 -0.085049
0.000000 0.000000 0.000000
0.000000 0.000000 0.000000
0.000000 0.000000 0.000000
0.000000 0.000000 0.000000
0.000000 0.000000 0.000000
0.000000 0.000000 0.000000
0.154839 0.273585 -0.152345
0.323218 -0.112122 0.045566
0.000000 0.000000 0.000000
0.000000 0.000000 0.000000
0.000000 0.000000 0.000000
0.089026 0.631630 -0.069906
0.358654 -0.234272 0.044043
0.000000 0.000000 0.000000
0.000000 0.000000 0.000000
0.000000 0.000000 0.000000
0.000000 0.000000 0.000000
0.000000 0.000000 0.000000
0.000000 0.000000 0.000000
0.263005 -0.070942 -0.173240
0.000000 0.000000 0.000000
0.000000 0.000000 0.000000
0.134110 0.493588 -0.075905
0.000000 0.000000 0.000000
0.000000 0.000000 0.000000
0.000000 0.000000 0.000000
0.109524 0.408684 -0.138522
0.000000 0.000000 0.000000
0.132276 -0.319181 -0.361165
0.000000 0.000000 0.000000
0.081632 0.743240 -0.006043
0.000000 0.000000 0.000000
0.267557 -0.041625 -0.153535
0.000000 0.000000 0.000000
0.000000 0.000000 0.000000
0.301031 -0.065807 -0.090979
0.278317 0.042438 -0.047587
0.000000 0.000000 0.000000
0.012610 0.893808 -0.035243
0.435560 -0.500262 -0.042311
0.000000 0.000000 0.000000
0.000000 0.000000 0.000000
0.000000 0.000000 0.000000
0.000000 0.000000 0.000000
0.000000 0.000000 0.000000
0.000000 0.000000 0.000000
0.000000 0.000000 0.000000
0.415609 -0.439838 0.061842
0.000000 0.000000 0.000000
0.000000 0.000000 0.000000
0.000000 0.000000 0.000000
0.380621 -0.420608 -0.163989
0.165851 -0.101663 -0.279274
0.071081 0.031296 -0.276669
0.000000 0.000000 0.000000
0.329621 -0.227849 -0.143058
0.000000 0.000000 0.000000
0.371855 -0.299856 -0.087096
0.259970 -0.301585 -0.279124
0.088879 0.562144 -0.099043
0.000000 0.000000 0.000000
0.000000 0.000000 0.000000
0.000000 0.000000 0.000000
0.000000 0.000000 0.000000
0.183890 0.373001 -0.040540
0.173855 0.217596 -0.153868
0.229015 -0.471706 -0.364203
0.000000 0.000000 0.000000
0.000000 0.000000 0.000000
0.330516 -0.153931 -0.081358
0.000000 0.000000 0.000000
0.220709 0.256358 0.016831
0.000000 0.000000 0.000000
0.189855 0.301801 -0.084656
0.401946 -0.373224 0.019662
0.135356 0.411007 -0.113176
0.040965 0.750822 -0.067760
0.221812 -0.026889 -0.206226
0.000000 0.000000 0.000000
0.000000 0.000000 0.000000
-0.005064 0.478410 -0.155898
0.000000 0.000000 0.000000
0.335248 -0.501509 -0.281369
0.000000 0.000000 0.000000
0.000000 0.000000 0.000000
0.000000 0.000000 0.000000
0.000000 0.000000 0.000000
0.000000 0.000000 0.000000
0.160143 0.082652 -0.217210
0.000000 0.000000 0.000000
0.000000 0.000000 0.000000
0.000000 0.000000 0.000000
0.058730 0.822447 0.006829
0.000000 0.000000 0.000000
0.000000 0.000000 0.000000
0.313919 -0.063603 0.009887
0.034599 0.694175 -0.087932
0.000000 0.000000 0.000000
0.347905 -0.347086 -0.188027
0.000000 0.000000 0.000000
0.000000 0.000000 0.000000
0.000000 0.000000 0.000000
0.000000 0.000000 0.000000
0.035963 0.312850 -0.200075
0.263374 -0.160916 -0.215028
0.161706 -0.230766 -0.321605
0.000000 0.000000 0.000000
0.000000 0.000000 0.000000
0.402077 -0.398688 -0.074082
0.000000 0.000000 0.000000
0.097384 -0.054297 -0.293621
0.000000 0.000000 0.000000
0.211140 0.058085 -0.180214
0.000000 0.000000 0.000000
0.175839 -0.049691 -0.252875
0.372513 -0.494995 -0.229743
0.097525 0.177664 -0.221757
0.000000 0.000000 0.000000
0.296679 -0.395846 -0.281993
0.000000 0.000000 0.000000
0.000000 0.000000 0.000000
0.000000 0.000000 0.000000
0.000000 0.000000 0.000000
0.000000 0.000000 0.000000
0.271716 0.051084 -0.074396
0.393076 -0.354683 0.046414
0.000000 0.000000 0.000000
0.000000 0.000000 0.000000
0.000000 0.000000 0.000000
0.000000 0.000000 0.000000
0.000000 0.000000 0.000000
0.078548 0.681230 -0.060260
0.303214 -0.304798 -0.230702
0.000000 0.000000 0.000000
0.117286 0.620171 -0.004877
0.000000 0.000000 0.000000
0.000000 0.000000 0.000000
0.115028 0.327546 -0.163547
0.000000 0.000000 0.000000
0.000000 0.000000 0.000000
0.000000 0.000000 0.000000
0.000000 0.000000 0.000000
0.000000 0.000000 0.000000
0.315464 -0.435343 -0.276067
0.000000 0.000000 0.000000
0.062242 0.649444 -0.088012
0.000000 0.000000 0.000000
0.000000 0.000000 0.000000
0.000000 0.000000 0.000000
0.155572 0.488665 -0.002209
0.000000 0.000000 0.000000
0.233849 -0.172129 -0.252500
0.000000 0.000000 0.000000
0.000000 0.000000 0.000000
0.043039 0.432786 -0.164546
0.000000 0.000000 0.000000
0.000000 0.000000 0.000000
0.270134 0.068732 0.052511
0.000000 0.000000 0.000000
0.235748 0.114561 -0.113789
0.000000 0.000000 0.000000
0.000000 0.000000 0.000000
0.000000 0.000000 0.000000
0.000000 0.000000 0.000000
0.000000 0.000000 0.000000
0.000000 0.000000 0.000000
0.000000 0.000000 0.000000
0.000000 0.000000 0.000000
0.000000 0.000000 0.000000
0.000000 0.000000 0.000000
0.000000 0.000000 0.000000
0.000000 0.000000 0.000000
0.000000 0.000000 0.000000
0.000000 0.000000 0.000000
0.000000 0.000000 0.000000
0.199594 -0.237509 -0.302353
0.000000 0.000000 0.000000
0.176841 -0.151749 -0.288897
0.000000 0.000000 0.000000
0.000000 0.000000 0.000000
0.000000 0.000000 0.000000
0.371298 -0.275462 0.038253
0.000000 0.000000 0.000000
0.000000 0.000000 0.000000
0.000000 0.000000 0.000000
0.105100 0.450269 -0.126926
0.000000 0.000000 0.000000
0.000000 0.000000 0.000000
0.000000 0.000000 0.000000
0.000000 0.000000 0.000000
0.000000 0.000000 0.000000
0.000000 0.000000 0.000000
0.000000 0.000000 0.000000
0.365732 -0.244161 -0.011570
0.280987 0.050905 0.009131
0.250899 -0.255758 -0.269563
0.132007 0.043411 -0.249033
-0.000064 0.410619 -0.176112
0.000000 0.000000 0.000000
0.358179 -0.381351 -0.188830
0.414504 -0.412261 0.009801
0.000000 0.000000 0.000000
0.000000 0.000000 0.000000
0.412750 -0.448622 -0.102421
0.000000 0.000000 0.000000
0.000000 0.000000 0.000000
0.138496 0.318356 -0.148852
0.332023 -0.184980 -0.105221
0.021812 0.550260 -0.133454
0.000000 0.000000 0.000000
0.053642 0.065716 -0.269036
0.262233 0.005414 -0.131422
0.000000 0.000000 0.000000
0.000000 0.000000 0.000000
0.000000 0.000000 0.000000
0.205978 0.157176 -0.140389
0.231468 0.215257 -0.024783
0.331207 -0.122111 -0.006384
0.208248 -0.455808 -0.371991
0.000000 0.000000 0.000000
0.000000 0.000000 0.000000
0.001183 0.999980 -0.006268
0.000000 0.000000 0.000000
0.000000 0.000000 0.000000
0.000000 0.000000 0.000000
0.276068 -0.192935 -0.213527
0.000000 0.000000 0.000000
0.280384 -0.331157 -0.272837
0.000000 0.000000 0.000000
0.000000 0.000000 0.000000
0.392988 -0.471470 -0.172142
0.178474 -0.303974 -0.337322
0.000000 0.000000 0.000000
0.115220 0.587975 -0.050970
0.000000 0.000000 0.000000
0.000000 0.000000 0.000000
0.301376 -0.030256 -0.031721
0.000000 0.000000 0.000000
0.187434 0.373878 0.012080
0.143513 0.515385 0.035637
0.000000 0.000000 0.000000
0.000000 0.000000 0.000000
0.000000 0.000000 0.000000
0.000000 0.000000 0.000000
0.157343 0.438520 -0.060969
0.146928 -0.407399 -0.382405
0.257126 0.134556 -0.006710
0.046707 0.589761 -0.115239
0.200676 0.311845 -0.047041
0.043592 0.240884 -0.219829
0.000000 0.000000 0.000000
0.000000 0.000000 0.000000
0.351471 -0.255392 -0.110891
0.000000 0.000000 0.000000
0.139451 0.141453 -0.211891
0.000000 0.000000 0.000000
0.338091 -0.402456 -0.231129
0.000000 0.000000 0.000000
0.000000 0.000000 0.000000
0.191223 0.273009 -0.102869
0.000000 0.000000 0.000000
0.000000 0.000000 0.000000
0.000000 0.000000 0.000000
0.000000 0.000000 0.000000
0.000000 0.000000 0.000000
0.000000 0.000000 0.000000
0.000000 0.000000 0.000000
0.000000 0.000000 0.000000
0.233322 -0.334079 -0.311285
0.000000 0.000000 0.000000
0.000000 0.000000 0.000000
0.250656 -0.107225 -0.206378
0.000000 0.000000 0.000000
0.000000 0.000000 0.000000
0.145344 0.500983 -0.043258
0.000000 0.000000 0.000000
0.000000 0.000000 0.000000
0.000000 0.000000 0.000000
0.155251 -0.372073 -0.368021
0.000000 0.000000 0.000000
0.000000 0.000000 0.000000
0.298155 -0.103406 -0.126023
0.000000 0.000000 0.000000
0.016499 0.956763 0.012059
0.165524 -0.436199 -0.383618
0.000000 0.000000 0.000000
0.000000 0.000000 0.000000
0.426829 -0.452986 -0.005038
0.000000 0.000000 0.000000
0.000000 0.000000 0.000000
0.341928 -0.178730 0.049391
0.000000 0.000000 0.000000
0.305732 -0.177318 -0.162968
0.000000 0.000000 0.000000
0.000000 0.000000 0.000000
0.258680 -0.423431 -0.324037
0.000000 0.000000 0.000000
0.000000 0.000000 0.000000
0.000000 0.000000 0.000000
0.000000 0.000000 0.000000
0.000000 0.000000 0.000000
0.000000 0.000000 0.000000
0.371498 -0.373610 -0.150892
0.000000 0.000000 0.000000
0.000000 0.000000 0.000000
0.235489 0.007205 -0.172386
0.000000 0.000000 0.000000
0.399841 -0.367314 -0.022325
0.000000 0.000000 0.000000
0.000000 0.000000 0.000000
0.000000 0.000000 0.000000
0.209262 -0.357964 -0.338356
0.428193 -0.497142 -0.091433
0.004744 0.753589 -0.077048
0.000000 0.000000 0.000000
0.000000 0.000000 0.000000
0.000000 0.000000 0.000000
0.000000 0.000000 0.000000
0.012448 0.846459 -0.049245
0.000000 0.000000 0.000000
0.000000 0.000000 0.000000
0.000000 0.000000 0.000000
0.103185 0.501194 -0.110037
0.000000 0.000000 0.000000
0.000000 0.000000 0.000000
0.306188 -0.048178 0.034812
0.000000 0.000000 0.000000
0.000000 0.000000 0.000000
0.000000 0.000000 0.000000
0.000000 0.000000 0.000000
0.000000 0.000000 0.000000
0.000000 0.000000 0.000000
0.358185 -0.306719 -0.133040
0.000000 0.000000 0.000000
0.000000 0.000000 0.000000
0.000000 0.000000 0.000000
0.000000 0.000000 0.000000
0.207235 0.025526 -0.200598
0.133364 0.255018 -0.175623
0.436808 -0.488076 0.006504
0.000000 0.000000 0.000000
0.000000 0.000000 0.000000
0.000000 0.000000 0.000000
0.330965 -0.133665 -0.033547
0.226040 -0.274419 -0.295366
0.000000 0.000000 0.000000
0.126115 0.588757 -0.006652
0.000000 0.000000 0.000000
0.000000 0.000000 0.000000
0.000000 0.000000 0.000000
0.112568 0.213675 -0.204379
0.000000 0.000000 0.000000
0.258387 0.112106 -0.046324
-0.004227 0.806453 -0.061381
0.000000 0.000000 0.000000
0.000000 0.000000 0.000000
0.037920 0.896215 -0.002889
0.000000 0.000000 0.000000
0.000000 0.000000 0.000000
0.000000 0.000000 0.000000
0.000000 0.000000 0.000000
0.000000 0.000000 0.000000
0.000000 0.000000 0.000000
0.000000 0.000000 0.000000
0.000000 0.000000 0.000000
0.000000 0.000000 0.000000
0.000000 0.000000 0.000000
0.361316 -0.253033 -0.064552
-0.004235 0.375864 -0.185588
0.241471 -0.216430 -0.262620
0.241734 0.177933 -0.028589
0.000000 0.000000 0.000000
0.000000 0.000000 0.000000
0.300569 -0.214404 -0.191683
0.000000 0.000000 0.000000
0.000000 0.000000 0.000000
0.000000 0.000000 0.000000
0.000000 0.000000 0.000000
0.138884 -0.055882 -0.276922
0.344136 -0.193251 -0.064061
0.281052 -0.117603 -0.171641
0.000000 0.000000 0.000000
0.000000 0.000000 0.000000
0.199417 0.112770 -0.169801
0.000000 0.000000 0.000000
0.142136 -0.275197 -0.343465
0.000000 0.000000 0.000000
0.170453 0.398566 -0.059180
0.168584 -0.350479 -0.355814
0.000000 0.000000 0.000000
0.070255 0.781572 -0.008473
0.231638 0.217875 0.018132
0.203363 -0.059445 -0.235271
0.114722 -0.227859 -0.340167
0.000000 0.000000 0.000000
0.309951 -0.061757 -0.035605
0.000000 0.000000 0.000000
0.000000 0.000000 0.000000
0.000000 0.000000 0.000000
0.282810 -0.030958 -0.108924
0.000000 0.000000 0.000000
0.079493 0.139965 -0.240897
0.124620 -0.097223 -0.295627
0.000000 0.000000 0.000000
0.000000 0.000000 0.000000
0.000000 0.000000 0.000000
0.000000 0.000000 0.000000
0.141379 -0.194725 -0.318868
0.000000 0.000000 0.000000
0.000000 0.000000 0.000000
0.000000 0.000000 0.000000
0.000000 0.000000 0.000000
0.327891 -0.337417 -0.213866
0.000000 0.000000 0.000000
0.000000 0.000000 0.000000
0.000000 0.000000 0.000000
0.000000 0.000000 0.000000
0.061195 0.797786 0.024977
0.000000 0.000000 0.000000
0.000000 0.000000 0.000000
0.389288 -0.326909 0.014330
0.000000 0.000000 0.000000
0.000000 0.000000 0.000000
0.019597 0.274658 -0.213246
0.000000 0.000000 0.000000
0.000000 0.000000 0.000000
0.143001 -0.000115 -0.257953
0.000000 0.000000 0.000000
0.000000 0.000000 0.000000
0.000000 0.000000 0.000000
0.000000 0.000000 0.000000
0.151485 0.488181 0.034692
0.389903 -0.407485 -0.131772
0.000000 0.000000 0.000000
0.403184 -0.393722 0.055174
0.000000 0.000000 0.000000
0.000000 0.000000 0.000000
0.000000 0.000000 0.000000
0.000000 0.000000 0.000000
0.130198 0.458510 -0.097581
0.000000 0.000000 0.000000
0.049226 0.837585 -0.023750
0.000000 0.000000 0.000000
0.169385 0.299510 -0.121210
0.000000 0.000000 0.000000
0.000000 0.000000 0.000000
0.256308 0.087236 -0.084576
0.342259 -0.459818 -0.252646
0.191226 -0.020015 -0.230370
0.000000 0.000000 0.000000
0.000000 0.000000 0.000000
0.064579 0.204736 -0.227024
0.000000 0.000000 0.000000
0.000000 0.000000 0.000000
0.000000 0.000000 0.000000
0.163433 0.375773 -0.093138
0.000000 0.000000 0.000000
0.127375 0.074484 -0.241333
0.263733 -0.357374 -0.296347
0.077936 0.411895 -0.157364
0.000000 0.000000 0.000000
0.000000 0.000000 0.000000
0.000000 0.000000 0.000000
0.320897 -0.115224 -0.069618
0.000000 0.000000 0.000000
0.000000 0.000000 0.000000
0.269244 0.091687 -0.008600
0.207984 0.296613 -0.024905
0.120529 0.556610 -0.061593
0.066691 0.753794 -0.041622
0.000000 0.000000 0.000000
0.426473 -0.461690 0.027196
0.000000 0.000000 0.000000
0.000000 0.000000 0.000000
0.094278 0.059892 -0.259560
0.000000 0.000000 0.000000
0.000000 0.000000 0.000000
0.016529 0.609803 -0.116973
0.000000 0.000000 0.000000
0.000000 0.000000 0.000000
0.000000 0.000000 0.000000
0.000000 0.000000 0.000000
0.000000 0.000000 0.000000
0.119216 0.292354 -0.173019
0.000000 0.000000 0.000000
0.314387 -0.465075 -0.291439
0.233065 -0.066874 -0.210346
0.000000 0.000000 0.000000
0.000000 0.000000 0.000000
0.000000 0.000000 0.000000
0.106762 0.658299 0.001662
0.000000 0.000000 0.000000
0.117364 0.610605 0.025626
0.000000 0.000000 0.000000
0.000000 0.000000 0.000000
0.194988 -0.504348 -0.392508
-0.002537 0.306038 -0.205954
0.000000 0.000000 0.000000
0.000000 0.000000 0.000000
0.000000 0.000000 0.000000
0.179113 0.403981 -0.008947
0.000000 0.000000 0.000000
0.100072 0.652695 -0.039172
0.000000 0.000000 0.000000
0.000000 0.000000 0.000000
0.000000 0.000000 0.000000
0.000000 0.000000 0.000000
0.000000 0.000000 0.000000
0.000000 0.000000 0.000000
0.081215 0.536459 -0.114182
0.077006 -0.030787 -0.293797
0.288351 0.021629 -0.016962
0.000000 0.000000 0.000000
0.129818 0.355908 -0.141974
0.000000 0.000000 0.000000
0.000000 0.000000 0.000000
0.000000 0.000000 0.000000
0.229631 -0.432031 -0.349427
0.000000 0.000000 0.000000
0.000000 0.000000 0.000000
0.207237 -0.169028 -0.271801
0.420345 -0.455320 -0.059412
0.000000 0.000000 0.000000
0.000000 0.000000 0.000000
0.000000 0.000000 0.000000
0.000000 0.000000 0.000000
0.000000 0.000000 0.000000
0.290924 -0.428850 -0.301248
0.000000 0.000000 0.000000
0.000000 0.000000 0.000000
0.207651 0.185548 -0.124879
0.099712 0.357343 -0.164558
0.000000 0.000000 0.000000
0.000000 0.000000 0.000000
0.000000 0.000000 0.000000
0.000000 0.000000 0.000000
0.259925 -0.459388 -0.336044
0.000000 0.000000 0.000000
0.218375 0.262363 -0.021018
0.156055 0.467436 -0.042469
0.076194 -0.102654 -0.314635
0.000000 0.000000 0.000000
0.000000 0.000000 0.000000
0.184354 0.345636 -0.065176
0.000000 0.000000 0.000000
0.397066 -0.435078 -0.135100
0.273723 0.067017 -0.028630
0.000000 0.000000 0.000000
0.000000 0.000000 0.000000
0.000000 0.000000 0.000000
0.000000 0.000000 0.000000
0.284828 -0.286820 -0.246217
0.287142 -0.147696 -0.177842
0.000000 0.000000 0.000000
0.000000 0.000000 0.000000
0.270201 -0.502163 -0.343579
0.000000 0.000000 0.000000
0.365628 -0.417900 -0.198161
0.266867 -0.233522 -0.244586
0.000000 0.000000 0.000000
0.128532 0.113549 -0.228762
0.067941 0.607506 -0.098756
0.051126 0.458408 -0.154070
0.000000 0.000000 0.000000
0.000000 0.000000 0.000000
0.028289 0.929155 -0.003872
0.050831 0.526874 -0.132998
0.000000 0.000000 0.000000
0.000000 0.000000 0.000000
0.279397 0.035684 0.054565
0.000000 0.000000 0.000000
0.000000 0.000000 0.000000
0.105439 0.142861 -0.229252
0.000000 0.000000 0.000000
0.000000 0.000000 0.000000
0.000000 0.000000 0.000000
0.000000 0.000000 0.000000
0.000000 0.000000 0.000000
0.020941 0.349661 -0.191434
