0.000000 0.000000 0.000000
0.000000 0.000000 0.000000
0.000000 0.000000 0.000000
0.000000 0.000000 0.000000
-0.719014 -0.108973 0.579904
0.000000 0.000000 0.000000
-0.702831 -0.105699 0.007593
0.000000 0.000000 0.000000
0.000000 0.000000 0.000000
0.000000 0.000000 0.000000
0.000000 0.000000 0.000000
0.000000 0.000000 0.000000
-0.631663 -0.161375 0.188796
0.000000 0.000000 0.000000
-0.314372 -0.050024 0.359286
0.000000 0.000000 0.000000
0.000000 0.000000 0.000000
0.000000 0.000000 0.000000
0.000000 0.000000 0.000000
0.000000 0.000000 0.000000
0.000000 0.000000 0.000000
0.000000 0.000000 0.000000
-0.398736 -0.161375 0.447494
0.000000 0.000000 0.000000
-0.578435 -0.050024 0.338791
0.000000 0.000000 0.000000
-0.230809 0.149283 0.250962
0.000000 0.000000 0.000000
-0.320647 -0.161375 0.118768
0.000000 0.000000 0.000000
0.000000 0.000000 0.000000
0.000000 0.000000 0.000000
0.000000 0.000000 0.000000
0.000000 0.000000 0.000000
0.000000 0.000000 0.000000
0.000000 0.000000 0.000000
0.000000 0.000000 0.000000
0.000000 0.000000 0.000000
0.000000 0.000000 0.000000
-0.435349 -0.105699 0.473026
0.000000 0.000000 0.000000
0.000000 0.000000 0.000000
0.000000 0.000000 0.000000
0.000000 0.000000 0.000000
-0.570302 -0.161375 0.357748
-0.719014 -0.145620 -0.140949
0.000000 0.000000 0.000000
0.000000 0.000000 0.000000
-0.354144 -0.050024 0.239452
0.000000 0.000000 0.000000
0.000000 0.000000 0.000000
0.000000 0.000000 0.000000
-0.501806 -0.161375 -0.024032
0.000000 0.000000 0.000000
0.000000 0.000000 0.000000
-0.300974 -0.161375 0.256583
0.000000 0.000000 0.000000
0.000000 0.000000 0.000000
0.000000 0.000000 0.000000
0.000000 0.000000 0.000000
0.000000 0.000000 0.000000
-0.513281 -0.161375 0.583833
0.000000 0.000000 0.000000
-0.214053 -0.161375 0.500153
0.000000 0.000000 0.000000
0.000000 0.000000 0.000000
0.000000 0.000000 0.000000
0.000000 0.000000 0.000000
0.000000 0.000000 0.000000
0.000000 0.000000 0.000000
0.000000 0.000000 0.000000
0.000000 0.000000 0.000000
0.000000 0.000000 0.000000
0.000000 0.000000 0.000000
0.000000 0.000000 0.000000
0.000000 0.000000 0.000000
-0.533623 -0.050024 0.074500
0.000000 0.000000 0.000000
0.000000 0.000000 0.000000
0.000000 0.000000 0.000000
0.000000 0.000000 0.000000
0.000000 0.000000 0.000000
0.000000 0.000000 0.000000
0.000000 0.000000 0.000000
0.000000 0.000000 0.000000
0.000000 0.000000 0.000000
0.000000 0.000000 0.000000
0.000000 0.000000 0.000000
-0.716237 -0.105699 0.291744
0.000000 0.000000 0.000000
0.000000 0.000000 0.000000
0.000000 0.000000 0.000000
0.000000 0.000000 0.000000
0.000000 0.000000 0.000000
0.000000 0.000000 0.000000
0.000000 0.000000 0.000000
-0.518817 -0.095841 0.470517
0.000000 0.000000 0.000000
0.000000 0.000000 0.000000
-0.295273 -0.161375 0.356202
0.000000 0.000000 0.000000
-0.594252 -0.074350 -0.104121
0.000000 0.000000 0.000000
0.000000 0.000000 0.000000
0.000000 0.000000 0.000000
0.000000 0.000000 0.000000
0.000000 0.000000 0.000000
0.000000 0.000000 0.000000
0.000000 0.000000 0.000000
-0.227346 0.303632 0.077150
0.000000 0.000000 0.000000
0.000000 0.000000 0.000000
-0.624231 -0.161375 0.060078
-0.408106 -0.050024 0.358130
0.000000 0.000000 0.000000
0.000000 0.000000 0.000000
-0.666686 -0.161375 0.515760
0.000000 0.000000 0.000000
0.000000 0.000000 0.000000
0.000000 0.000000 0.000000
0.000000 0.000000 0.000000
-0.455454 -0.161375 0.261719
0.000000 0.000000 0.000000
-0.315085 -0.105699 0.571620
-0.192769 -0.050024 0.391988
0.000000 0.000000 0.000000
0.000000 0.000000 0.000000
0.000000 0.000000 0.000000
-0.467716 -0.161375 0.112123
0.000000 0.000000 0.000000
0.000000 0.000000 0.000000
-0.285130 -0.050024 0.114765
-0.089182 -0.161375 0.436851
0.000000 0.000000 0.000000
0.000000 0.000000 0.000000
0.000000 0.000000 0.000000
0.000000 0.000000 0.000000
0.000000 0.000000 0.000000
0.000000 0.000000 0.000000
-0.669846 -0.105699 0.404482
0.000000 0.000000 0.000000
0.000000 0.000000 0.000000
-0.045526 -0.161375 0.508063
0.000000 0.000000 0.000000
0.000000 0.000000 0.000000
0.000000 0.000000 0.000000
0.000000 0.000000 0.000000
-0.411674 -0.050024 0.137472
-0.324057 -0.161375 0.565877
0.000000 0.000000 0.000000
0.000000 0.000000 0.000000
0.000000 0.000000 0.000000
0.000000 0.000000 0.000000
0.000000 0.000000 0.000000
0.000000 0.000000 0.000000
0.000000 0.000000 0.000000
0.000000 0.000000 0.000000
0.000000 0.000000 0.000000
0.000000 0.000000 0.000000
-0.496165 -0.050024 -0.066000
0.000000 0.000000 0.000000
0.000000 0.000000 0.000000
0.000000 0.000000 0.000000
0.000000 0.000000 0.000000
0.000000 0.000000 0.000000
0.000000 0.000000 0.000000
0.000000 0.000000 0.000000
-0.649186 -0.105699 0.522669
0.000000 0.000000 0.000000
-0.231611 0.237951 0.167785
0.000000 0.000000 0.000000
-0.325178 -0.054368 0.470517
0.000000 0.000000 0.000000
0.000000 0.000000 0.000000
0.000000 0.000000 0.000000
-0.179472 -0.114525 0.595280
0.000000 0.000000 0.000000
0.000000 0.000000 0.000000
-0.029374 -0.161375 0.390870
0.000000 0.000000 0.000000
0.000000 0.000000 0.000000
0.000000 0.000000 0.000000
-0.163752 -0.161375 0.355768
-0.523804 -0.050024 0.201427
0.000000 0.000000 0.000000
0.000000 0.000000 0.000000
0.000000 0.000000 0.000000
0.000000 0.000000 0.000000
0.000000 0.000000 0.000000
0.000000 0.000000 0.000000
0.000000 0.000000 0.000000
0.000000 0.000000 0.000000
0.000000 0.000000 0.000000
-0.226101 0.141167 0.339810
0.000000 0.000000 0.000000
0.000000 0.000000 0.000000
-0.714423 -0.105699 0.106629
0.000000 0.000000 0.000000
0.000000 0.000000 0.000000
0.000000 0.000000 0.000000
-0.147111 0.141167 0.271762
-0.568203 -0.050024 0.453401
0.000000 0.000000 0.000000
0.000000 0.000000 0.000000
0.000000 0.000000 0.000000
0.000000 0.000000 0.000000
0.000000 0.000000 0.000000
-0.363453 -0.161375 0.160108
-0.221083 -0.050024 0.280709
0.000000 0.000000 0.000000
0.000000 0.000000 0.000000
0.000000 0.000000 0.000000
0.000000 0.000000 0.000000
0.000000 0.000000 0.000000
0.000000 0.000000 0.000000
0.000000 0.000000 0.000000
0.000000 0.000000 0.000000
-0.719014 -0.140370 -0.025814
-0.131024 -0.105699 0.496797
-0.419264 -0.161375 0.377408
0.000000 0.000000 0.000000
0.000000 0.000000 0.000000
0.000000 0.000000 0.000000
0.000000 0.000000 0.000000
0.000000 0.000000 0.000000
0.000000 0.000000 0.000000
0.000000 0.000000 0.000000
-0.625072 -0.161375 -0.082774
0.000000 0.000000 0.000000
-0.533948 -0.161375 0.454957
-0.426222 -0.105699 0.578252
0.000000 0.000000 0.000000
0.000000 0.000000 0.000000
0.000000 0.000000 0.000000
0.000000 0.000000 0.000000
0.000000 0.000000 0.000000
-0.639606 -0.105699 0.252347
0.000000 0.000000 0.000000
0.000000 0.000000 0.000000
-0.156011 0.266175 0.112637
-0.594252 -0.099170 0.127236
0.000000 0.000000 0.000000
0.000000 0.000000 0.000000
0.000000 0.000000 0.000000
0.000000 0.000000 0.000000
-0.601740 -0.105699 -0.021486
-0.490554 -0.050024 0.268515
0.000000 0.000000 0.000000
0.000000 0.000000 0.000000
0.000000 0.000000 0.000000
-0.439212 -0.050024 0.019487
-0.185330 0.371827 0.044894
0.000000 0.000000 0.000000
0.000000 0.000000 0.000000
-0.680272 -0.161375 0.361917
0.000000 0.000000 0.000000
0.000000 0.000000 0.000000
-0.232170 0.263230 0.022755
0.000000 0.000000 0.000000
0.000000 0.000000 0.000000
0.000000 0.000000 0.000000
0.000000 0.000000 0.000000
0.000000 0.000000 0.000000
0.000000 0.000000 0.000000
0.000000 0.000000 0.000000
0.000000 0.000000 0.000000
0.000000 0.000000 0.000000
0.000000 0.000000 0.000000
0.000000 0.000000 0.000000
-0.230757 0.223575 0.256330
0.000000 0.000000 0.000000
-0.565968 -0.161375 0.096744
-0.163231 0.141167 0.164669
-0.545200 -0.161375 0.217251
0.000000 0.000000 0.000000
0.000000 0.000000 0.000000
0.000000 0.000000 0.000000
0.000000 0.000000 0.000000
0.000000 0.000000 0.000000
0.000000 0.000000 0.000000
-0.367450 -0.105699 0.475228
0.000000 0.000000 0.000000
0.000000 0.000000 0.000000
-0.710133 -0.105699 0.469696
0.000000 0.000000 0.000000
-0.224888 -0.050024 0.155845
0.000000 0.000000 0.000000
0.000000 0.000000 0.000000
0.000000 0.000000 0.000000
0.000000 0.000000 0.000000
0.000000 0.000000 0.000000
-0.589406 -0.161375 0.555172
0.000000 0.000000 0.000000
0.000000 0.000000 0.000000
0.000000 0.000000 0.000000
0.000000 0.000000 0.000000
0.000000 0.000000 0.000000
0.000000 0.000000 0.000000
0.000000 0.000000 0.000000
0.000000 0.000000 0.000000
0.000000 0.000000 0.000000
0.000000 0.000000 0.000000
-0.313427 -0.161375 0.461225
-0.659802 -0.105699 -0.088955
-0.221754 -0.161075 0.595280
-0.229824 -0.073741 0.470517
0.000000 0.000000 0.000000
0.000000 0.000000 0.000000
-0.694570 -0.161375 0.240075
0.000000 0.000000 0.000000
0.000000 0.000000 0.000000
0.000000 0.000000 0.000000
0.000000 0.000000 0.000000
0.000000 0.000000 0.000000
0.000000 0.000000 0.000000
0.000000 0.000000 0.000000
0.000000 0.000000 0.000000
-0.414211 -0.161375 0.542369
-0.552828 -0.161375 -0.084613
0.000000 0.000000 0.000000
0.000000 0.000000 0.000000
0.000000 0.000000 0.000000
0.000000 0.000000 0.000000
0.000000 0.000000 0.000000
0.000000 0.000000 0.000000
0.000000 0.000000 0.000000
0.000000 0.000000 0.000000
0.000000 0.000000 0.000000
-0.478657 -0.050024 0.425390
-0.501393 -0.161375 0.307387
0.000000 0.000000 0.000000
-0.642150 -0.161375 -0.168455
-0.595354 -0.161375 0.292756
-0.719014 -0.149912 0.183431
0.000000 0.000000 0.000000
0.000000 0.000000 0.000000
0.000000 0.000000 0.000000
0.000000 0.000000 0.000000
0.000000 0.000000 0.000000
0.000000 0.000000 0.000000
0.000000 0.000000 0.000000
0.000000 0.000000 0.000000
0.000000 0.000000 0.000000
0.000000 0.000000 0.000000
0.000000 0.000000 0.000000
0.000000 0.000000 0.000000
-0.348028 -0.050024 0.075753
-0.560092 -0.105699 0.558497
-0.215767 -0.161375 0.414273
-0.249329 -0.105699 0.520141
0.000000 0.000000 0.000000
0.000000 0.000000 0.000000
0.000000 0.000000 0.000000
0.000000 0.000000 0.000000
0.000000 0.000000 0.000000
0.000000 0.000000 0.000000
0.000000 0.000000 0.000000
0.000000 0.000000 0.000000
-0.373203 -0.161375 0.308963
0.000000 0.000000 0.000000
0.000000 0.000000 0.000000
-0.670063 -0.161375 0.426384
0.000000 0.000000 0.000000
0.000000 0.000000 0.000000
0.000000 0.000000 0.000000
-0.637742 -0.105699 0.322829
0.000000 0.000000 0.000000
-0.222440 0.324179 0.180322
-0.206566 0.223922 0.079964
0.000000 0.000000 0.000000
0.000000 0.000000 0.000000
0.000000 0.000000 0.000000
-0.137633 -0.161375 0.489204
0.000000 0.000000 0.000000
0.000000 0.000000 0.000000
0.000000 0.000000 0.000000
0.000000 0.000000 0.000000
0.000000 0.000000 0.000000
0.000000 0.000000 0.000000
0.000000 0.000000 0.000000
-0.605915 -0.161375 0.434040
0.000000 0.000000 0.000000
0.000000 0.000000 0.000000
0.000000 0.000000 0.000000
0.000000 0.000000 0.000000
0.000000 0.000000 0.000000
0.000000 0.000000 0.000000
0.000000 0.000000 0.000000
-0.581957 -0.050024 0.259937
0.000000 0.000000 0.000000
0.000000 0.000000 0.000000
0.000000 0.000000 0.000000
-0.066113 -0.076330 0.470517
0.000000 0.000000 0.000000
0.000000 0.000000 0.000000
0.000000 0.000000 0.000000
-0.401498 -0.161375 0.230382
-0.411662 -0.050024 0.297599
0.000000 0.000000 0.000000
0.000000 0.000000 0.000000
-0.231612 0.173966 0.167675
0.000000 0.000000 0.000000
0.000000 0.000000 0.000000
0.000000 0.000000 0.000000
-0.238751 -0.161375 0.318015
0.000000 0.000000 0.000000
0.000000 0.000000 0.000000
0.000000 0.000000 0.000000
0.000000 0.000000 0.000000
-0.261328 -0.050024 0.422698
0.000000 0.000000 0.000000
0.000000 0.000000 0.000000
0.000000 0.000000 0.000000
0.000000 0.000000 0.000000
0.000000 0.000000 0.000000
0.000000 0.000000 0.000000
-0.649779 -0.161375 -0.003614
0.000000 0.000000 0.000000
0.000000 0.000000 0.000000
0.000000 0.000000 0.000000
0.021769 -0.161375 0.451761
0.000000 0.000000 0.000000
0.000000 0.000000 0.000000
0.000000 0.000000 0.000000
0.000000 0.000000 0.000000
0.000000 0.000000 0.000000
-0.126287 -0.050024 0.434675
0.000000 0.000000 0.000000
0.000000 0.000000 0.000000
0.000000 0.000000 0.000000
-0.271575 -0.050024 0.218048
0.000000 0.000000 0.000000
0.000000 0.000000 0.000000
0.000000 0.000000 0.000000
-0.455146 -0.161375 0.035092
0.000000 0.000000 0.000000
-0.281626 -0.161375 0.190977
0.000000 0.000000 0.000000
-0.382047 -0.050024 0.456733
0.000000 0.000000 0.000000
0.000000 0.000000 0.000000
-0.585585 -0.050024 0.178117
0.000000 0.000000 0.000000
-0.648226 -0.105699 0.098261
0.000000 0.000000 0.000000
0.000000 0.000000 0.000000
-0.603503 -0.105699 0.380882
-0.145494 -0.050024 0.332632
0.000000 0.000000 0.000000
-0.653149 -0.161375 0.117323
-0.118373 -0.161375 0.591346
-0.106565 -0.050024 0.265361
-0.718316 -0.105699 0.354890
0.000000 0.000000 0.000000
0.000000 0.000000 0.000000
0.000000 0.000000 0.000000
0.000000 0.000000 0.000000
0.000000 0.000000 0.000000
-0.594252 -0.073564 0.046949
0.000000 0.000000 0.000000
0.000000 0.000000 0.000000
0.000000 0.000000 0.000000
0.000000 0.000000 0.000000
-0.462464 -0.050024 0.108332
0.000000 0.000000 0.000000
-0.180668 -0.105699 0.538929
0.000000 0.000000 0.000000
0.000000 0.000000 0.000000
0.000000 0.000000 0.000000
0.000000 0.000000 0.000000
-0.398015 -0.161375 0.083411
0.000000 0.000000 0.000000
0.000000 0.000000 0.000000
0.000000 0.000000 0.000000
-0.719014 -0.129232 -0.222472
0.000000 0.000000 0.000000
0.000000 0.000000 0.000000
0.000000 0.000000 0.000000
0.000000 0.000000 0.000000
-0.206042 0.289892 0.124409
-0.711066 -0.161375 0.486824
0.000000 0.000000 0.000000
-0.088794 -0.161375 0.343441
0.000000 0.000000 0.000000
0.000000 0.000000 0.000000
0.000000 0.000000 0.000000
0.000000 0.000000 0.000000
0.000000 0.000000 0.000000
0.000000 0.000000 0.000000
0.000000 0.000000 0.000000
-0.074384 -0.050024 0.371195
0.000000 0.000000 0.000000
0.000000 0.000000 0.000000
0.000000 0.000000 0.000000
0.000000 0.000000 0.000000
0.000000 0.000000 0.000000
-0.514381 -0.050024 0.008584
-0.568576 -0.050024 -0.002064
0.000000 0.000000 0.000000
0.000000 0.000000 0.000000
-0.556059 -0.050024 -0.136448
0.000000 0.000000 0.000000
0.000000 0.000000 0.000000
-0.468517 -0.161375 0.496271
-0.177912 0.404102 0.082505
-0.236930 -0.050024 0.350098
0.000000 0.000000 0.000000
0.000000 0.000000 0.000000
0.000000 0.000000 0.000000
0.000000 0.000000 0.000000
0.000000 0.000000 0.000000
0.000000 0.000000 0.000000
0.000000 0.000000 0.000000
0.000000 0.000000 0.000000
-0.645877 -0.153559 0.595280
0.000000 0.000000 0.000000
0.000000 0.000000 0.000000
0.000000 0.000000 0.000000
0.000000 0.000000 0.000000
0.000000 0.000000 0.000000
0.000000 0.000000 0.000000
0.000000 0.000000 0.000000
0.000000 0.000000 0.000000
0.000000 0.000000 0.000000
-0.248067 -0.105699 0.594114
0.000000 0.000000 0.000000
-0.232141 0.168863 0.112793
0.000000 0.000000 0.000000
0.000000 0.000000 0.000000
-0.171055 -0.161375 0.548350
0.000000 0.000000 0.000000
0.000000 0.000000 0.000000
0.000000 0.000000 0.000000
0.000000 0.000000 0.000000
-0.288671 -0.105699 0.472521
0.000000 0.000000 0.000000
0.000000 0.000000 0.000000
0.000000 0.000000 0.000000
0.000000 0.000000 0.000000
0.000000 0.000000 0.000000
0.000000 0.000000 0.000000
0.000000 0.000000 0.000000
0.000000 0.000000 0.000000
0.000000 0.000000 0.000000
0.000000 0.000000 0.000000
0.000000 0.000000 0.000000
-0.598613 -0.105699 0.480065
0.000000 0.000000 0.000000
0.000000 0.000000 0.000000
0.000000 0.000000 0.000000
0.000000 0.000000 0.000000
-0.157382 0.283872 0.166271
0.000000 0.000000 0.000000
-0.187464 -0.050024 0.452286
0.000000 0.000000 0.000000
0.000000 0.000000 0.000000
0.000000 0.000000 0.000000
0.000000 0.000000 0.000000
0.000000 0.000000 0.000000
-0.427501 -0.050024 0.201013
-0.589307 -0.161375 -0.014158
-0.204955 0.253357 0.216151
-0.282310 -0.050024 0.299716
0.000000 0.000000 0.000000
0.000000 0.000000 0.000000
-0.522218 -0.161375 0.147320
0.000000 0.000000 0.000000
-0.460274 -0.161375 0.425020
-0.204245 0.178064 0.294465
0.000000 0.000000 0.000000
-0.007844 -0.050024 0.383298
0.000000 0.000000 0.000000
0.000000 0.000000 0.000000
0.000000 0.000000 0.000000
0.000000 0.000000 0.000000
-0.518389 -0.050024 0.142005
0.000000 0.000000 0.000000
0.000000 0.000000 0.000000
0.000000 0.000000 0.000000
0.000000 0.000000 0.000000
0.000000 0.000000 0.000000
0.000000 0.000000 0.000000
0.000000 0.000000 0.000000
0.000000 0.000000 0.000000
0.000000 0.000000 0.000000
0.000000 0.000000 0.000000
-0.360081 -0.050024 0.396820
0.000000 0.000000 0.000000
-0.240392 -0.161375 0.249929
0.000000 0.000000 0.000000
0.000000 0.000000 0.000000
-0.351524 -0.161375 0.520003
0.000000 0.000000 0.000000
-0.600362 -0.105699 0.202892
-0.076988 -0.050024 0.319098
-0.679339 -0.105699 -0.169418
-0.191900 0.141167 0.120915
-0.145898 -0.161375 0.410205
-0.469424 -0.050024 0.346205
0.000000 0.000000 0.000000
0.000000 0.000000 0.000000
0.000000 0.000000 0.000000
-0.389347 -0.050024 0.047182
-0.297948 -0.050024 0.166538
0.000000 0.000000 0.000000
0.000000 0.000000 0.000000
-0.522446 -0.161375 0.516000
0.000000 0.000000 0.000000
0.000000 0.000000 0.000000
0.000000 0.000000 0.000000
0.000000 0.000000 0.000000
0.000000 0.000000 0.000000
0.000000 0.000000 0.000000
0.000000 0.000000 0.000000
0.000000 0.000000 0.000000
0.000000 0.000000 0.000000
0.000000 0.000000 0.000000
0.000000 0.000000 0.000000
0.000000 0.000000 0.000000
0.000000 0.000000 0.000000
-0.376279 -0.105699 0.542743
0.000000 0.000000 0.000000
0.000000 0.000000 0.000000
-0.719014 -0.144417 0.048593
0.000000 0.000000 0.000000
0.000000 0.000000 0.000000
0.000000 0.000000 0.000000
-0.719014 -0.114657 -0.086004
0.000000 0.000000 0.000000
0.000000 0.000000 0.000000
0.000000 0.000000 0.000000
0.000000 0.000000 0.000000
0.000000 0.000000 0.000000
0.000000 0.000000 0.000000
0.000000 0.000000 0.000000
0.000000 0.000000 0.000000
0.000000 0.000000 0.000000
-0.706327 -0.161375 0.567637
0.000000 0.000000 0.000000
0.000000 0.000000 0.000000
0.000000 0.000000 0.000000
0.000000 0.000000 0.000000
-0.471099 -0.050024 0.185989
0.000000 0.000000 0.000000
0.000000 0.000000 0.000000
-0.682356 -0.161375 -0.093094
-0.161708 -0.050024 0.285177
0.000000 0.000000 0.000000
0.000000 0.000000 0.000000
-0.443891 -0.161375 0.588824
0.000000 0.000000 0.000000
-0.655323 -0.105699 0.047625
0.000000 0.000000 0.000000
0.000000 0.000000 0.000000
0.000000 0.000000 0.000000
-0.449438 -0.161375 0.196774
-0.594252 -0.078542 -0.157615
0.000000 0.000000 0.000000
0.000000 0.000000 0.000000
0.000000 0.000000 0.000000
0.000000 0.000000 0.000000
-0.179758 0.283872 0.062194
0.000000 0.000000 0.000000
0.000000 0.000000 0.000000
0.000000 0.000000 0.000000
0.000000 0.000000 0.000000
-0.595672 -0.161375 -0.123960
0.000000 0.000000 0.000000
0.000000 0.000000 0.000000
0.000000 0.000000 0.000000
0.000000 0.000000 0.000000
0.000000 0.000000 0.000000
-0.208917 0.327341 0.044222
0.000000 0.000000 0.000000
0.000000 0.000000 0.000000
0.000000 0.000000 0.000000
0.000000 0.000000 0.000000
-0.704546 -0.161375 0.297500
-0.197300 0.141167 0.210545
0.000000 0.000000 0.000000
-0.205958 0.227945 0.131327
-0.417375 -0.161375 0.134816
-0.171309 0.266175 0.211437
0.000000 0.000000 0.000000
0.000000 0.000000 0.000000
0.000000 0.000000 0.000000
0.000000 0.000000 0.000000
0.000000 0.000000 0.000000
-0.648905 -0.161375 0.301430
0.000000 0.000000 0.000000
0.000000 0.000000 0.000000
0.000000 0.000000 0.000000
0.000000 0.000000 0.000000
-0.719014 -0.117393 0.235178
0.000000 0.000000 0.000000
-0.642231 -0.105699 0.453048
0.000000 0.000000 0.000000
0.000000 0.000000 0.000000
0.000000 0.000000 0.000000
-0.511127 -0.161375 0.257945
0.000000 0.000000 0.000000
0.000000 0.000000 0.000000
0.000000 0.000000 0.000000
0.000000 0.000000 0.000000
-0.655580 -0.105699 -0.013309
0.000000 0.000000 0.000000
-0.542588 -0.050024 0.299625
0.000000 0.000000 0.000000
-0.231235 0.213085 0.206810
0.000000 0.000000 0.000000
0.000000 0.000000 0.000000
-0.481311 -0.105699 0.574805
0.000000 0.000000 0.000000
0.000000 0.000000 0.000000
0.000000 0.000000 0.000000
-0.230070 0.208276 0.327591
0.000000 0.000000 0.000000
