0.000000 0.000000 0.000000
0.000000 0.000000 0.000000
0.000000 0.000000 0.000000
0.433354 0.201938 -0.097813
0.000000 0.000000 0.000000
0.000000 0.000000 0.000000
0.000000 0.000000 0.000000
0.000000 0.000000 0.000000
0.085968 0.555106 -0.336936
0.000000 0.000000 0.000000
0.391026 0.519646 0.005810
0.168216 0.164963 -0.391681
0.272747 0.953470 -0.097035
0.000000 0.000000 0.000000
0.000000 0.000000 0.000000
0.000000 0.000000 0.000000
0.000000 0.000000 0.000000
0.000000 0.000000 0.000000
0.341395 0.608061 -0.026390
0.000000 0.000000 0.000000
0.000000 0.000000 0.000000
0.000000 0.000000 0.000000
0.000000 0.000000 0.000000
0.031826 0.890619 -0.264373
0.000000 0.000000 0.000000
0.000000 0.000000 0.000000
0.350852 0.274017 0.147647
0.000000 0.000000 0.000000
0.000000 0.000000 0.000000
0.186720 0.609410 0.174982
0.000000 0.000000 0.000000
0.278370 -0.065835 -0.330886
0.000000 0.000000 0.000000
0.448326 0.017696 0.048207
0.000000 0.000000 0.000000
0.000000 0.000000 0.000000
0.271421 0.411536 -0.214673
0.000000 0.000000 0.000000
0.180202 0.684430 -0.177879
0.000000 0.000000 0.000000
0.000000 0.000000 0.000000
0.000000 0.000000 0.000000
0.000000 0.000000 0.000000
0.000000 0.000000 0.000000
0.000000 0.000000 0.000000
0.000000 0.000000 0.000000
0.327198 0.179308 -0.288345
0.211494 0.787225 0.020057
0.000000 0.000000 0.000000
0.000000 0.000000 0.000000
0.000000 0.000000 0.000000
0.000000 0.000000 0.000000
0.000000 0.000000 0.000000
0.335583 0.118896 0.208675
0.372528 -0.003468 -0.141108
0.000000 0.000000 0.000000
0.000000 0.000000 0.000000
0.000000 0.000000 0.000000
0.000000 0.000000 0.000000
0.129478 0.367588 -0.378370
0.277500 0.672496 0.012298
0.000000 0.000000 0.000000
0.000000 0.000000 0.000000
0.000000 0.000000 0.000000
0.000000 0.000000 0.000000
0.000000 0.000000 0.000000
0.331677 0.458627 0.080615
0.282580 0.944268 0.130705
0.000000 0.000000 0.000000
0.000000 0.000000 0.000000
0.000000 0.000000 0.000000
0.218563 0.338880 -0.344098
0.000000 0.000000 0.000000
0.281119 0.293706 0.243993
0.000000 0.000000 0.000000
0.196764 0.549921 -0.297056
0.000000 0.000000 0.000000
0.000000 0.000000 0.000000
0.374559 0.311156 -0.042235
0.344420 0.478114 0.187755
0.000000 0.000000 0.000000
0.000000 0.000000 0.000000
0.000000 0.000000 0.000000
0.000000 0.000000 0.000000
0.000000 0.000000 0.000000
0.000000 0.000000 0.000000
0.000000 0.000000 0.000000
0.101195 0.831528 -0.129723
0.358049 0.056140 -0.260366
0.000000 0.000000 0.000000
0.000000 0.000000 0.000000
0.000000 0.000000 0.000000
0.371409 0.333105 -0.197353
0.000000 0.000000 0.000000
0.000000 0.000000 0.000000
0.000000 0.000000 0.000000
0.176093 -0.169739 -0.376570
0.000000 0.000000 0.000000
0.000000 0.000000 0.000000
0.029984 0.512774 -0.369696
0.000000 0.000000 0.000000
0.137257 0.006333 -0.357450
0.000000 0.000000 0.000000
0.000000 0.000000 0.000000
0.323450 0.552502 -0.166809
0.000000 0.000000 0.000000
0.000000 0.000000 0.000000
0.000000 0.000000 0.000000
0.000000 0.000000 0.000000
0.252610 0.244378 -0.338943
0.000000 0.000000 0.000000
0.396335 0.162438 0.037610
0.000000 0.000000 0.000000
0.000000 0.000000 0.000000
0.446086 0.046242 -0.071683
0.000000 0.000000 0.000000
0.000000 0.000000 0.000000
0.000000 0.000000 0.000000
0.310648 0.619393 0.118597
0.000000 0.000000 0.000000
0.162908 0.911670 -0.259538
0.250953 0.393276 0.245261
0.201286 0.898663 0.019599
0.000000 0.000000 0.000000
0.062961 0.676249 -0.253326
0.000000 0.000000 0.000000
0.000000 0.000000 0.000000
0.000000 0.000000 0.000000
0.173174 0.757434 0.118878
0.000000 0.000000 0.000000
0.091802 0.625550 -0.203880
0.406346 0.360158 0.105896
0.000000 0.000000 0.000000
0.000000 0.000000 0.000000
0.435267 0.058834 0.122881
0.000000 0.000000 0.000000
0.197225 0.659688 -0.034739
0.000000 0.000000 0.000000
0.000000 0.000000 0.000000
0.135124 0.956734 -0.232764
0.000000 0.000000 0.000000
0.000000 0.000000 0.000000
0.000000 0.000000 0.000000
0.277655 0.118717 0.334083
0.000000 0.000000 0.000000
0.000000 0.000000 0.000000
0.000000 0.000000 0.000000
0.000000 0.000000 0.000000
0.000000 0.000000 0.000000
0.000000 0.000000 0.000000
0.000000 0.000000 0.000000
0.000000 0.000000 0.000000
0.328023 0.471651 -0.074570
0.253182 0.656457 -0.141410
0.000000 0.000000 0.000000
0.000000 0.000000 0.000000
0.000000 0.000000 0.000000
0.000000 0.000000 0.000000
0.000000 0.000000 0.000000
0.000000 0.000000 0.000000
0.000000 0.000000 0.000000
0.151143 0.463773 -0.287543
0.000000 0.000000 0.000000
0.000000 0.000000 0.000000
0.159363 0.325800 -0.321181
0.000000 0.000000 0.000000
0.000000 0.000000 0.000000
0.000000 0.000000 0.000000
0.000000 0.000000 0.000000
0.000000 0.000000 0.000000
0.000000 0.000000 0.000000
0.000000 0.000000 0.000000
0.000000 0.000000 0.000000
0.218281 0.866028 -0.123547
0.178328 0.892500 0.207620
0.000000 0.000000 0.000000
0.000000 0.000000 0.000000
0.244040 0.104500 -0.300936
0.000000 0.000000 0.000000
0.000000 0.000000 0.000000
0.000000 0.000000 0.000000
0.000000 0.000000 0.000000
0.000000 0.000000 0.000000
0.000000 0.000000 0.000000
0.000000 0.000000 0.000000
0.300749 0.292030 -0.295090
0.000000 0.000000 0.000000
0.403869 0.429921 -0.084235
0.000000 0.000000 0.000000
0.000000 0.000000 0.000000
0.000000 0.000000 0.000000
0.000000 0.000000 0.000000
0.000000 0.000000 0.000000
0.000000 0.000000 0.000000
0.000000 0.000000 0.000000
0.000000 0.000000 0.000000
0.295512 0.460999 0.244604
0.282666 0.894124 0.032399
0.000000 0.000000 0.000000
0.000000 0.000000 0.000000
0.000000 0.000000 0.000000
0.000000 0.000000 0.000000
0.348446 0.379089 0.223637
0.362165 0.141506 -0.160983
0.000000 0.000000 0.000000
0.000000 0.000000 0.000000
0.290589 0.595254 0.182923
0.000000 0.000000 0.000000
0.116159 0.699170 -0.129255
0.000000 0.000000 0.000000
0.333507 0.021483 0.289240
0.235812 0.500978 -0.214774
0.379546 0.272135 0.058284
0.000000 0.000000 0.000000
0.000000 0.000000 0.000000
0.000000 0.000000 0.000000
0.000000 0.000000 0.000000
0.000000 0.000000 0.000000
0.000000 0.000000 0.000000
0.000000 0.000000 0.000000
0.000000 0.000000 0.000000
0.000000 0.000000 0.000000
0.000000 0.000000 0.000000
0.000000 0.000000 0.000000
0.000000 0.000000 0.000000
0.363520 0.265516 -0.122820
0.000000 0.000000 0.000000
0.000000 0.000000 0.000000
0.410472 0.414356 0.074314
0.254868 0.524485 0.178964
0.436736 0.100778 -0.115867
0.000000 0.000000 0.000000
0.000000 0.000000 0.000000
0.000000 0.000000 0.000000
0.075288 0.045385 -0.422270
0.000000 0.000000 0.000000
0.000000 0.000000 0.000000
0.000000 0.000000 0.000000
0.000000 0.000000 0.000000
0.000000 0.000000 0.000000
0.000000 0.000000 0.000000
0.000000 0.000000 0.000000
0.000000 0.000000 0.000000
0.344369 0.226387 0.259344
0.394430 0.175349 0.201208
0.156339 0.813108 -0.053549
0.000000 0.000000 0.000000
0.000000 0.000000 0.000000
0.000000 0.000000 0.000000
0.000000 0.000000 0.000000
0.000000 0.000000 0.000000
0.000000 0.000000 0.000000
0.000000 0.000000 0.000000
0.000000 0.000000 0.000000
0.000000 0.000000 0.000000
0.336143 0.213582 -0.195450
0.335282 0.473898 -0.198749
0.000000 0.000000 0.000000
0.000000 0.000000 0.000000
0.000000 0.000000 0.000000
0.246166 0.042854 -0.359575
0.337328 -0.021580 -0.206585
0.000000 0.000000 0.000000
0.000000 0.000000 0.000000
0.000000 0.000000 0.000000
0.000000 0.000000 0.000000
0.000000 0.000000 0.000000
0.000000 0.000000 0.000000
0.000000 0.000000 0.000000
0.133716 0.636942 -0.275674
0.308826 0.409397 0.169717
0.000000 0.000000 0.000000
0.000000 0.000000 0.000000
0.000000 0.000000 0.000000
0.306201 0.551219 0.023739
0.000000 0.000000 0.000000
0.000000 0.000000 0.000000
0.000000 0.000000 0.000000
0.175078 -0.073692 -0.388330
0.000000 0.000000 0.000000
0.089518 0.264151 -0.405154
0.000000 0.000000 0.000000
0.151865 0.893285 0.122037
0.000000 0.000000 0.000000
0.075733 0.443245 -0.321004
0.000000 0.000000 0.000000
0.265286 0.445335 -0.289123
0.442404 0.243999 0.000127
0.235835 0.562142 0.255401
0.000000 0.000000 0.000000
0.000000 0.000000 0.000000
0.000000 0.000000 0.000000
0.172593 0.955118 0.216906
0.000000 0.000000 0.000000
0.000000 0.000000 0.000000
0.000000 0.000000 0.000000
0.192902 0.424792 -0.348405
0.082561 0.121741 -0.418976
0.348761 0.030582 0.195464
0.189177 0.746109 -0.099264
0.000000 0.000000 0.000000
0.000000 0.000000 0.000000
0.000000 0.000000 0.000000
0.000000 0.000000 0.000000
0.000000 0.000000 0.000000
0.000000 0.000000 0.000000
0.000000 0.000000 0.000000
0.380676 0.513427 0.094665
0.000000 0.000000 0.000000
0.000000 0.000000 0.000000
0.000000 0.000000 0.000000
0.219993 0.627077 0.070094
0.000000 0.000000 0.000000
0.215429 0.842022 0.084926
0.000000 0.000000 0.000000
0.202118 0.957169 -0.187806
0.000000 0.000000 0.000000
0.000000 0.000000 0.000000
0.000000 0.000000 0.000000
0.000000 0.000000 0.000000
0.000000 0.000000 0.000000
0.000000 0.000000 0.000000
0.000000 0.000000 0.000000
0.000000 0.000000 0.000000
0.272494 0.292523 0.315291
0.049484 0.913705 -0.196538
0.000000 0.000000 0.000000
0.289488 0.332326 -0.222839
0.320780 0.918978 -0.069797
0.000000 0.000000 0.000000
0.000000 0.000000 0.000000
0.000000 0.000000 0.000000
0.000000 0.000000 0.000000
0.000000 0.000000 0.000000
0.000000 0.000000 0.000000
0.267294 0.584819 -0.112252
0.261760 0.664174 0.106457
0.000000 0.000000 0.000000
0.000000 0.000000 0.000000
0.000000 0.000000 0.000000
0.000000 0.000000 0.000000
0.397949 0.101407 -0.049199
0.000000 0.000000 0.000000
0.000000 0.000000 0.000000
0.000000 0.000000 0.000000
0.000000 0.000000 0.000000
0.000000 0.000000 0.000000
0.000000 0.000000 0.000000
0.291301 0.376686 -0.289555
0.354004 0.365829 -0.095397
0.000000 0.000000 0.000000
0.000000 0.000000 0.000000
0.000000 0.000000 0.000000
0.000000 0.000000 0.000000
0.250337 0.952246 0.004543
0.000000 0.000000 0.000000
0.000000 0.000000 0.000000
0.405219 0.086971 -0.188537
0.000000 0.000000 0.000000
0.453533 0.103398 -0.004945
0.171384 0.231055 -0.332914
0.000000 0.000000 0.000000
0.000000 0.000000 0.000000
0.000000 0.000000 0.000000
0.302916 -0.040791 0.247568
0.212265 -0.084062 -0.317707
0.000000 0.000000 0.000000
0.000000 0.000000 0.000000
0.093182 -0.110729 -0.410931
0.164044 0.908569 -0.120852
0.269860 0.162008 0.278681
0.000000 0.000000 0.000000
0.421683 0.352827 0.011374
0.000000 0.000000 0.000000
0.000000 0.000000 0.000000
0.356615 0.404273 0.014611
0.000000 0.000000 0.000000
0.000000 0.000000 0.000000
0.376454 0.133678 0.129240
0.162163 0.827535 0.045818
0.000000 0.000000 0.000000
0.000000 0.000000 0.000000
0.000000 0.000000 0.000000
0.000000 0.000000 0.000000
0.000000 0.000000 0.000000
0.000000 0.000000 0.000000
0.000000 0.000000 0.000000
0.436204 0.167656 0.104410
0.000000 0.000000 0.000000
0.000000 0.000000 0.000000
0.365588 0.182923 -0.240761
0.000000 0.000000 0.000000
0.000000 0.000000 0.000000
0.000000 0.000000 0.000000
0.000000 0.000000 0.000000
0.259333 0.600816 -0.217500
0.000000 0.000000 0.000000
0.000000 0.000000 0.000000
0.000000 0.000000 0.000000
0.000000 0.000000 0.000000
0.058530 0.633819 -0.302139
0.000000 0.000000 0.000000
0.000000 0.000000 0.000000
0.000000 0.000000 0.000000
0.000000 0.000000 0.000000
0.000000 0.000000 0.000000
0.000000 0.000000 0.000000
0.000000 0.000000 0.000000
0.000000 0.000000 0.000000
0.000000 0.000000 0.000000
0.000000 0.000000 0.000000
0.176180 0.706202 0.008582
0.000000 0.000000 0.000000
0.000000 0.000000 0.000000
0.000000 0.000000 0.000000
0.392520 -0.009750 0.086365
0.275292 0.007375 0.278992
0.173570 0.615698 -0.170118
0.000000 0.000000 0.000000
0.296857 0.470071 -0.152477
0.000000 0.000000 0.000000
0.316666 0.009941 -0.307368
0.000000 0.000000 0.000000
0.336246 0.222066 0.193844
0.146586 0.851013 -0.180090
0.000000 0.000000 0.000000
0.000000 0.000000 0.000000
0.000000 0.000000 0.000000
0.000000 0.000000 0.000000
0.000000 0.000000 0.000000
0.279317 0.568152 0.102562
0.000000 0.000000 0.000000
0.138299 0.110146 -0.356341
0.000000 0.000000 0.000000
0.000000 0.000000 0.000000
0.100916 -0.035179 -0.369903
0.000000 0.000000 0.000000
0.000000 0.000000 0.000000
0.382349 0.512565 -0.084581
0.000000 0.000000 0.000000
0.000000 0.000000 0.000000
0.000000 0.000000 0.000000
0.000000 0.000000 0.000000
0.000000 0.000000 0.000000
0.000000 0.000000 0.000000
0.429751 0.240636 0.093019
0.000000 0.000000 0.000000
0.000000 0.000000 0.000000
0.000000 0.000000 0.000000
0.000000 0.000000 0.000000
0.000000 0.000000 0.000000
0.000000 0.000000 0.000000
0.000000 0.000000 0.000000
0.121510 -0.121244 -0.353689
0.000000 0.000000 0.000000
0.000000 0.000000 0.000000
0.000000 0.000000 0.000000
0.000000 0.000000 0.000000
0.000000 0.000000 0.000000
0.000000 0.000000 0.000000
0.303884 0.536296 -0.080583
0.000000 0.000000 0.000000
0.412708 0.330665 -0.104784
0.000000 0.000000 0.000000
0.000000 0.000000 0.000000
0.213603 0.824632 -0.062558
0.000000 0.000000 0.000000
0.400417 0.080887 0.199915
0.192830 0.638488 0.239559
0.066817 0.049162 -0.376984
0.000000 0.000000 0.000000
0.000000 0.000000 0.000000
0.000000 0.000000 0.000000
0.395839 0.053819 0.076619
0.000000 0.000000 0.000000
0.000000 0.000000 0.000000
0.000000 0.000000 0.000000
0.000000 0.000000 0.000000
0.319414 0.607965 -0.116234
0.109180 0.210546 -0.359386
0.000000 0.000000 0.000000
0.000000 0.000000 0.000000
0.000000 0.000000 0.000000
0.000000 0.000000 0.000000
0.379530 0.333374 0.178778
0.000000 0.000000 0.000000
0.000000 0.000000 0.000000
0.130716 0.757042 -0.160621
0.000000 0.000000 0.000000
0.000000 0.000000 0.000000
0.000000 0.000000 0.000000
0.283757 0.531875 -0.244509
0.000000 0.000000 0.000000
0.233021 0.163885 -0.363475
0.000000 0.000000 0.000000
0.000000 0.000000 0.000000
0.000000 0.000000 0.000000
0.000000 0.000000 0.000000
0.000000 0.000000 0.000000
0.168726 0.277827 -0.377439
0.000000 0.000000 0.000000
0.162751 0.553774 -0.246499
0.089461 0.917963 -0.300217
0.283042 0.086060 0.273579
0.000000 0.000000 0.000000
0.000000 0.000000 0.000000
0.414348 -0.004084 0.166502
0.000000 0.000000 0.000000
0.342605 0.126090 0.275300
0.000000 0.000000 0.000000
0.000000 0.000000 0.000000
0.000000 0.000000 0.000000
0.000000 0.000000 0.000000
0.000000 0.000000 0.000000
0.000000 0.000000 0.000000
0.000000 0.000000 0.000000
0.000000 0.000000 0.000000
0.109807 0.687828 -0.213151
0.000000 0.000000 0.000000
0.000000 0.000000 0.000000
0.153348 0.049285 -0.402559
0.000000 0.000000 0.000000
0.000000 0.000000 0.000000
0.000000 0.000000 0.000000
0.254817 0.914634 0.189504
0.000000 0.000000 0.000000
0.000000 0.000000 0.000000
0.000000 0.000000 0.000000
0.331614 0.556259 0.137078
0.000000 0.000000 0.000000
0.393285 0.206881 -0.024452
0.000000 0.000000 0.000000
0.000000 0.000000 0.000000
0.000000 0.000000 0.000000
0.000000 0.000000 0.000000
0.077153 0.581789 -0.271031
0.295235 -0.079476 -0.251698
0.000000 0.000000 0.000000
0.000000 0.000000 0.000000
0.000000 0.000000 0.000000
0.402714 0.209602 -0.173286
0.000000 0.000000 0.000000
0.132685 0.390432 -0.315999
0.000000 0.000000 0.000000
0.390157 0.043866 -0.105362
0.000000 0.000000 0.000000
0.000000 0.000000 0.000000
0.000000 0.000000 0.000000
0.000000 0.000000 0.000000
0.000000 0.000000 0.000000
0.226313 0.354666 -0.275014
0.000000 0.000000 0.000000
0.218430 0.701219 0.081833
0.000000 0.000000 0.000000
0.000000 0.000000 0.000000
0.000000 0.000000 0.000000
0.000000 0.000000 0.000000
0.000000 0.000000 0.000000
0.000000 0.000000 0.000000
0.231073 0.011530 -0.311079
0.000000 0.000000 0.000000
0.000000 0.000000 0.000000
0.000000 0.000000 0.000000
0.000000 0.000000 0.000000
0.294237 0.500599 0.132662
0.000000 0.000000 0.000000
0.000000 0.000000 0.000000
0.000000 0.000000 0.000000
0.000000 0.000000 0.000000
0.000000 0.000000 0.000000
0.258194 0.382212 0.313696
0.000000 0.000000 0.000000
0.000000 0.000000 0.000000
0.000000 0.000000 0.000000
0.000000 0.000000 0.000000
0.398501 0.005150 -0.047655
0.000000 0.000000 0.000000
0.256287 0.610536 -0.031558
0.000000 0.000000 0.000000
0.329849 0.397854 -0.245768
0.000000 0.000000 0.000000
0.251784 0.262655 -0.277464
0.000000 0.000000 0.000000
0.000000 0.000000 0.000000
0.000000 0.000000 0.000000
0.415864 0.380101 -0.060177
0.000000 0.000000 0.000000
0.055541 0.827939 -0.209078
0.000000 0.000000 0.000000
0.187433 0.952523 0.158450
0.000000 0.000000 0.000000
0.000000 0.000000 0.000000
0.000000 0.000000 0.000000
0.000000 0.000000 0.000000
0.000000 0.000000 0.000000
0.000000 0.000000 0.000000
0.000000 0.000000 0.000000
0.341527 0.238454 -0.260835
0.000000 0.000000 0.000000
0.000000 0.000000 0.000000
0.400047 0.229888 0.173840
0.000000 0.000000 0.000000
0.000000 0.000000 0.000000
0.000000 0.000000 0.000000
0.000000 0.000000 0.000000
0.000000 0.000000 0.000000
0.000000 0.000000 0.000000
0.000000 0.000000 0.000000
0.301063 0.111256 -0.317588
0.000000 0.000000 0.000000
0.000000 0.000000 0.000000
0.000000 0.000000 0.000000
0.000000 0.000000 0.000000
0.000000 0.000000 0.000000
0.000000 0.000000 0.000000
0.000000 0.000000 0.000000
0.145783 -0.185909 -0.334408
0.000000 0.000000 0.000000
0.000000 0.000000 0.000000
0.000000 0.000000 0.000000
0.000000 0.000000 0.000000
0.000000 0.000000 0.000000
0.289306 0.951578 0.068370
0.000000 0.000000 0.000000
0.198872 0.929732 0.087648
0.263763 0.880685 -0.042269
0.000000 0.000000 0.000000
0.406295 0.302993 0.131830
0.000000 0.000000 0.000000
0.340961 0.380384 0.115572
0.000000 0.000000 0.000000
0.000000 0.000000 0.000000
0.212855 0.426376 -0.262512
0.000000 0.000000 0.000000
0.000000 0.000000 0.000000
0.000000 0.000000 0.000000
0.405753 0.061212 0.003984
0.000000 0.000000 0.000000
0.127145 0.456038 -0.356137
0.000000 0.000000 0.000000
0.000000 0.000000 0.000000
0.063677 0.956086 -0.254945
0.000000 0.000000 0.000000
0.000000 0.000000 0.000000
0.294177 0.213384 -0.246836
0.000000 0.000000 0.000000
0.158959 0.655821 -0.119696
0.000000 0.000000 0.000000
0.000000 0.000000 0.000000
0.000000 0.000000 0.000000
0.000000 0.000000 0.000000
0.000000 0.000000 0.000000
0.074271 0.356313 -0.342791
0.000000 0.000000 0.000000
0.000000 0.000000 0.000000
0.000000 0.000000 0.000000
0.000000 0.000000 0.000000
0.000000 0.000000 0.000000
0.386886 0.263352 -0.193778
0.295586 0.085483 -0.259538
0.000000 0.000000 0.000000
0.000000 0.000000 0.000000
0.000000 0.000000 0.000000
0.000000 0.000000 0.000000
0.000000 0.000000 0.000000
0.094416 0.503733 -0.295667
0.000000 0.000000 0.000000
0.000000 0.000000 0.000000
0.000000 0.000000 0.000000
0.339240 0.319270 -0.153583
0.000000 0.000000 0.000000
0.000000 0.000000 0.000000
0.000000 0.000000 0.000000
0.000000 0.000000 0.000000
0.187365 0.046622 -0.339448
0.263961 0.946361 -0.156990
0.000000 0.000000 0.000000
0.000000 0.000000 0.000000
0.219906 0.670141 0.162982
0.000000 0.000000 0.000000
0.000000 0.000000 0.000000
0.000000 0.000000 0.000000
0.000000 0.000000 0.000000
0.000000 0.000000 0.000000
0.000000 0.000000 0.000000
0.000000 0.000000 0.000000
0.000000 0.000000 0.000000
0.390062 0.159804 -0.084472
0.156331 0.759688 0.048700
0.000000 0.000000 0.000000
0.000000 0.000000 0.000000
0.000000 0.000000 0.000000
0.000000 0.000000 0.000000
0.374612 0.399234 -0.182076
0.000000 0.000000 0.000000
0.368225 0.344103 0.043733
0.000000 0.000000 0.000000
0.114456 0.910681 -0.166547
0.000000 0.000000 0.000000
0.401861 0.004180 -0.195594
0.169070 0.812950 -0.128370
0.000000 0.000000 0.000000
0.336980 0.472750 -0.007979
0.000000 0.000000 0.000000
0.271629 0.200180 0.330912
0.000000 0.000000 0.000000
0.000000 0.000000 0.000000
0.000000 0.000000 0.000000
0.092682 0.497204 -0.365012
0.000000 0.000000 0.000000
0.000000 0.000000 0.000000
0.000000 0.000000 0.000000
0.000000 0.000000 0.000000
0.000000 0.000000 0.000000
0.000000 0.000000 0.000000
0.000000 0.000000 0.000000
0.000000 0.000000 0.000000
