0.000000 0.000000 0.000000
0.000000 0.000000 0.000000
0.000000 0.000000 0.000000
-0.303852 0.232172 -0.743320
-0.089074 -0.125807 0.235412
0.000000 0.000000 0.000000
-0.302335 -0.141491 -0.317742
0.299400 -0.069272 0.411481
0.000000 0.000000 0.000000
0.000000 0.000000 0.000000
-0.432572 0.113949 -0.432483
0.002161 -0.125807 -0.265226
0.276840 -0.163341 0.134199
0.000000 0.000000 0.000000
-0.028427 -0.125807 0.284734
0.420829 0.232172 0.554591
0.000000 0.000000 0.000000
0.000000 0.000000 0.000000
-0.274840 -0.037599 -0.639240
0.000000 0.000000 0.000000
0.000000 0.000000 0.000000
-0.093490 -0.173083 0.011435
-0.316583 -0.045354 -0.574744
0.000000 0.000000 0.000000
0.198797 -0.173083 -0.062725
0.101885 -0.125807 -0.251242
-0.035841 -0.125807 0.045952
0.000000 0.000000 0.000000
0.000000 0.000000 0.000000
0.000000 0.000000 0.000000
0.000000 0.000000 0.000000
0.000000 0.000000 0.000000
0.000000 0.000000 0.000000
-0.318365 -0.070074 -0.526322
-0.426841 0.232172 -0.539975
0.000000 0.000000 0.000000
0.000000 0.000000 0.000000
-0.205940 -0.125807 -0.156393
0.447039 -0.027268 0.257994
0.206245 -0.125807 -0.048849
-0.156197 -0.173083 -0.418613
-0.099022 -0.125807 -0.437917
0.005592 -0.125807 0.067940
-0.527053 0.232172 -0.309222
0.431872 0.058417 0.504283
0.000000 0.000000 0.000000
0.000000 0.000000 0.000000
0.000000 0.000000 0.000000
0.262404 -0.115446 0.238716
0.000000 0.000000 0.000000
-0.256678 -0.125807 -0.090697
-0.370946 -0.090375 -0.350267
0.000000 0.000000 0.000000
-0.398361 0.165744 -0.628046
0.000000 0.000000 0.000000
0.215089 -0.150677 0.481018
0.000000 0.000000 0.000000
-0.118409 -0.125807 -0.231236
0.343796 0.208059 0.725483
0.000000 0.000000 0.000000
0.099942 -0.173083 0.259039
-0.375908 -0.119519 -0.136553
0.453283 0.158994 0.401372
-0.176786 -0.050293 -0.714822
0.000000 0.000000 0.000000
0.000000 0.000000 0.000000
0.000000 0.000000 0.000000
0.000000 0.000000 0.000000
0.000000 0.000000 0.000000
0.363681 -0.064274 0.146333
0.000000 0.000000 0.000000
0.000000 0.000000 0.000000
0.316256 0.037800 0.597059
0.161087 -0.125807 0.034890
-0.155739 -0.150728 -0.550143
0.000000 0.000000 0.000000
0.000000 0.000000 0.000000
-0.458362 0.092171 -0.331945
0.023186 -0.173083 -0.120153
0.129654 -0.125807 0.334948
-0.255146 0.059678 -0.738693
-0.050117 -0.125807 -0.082785
0.000000 0.000000 0.000000
0.000000 0.000000 0.000000
-0.230663 -0.156535 -0.420568
-0.119486 -0.173083 0.190408
0.000000 0.000000 0.000000
0.000000 0.000000 0.000000
0.000000 0.000000 0.000000
-0.103184 -0.173083 -0.261581
0.000000 0.000000 0.000000
0.000000 0.000000 0.000000
0.000000 0.000000 0.000000
-0.283337 0.118444 -0.679793
0.000000 0.000000 0.000000
-0.410434 0.072876 -0.556514
0.476060 0.046066 0.347031
-0.375812 -0.048177 -0.248306
-0.185981 -0.125807 0.059710
0.154784 -0.173083 0.093407
-0.446078 0.029236 -0.425102
0.000000 0.000000 0.000000
0.000000 0.000000 0.000000
0.249610 -0.160623 0.332911
0.000000 0.000000 0.000000
0.378516 0.147254 0.664703
0.485616 0.158733 0.254742
0.326141 -0.065634 0.531244
0.000000 0.000000 0.000000
0.000000 0.000000 0.000000
-0.504085 0.229844 -0.417780
0.000000 0.000000 0.000000
0.221094 -0.125807 -0.109908
0.000000 0.000000 0.000000
0.427557 0.002192 0.176450
0.000000 0.000000 0.000000
0.000000 0.000000 0.000000
-0.133339 -0.067519 -0.641782
0.000000 0.000000 0.000000
0.067365 -0.125807 -0.184895
0.000000 0.000000 0.000000
0.114674 -0.173083 0.381879
0.000000 0.000000 0.000000
0.399894 0.140470 0.537249
0.000000 0.000000 0.000000
-0.146684 -0.173083 -0.254011
0.000000 0.000000 0.000000
-0.362527 0.057871 -0.530090
-0.312705 -0.154017 -0.124104
0.000000 0.000000 0.000000
0.000000 0.000000 0.000000
0.000000 0.000000 0.000000
0.158312 -0.173083 -0.122625
0.312166 -0.135598 0.301428
0.000000 0.000000 0.000000
0.042970 -0.173083 0.177578
0.000000 0.000000 0.000000
-0.141896 -0.173083 -0.103750
0.000000 0.000000 0.000000
0.000000 0.000000 0.000000
0.168049 -0.125807 0.171110
-0.297167 0.018366 -0.671726
0.000000 0.000000 0.000000
0.000000 0.000000 0.000000
0.253696 -0.058718 0.541010
0.000000 0.000000 0.000000
0.359501 -0.047196 0.301292
0.478034 0.232172 0.444825
0.245829 0.153571 0.746587
-0.077658 -0.125807 0.114369
0.000000 0.000000 0.000000
0.000000 0.000000 0.000000
0.000000 0.000000 0.000000
-0.186915 0.147665 -0.770898
0.000000 0.000000 0.000000
0.000000 0.000000 0.000000
0.080658 -0.173083 -0.000962
-0.354943 -0.006462 -0.567893
0.289169 -0.112195 0.055328
0.025175 -0.125807 0.199930
-0.040653 -0.173083 -0.464118
0.279435 -0.008307 0.684208
0.386998 -0.075207 0.342523
0.079481 -0.125807 -0.062863
0.000000 0.000000 0.000000
0.000000 0.000000 0.000000
0.000000 0.000000 0.000000
0.000000 0.000000 0.000000
-0.172418 -0.125807 -0.347671
-0.307310 -0.068385 -0.399035
0.006209 -0.125807 0.372238
-0.235622 -0.125807 -0.242691
0.125296 -0.125807 0.149829
0.000000 0.000000 0.000000
0.214625 -0.119462 0.377879
-0.002256 -0.125807 -0.349230
-0.363931 0.170743 -0.682155
-0.104105 -0.125807 -0.135262
0.000000 0.000000 0.000000
-0.169549 0.028351 -0.723840
-0.223261 -0.073361 -0.546196
0.349131 -0.000024 0.482375
0.000000 0.000000 0.000000
0.386950 0.217029 0.666985
0.000000 0.000000 0.000000
0.440097 0.062869 0.319338
-0.478920 0.159543 -0.468590
0.000000 0.000000 0.000000
0.194905 -0.173083 0.052140
0.000000 0.000000 0.000000
-0.317987 -0.144142 -0.222967
-0.244229 -0.118916 -0.536092
0.000000 0.000000 0.000000
0.000000 0.000000 0.000000
-0.447124 -0.029312 -0.288061
0.000000 0.000000 0.000000
-0.268338 0.157477 -0.707318
0.000000 0.000000 0.000000
0.000000 0.000000 0.000000
0.005802 -0.173083 -0.011344
0.000000 0.000000 0.000000
0.212762 -0.173083 0.225924
-0.195135 -0.173083 -0.313012
0.304414 -0.153936 0.073111
-0.151726 -0.122522 -0.624112
-0.042374 -0.173083 -0.163994
0.000000 0.000000 0.000000
0.000000 0.000000 0.000000
0.346870 -0.127002 0.192894
0.472703 0.168980 0.484503
0.000000 0.000000 0.000000
0.000000 0.000000 0.000000
0.000000 0.000000 0.000000
-0.486330 0.156110 -0.288356
0.000000 0.000000 0.000000
-0.045951 -0.173083 -0.354140
0.000000 0.000000 0.000000
0.000000 0.000000 0.000000
0.000000 0.000000 0.000000
0.000000 0.000000 0.000000
0.000000 0.000000 0.000000
0.000000 0.000000 0.000000
0.314078 -0.021334 0.626798
-0.220018 0.186801 -0.814115
0.000000 0.000000 0.000000
-0.351537 -0.014132 -0.446221
-0.259687 -0.173083 -0.103812
-0.221215 0.135904 -0.804367
0.408633 0.043741 0.399102
0.000000 0.000000 0.000000
-0.171861 -0.173083 0.073406
0.513809 0.165505 0.348907
0.000000 0.000000 0.000000
0.000000 0.000000 0.000000
-0.318546 -0.121774 -0.372012
-0.212276 -0.173083 -0.024260
0.271730 0.065796 0.681443
0.000000 0.000000 0.000000
-0.027533 -0.173083 0.189546
0.000000 0.000000 0.000000
0.307983 0.113756 0.735984
0.000000 0.000000 0.000000
0.000000 0.000000 0.000000
0.000000 0.000000 0.000000
-0.350337 0.067632 -0.654612
0.000000 0.000000 0.000000
-0.518311 0.138537 -0.338621
0.059601 -0.173083 0.249234
0.000000 0.000000 0.000000
-0.140924 -0.125807 -0.040382
0.000000 0.000000 0.000000
-0.210129 -0.002830 -0.660294
0.000000 0.000000 0.000000
-0.148211 -0.125807 0.203659
0.417838 0.002882 0.239436
0.000000 0.000000 0.000000
0.000000 0.000000 0.000000
0.366963 0.055075 0.528682
0.048412 -0.173083 -0.262353
0.000000 0.000000 0.000000
0.000000 0.000000 0.000000
0.000000 0.000000 0.000000
-0.052266 -0.173083 0.095879
0.000000 0.000000 0.000000
-0.423741 0.005575 -0.258276
0.000000 0.000000 0.000000
-0.387002 0.138333 -0.548973
0.000000 0.000000 0.000000
0.000000 0.000000 0.000000
0.189024 -0.125807 0.094975
0.000000 0.000000 0.000000
0.000000 0.000000 0.000000
0.000000 0.000000 0.000000
-0.224566 -0.001459 -0.721282
-0.415458 0.010422 -0.481942
0.000000 0.000000 0.000000
0.000000 0.000000 0.000000
0.000000 0.000000 0.000000
0.246772 0.232172 0.760789
0.306876 -0.101841 0.134077
0.000000 0.000000 0.000000
0.000000 0.000000 0.000000
0.000000 0.000000 0.000000
0.004090 -0.125807 -0.172757
0.065637 -0.173083 0.085395
0.000000 0.000000 0.000000
0.510627 0.101386 0.283752
0.404537 0.087775 0.587179
-0.106094 -0.108104 -0.576206
0.206455 -0.110477 0.457029
-0.464818 0.169693 -0.380407
0.383917 -0.047673 0.435313
0.000000 0.000000 0.000000
0.000000 0.000000 0.000000
0.476722 0.092496 0.415912
0.000000 0.000000 0.000000
0.000000 0.000000 0.000000
-0.312208 -0.091264 -0.271291
-0.208951 -0.051031 -0.600037
0.000000 0.000000 0.000000
0.052453 -0.125807 0.019627
0.486747 0.232172 0.365970
-0.451956 0.080365 -0.479654
0.049627 -0.125807 0.292982
0.314609 -0.120302 0.383923
-0.489881 0.039320 -0.293702
0.000000 0.000000 0.000000
0.000000 0.000000 0.000000
0.000000 0.000000 0.000000
0.382190 -0.092853 0.264079
0.000000 0.000000 0.000000
0.000000 0.000000 0.000000
0.000000 0.000000 0.000000
0.000000 0.000000 0.000000
0.000000 0.000000 0.000000
0.000000 0.000000 0.000000
0.325587 0.160953 0.672669
0.000000 0.000000 0.000000
0.000000 0.000000 0.000000
-0.210365 -0.173083 -0.202611
-0.354234 -0.058211 -0.302533
-0.248925 -0.086615 -0.463705
-0.063020 -0.173083 -0.123329
0.000000 0.000000 0.000000
0.000000 0.000000 0.000000
0.000000 0.000000 0.000000
0.000000 0.000000 0.000000
0.165301 -0.173083 0.301661
-0.343583 -0.081035 -0.195219
0.000000 0.000000 0.000000
0.124761 -0.125807 0.247019
0.000000 0.000000 0.000000
0.000000 0.000000 0.000000
-0.167393 -0.117573 -0.483139
0.000000 0.000000 0.000000
0.370578 0.019627 0.583052
0.000000 0.000000 0.000000
0.000000 0.000000 0.000000
-0.124338 -0.171375 -0.504407
0.000000 0.000000 0.000000
0.000000 0.000000 0.000000
0.306550 -0.147075 0.209867
0.133548 -0.173083 -0.200576
0.065774 -0.173083 0.330593
-0.100972 -0.173083 -0.345445
0.000000 0.000000 0.000000
-0.472974 0.103204 -0.277497
0.000000 0.000000 0.000000
0.000000 0.000000 0.000000
0.000000 0.000000 0.000000
-0.397651 0.231594 -0.641529
0.489844 0.232172 0.292242
0.000000 0.000000 0.000000
-0.327865 0.213852 -0.662551
0.000000 0.000000 0.000000
0.000000 0.000000 0.000000
0.000000 0.000000 0.000000
0.110053 -0.173083 0.192097
0.426297 0.210752 0.500082
-0.119574 -0.125807 0.049048
0.000000 0.000000 0.000000
0.000000 0.000000 0.000000
0.000000 0.000000 0.000000
-0.537205 0.172866 -0.270282
-0.251837 -0.125807 -0.001736
-0.407492 -0.027463 -0.196164
0.294685 -0.090206 0.330579
0.353305 0.075229 0.664513
0.000000 0.000000 0.000000
0.207781 -0.125807 0.305837
-0.179753 -0.125807 -0.286121
0.000000 0.000000 0.000000
0.104173 -0.173083 -0.074777
0.000000 0.000000 0.000000
0.000000 0.000000 0.000000
0.000000 0.000000 0.000000
0.000000 0.000000 0.000000
0.413193 0.126459 0.492197
0.254941 -0.089410 0.603492
0.162446 -0.173083 -0.009780
-0.359785 -0.116990 -0.253039
0.000000 0.000000 0.000000
0.000000 0.000000 0.000000
0.158813 -0.125807 -0.175109
0.311966 -0.104154 0.458998
-0.090297 -0.125807 -0.344511
-0.250816 -0.110916 -0.343128
-0.220853 0.231644 -0.762465
-0.389582 -0.051969 -0.414834
0.433826 -0.054151 0.206251
-0.034793 -0.173083 0.249622
0.262449 -0.113811 0.528401
0.357389 0.186542 0.627053
0.000000 0.000000 0.000000
0.000000 0.000000 0.000000
0.000000 0.000000 0.000000
-0.472442 0.047486 -0.378167
0.429575 -0.018071 0.376113
0.344140 -0.035844 0.399815
0.191311 -0.173083 0.168125
0.000000 0.000000 0.000000
0.000000 0.000000 0.000000
-0.392070 0.035600 -0.439943
0.067871 -0.125807 0.134674
0.000000 0.000000 0.000000
0.000000 0.000000 0.000000
0.072353 -0.125807 0.383893
-0.447915 0.153393 -0.539706
0.186016 -0.173083 0.402252
0.000000 0.000000 0.000000
-0.196169 0.087386 -0.744238
0.000000 0.000000 0.000000
-0.020570 -0.173083 -0.286092
0.246952 -0.165316 0.285791
0.000000 0.000000 0.000000
0.123825 -0.125807 -0.009477
0.455129 0.211943 0.417077
0.000000 0.000000 0.000000
-0.107352 -0.173083 -0.073696
-0.114410 -0.173083 -0.183345
0.000000 0.000000 0.000000
0.000000 0.000000 0.000000
0.000000 0.000000 0.000000
0.000000 0.000000 0.000000
0.244823 -0.173083 -0.007116
-0.441930 0.207092 -0.461029
-0.064632 -0.125807 -0.266447
0.328450 -0.082470 0.223482
-0.486425 0.095572 -0.189131
0.062807 -0.173083 -0.226396
0.000000 0.000000 0.000000
0.000000 0.000000 0.000000
0.000000 0.000000 0.000000
0.000000 0.000000 0.000000
-0.098884 -0.125807 -0.512760
-0.312587 0.034527 -0.590050
0.254605 -0.125114 -0.018840
0.000000 0.000000 0.000000
0.023290 -0.125807 -0.104237
0.000000 0.000000 0.000000
0.000000 0.000000 0.000000
-0.289710 -0.111007 -0.184607
0.451332 0.173802 0.548689
-0.070803 -0.173083 -0.412811
0.296501 -0.055150 0.475941
-0.355438 0.207208 -0.625166
0.000000 0.000000 0.000000
-0.290308 -0.113117 -0.473788
-0.054797 -0.125807 0.168850
0.000000 0.000000 0.000000
0.367151 -0.051055 0.238503
0.081893 -0.173083 -0.143307
0.000000 0.000000 0.000000
-0.118027 -0.173083 0.117774
0.000000 0.000000 0.000000
0.000000 0.000000 0.000000
0.000000 0.000000 0.000000
-0.001717 -0.125807 -0.039150
0.000000 0.000000 0.000000
0.000000 0.000000 0.000000
0.177350 -0.125807 0.245127
0.000000 0.000000 0.000000
-0.029897 -0.125807 -0.415966
0.000000 0.000000 0.000000
-0.492941 0.128069 -0.407652
-0.271405 0.128039 -0.755444
0.000000 0.000000 0.000000
0.000000 0.000000 0.000000
-0.264774 -0.166226 -0.215422
0.000000 0.000000 0.000000
0.000000 0.000000 0.000000
0.000000 0.000000 0.000000
0.000000 0.000000 0.000000
-0.136418 -0.125807 0.109141
-0.351682 -0.072378 -0.463546
0.324812 -0.094066 0.062227
-0.072560 -0.125807 -0.009678
0.000000 0.000000 0.000000
0.000000 0.000000 0.000000
0.000000 0.000000 0.000000
-0.152810 -0.173083 -0.025605
0.292085 0.047594 0.716660
0.281974 -0.013776 0.581629
-0.517000 0.182032 -0.370132
-0.165949 -0.125807 -0.416110
-0.286192 0.065540 -0.648490
-0.024345 -0.173083 0.045829
0.092571 -0.125807 -0.126442
0.000000 0.000000 0.000000
0.000000 0.000000 0.000000
0.134644 -0.173083 0.051074
0.000000 0.000000 0.000000
0.000000 0.000000 0.000000
0.000000 0.000000 0.000000
0.000000 0.000000 0.000000
-0.195723 -0.173083 -0.361401
0.237729 -0.125807 0.157275
-0.254346 0.012771 -0.635366
0.000000 0.000000 0.000000
0.000000 0.000000 0.000000
0.000000 0.000000 0.000000
-0.503459 0.213750 -0.237507
0.000000 0.000000 0.000000
0.000000 0.000000 0.000000
-0.149792 -0.031166 -0.681208
-0.195954 -0.173083 -0.142143
0.000000 0.000000 0.000000
0.000000 0.000000 0.000000
-0.178399 -0.125807 -0.231319
0.000000 0.000000 0.000000
-0.425357 0.025160 -0.320853
0.000000 0.000000 0.000000
0.000000 0.000000 0.000000
0.003321 -0.173083 -0.190683
0.000000 0.000000 0.000000
-0.209078 -0.146788 -0.498767
0.429861 -0.035791 0.311079
0.266030 -0.164921 0.190178
0.093482 -0.173083 0.096876
-0.309275 -0.107504 -0.081100
0.000000 0.000000 0.000000
-0.474927 0.230519 -0.502111
-0.327061 0.000213 -0.624102
0.000000 0.000000 0.000000
0.000000 0.000000 0.000000
-0.006844 -0.173083 -0.070768
-0.375886 0.041245 -0.587330
0.000000 0.000000 0.000000
0.000000 0.000000 0.000000
0.000000 0.000000 0.000000
0.000000 0.000000 0.000000
0.000000 0.000000 0.000000
0.439309 0.095595 0.384837
0.000000 0.000000 0.000000
0.000000 0.000000 0.000000
0.370892 -0.021652 0.364219
0.168559 -0.125807 0.405900
0.000000 0.000000 0.000000
0.000000 0.000000 0.000000
0.000000 0.000000 0.000000
0.326667 0.024005 0.662240
0.000000 0.000000 0.000000
0.495152 0.177503 0.424034
0.000000 0.000000 0.000000
0.000000 0.000000 0.000000
0.000000 0.000000 0.000000
-0.001257 -0.173083 -0.414635
0.389739 0.044726 0.455236
0.000000 0.000000 0.000000
0.000000 0.000000 0.000000
-0.262784 -0.030828 -0.575640
0.000000 0.000000 0.000000
-0.421214 -0.073778 -0.207391
-0.075559 -0.125807 -0.191137
0.418535 0.230493 0.614912
-0.169233 -0.125807 -0.104964
0.000000 0.000000 0.000000
0.000000 0.000000 0.000000
0.000000 0.000000 0.000000
-0.201023 -0.173083 -0.104920
-0.167415 -0.087981 -0.570408
0.000000 0.000000 0.000000
0.006720 -0.173083 -0.229537
0.473169 0.160349 0.322812
-0.203336 -0.125807 0.000645
0.000000 0.000000 0.000000
0.123900 -0.125807 0.456104
0.403586 -0.087966 0.173970
0.000000 0.000000 0.000000
0.000000 0.000000 0.000000
0.399945 0.010094 0.519199
0.052440 -0.173083 -0.064663
-0.266235 -0.096317 -0.388818
-0.254939 0.226593 -0.789089
0.000000 0.000000 0.000000
0.211707 -0.163186 0.418882
0.297225 0.211121 0.768483
-0.180631 -0.086659 -0.662236
0.000000 0.000000 0.000000
-0.398205 0.232172 -0.579089
0.046076 -0.173083 -0.316965
0.000000 0.000000 0.000000
0.399841 -0.002064 0.313193
-0.222966 -0.125807 -0.041851
0.165845 -0.125807 -0.091040
0.000000 0.000000 0.000000
0.000000 0.000000 0.000000
0.000000 0.000000 0.000000
0.000000 0.000000 0.000000
-0.044083 -0.125807 -0.473512
0.016609 -0.173083 0.123313
0.486856 0.035191 0.258288
0.317645 0.097455 0.650260
0.000000 0.000000 0.000000
0.000000 0.000000 0.000000
0.000000 0.000000 0.000000
-0.354875 0.143686 -0.606532
0.008981 -0.173083 0.334782
0.000000 0.000000 0.000000
-0.366371 -0.034827 -0.507464
0.269783 0.021785 0.648870
0.465672 0.111283 0.465281
0.227884 -0.173083 0.101893
0.134978 -0.173083 0.409740
0.288893 0.172937 0.711465
-0.064726 -0.173083 -0.217738
0.522754 0.210825 0.328190
0.000000 0.000000 0.000000
-0.199398 -0.124138 -0.576738
-0.142042 -0.173083 -0.300246
0.357042 -0.058744 0.484568
0.000000 0.000000 0.000000
0.000000 0.000000 0.000000
0.000000 0.000000 0.000000
0.042501 -0.173083 0.033579
0.140290 -0.173083 -0.058113
0.000000 0.000000 0.000000
0.000000 0.000000 0.000000
-0.394714 -0.017689 -0.309287
-0.262900 -0.163456 -0.270676
0.000000 0.000000 0.000000
-0.314656 -0.077878 -0.340121
0.000000 0.000000 0.000000
0.219054 -0.125807 0.039677
0.000000 0.000000 0.000000
0.000000 0.000000 0.000000
0.457374 0.074262 0.258901
0.000000 0.000000 0.000000
-0.150145 -0.125807 -0.181665
-0.389676 0.199472 -0.565884
0.000000 0.000000 0.000000
-0.251628 -0.173083 -0.162134
0.333785 -0.060948 0.345245
0.000000 0.000000 0.000000
0.000000 0.000000 0.000000
-0.067097 -0.173083 -0.037402
-0.470804 0.081202 -0.426235
0.000000 0.000000 0.000000
0.000000 0.000000 0.000000
-0.212979 -0.173083 0.031835
-0.222823 -0.047165 -0.676120
0.149478 -0.173083 0.231031
0.000000 0.000000 0.000000
0.000000 0.000000 0.000000
0.000000 0.000000 0.000000
0.000000 0.000000 0.000000
0.448261 0.052878 0.449752
0.000000 0.000000 0.000000
0.000000 0.000000 0.000000
0.101460 -0.125807 0.046593
0.000000 0.000000 0.000000
0.000000 0.000000 0.000000
0.303975 -0.091364 0.274612
0.000000 0.000000 0.000000
0.000000 0.000000 0.000000
-0.073232 -0.173083 0.146776
0.000000 0.000000 0.000000
0.248189 -0.083473 0.484194
0.185722 -0.173083 0.347621
-0.369870 -0.069999 -0.110236
0.350220 0.072252 0.574894
0.000000 0.000000 0.000000
-0.280870 -0.104832 -0.296461
0.000000 0.000000 0.000000
0.000000 0.000000 0.000000
0.000000 0.000000 0.000000
0.000000 0.000000 0.000000
0.000000 0.000000 0.000000
0.356226 -0.023188 0.552685
0.000000 0.000000 0.000000
-0.486356 0.209495 -0.327384
-0.134657 -0.173083 0.043199
-0.340690 0.120919 -0.689165
0.000000 0.000000 0.000000
0.461026 0.043737 0.398264
0.403542 0.156097 0.625075
0.000000 0.000000 0.000000
0.000000 0.000000 0.000000
0.000000 0.000000 0.000000
0.508882 0.232172 0.242959
-0.157759 -0.173083 0.154783
0.374437 0.060429 0.617045
-0.328001 0.190018 -0.718976
-0.118328 -0.173083 -0.455980
0.000000 0.000000 0.000000
0.000000 0.000000 0.000000
0.000000 0.000000 0.000000
0.000000 0.000000 0.000000
0.000000 0.000000 0.000000
0.000000 0.000000 0.000000
-0.228624 0.161054 -0.744582
-0.399908 0.026560 -0.531318
0.000000 0.000000 0.000000
0.000000 0.000000 0.000000
0.000000 0.000000 0.000000
-0.002196 -0.173083 0.284420
0.385221 0.203042 0.582976
0.337122 0.154535 0.722575
-0.408432 -0.054827 -0.353090
0.000000 0.000000 0.000000
0.413539 0.026378 0.348690
-0.492375 0.141559 -0.237043
-0.311768 0.167173 -0.669660
-0.422234 -0.015099 -0.410255
0.000000 0.000000 0.000000
0.000000 0.000000 0.000000
0.000000 0.000000 0.000000
-0.317416 -0.030182 -0.484073
-0.252305 -0.125807 -0.155834
0.145750 -0.125807 -0.221881
0.000000 0.000000 0.000000
0.000000 0.000000 0.000000
-0.371768 0.032603 -0.486886
0.000000 0.000000 0.000000
0.020433 -0.173083 0.229442
0.213514 -0.136038 0.541668
-0.230989 0.093134 -0.778809
