-0.011387 -0.098016 -0.003524
-0.054392 0.744283 0.320251
-0.299690 0.390456 0.041628
0.033531 0.567929 0.155301
0.019903 0.797097 -0.250930
0.031180 0.605054 0.524343
-0.432959 0.223152 -0.023143
0.027874 0.288504 0.033555
0.063921 0.671223 -0.153291
0.008712 0.529788 -0.010493
0.239316 0.499553 -0.074381
0.404783 0.360841 -0.039111
0.076014 0.556510 0.575134
-0.018037 0.610179 -0.091806
-0.351126 0.171313 -0.123993
0.000000 0.000000 0.000000
0.085087 0.590398 0.535611
-0.312257 0.257744 0.002264
0.266655 0.495787 -0.037216
0.396302 0.445060 -0.011998
0.068493 0.576621 0.150002
-0.263465 0.328826 -0.008320
0.012023 0.514342 -0.078066
-0.433792 0.207157 -0.095313
0.022005 0.616421 0.560354
0.126767 -0.144226 -0.009474
0.048382 0.559083 0.071722
0.040612 0.534403 0.001756
0.000000 0.000000 0.000000
0.260411 0.455939 -0.016978
-0.130228 0.318737 0.090197
0.235185 0.047494 0.110458
0.000000 0.000000 0.000000
0.007746 0.197401 -0.019089
0.000000 0.000000 0.000000
0.000000 0.000000 0.000000
0.001792 0.546256 0.161185
-0.023580 0.694293 0.187986
-0.216344 -0.013706 0.004573
0.000000 0.000000 0.000000
0.111536 0.481469 -0.043160
0.098349 0.391761 -0.053924
-0.088331 0.285835 -0.011950
-0.024936 0.694198 0.369711
0.027343 0.697738 0.532057
0.072511 -0.045895 0.095220
0.000000 0.000000 0.000000
0.007623 0.033350 -0.023324
-0.258478 0.295467 0.022096
-0.362898 0.224381 -0.108871
0.000000 0.000000 0.000000
0.013524 0.956860 -0.290235
-0.049121 -0.025631 0.147187
-0.027250 0.656161 0.260948
0.000000 0.000000 0.000000
0.018007 0.427123 0.115980
-0.083570 0.894501 -0.285062
0.058077 0.655408 -0.145467
0.141293 -0.066819 -0.079645
-0.003063 0.345625 -0.038048
0.000000 0.000000 0.000000
0.000000 0.000000 0.000000
0.150097 -0.023542 -0.005340
0.000000 0.000000 0.000000
-0.102645 -0.041544 0.063960
0.000000 0.000000 0.000000
0.033495 0.423731 0.051518
0.000000 0.000000 0.000000
-0.103219 -0.045645 -0.058973
-0.165682 0.379389 0.025198
0.063746 0.802672 -0.194499
0.181666 0.448976 -0.095595
-0.061009 -0.104222 0.058870
0.000000 0.000000 0.000000
0.110930 0.589161 -0.109004
0.000000 0.000000 0.000000
0.068773 0.659393 0.278510
-0.395917 0.229492 0.051132
0.035933 0.558611 0.253584
0.055178 -0.103729 -0.010079
0.134259 0.517360 -0.067246
0.083773 0.664006 0.482908
0.217334 0.444188 -0.033948
0.075301 0.708920 -0.084768
0.137379 0.633641 -0.098877
0.137240 -0.000363 0.127677
0.000000 0.000000 0.000000
-0.005395 0.574569 0.182548
0.355052 0.424321 -0.054856
-0.125487 0.695472 0.308226
0.000000 0.000000 0.000000
-0.195910 0.332178 0.086475
0.013249 0.129858 -0.016184
0.000000 0.000000 0.000000
-0.004209 0.653944 0.462834
0.000000 0.000000 0.000000
0.043693 0.606405 -0.113009
-0.004367 0.629005 -0.176339
0.025635 0.708462 0.238500
0.090053 0.520817 -0.056736
-0.349862 0.218985 -0.034347
-0.000928 -0.171904 -0.023207
-0.030625 0.197416 -0.009181
0.000000 0.000000 0.000000
0.006475 -0.020374 -0.024582
-0.130356 -0.139041 -0.014382
0.000000 0.000000 0.000000
0.019486 -0.097246 0.090040
0.307782 0.444973 -0.095347
-0.009968 -0.143349 0.050348
-0.149752 -0.026991 -0.057747
0.000000 0.000000 0.000000
-0.199021 0.272865 0.065076
0.000000 0.000000 0.000000
-0.031728 0.876704 -0.270671
0.000000 0.000000 0.000000
0.072683 0.544856 0.126401
-0.177528 0.323547 -0.007075
0.095560 0.643938 -0.191252
-0.277960 0.317956 -0.071435
0.000000 0.000000 0.000000
0.028035 0.469038 -0.005788
0.181668 0.011840 0.056770
0.184440 0.485447 -0.043592
0.000000 0.000000 0.000000
-0.003108 0.433292 -0.050226
-0.093761 0.716938 0.380913
0.000000 0.000000 0.000000
0.000000 0.000000 0.000000
0.027352 0.595118 0.133353
0.098915 -0.053490 0.012718
-0.052214 -0.074024 0.004468
0.067065 -0.086812 -0.062470
-0.116979 -0.027970 0.015318
-0.015546 0.855277 -0.214888
0.000000 0.000000 0.000000
-0.023595 0.597169 -0.160574
0.049810 0.333480 -0.034928
0.292842 0.469800 -0.103119
-0.322881 0.317673 0.027963
0.067721 -0.140419 -0.020874
0.000000 0.000000 0.000000
0.004992 -0.053638 0.109961
0.001261 0.269345 -0.019786
-0.112710 0.739154 0.291009
-0.105903 -0.109260 0.011698
0.078378 -0.117946 0.037369
0.056625 0.734855 -0.191852
0.000000 0.000000 0.000000
0.199651 0.481722 -0.120590
0.071970 0.584969 0.198300
0.113344 0.499716 -0.106462
0.000000 0.000000 0.000000
0.000000 0.000000 0.000000
-0.059255 0.598945 -0.110792
0.237596 0.457472 -0.101518
-0.247391 0.353389 -0.040496
0.035040 0.367199 0.077056
0.028770 -0.141910 -0.047300
-0.011381 0.704815 0.219581
0.049509 0.626178 0.089610
-0.182898 -0.012031 0.053502
-0.284643 0.373844 -0.052160
0.021020 0.224193 0.021214
0.000000 0.000000 0.000000
-0.097168 0.766824 0.325777
0.000000 0.000000 0.000000
0.012327 -0.105247 0.048467
0.014712 0.587989 -0.028271
0.038149 0.493034 0.063389
-0.000665 -0.152540 -0.028822
0.000000 0.000000 0.000000
0.015542 0.837044 -0.303366
0.090737 0.645857 -0.095238
0.000000 0.000000 0.000000
0.131105 -0.020844 0.056503
0.038271 0.664829 0.222563
0.055127 0.540751 0.190475
0.000000 0.000000 0.000000
0.006821 0.662020 -0.105394
0.000000 0.000000 0.000000
0.000000 0.000000 0.000000
-0.049318 0.566853 -0.084107
-0.082217 -0.164494 0.014215
-0.075843 0.716468 0.275418
-0.177119 0.374442 0.068393
0.117592 -0.096820 -0.020427
0.000000 0.000000 0.000000
0.079870 0.492608 -0.031703
0.009084 0.479887 0.149170
-0.212287 0.343152 0.030226
0.000000 0.000000 0.000000
0.000000 0.000000 0.000000
0.179207 0.030834 0.139936
0.271026 0.423618 -0.053762
-0.126557 -0.094644 -0.041802
0.000000 0.000000 0.000000
0.092613 -0.151384 0.023738
0.000000 0.000000 0.000000
-0.309643 0.285842 -0.037818
0.063157 -0.084538 0.076287
-0.008402 0.080846 0.001104
-0.043655 -0.116402 -0.017283
0.000000 0.000000 0.000000
0.125228 0.667448 -0.124135
0.000000 0.000000 0.000000
0.000000 0.000000 0.000000
0.000000 0.000000 0.000000
0.006562 0.668631 0.192263
-0.050261 -0.059381 0.091832
0.215053 0.535577 -0.039959
0.021667 0.162777 0.020088
-0.027204 0.680680 0.312601
-0.033925 0.785393 0.349634
0.025814 -0.144114 0.009550
-0.172374 0.313496 0.049902
0.120429 -0.203100 -0.003934
0.000000 0.000000 0.000000
0.000000 0.000000 0.000000
0.170564 0.501748 -0.053710
-0.014892 0.626174 0.213879
0.000000 0.000000 0.000000
0.000000 0.000000 0.000000
0.100570 -0.027666 0.103405
0.000000 0.000000 0.000000
0.161459 0.478033 -0.100729
-0.310548 0.350875 -0.022563
0.010552 0.609544 0.153882
0.068742 0.695874 -0.138092
0.025857 0.707919 0.192615
0.000000 0.000000 0.000000
-0.150811 0.272065 0.105232
0.140670 0.421194 -0.074771
-0.169437 -0.013916 -0.004123
-0.035381 0.690181 0.257214
-0.282196 0.380327 0.016666
0.000000 0.000000 0.000000
0.039447 0.523023 -0.039517
0.004789 -0.064156 -0.022832
0.000000 0.000000 0.000000
-0.351971 0.225081 0.009743
0.000000 0.000000 0.000000
0.000000 0.000000 0.000000
0.039130 0.632132 0.484617
0.101693 0.619951 -0.148226
0.056936 -0.076755 0.032303
-0.043167 -0.137446 0.010474
0.000000 0.000000 0.000000
-0.088314 -0.047722 -0.019765
0.000000 0.000000 0.000000
0.094225 -0.176902 -0.029723
0.105788 -0.067287 -0.074838
-0.058112 0.243631 -0.006934
0.218410 0.478722 -0.077521
0.079896 -0.082236 -0.020955
0.018619 0.570733 0.206807
0.019780 0.673446 0.278655
0.052826 0.568365 -0.055845
0.090374 -0.113567 -0.056765
0.000000 0.000000 0.000000
0.000000 0.000000 0.000000
0.034286 0.353743 0.036339
-0.035014 0.785055 0.300845
-0.042063 -0.085878 -0.032194
0.000000 0.000000 0.000000
-0.098782 0.729856 0.329112
0.000000 0.000000 0.000000
-0.077948 -0.146078 0.041062
0.003688 0.673670 0.290517
-0.328844 0.354655 0.049194
0.000000 0.000000 0.000000
0.000000 0.000000 0.000000
-0.013911 0.153118 -0.005682
0.244962 0.543001 -0.074842
0.000000 0.000000 0.000000
0.003006 -0.029292 0.157731
0.034309 -0.050737 0.140628
-0.042806 -0.078747 0.044506
-0.057130 0.746818 0.372752
-0.132236 0.309594 -0.014243
-0.081991 0.713985 0.340402
0.000000 0.000000 0.000000
0.266125 0.523076 -0.099198
0.000000 0.000000 0.000000
-0.229523 0.297501 0.039564
-0.084056 -0.048690 0.015793
-0.012604 0.686781 0.430685
0.023240 0.556402 -0.090907
0.000000 0.000000 0.000000
0.000000 0.000000 0.000000
0.000000 0.000000 0.000000
0.230475 0.043212 0.064746
0.114555 0.632740 -0.139658
0.333677 0.426668 -0.094970
0.201937 0.027611 0.094241
0.027817 0.508255 -0.047409
-0.384801 0.199925 -0.055382
-0.040631 0.629910 -0.114419
0.000000 0.000000 0.000000
-0.021905 -0.117152 0.031756
0.083432 -0.044381 0.056503
0.191372 0.001478 0.014265
-0.002535 0.475057 -0.066767
0.152837 0.480675 -0.032944
0.273425 0.464147 -0.058516
0.100569 0.557157 0.163203
-0.123811 -0.025887 -0.020820
-0.150244 -0.022598 0.057860
0.060362 0.567502 0.123960
0.118423 0.613505 0.554787
0.042089 -0.120258 0.050742
-0.001040 0.670092 0.238581
0.000000 0.000000 0.000000
0.000000 0.000000 0.000000
0.032213 0.289905 -0.019060
-0.109161 -0.149217 0.008157
0.000000 0.000000 0.000000
0.000000 0.000000 0.000000
0.154206 0.008357 0.085992
0.111862 -0.118096 -0.034128
0.000000 0.000000 0.000000
0.000000 0.000000 0.000000
0.000000 0.000000 0.000000
0.000000 0.000000 0.000000
0.240555 0.463194 -0.062309
-0.403521 0.201708 -0.038448
-0.243763 0.319996 0.003059
0.000000 0.000000 0.000000
0.000000 0.000000 0.000000
0.038134 0.773765 -0.220231
0.040526 -0.122997 -0.039266
-0.285363 0.318659 -0.032868
0.000238 0.833473 -0.259165
0.080099 0.649963 -0.138302
0.000000 0.000000 0.000000
-0.002431 0.386901 -0.045461
-0.092509 -0.095842 -0.025599
-0.293979 0.329355 0.008564
0.099844 -0.097250 0.013770
-0.355669 0.180541 -0.091331
0.172728 0.018798 0.107055
0.000000 0.000000 0.000000
-0.013074 0.913521 -0.272560
-0.202595 0.349539 0.052157
-0.195230 -0.013433 -0.034138
0.009350 -0.132784 -0.001492
0.000000 0.000000 0.000000
0.160404 0.002807 0.045516
0.064273 -0.063485 0.124017
0.013296 0.011075 0.007487
-0.007423 -0.075637 0.081140
0.052619 0.500443 0.008076
-0.009763 0.612480 -0.128244
0.000000 0.000000 0.000000
0.080245 0.517401 0.148797
0.019791 0.058290 0.006608
0.000000 0.000000 0.000000
-0.047327 0.701135 0.234983
0.000000 0.000000 0.000000
0.208757 0.042389 0.131900
0.000000 0.000000 0.000000
0.000000 0.000000 0.000000
-0.077021 -0.105378 0.020086
-0.172334 0.346580 0.032138
0.020093 0.096984 0.013252
0.037081 -0.068936 0.098399
-0.321741 0.293322 -0.002352
0.000000 0.000000 0.000000
0.004329 0.634912 -0.132715
-0.108378 -0.188083 0.008209
0.000000 0.000000 0.000000
0.223459 0.488590 -0.044075
0.019745 0.676549 0.512300
0.012878 -0.041217 0.004041
0.000000 0.000000 0.000000
0.000000 0.000000 0.000000
0.040218 -0.106929 0.021244
0.024534 -0.137798 0.040639
0.123895 -0.169099 -0.021012
0.063087 0.660477 0.241071
0.000000 0.000000 0.000000
0.000000 0.000000 0.000000
-0.156942 0.293039 0.076637
-0.354188 0.216154 -0.071352
-0.065095 -0.064341 -0.037401
0.150149 0.477729 -0.066531
0.216299 0.028219 0.049615
0.038678 -0.084713 0.062043
0.000000 0.000000 0.000000
0.000000 0.000000 0.000000
0.000000 0.000000 0.000000
0.051903 0.583326 0.519711
-0.108679 0.699431 0.354017
0.100106 -0.087678 -0.044884
0.000000 0.000000 0.000000
0.000000 0.000000 0.000000
-0.158405 0.318381 0.016562
-0.109105 -0.122179 -0.024849
-0.124148 -0.097577 -0.009866
0.000000 0.000000 0.000000
0.000000 0.000000 0.000000
-0.157896 -0.013934 0.028073
0.078215 0.670112 -0.118620
0.003996 -0.108930 -0.023452
0.000000 0.000000 0.000000
0.016849 0.681292 0.217313
0.038065 0.457239 0.058162
-0.209314 0.320333 0.009574
-0.093236 0.708843 0.318281
0.026591 0.554398 -0.035974
0.115596 -0.044552 -0.010528
0.156998 0.527509 -0.091001
0.100163 -0.143726 -0.006476
0.000000 0.000000 0.000000
0.160440 0.492242 -0.132419
0.000000 0.000000 0.000000
0.072570 -0.134924 0.014047
0.001112 0.310055 -0.031577
-0.047842 0.751829 0.352268
0.000000 0.000000 0.000000
0.020758 0.195912 0.008637
0.024975 0.397933 0.096033
0.000000 0.000000 0.000000
0.000000 0.000000 0.000000
0.000000 0.000000 0.000000
0.002676 0.604945 0.188128
0.052288 0.540792 0.162890
0.000000 0.000000 0.000000
0.000000 0.000000 0.000000
0.099345 -0.193072 -0.024048
0.000000 0.000000 0.000000
0.000000 0.000000 0.000000
0.000000 0.000000 0.000000
0.000000 0.000000 0.000000
-0.025194 -0.039655 0.130959
0.039521 0.318181 0.030146
0.275280 0.446147 -0.082130
0.028674 0.263672 0.009874
0.000000 0.000000 0.000000
0.000000 0.000000 0.000000
0.000000 0.000000 0.000000
0.073229 -0.180047 0.020270
0.000000 0.000000 0.000000
0.061814 0.510337 -0.020629
0.107790 -0.036018 0.033251
-0.121703 -0.025023 0.042639
0.000000 0.000000 0.000000
0.351402 0.409758 -0.109203
-0.036450 0.624340 -0.087160
0.066098 0.706526 -0.174555
-0.031156 -0.105268 0.068407
0.000000 0.000000 0.000000
-0.022757 -0.026116 0.159240
-0.036562 -0.091512 0.006618
-0.009763 -0.150625 0.002295
0.081615 0.673926 -0.085153
0.000000 0.000000 0.000000
0.000000 0.000000 0.000000
-0.002519 0.684661 0.163291
-0.023265 -0.112922 -0.034995
-0.003283 0.592399 -0.105395
0.017042 0.239607 -0.019907
-0.150010 0.324910 0.063378
0.057143 -0.062152 0.062497
-0.001592 0.570766 -0.013477
0.108025 -0.169373 -0.037758
0.000000 0.000000 0.000000
-0.068642 -0.052930 0.044813
0.267653 0.493398 -0.097279
0.000000 0.000000 0.000000
-0.005656 0.656248 0.223098
-0.057684 -0.136706 0.062480
0.000000 0.000000 0.000000
-0.009710 -0.203672 -0.004041
-0.077436 0.740361 0.304912
0.000000 0.000000 0.000000
0.000000 0.000000 0.000000
0.000000 0.000000 0.000000
-0.169507 0.342492 0.063948
0.000000 0.000000 0.000000
0.000000 0.000000 0.000000
0.045507 0.593913 0.083041
0.000000 0.000000 0.000000
0.081311 -0.077852 0.099559
0.008388 0.093478 -0.014975
-0.071359 0.887438 -0.265452
0.012063 0.634880 0.477094
-0.058143 -0.129783 0.039918
0.000000 0.000000 0.000000
-0.280293 0.350287 -0.022874
-0.103206 0.699664 0.284860
0.000000 0.000000 0.000000
0.111200 0.629920 -0.117617
0.000000 0.000000 0.000000
0.010107 0.813774 -0.224521
0.022471 0.124834 0.014207
0.044062 0.545796 0.227270
0.019388 -0.118495 0.072292
0.032638 0.567074 0.180772
0.059632 0.767226 -0.194180
0.000000 0.000000 0.000000
0.131171 -0.000416 0.097591
0.000000 0.000000 0.000000
0.000000 0.000000 0.000000
0.121018 0.588553 -0.137905
0.029868 -0.133158 -0.017670
0.000000 0.000000 0.000000
0.000000 0.000000 0.000000
0.145856 -0.010061 0.026948
-0.171571 -0.012835 -0.035419
0.092154 -0.133193 -0.032796
0.070456 -0.104447 -0.033296
-0.331793 0.236812 -0.014797
0.000000 0.000000 0.000000
0.243059 0.438287 -0.052025
0.000000 0.000000 0.000000
0.000000 0.000000 0.000000
0.024627 -0.122395 0.013502
0.136383 0.492012 -0.126995
0.071999 0.546694 -0.060238
0.000000 0.000000 0.000000
-0.010592 -0.033023 -0.007690
0.000000 0.000000 0.000000
0.069906 0.555159 0.177379
0.074809 -0.069542 0.009158
0.000000 0.000000 0.000000
0.000000 0.000000 0.000000
0.000000 0.000000 0.000000
0.103066 -0.030723 0.074279
0.050764 -0.131403 0.000452
0.387978 0.382474 -0.051072
0.000000 0.000000 0.000000
-0.374729 0.231508 0.028944
0.005254 -0.077982 0.003926
-0.107344 -0.166536 -0.012575
-0.033635 -0.049950 0.111523
0.000000 0.000000 0.000000
-0.020239 -0.090602 0.060935
-0.031315 0.592358 -0.083017
0.084454 0.577019 0.572196
0.037526 0.669956 0.291387
-0.046644 -0.077426 0.071072
-0.139925 -0.021184 -0.005437
0.000000 0.000000 0.000000
0.000000 0.000000 0.000000
0.000000 0.000000 0.000000
0.008311 0.516797 0.156854
0.011395 -0.124479 -0.039548
0.000000 0.000000 0.000000
-0.309704 0.369645 0.047393
-0.298645 0.349705 0.024950
0.000000 0.000000 0.000000
0.000000 0.000000 0.000000
0.054712 0.474187 -0.019016
0.000000 0.000000 0.000000
0.243303 0.476733 -0.035852
-0.060603 -0.101283 -0.034297
0.000000 0.000000 0.000000
0.024298 0.663297 0.246970
0.000000 0.000000 0.000000
0.077829 0.370610 -0.048371
-0.184312 -0.010794 0.019305
0.000000 0.000000 0.000000
-0.193647 0.381130 0.021647
0.011578 0.170445 -0.014909
-0.000043 -0.133400 0.026166
0.000000 0.000000 0.000000
0.000000 0.000000 0.000000
0.000000 0.000000 0.000000
0.032825 0.579251 -0.106248
0.010262 -0.013197 0.000015
0.190528 0.475469 -0.093715
0.000000 0.000000 0.000000
-0.229185 0.323645 0.026959
-0.260978 0.332899 -0.052414
0.145322 0.448982 -0.074679
-0.014941 0.683059 0.219719
-0.187653 0.289562 0.056079
-0.025885 0.638618 0.236801
0.000000 0.000000 0.000000
0.029021 0.535306 0.161678
0.206687 0.455394 -0.087585
0.065831 -0.106961 -0.060526
0.373075 0.445786 -0.018537
0.114135 0.410726 -0.068442
-0.005655 0.049232 -0.000370
0.112992 0.623840 -0.170703
0.000000 0.000000 0.000000
-0.035823 0.705869 0.209571
-0.001978 0.636974 -0.095564
0.096440 -0.171286 -0.001320
-0.081764 -0.140404 0.000349
0.000000 0.000000 0.000000
0.058956 0.578157 0.173971
0.086355 0.640391 -0.117725
-0.041340 0.762630 0.327574
0.024904 0.612946 0.584222
0.085222 0.644864 -0.162086
0.258214 0.468219 -0.081939
0.151862 0.499898 -0.078737
0.016582 0.457008 0.137400
0.073898 0.700899 -0.111413
0.000000 0.000000 0.000000
-0.060811 0.733818 0.343886
-0.012891 0.597063 0.198377
0.112193 -0.117095 0.005270
0.000000 0.000000 0.000000
-0.100617 -0.038162 0.035286
0.000000 0.000000 0.000000
0.180934 0.014448 0.082415
0.065891 0.511787 -0.047090
0.059459 -0.130813 0.055328
-0.030232 -0.140888 0.030932
-0.173416 0.273031 0.091237
0.155742 0.012334 0.123591
0.199478 0.476429 -0.058034
0.074373 -0.061059 0.034595
-0.008408 0.858151 -0.266834
-0.035264 0.616125 -0.065338
-0.022538 0.683545 0.274712
0.118911 -0.176550 -0.001637
0.082653 0.664409 -0.178972
0.016538 0.584131 0.169563
0.000000 0.000000 0.000000
0.000000 0.000000 0.000000
0.000000 0.000000 0.000000
-0.012795 -0.133694 -0.014224
-0.065254 -0.058998 -0.006950
0.000000 0.000000 0.000000
0.037323 0.499947 -0.028872
0.009336 -0.160501 -0.006503
-0.204267 0.305341 0.040000
0.054583 0.550096 0.143611
0.000000 0.000000 0.000000
-0.429877 0.205904 -0.038749
-0.357025 0.192670 -0.059033
0.000000 0.000000 0.000000
-0.051612 -0.076056 -0.053218
0.000000 0.000000 0.000000
0.037382 0.661078 0.264688
0.000000 0.000000 0.000000
0.000000 0.000000 0.000000
-0.031298 -0.101215 -0.020280
0.024472 0.264050 -0.022825
0.219665 0.513935 -0.048498
0.111421 -0.018393 0.124991
0.000000 0.000000 0.000000
0.026920 0.250106 0.028839
0.031814 0.376122 0.038065
0.118373 -0.077309 -0.054821
-0.194126 0.326604 0.034191
0.000000 0.000000 0.000000
0.027138 0.614320 0.499364
0.000000 0.000000 0.000000
0.147550 0.517048 -0.047042
-0.017942 -0.121729 0.012461
-0.104269 -0.034387 -0.026431
0.167583 -0.011566 0.009500
-0.318519 0.341281 0.032646
0.000000 0.000000 0.000000
0.000000 0.000000 0.000000
0.000000 0.000000 0.000000
0.057402 -0.137492 -0.042125
0.013838 0.495241 -0.063671
0.116017 -0.034776 0.009765
0.051385 -0.097270 0.048796
0.131299 0.485114 -0.019808
0.092822 -0.065739 -0.009163
0.000000 0.000000 0.000000
0.000000 0.000000 0.000000
0.040376 0.536293 0.067361
0.015947 -0.115740 0.030628
0.000000 0.000000 0.000000
-0.299554 0.307904 -0.040800
0.000000 0.000000 0.000000
0.000000 0.000000 0.000000
0.057317 -0.162774 0.035997
-0.082954 -0.056509 -0.059037
-0.034222 0.606924 -0.103793
0.217538 0.480927 -0.102828
0.000000 0.000000 0.000000
0.000000 0.000000 0.000000
0.104640 0.604169 -0.132461
0.000000 0.000000 0.000000
0.065705 -0.097795 0.029848
0.000000 0.000000 0.000000
-0.010141 0.674482 0.263505
-0.073544 -0.126754 0.023695
0.050590 0.754997 -0.211995
0.273585 0.458982 -0.105020
0.044955 -0.061655 0.116036
0.044409 0.544058 -0.049179
-0.130848 0.296771 0.101601
-0.007012 0.936673 -0.279232
0.170514 -0.001112 0.029528
0.138825 0.483792 -0.084057
-0.279474 0.358418 0.006065
-0.024289 0.593716 -0.136928
0.227035 0.536642 -0.061320
0.000000 0.000000 0.000000
-0.068968 0.724787 0.324098
0.000000 0.000000 0.000000
-0.057243 0.747959 0.297697
0.038993 -0.103760 -0.059145
0.002143 -0.046925 0.131168
0.033155 0.823515 -0.292895
0.000000 0.000000 0.000000
0.000000 0.000000 0.000000
0.000000 0.000000 0.000000
0.076482 0.566469 0.553238
-0.009640 -0.008607 -0.008493
-0.304504 0.298447 -0.017315
-0.057496 -0.065558 0.030431
-0.100634 -0.037639 -0.000032
0.004284 -0.197209 -0.022105
0.000000 0.000000 0.000000
0.142211 -0.008885 0.071437
