0.000000 0.000000 0.000000
0.000000 0.000000 0.000000
0.000000 0.000000 0.000000
0.000000 0.000000 0.000000
0.000000 0.000000 0.000000
0.000000 0.000000 0.000000
0.000000 0.000000 0.000000
0.000000 0.000000 0.000000
0.000000 0.000000 0.000000
0.000000 0.000000 0.000000
0.000000 0.000000 0.000000
0.000000 0.000000 0.000000
0.000000 0.000000 0.000000
0.000000 0.000000 0.000000
0.000000 0.000000 0.000000
0.000000 0.000000 0.000000
0.000000 0.000000 0.000000
0.000000 0.000000 0.000000
0.000000 0.000000 0.000000
0.000000 0.000000 0.000000
0.000000 0.000000 0.000000
0.000000 0.000000 0.000000
0.000000 0.000000 0.000000
0.000000 0.000000 0.000000
0.000000 0.000000 0.000000
0.000000 0.000000 0.000000
0.000000 0.000000 0.000000
0.000000 0.000000 0.000000
0.000000 0.000000 0.000000
0.000000 0.000000 0.000000
0.000000 0.000000 0.000000
0.051467 -0.027869 0.281135
0.000000 0.000000 0.000000
0.000000 0.000000 0.000000
0.000000 0.000000 0.000000
0.000000 0.000000 0.000000
-0.030565 -0.357921 0.070066
0.000000 0.000000 0.000000
0.000000 0.000000 0.000000
0.000000 0.000000 0.000000
0.000000 0.000000 0.000000
0.000000 0.000000 0.000000
-0.000125 -0.177861 0.111032
0.000000 0.000000 0.000000
0.000000 0.000000 0.000000
0.011326 -0.270026 -0.019159
0.111593 -0.305344 -0.005189
0.000000 0.000000 0.000000
-0.125118 -0.268850 -0.023298
0.000000 0.000000 0.000000
0.000000 0.000000 0.000000
-0.009505 -0.456762 0.119001
0.000000 0.000000 0.000000
0.000000 0.000000 0.000000
0.000000 0.000000 0.000000
0.000000 0.000000 0.000000
0.000000 0.000000 0.000000
0.000000 0.000000 0.000000
0.000000 0.000000 0.000000
0.000000 0.000000 0.000000
0.000000 0.000000 0.000000
0.000000 0.000000 0.000000
-0.011657 -0.241278 0.106830
0.000000 0.000000 0.000000
0.059339 -0.156523 0.055286
0.000000 0.000000 0.000000
0.000000 0.000000 0.000000
0.000000 0.000000 0.000000
-0.103622 -0.434085 0.023003
0.000000 0.000000 0.000000
0.000000 0.000000 0.000000
0.000000 0.000000 0.000000
0.000000 0.000000 0.000000
0.000000 0.000000 0.000000
0.023497 -0.457066 0.024287
0.000000 0.000000 0.000000
0.000000 0.000000 0.000000
0.000000 0.000000 0.000000
0.000000 0.000000 0.000000
0.000000 0.000000 0.000000
0.000000 0.000000 0.000000
0.060910 -0.247899 0.049648
-0.077346 -0.266905 0.035340
0.000000 0.000000 0.000000
0.000000 0.000000 0.000000
0.000000 0.000000 0.000000
0.000000 0.000000 0.000000
0.042987 -0.035626 0.179097
0.000000 0.000000 0.000000
0.000000 0.000000 0.000000
0.000000 0.000000 0.000000
0.000000 0.000000 0.000000
0.000000 0.000000 0.000000
0.000000 0.000000 0.000000
0.000000 0.000000 0.000000
0.000000 0.000000 0.000000
0.000000 0.000000 0.000000
0.000000 0.000000 0.000000
0.000000 0.000000 0.000000
0.000000 0.000000 0.000000
0.000000 0.000000 0.000000
0.075888 -0.457002 0.042897
0.010716 -0.397952 0.073795
-0.059488 -0.192480 0.037078
0.000000 0.000000 0.000000
0.000000 0.000000 0.000000
0.000000 0.000000 0.000000
0.000000 0.000000 0.000000
0.000000 0.000000 0.000000
0.000000 0.000000 0.000000
0.000000 0.000000 0.000000
0.000000 0.000000 0.000000
0.000000 0.000000 0.000000
0.000000 0.000000 0.000000
0.000000 0.000000 0.000000
0.024512 -0.322728 0.053477
0.000000 0.000000 0.000000
0.001468 -0.014685 0.210476
-0.082791 -0.340142 0.018505
0.000000 0.000000 0.000000
0.000000 0.000000 0.000000
0.000000 0.000000 0.000000
0.000000 0.000000 0.000000
0.000000 0.000000 0.000000
0.000000 0.000000 0.000000
0.000000 0.000000 0.000000
0.102611 -0.188707 0.013505
-0.003561 -0.426706 0.025811
0.000000 0.000000 0.000000
0.000000 0.000000 0.000000
0.046879 -0.191634 0.066303
0.000000 0.000000 0.000000
0.000000 0.000000 0.000000
-0.069994 -0.323646 0.034915
0.049317 -0.334094 0.049324
0.000000 0.000000 0.000000
0.000000 0.000000 0.000000
0.000000 0.000000 0.000000
0.000000 0.000000 0.000000
0.000000 0.000000 0.000000
0.000000 0.000000 0.000000
0.000000 0.000000 0.000000
0.000000 0.000000 0.000000
0.000000 0.000000 0.000000
0.090652 -0.056225 0.221337
0.000000 0.000000 0.000000
-0.045440 -0.181402 0.074738
-0.021611 -0.300300 0.089637
0.000000 0.000000 0.000000
0.028720 -0.426706 0.022900
-0.084744 -0.394954 0.005348
0.000000 0.000000 0.000000
0.000000 0.000000 0.000000
0.000000 0.000000 0.000000
-0.049010 -0.457066 0.069691
0.000000 0.000000 0.000000
0.000000 0.000000 0.000000
0.000000 0.000000 0.000000
0.000000 0.000000 0.000000
0.000000 0.000000 0.000000
0.000000 0.000000 0.000000
0.000000 0.000000 0.000000
0.000000 0.000000 0.000000
0.000000 0.000000 0.000000
0.000000 0.000000 0.000000
-0.046893 -0.242058 0.069876
0.000000 0.000000 0.000000
0.000000 0.000000 0.000000
-0.095107 -0.238435 0.019424
0.000000 0.000000 0.000000
0.000000 0.000000 0.000000
0.088405 -0.066312 0.153103
0.000000 0.000000 0.000000
0.000000 0.000000 0.000000
0.000000 0.000000 0.000000
-0.044222 -0.404378 0.045997
0.000000 0.000000 0.000000
0.000000 0.000000 0.000000
0.000000 0.000000 0.000000
0.000000 0.000000 0.000000
0.000000 0.000000 0.000000
0.000000 0.000000 0.000000
0.000000 0.000000 0.000000
0.000000 0.000000 0.000000
0.000000 0.000000 0.000000
-0.037877 -0.296189 0.050418
-0.013963 -0.112151 0.086459
0.000000 0.000000 0.000000
0.000000 0.000000 0.000000
0.000000 0.000000 0.000000
0.000000 0.000000 0.000000
0.000000 0.000000 0.000000
-0.014526 0.004741 0.245365
0.000000 0.000000 0.000000
0.000000 0.000000 0.000000
0.028576 -0.264089 0.057120
0.008252 -0.457066 0.080517
0.000000 0.000000 0.000000
0.000000 0.000000 0.000000
0.000000 0.000000 0.000000
0.000000 0.000000 0.000000
0.000000 0.000000 0.000000
0.068691 -0.280837 0.017111
0.000000 0.000000 0.000000
0.000000 0.000000 0.000000
0.000000 0.000000 0.000000
0.000000 0.000000 0.000000
0.000000 0.000000 0.000000
0.000000 0.000000 0.000000
0.000000 0.000000 0.000000
0.000000 0.000000 0.000000
0.042319 -0.430691 0.079958
0.043524 -0.392244 0.043823
0.000000 0.000000 0.000000
0.000000 0.000000 0.000000
-0.005180 -0.220026 -0.012027
0.000000 0.000000 0.000000
-0.043178 -0.008230 0.187642
0.000000 0.000000 0.000000
-0.091056 -0.283095 -0.003586
0.000000 0.000000 0.000000
0.000000 0.000000 0.000000
-0.013048 -0.426894 0.094528
0.000000 0.000000 0.000000
0.000000 0.000000 0.000000
0.000000 0.000000 0.000000
0.000000 0.000000 0.000000
0.000000 0.000000 0.000000
0.000000 0.000000 0.000000
0.000000 0.000000 0.000000
0.000000 0.000000 0.000000
0.037997 -0.146930 0.075614
-0.066052 -0.457066 0.047996
0.000000 0.000000 0.000000
0.000000 0.000000 0.000000
0.000000 0.000000 0.000000
0.000000 0.000000 0.000000
0.000000 0.000000 0.000000
0.000000 0.000000 0.000000
-0.022352 -0.199185 0.098405
0.000000 0.000000 0.000000
0.072478 -0.226331 0.040317
-0.050301 -0.359149 0.049035
0.000000 0.000000 0.000000
0.000000 0.000000 0.000000
-0.006503 -0.338169 0.076930
0.014989 -0.214392 0.074119
0.039059 -0.024253 0.235558
-0.017502 -0.380844 0.079166
0.000000 0.000000 0.000000
0.000000 0.000000 0.000000
0.000000 0.000000 0.000000
0.000000 0.000000 0.000000
0.000000 0.000000 0.000000
0.000000 0.000000 0.000000
0.000000 0.000000 0.000000
-0.063773 -0.231703 0.052934
0.000000 0.000000 0.000000
0.000000 0.000000 0.000000
0.077741 -0.426894 0.028912
0.000000 0.000000 0.000000
0.000000 0.000000 0.000000
0.000000 0.000000 0.000000
0.000000 0.000000 0.000000
0.000000 0.000000 0.000000
0.106638 -0.251635 0.005908
0.000000 0.000000 0.000000
0.016203 -0.290864 0.087430
0.000000 0.000000 0.000000
0.000000 0.000000 0.000000
0.041605 -0.365177 0.050995
0.000000 0.000000 0.000000
0.000000 0.000000 0.000000
0.000000 0.000000 0.000000
-0.047233 -0.159023 0.050913
0.000000 0.000000 0.000000
0.000000 0.000000 0.000000
0.000000 0.000000 0.000000
0.000000 0.000000 0.000000
0.000000 0.000000 0.000000
0.000000 0.000000 0.000000
0.000000 0.000000 0.000000
0.000000 0.000000 0.000000
0.000000 0.000000 0.000000
0.066494 -0.327566 0.013170
-0.039952 -0.426894 0.055269
0.000000 0.000000 0.000000
0.000000 0.000000 0.000000
0.048315 -0.233724 0.062795
0.000000 0.000000 0.000000
0.000000 0.000000 0.000000
0.000000 0.000000 0.000000
0.000000 0.000000 0.000000
-0.008932 -0.140452 0.091455
0.000000 0.000000 0.000000
0.000000 0.000000 0.000000
0.000000 0.000000 0.000000
0.000000 0.000000 0.000000
0.000000 0.000000 0.000000
0.000000 0.000000 0.000000
0.000000 0.000000 0.000000
0.000000 0.000000 0.000000
0.000000 0.000000 0.000000
0.000000 0.000000 0.000000
0.000000 0.000000 0.000000
0.079032 -0.194477 0.035678
0.015087 -0.167836 0.075718
0.000000 0.000000 0.000000
0.008029 -0.363947 0.083097
-0.092761 -0.317131 0.012089
0.000000 0.000000 0.000000
-0.038505 -0.128599 0.082698
0.000000 0.000000 0.000000
0.000000 0.000000 0.000000
0.000000 0.000000 0.000000
0.000000 0.000000 0.000000
-0.059433 -0.284972 0.052003
0.000000 0.000000 0.000000
0.000000 0.000000 0.000000
0.056525 -0.426894 0.050202
0.000000 0.000000 0.000000
0.000000 0.000000 0.000000
0.000000 0.000000 0.000000
0.000000 0.000000 0.000000
0.000000 0.000000 0.000000
0.000000 0.000000 0.000000
0.073563 -0.251140 0.015656
0.000000 0.000000 0.000000
0.000000 0.000000 0.000000
0.000000 0.000000 0.000000
0.000000 0.000000 0.000000
0.061404 -0.310500 0.041718
0.000000 0.000000 0.000000
0.000000 0.000000 0.000000
0.000000 0.000000 0.000000
0.000000 0.000000 0.000000
0.000000 0.000000 0.000000
0.005218 -0.425168 0.055130
0.019620 -0.259032 0.087856
0.000000 0.000000 0.000000
0.020545 -0.007545 0.262783
-0.019419 -0.267842 0.073730
0.000000 0.000000 0.000000
0.070180 -0.352236 0.026278
0.000000 0.000000 0.000000
0.064848 -0.398666 0.022263
0.000000 0.000000 0.000000
0.000000 0.000000 0.000000
-0.060728 -0.365602 0.015543
0.000000 0.000000 0.000000
0.000000 0.000000 0.000000
0.000000 0.000000 0.000000
0.000000 0.000000 0.000000
0.000000 0.000000 0.000000
0.000000 0.000000 0.000000
-0.022414 -0.274049 0.092334
-0.000909 -0.119251 0.112093
0.000000 0.000000 0.000000
0.000000 0.000000 0.000000
0.000000 0.000000 0.000000
0.000000 0.000000 0.000000
0.000000 0.000000 0.000000
-0.044331 -0.212963 0.074639
0.000000 0.000000 0.000000
0.000000 0.000000 0.000000
0.000000 0.000000 0.000000
0.000000 0.000000 0.000000
0.000000 0.000000 0.000000
0.000000 0.000000 0.000000
0.000000 0.000000 0.000000
0.000000 0.000000 0.000000
0.000000 0.000000 0.000000
0.000000 0.000000 0.000000
0.000000 0.000000 0.000000
0.000000 0.000000 0.000000
-0.089210 -0.349061 -0.011430
0.088832 -0.216340 0.004151
-0.086122 -0.203996 0.031043
0.079287 -0.041584 0.254301
0.000000 0.000000 0.000000
0.000000 0.000000 0.000000
0.000000 0.000000 0.000000
0.000000 0.000000 0.000000
0.000000 0.000000 0.000000
0.000000 0.000000 0.000000
0.000000 0.000000 0.000000
0.000000 0.000000 0.000000
0.000000 0.000000 0.000000
0.000000 0.000000 0.000000
0.000000 0.000000 0.000000
0.000000 0.000000 0.000000
0.000000 0.000000 0.000000
0.000000 0.000000 0.000000
-0.011539 -0.457066 0.031929
0.000000 0.000000 0.000000
0.000000 0.000000 0.000000
-0.032436 -0.166595 0.088735
0.000000 0.000000 0.000000
0.021768 -0.137882 0.091086
0.000000 0.000000 0.000000
-0.015449 -0.401166 0.057033
-0.074941 -0.409640 0.012498
0.000000 0.000000 0.000000
0.000000 0.000000 0.000000
0.000000 0.000000 0.000000
0.000000 0.000000 0.000000
0.000000 0.000000 0.000000
0.000000 0.000000 0.000000
-0.054611 -0.394108 0.017034
0.000000 0.000000 0.000000
0.000000 0.000000 0.000000
0.000000 0.000000 0.000000
0.000000 0.000000 0.000000
-0.073196 -0.238678 0.019790
0.000000 0.000000 0.000000
0.013900 -0.312757 0.086490
0.000000 0.000000 0.000000
0.000000 0.000000 0.000000
0.069074 -0.039870 0.201524
0.000000 0.000000 0.000000
-0.031770 -0.452456 0.098654
0.000000 0.000000 0.000000
0.000000 0.000000 0.000000
0.000000 0.000000 0.000000
-0.121835 -0.301589 -0.018886
0.000000 0.000000 0.000000
0.002999 -0.217980 0.106789
0.000000 0.000000 0.000000
0.000000 0.000000 0.000000
0.000000 0.000000 0.000000
0.086119 -0.308246 0.018579
0.050178 -0.268210 0.036139
0.000000 0.000000 0.000000
0.000000 0.000000 0.000000
0.000000 0.000000 0.000000
0.000000 0.000000 0.000000
0.000000 0.000000 0.000000
0.000000 0.000000 0.000000
0.000000 0.000000 0.000000
0.000000 0.000000 0.000000
0.000000 0.000000 0.000000
0.000000 0.000000 0.000000
0.000000 0.000000 0.000000
0.000000 0.000000 0.000000
0.000000 0.000000 0.000000
-0.040807 -0.385350 0.033391
0.000000 0.000000 0.000000
0.000000 0.000000 0.000000
0.000000 0.000000 0.000000
-0.010944 -0.010833 0.191112
0.000000 0.000000 0.000000
0.000000 0.000000 0.000000
-0.043906 -0.317558 0.063479
0.000000 0.000000 0.000000
0.000000 0.000000 0.000000
0.000000 0.000000 0.000000
0.101091 -0.445255 0.024257
0.000000 0.000000 0.000000
0.000000 0.000000 0.000000
0.000000 0.000000 0.000000
-0.070664 -0.201039 0.047441
0.000000 0.000000 0.000000
0.000000 0.000000 0.000000
-0.028691 -0.227499 0.090166
0.000000 0.000000 0.000000
0.040827 -0.260490 0.067595
0.000000 0.000000 0.000000
0.000000 0.000000 0.000000
0.000000 0.000000 0.000000
0.000000 0.000000 0.000000
0.000000 0.000000 0.000000
0.000000 0.000000 0.000000
0.000000 0.000000 0.000000
0.101339 -0.277472 0.008232
0.000000 0.000000 0.000000
0.030773 -0.414863 0.051284
-0.073850 -0.163440 0.045172
0.068821 -0.047054 0.166209
0.000000 0.000000 0.000000
0.000000 0.000000 0.000000
0.000000 0.000000 0.000000
-0.023331 -0.327668 0.083358
0.000000 0.000000 0.000000
-0.102730 -0.263700 -0.013805
0.000000 0.000000 0.000000
0.000000 0.000000 0.000000
0.000000 0.000000 0.000000
0.000000 0.000000 0.000000
0.000000 0.000000 0.000000
0.000000 0.000000 0.000000
0.000000 0.000000 0.000000
0.000000 0.000000 0.000000
0.000000 0.000000 0.000000
0.000000 0.000000 0.000000
0.000000 0.000000 0.000000
0.000000 0.000000 0.000000
0.000000 0.000000 0.000000
-0.067992 -0.289007 0.019983
0.013442 -0.380059 0.055035
0.000000 0.000000 0.000000
0.000000 0.000000 0.000000
0.000000 0.000000 0.000000
0.000000 0.000000 0.000000
0.000000 0.000000 0.000000
0.000000 0.000000 0.000000
0.000000 0.000000 0.000000
-0.040038 -0.336580 0.042116
-0.042449 -0.278625 0.070670
0.000000 0.000000 0.000000
0.000000 0.000000 0.000000
0.000000 0.000000 0.000000
-0.009129 -0.433638 0.122503
0.000000 0.000000 0.000000
0.000000 0.000000 0.000000
0.000000 0.000000 0.000000
0.000000 0.000000 0.000000
0.053313 -0.195776 0.038606
-0.096033 -0.231991 -0.003725
0.000000 0.000000 0.000000
0.000000 0.000000 0.000000
0.000000 0.000000 0.000000
0.000000 0.000000 0.000000
-0.059625 -0.417308 0.026974
0.000000 0.000000 0.000000
0.000000 0.000000 0.000000
0.000000 0.000000 0.000000
0.000000 0.000000 0.000000
0.000000 0.000000 0.000000
0.000000 0.000000 0.000000
-0.044692 -0.254267 0.048289
0.000000 0.000000 0.000000
0.000000 0.000000 0.000000
0.000000 0.000000 0.000000
0.000000 0.000000 0.000000
0.000000 0.000000 0.000000
0.053328 -0.282400 0.053236
-0.083373 -0.442678 0.044333
0.030434 -0.346557 0.065064
-0.004400 -0.142473 0.113551
0.037265 -0.303266 0.044086
0.025704 -0.185672 0.086621
0.000000 0.000000 0.000000
0.000000 0.000000 0.000000
0.036872 -0.404622 0.028688
0.000000 0.000000 0.000000
0.000000 0.000000 0.000000
0.000000 0.000000 0.000000
0.000000 0.000000 0.000000
0.000000 0.000000 0.000000
0.000000 0.000000 0.000000
0.000000 0.000000 0.000000
-0.000858 -0.194829 0.090174
0.091487 -0.055589 0.191777
0.000000 0.000000 0.000000
0.000000 0.000000 0.000000
0.000000 0.000000 0.000000
0.000000 0.000000 0.000000
0.000000 0.000000 0.000000
0.000000 0.000000 0.000000
0.000000 0.000000 0.000000
0.000000 0.000000 0.000000
0.000000 0.000000 0.000000
0.000000 0.000000 0.000000
0.000000 0.000000 0.000000
0.000000 0.000000 0.000000
0.012825 -0.022859 0.186091
0.000000 0.000000 0.000000
0.000000 0.000000 0.000000
0.000000 0.000000 0.000000
0.000000 0.000000 0.000000
0.000000 0.000000 0.000000
-0.053698 -0.313776 0.031548
0.115759 -0.234898 -0.001300
0.000000 0.000000 0.000000
0.000000 0.000000 0.000000
0.000000 0.000000 0.000000
0.000000 0.000000 0.000000
0.000000 0.000000 0.000000
0.023552 -0.457066 0.052027
0.087623 -0.208345 0.027016
-0.031465 -0.457066 0.044132
0.000000 0.000000 0.000000
0.000000 0.000000 0.000000
-0.077410 -0.264618 0.013033
-0.021086 -0.005125 0.216712
0.000000 0.000000 0.000000
0.000000 0.000000 0.000000
0.018281 -0.443282 0.102866
0.000000 0.000000 0.000000
-0.001596 -0.248592 -0.006433
0.000000 0.000000 0.000000
0.059045 -0.451496 0.064170
-0.029865 -0.147016 0.069607
0.095576 -0.237759 0.017640
0.004010 -0.270869 0.079921
0.000000 0.000000 0.000000
0.000000 0.000000 0.000000
0.000000 0.000000 0.000000
0.000000 0.000000 0.000000
0.000000 0.000000 0.000000
0.000000 0.000000 0.000000
0.000000 0.000000 0.000000
0.000000 0.000000 0.000000
0.000000 0.000000 0.000000
0.009619 -0.010968 0.239021
-0.007685 -0.096868 0.107487
0.000000 0.000000 0.000000
0.000000 0.000000 0.000000
0.000000 0.000000 0.000000
0.000000 0.000000 0.000000
0.020778 -0.231803 0.089055
0.000000 0.000000 0.000000
0.037718 -0.352380 0.036445
0.102180 -0.254964 -0.012615
0.000000 0.000000 0.000000
0.000000 0.000000 0.000000
-0.085083 -0.210503 0.009615
0.000000 0.000000 0.000000
0.000000 0.000000 0.000000
0.000000 0.000000 0.000000
0.012678 -0.293981 0.068929
0.036757 -0.170119 0.076473
0.000000 0.000000 0.000000
0.000000 0.000000 0.000000
-0.019518 -0.378734 0.056689
0.000000 0.000000 0.000000
0.000000 0.000000 0.000000
0.000000 0.000000 0.000000
-0.066293 -0.426894 0.050429
0.000000 0.000000 0.000000
0.000000 0.000000 0.000000
0.000000 0.000000 0.000000
0.000000 0.000000 0.000000
0.000000 0.000000 0.000000
0.000000 0.000000 0.000000
0.085673 -0.315707 -0.003280
0.102484 -0.215464 -0.008749
0.000000 0.000000 0.000000
0.000000 0.000000 0.000000
0.044742 -0.377770 0.025961
0.000000 0.000000 0.000000
0.024931 -0.235329 0.063528
0.000000 0.000000 0.000000
0.000000 0.000000 0.000000
0.000000 0.000000 0.000000
-0.017757 -0.419302 0.070671
0.000000 0.000000 0.000000
0.000000 0.000000 0.000000
0.000000 0.000000 0.000000
0.000000 0.000000 0.000000
0.000000 0.000000 0.000000
-0.090962 -0.183552 0.026730
0.060981 -0.033836 0.221309
0.000000 0.000000 0.000000
-0.092889 -0.456994 0.028963
0.000000 0.000000 0.000000
0.000000 0.000000 0.000000
0.014033 -0.401239 0.050940
-0.017534 -0.457066 0.077912
-0.024948 -0.426706 0.011401
0.000000 0.000000 0.000000
0.000000 0.000000 0.000000
0.000000 0.000000 0.000000
0.000000 0.000000 0.000000
0.000000 0.000000 0.000000
0.000000 0.000000 0.000000
0.000000 0.000000 0.000000
0.000000 0.000000 0.000000
0.085413 -0.070140 0.132801
0.000000 0.000000 0.000000
0.000000 0.000000 0.000000
0.000000 0.000000 0.000000
0.000000 0.000000 0.000000
0.055037 -0.028843 0.255904
0.000000 0.000000 0.000000
0.000000 0.000000 0.000000
0.022319 -0.426894 0.069202
0.000000 0.000000 0.000000
0.000000 0.000000 0.000000
0.000000 0.000000 0.000000
0.000000 0.000000 0.000000
0.000000 0.000000 0.000000
0.000000 0.000000 0.000000
0.000000 0.000000 0.000000
0.000000 0.000000 0.000000
-0.060752 -0.182206 0.058592
0.000000 0.000000 0.000000
0.091296 -0.289465 -0.005097
0.000000 0.000000 0.000000
0.000000 0.000000 0.000000
-0.060668 -0.334304 0.021017
0.003798 -0.246559 0.082570
0.000000 0.000000 0.000000
0.007903 -0.354106 0.064475
0.021142 -0.017208 0.220286
0.000000 0.000000 0.000000
0.000000 0.000000 0.000000
0.000000 0.000000 0.000000
0.000000 0.000000 0.000000
0.000000 0.000000 0.000000
0.000000 0.000000 0.000000
0.000000 0.000000 0.000000
0.060966 -0.209899 0.052263
0.000000 0.000000 0.000000
0.000000 0.000000 0.000000
0.000000 0.000000 0.000000
0.072046 -0.264261 0.037572
0.000000 0.000000 0.000000
0.032021 -0.210282 0.058228
0.000000 0.000000 0.000000
0.000000 0.000000 0.000000
0.000000 0.000000 0.000000
0.000000 0.000000 0.000000
0.000000 0.000000 0.000000
0.000000 0.000000 0.000000
0.000000 0.000000 0.000000
0.000000 0.000000 0.000000
