0.284129 -0.213457 0.201474
-0.393533 -0.038032 0.687627
-0.149407 -0.080367 0.751690
0.189291 0.058334 0.425035
0.198636 0.308831 0.760866
-0.393533 -0.151124 0.210997
0.218001 0.308831 0.034712
0.184329 0.058108 -0.233217
-0.218975 -0.213457 0.278434
0.335050 -0.106492 -0.186077
0.335050 -0.118286 0.696975
-0.047439 -0.213457 -0.195181
-0.359865 0.308833 0.820940
-0.252933 0.058392 0.590355
-0.201733 0.058164 -0.068458
0.191263 0.308831 0.318430
0.288362 0.156672 0.848643
-0.379506 -0.213457 -0.037196
0.084750 -0.213457 0.580781
-0.393533 -0.182390 0.628381
0.335050 0.092778 0.296574
0.335050 -0.197940 -0.171880
-0.023534 -0.213457 -0.309685
-0.393533 0.191545 0.710290
-0.145564 0.058277 0.259403
0.335050 0.047707 0.022306
-0.074508 0.196949 0.883453
-0.023216 -0.213457 0.121437
0.069197 0.058234 0.132329
-0.392695 0.058136 -0.151265
0.335050 -0.184608 0.640173
0.000000 0.000000 0.000000
0.335050 0.222231 0.567867
-0.131747 -0.213457 0.591251
-0.008599 0.058408 0.637103
-0.091665 0.058159 -0.082789
0.132422 -0.058092 0.753096
-0.393533 0.043992 0.380904
-0.393533 -0.111074 0.409744
-0.326027 0.131317 0.828822
0.280806 0.308831 0.303067
-0.393533 0.057093 0.006399
-0.365997 -0.213457 -0.288804
0.197651 0.308831 0.515063
0.120623 -0.213457 0.330053
0.000000 0.000000 0.000000
0.335050 -0.106251 0.434976
0.177814 -0.213457 0.000009
-0.393533 -0.081650 -0.284973
-0.354261 -0.101628 0.751690
-0.156874 -0.213457 -0.069250
-0.372727 0.058269 0.237439
-0.393533 -0.195909 0.190838
0.242391 -0.213457 0.506894
-0.184516 0.308832 0.810828
-0.038991 0.058327 0.402227
0.191365 -0.213457 -0.306676
-0.270441 -0.213457 -0.212885
-0.303051 -0.213457 0.478203
0.013381 0.308833 0.818423
-0.393533 0.021214 0.594660
0.335050 0.245800 0.820082
-0.030250 -0.213457 0.432982
0.335050 -0.091136 0.111641
-0.176972 -0.211585 0.751690
0.000000 0.000000 0.000000
0.335050 0.240307 0.110319
-0.195509 -0.213457 0.047876
0.174047 0.058181 -0.021440
0.172211 0.058408 0.637034
-0.085313 0.058217 0.084434
0.034192 0.058105 -0.238941
0.335050 0.086212 0.704480
-0.203654 -0.213457 -0.392629
0.104706 0.123778 0.823660
0.065363 -0.212501 0.751690
-0.203222 0.058329 0.408062
0.000000 0.000000 0.000000
0.335050 -0.043503 -0.155597
0.335050 0.058407 0.535739
0.231332 -0.213457 0.739750
0.327399 0.308831 0.440225
-0.140914 -0.213457 -0.014644
0.067991 -0.213457 -0.462529
-0.393533 -0.173829 0.008561
-0.044126 -0.201720 0.751690
-0.242304 0.058232 0.127814
-0.264340 0.058213 0.073944
-0.120609 0.058101 -0.252448
-0.235078 -0.213457 -0.093794
0.085099 0.058289 0.290912
-0.078873 0.056703 0.786115
0.132764 -0.213457 0.159606
-0.393533 -0.108286 0.496888
-0.112392 -0.213457 0.252960
0.025031 -0.213457 -0.017711
-0.393533 -0.040695 0.105642
0.335050 -0.065063 0.277398
0.335050 -0.167600 -0.018278
0.335050 0.119276 0.171498
0.099835 -0.213457 -0.143353
-0.393533 0.039288 0.770626
0.277151 -0.034511 0.757089
-0.074850 -0.213457 0.303394
0.302018 -0.213457 0.339878
-0.262887 -0.213457 0.645100
0.196213 0.308831 -0.041722
0.169398 0.057073 0.786281
0.190977 0.308831 0.241754
0.335050 0.072192 -0.121225
-0.393533 -0.165088 -0.164746
-0.024279 -0.213457 0.503790
-0.393533 -0.037588 0.280575
0.000000 0.000000 0.000000
-0.237949 0.030236 0.775289
0.000000 0.000000 0.000000
0.335050 -0.115715 0.582446
-0.117635 0.058371 0.530020
-0.352389 -0.213457 0.321861
0.134724 0.267678 0.887404
0.335050 -0.206987 0.033926
-0.129519 -0.213457 0.157113
0.335050 0.296553 0.676125
0.335050 0.145162 0.434011
-0.252198 -0.213457 -0.362656
-0.216325 0.210591 0.890020
0.152533 -0.213457 0.645089
-0.314505 0.058374 0.539132
-0.166215 -0.213457 0.433376
0.157278 -0.213457 0.462496
0.191740 0.308831 0.169818
0.079190 0.058369 0.524920
0.000000 0.000000 0.000000
0.034770 0.263201 0.889257
-0.008055 -0.049255 0.754384
0.047076 -0.213457 0.237935
-0.393533 -0.090170 0.574720
0.256950 0.281666 0.878339
0.335050 0.135718 0.743137
-0.320188 -0.213457 0.077082
0.038295 0.058186 -0.005858
0.335050 0.221997 0.264391
0.217986 -0.213457 -0.118588
0.000000 0.000000 0.000000
0.112845 -0.213457 -0.399833
-0.393533 0.219441 0.892736
-0.156730 -0.213457 -0.281726
-0.053298 -0.213457 0.691637
0.252214 0.020501 0.771808
0.292855 0.308831 0.071201
-0.019996 0.058115 -0.212375
-0.343598 -0.249886 0.711000
-0.068118 -0.213457 -0.419258
-0.009435 0.058272 0.245803
0.335050 -0.159617 0.421364
0.335050 0.153778 0.005293
-0.393533 -0.090805 -0.081967
0.007951 0.126990 0.825812
-0.258973 -0.213457 -0.132741
0.049236 -0.213457 -0.063524
0.335050 0.007582 0.389292
-0.164963 0.058234 0.132604
-0.277413 -0.213457 0.210794
0.071108 0.058145 -0.124466
0.102375 -0.213457 -0.333086
-0.393533 -0.012162 0.420576
-0.109300 -0.213457 -0.149288
0.335050 -0.158718 0.237074
-0.067184 0.058311 0.355341
-0.303689 0.058296 0.313962
-0.154287 0.120438 0.821420
0.335050 -0.021327 0.624344
0.000000 0.000000 0.000000
0.209764 -0.213457 0.115154
0.323154 0.308831 0.550327
0.287965 0.308831 -0.028288
-0.377345 -0.213457 0.521164
0.182435 -0.172529 0.751690
0.335050 -0.054787 -0.030135
0.335050 -0.154296 -0.268423
-0.393533 0.206624 0.796013
0.335050 0.004830 0.152317
0.225766 0.308831 0.621604
0.302675 -0.213457 -0.287969
0.186652 0.058375 0.541838
-0.321650 0.058159 -0.086242
0.224241 -0.213457 -0.219112
-0.365188 -0.213457 -0.240488
0.081854 0.058090 -0.285165
0.181054 0.058248 0.174109
-0.200740 -0.097848 0.751690
0.335050 0.236846 0.338626
0.000000 0.000000 0.000000
0.276171 -0.213457 0.598244
-0.219298 0.058139 -0.139518
-0.191199 0.058190 0.006611
-0.278458 -0.197625 0.751690
0.054928 -0.213457 0.419355
-0.176864 -0.213457 0.677544
0.064237 -0.213457 0.048865
0.335050 0.083839 0.594533
-0.393533 -0.204465 0.408762
-0.102394 -0.147927 0.751690
-0.393533 0.055935 0.129746
-0.065983 0.275515 0.883059
0.335050 -0.015639 0.110301
-0.393533 -0.063881 0.027172
-0.307931 0.058332 0.416554
-0.153416 0.058407 0.635610
0.302765 0.308831 0.180060
0.335050 0.228801 -0.001970
0.335050 0.123553 0.217607
0.178368 0.058293 0.305741
0.000000 0.000000 0.000000
0.011956 0.058216 0.080712
0.048871 0.053857 0.784833
-0.264980 -0.213457 0.385992
-0.129840 0.058136 -0.150507
-0.291447 0.269598 0.886608
0.003501 -0.213457 0.207381
-0.393533 -0.147325 0.102371
0.045876 -0.213457 -0.243897
0.335050 -0.189321 0.500902
-0.393533 0.082377 0.678211
-0.021512 -0.213457 -0.148410
-0.276057 -0.213457 -0.021331
0.287068 0.308831 0.800653
-0.184481 0.017959 0.770988
-0.123165 0.058191 0.009432
-0.277009 -0.213457 0.576834
-0.393533 0.005016 0.222911
0.182691 0.168150 0.858446
-0.063875 0.058262 0.214899
0.096829 0.308831 0.808585
0.214762 0.308831 0.412335
-0.211494 -0.213457 -0.489195
0.335050 -0.144311 -0.117213
0.189823 -0.213457 0.218211
-0.248669 0.058265 0.222845
-0.137012 -0.213457 -0.244766
0.289687 0.068988 0.791671
0.281349 0.216927 0.892644
-0.204079 0.058297 0.317640
-0.246631 -0.213457 0.119584
0.012741 0.058157 -0.091194
0.335050 -0.044887 0.500574
-0.134423 0.058334 0.424556
-0.393533 -0.147910 0.658839
-0.049460 -0.213457 0.599931
0.248925 -0.213457 0.299991
0.335050 -0.139932 0.125984
0.272692 -0.213457 0.076163
0.000000 0.000000 0.000000
-0.229068 0.058357 0.491661
0.323034 0.013427 0.769527
-0.393533 0.040163 0.327508
-0.389598 -0.187064 0.751690
0.000000 0.000000 0.000000
0.059359 0.058333 0.421057
0.289095 -0.115626 0.751690
0.312534 -0.235597 0.715260
-0.369893 -0.213457 -0.117717
-0.372221 0.058345 0.455710
0.335050 0.214370 0.480757
0.335050 0.204712 0.667577
-0.360267 -0.020867 0.759861
-0.024939 0.058369 0.523308
-0.059092 -0.213457 0.026299
-0.393533 -0.012492 0.512422
-0.298631 0.058410 0.642934
0.079623 0.058404 0.626224
0.335050 0.024740 -0.205247
0.335050 -0.122013 0.328389
0.278387 0.308831 0.353711
-0.393533 -0.035814 -0.159918
0.059599 -0.118298 0.751690
-0.262447 -0.040227 0.755928
-0.078402 -0.025631 0.758893
0.205970 -0.213457 -0.383435
0.098300 -0.213457 -0.272680
-0.393533 -0.124246 0.304458
0.300677 -0.213457 -0.066394
0.279390 0.308831 0.705249
0.173051 0.305367 0.843584
0.265347 -0.213457 0.420155
-0.393533 -0.080372 0.192805
-0.107606 -0.213457 -0.354352
0.000000 0.000000 0.000000
-0.314631 0.058208 0.057664
-0.110869 0.058402 0.622216
0.048094 -0.213457 0.330317
0.175108 -0.213457 0.554229
-0.000581 0.058243 0.157697
-0.160472 0.222778 0.893468
0.144617 0.058204 0.048140
-0.269308 0.308832 0.816590
-0.291116 -0.213457 -0.297578
0.000000 0.000000 0.000000
0.000000 0.000000 0.000000
-0.393533 -0.085511 -0.194584
0.335050 0.154179 0.513533
-0.162611 -0.213457 0.525163
-0.207850 -0.213457 0.139348
-0.001893 0.088842 0.801983
0.015636 -0.213457 0.625837
0.060536 -0.213457 0.139227
0.105483 -0.213457 0.242514
0.335050 0.001880 0.705011
0.335050 0.005455 0.229923
0.000000 0.000000 0.000000
0.212263 0.122324 0.822684
0.335050 0.225254 0.414030
0.335050 0.298580 0.241438
0.335050 0.176609 0.120073
-0.393533 0.036623 -0.076739
-0.141692 -0.213457 -0.476554
0.194444 -0.213457 0.709802
-0.091101 0.058346 0.457400
-0.102185 -0.213457 0.197951
0.191968 -0.081902 0.751690
-0.204256 0.120762 0.821638
0.335050 0.217099 0.758746
-0.099123 0.308832 0.816433
0.000000 0.000000 0.000000
0.335050 0.077901 -0.030675
0.000000 0.000000 0.000000
0.000000 0.000000 0.000000
0.309471 -0.213457 -0.368303
0.014030 0.058303 0.332126
-0.376878 -0.213457 0.071215
-0.312033 0.058239 0.147683
-0.198689 -0.213457 0.359348
0.335050 0.098563 0.363709
-0.323205 -0.213457 -0.440365
0.158704 -0.213457 -0.082310
0.020042 0.058345 0.453997
0.005166 0.180102 0.869748
-0.335601 -0.213457 0.639350
-0.393533 0.116022 0.806401
0.169861 0.058224 0.102053
0.276613 -0.213457 -0.098504
0.000000 0.000000 0.000000
0.153918 -0.213457 0.076811
0.335050 0.289053 0.870545
0.335050 -0.107167 0.036671
-0.098424 -0.213457 0.520178
0.332391 -0.213457 0.123754
-0.393533 0.113236 0.709282
0.125957 0.058307 0.343934
0.335050 0.152361 -0.076530
-0.092555 0.123620 0.823553
-0.312542 0.058134 -0.156760
0.335050 -0.001431 -0.089796
-0.176964 0.058376 0.543639
-0.057281 0.058131 -0.166600
-0.074930 -0.213457 -0.062018
-0.393533 -0.035365 -0.064402
-0.043277 -0.213457 0.365292
0.184870 -0.213457 0.375248
-0.140123 0.287302 0.874015
0.000000 0.000000 0.000000
0.335050 0.050453 0.456230
-0.161899 0.058313 0.362423
-0.393533 -0.087827 0.335891
0.111691 0.196785 0.883327
0.125124 -0.213457 -0.030126
0.268511 -0.242191 0.663385
-0.393533 -0.155595 -0.295613
-0.393533 0.012533 0.047669
0.081471 -0.213457 0.502500
-0.233640 -0.213457 0.517513
0.104103 0.058162 -0.073721
0.122403 0.058124 -0.184335
-0.340238 0.069659 0.792020
0.316039 -0.213457 0.272408
0.000000 0.000000 0.000000
-0.369832 -0.213457 -0.362887
-0.202635 -0.213457 -0.176391
-0.393533 -0.148774 0.454093
0.128917 0.058352 0.473557
-0.099772 -0.213457 0.437216
-0.080954 -0.213457 0.079825
0.177085 0.205448 0.887889
-0.393533 -0.157721 0.353841
-0.393533 -0.115472 0.695517
-0.393533 -0.019911 0.155838
0.335050 0.077499 0.088010
-0.195407 0.058258 0.204124
0.076123 -0.007021 0.763487
-0.221173 0.286814 0.874389
0.253103 -0.213457 0.005573
0.142281 0.058268 0.230949
0.335050 0.209879 0.173600
-0.055249 0.058383 0.566028
-0.274330 0.082812 0.798851
0.005053 -0.213457 -0.427153
0.335050 0.269594 0.592260
0.052302 -0.213457 -0.133009
0.019458 0.058089 -0.286730
-0.237977 -0.213457 -0.300972
-0.393533 0.268461 0.847636
-0.176360 -0.213457 0.212376
-0.393533 0.263060 0.754202
-0.035115 0.058181 -0.019735
-0.316185 0.187332 0.876073
-0.024141 -0.213457 0.263359
-0.379474 -0.249886 0.655352
0.000000 0.000000 0.000000
-0.134871 -0.213457 0.365765
-0.056990 0.308833 0.817878
-0.328161 -0.213457 0.164122
-0.254923 0.146786 0.840487
-0.266688 0.058176 -0.036291
-0.393533 -0.021486 0.585624
0.335050 -0.042260 0.038013
-0.389718 0.058369 0.523837
0.141658 0.119237 0.820615
0.130835 -0.213457 -0.208869
-0.135273 0.169206 0.859444
-0.393533 -0.171802 0.542861
-0.262703 -0.125541 0.751690
0.335050 -0.064570 0.177999
-0.011420 -0.126111 0.751690
0.273669 0.308831 0.573078
0.081958 0.058254 0.191797
-0.204666 -0.213457 0.583265
0.000000 0.000000 0.000000
0.335050 0.156965 0.320268
-0.285208 -0.213457 0.280560
0.335050 0.151924 0.617266
0.301734 0.308831 0.497758
-0.009870 0.014867 0.769992
-0.357905 -0.213457 0.564107
-0.150632 -0.213457 0.107107
0.018897 -0.213457 0.549294
-0.264925 0.058319 0.379141
0.000000 0.000000 0.000000
0.213848 -0.213457 0.613207
-0.187928 -0.213457 -0.332503
0.335050 -0.200821 0.375540
-0.362416 -0.213457 -0.166663
-0.393533 -0.120333 -0.027253
-0.393533 -0.080191 0.642055
-0.106008 -0.213457 0.733898
-0.393533 0.003508 -0.007639
0.335050 0.247388 0.720705
-0.035833 0.058294 0.308011
0.335050 -0.005698 0.282417
0.335050 -0.048569 0.737136
0.335050 0.117420 0.814156
-0.065215 -0.092633 0.751690
0.332391 -0.213457 0.449920
-0.062533 -0.213457 -0.477701
0.102169 -0.160906 0.751690
0.004546 -0.213457 0.711016
0.286673 0.308831 0.657945
-0.141856 -0.213457 -0.424938
-0.393533 -0.066590 0.438724
0.335050 0.305604 0.349885
0.000000 0.000000 0.000000
0.201907 0.308831 0.101539
0.335050 0.035981 0.651579
0.198210 -0.024922 0.759036
-0.121567 -0.213457 0.686881
-0.336359 -0.213457 0.009289
-0.024092 0.227529 0.894094
-0.393533 0.018014 0.695113
0.335050 0.287426 0.770680
0.210326 0.308831 0.693092
-0.052121 0.058094 -0.273768
0.000000 0.000000 0.000000
-0.316604 0.058262 0.214186
-0.393533 -0.155187 -0.105237
0.102873 -0.213457 0.632004
0.335050 -0.196489 0.181737
-0.212421 -0.213457 -0.015465
-0.322738 -0.213457 -0.063390
0.335050 -0.041861 -0.213452
-0.225737 -0.155356 0.751690
-0.383245 0.164718 0.855446
-0.311085 -0.213457 -0.387005
0.335050 0.237650 0.044615
0.038411 0.058385 0.570934
-0.165890 0.058153 -0.100971
-0.259077 -0.213457 0.057484
0.257501 0.308831 0.126671
0.335050 -0.043401 0.356437
0.335050 -0.143879 -0.053701
-0.344987 -0.213457 0.231412
0.334320 0.308831 0.120521
0.103386 0.058215 0.079108
0.029278 -0.213457 -0.348968
0.092468 -0.213457 0.709610
-0.224398 0.058113 -0.217621
0.103206 0.058326 0.400292
0.121824 0.058394 0.595032
0.050662 0.058268 0.234434
0.335050 -0.018113 0.559967
0.335050 -0.130631 0.268547
0.148956 0.058147 -0.118673
-0.393533 -0.013970 -0.102259
-0.248075 0.058292 0.303906
0.003084 -0.213457 0.459262
0.315895 -0.242191 0.650279
0.335050 0.177699 0.810439
0.335050 -0.054363 0.585906
-0.260319 -0.213457 -0.448536
-0.081107 -0.213457 0.639076
0.320992 -0.213457 0.553641
0.335050 -0.084250 -0.105585
-0.092123 0.058277 0.259307
0.335050 0.289696 0.034173
-0.393533 -0.159184 0.158521
0.000000 0.000000 0.000000
0.055054 -0.213457 -0.185456
-0.393533 -0.203944 0.280591
-0.393533 -0.022800 0.335862
-0.359328 0.058390 0.585806
0.335050 0.190397 0.872431
-0.079351 -0.213457 -0.277738
-0.344505 -0.162767 0.751690
-0.076348 0.058243 0.159914
0.000000 0.000000 0.000000
-0.209260 -0.213457 -0.239897
-0.313334 -0.213457 -0.165579
0.000000 0.000000 0.000000
0.335050 -0.065806 0.397227
-0.140544 0.066420 0.790492
-0.332273 -0.213457 0.399828
-0.393533 -0.098411 0.129075
0.335050 -0.099107 0.507907
0.022949 0.058316 0.372375
0.249096 -0.163900 0.751690
0.017879 -0.171219 0.751690
0.211688 -0.213457 0.409179
0.016385 0.058129 -0.170373
0.013408 -0.213457 0.382779
0.215233 -0.213457 0.052595
0.335050 0.025925 0.600423
0.335050 0.071154 0.234299
-0.274984 0.058191 0.009767
-0.224911 -0.213457 0.179010
-0.393533 0.029082 -0.200205
0.000000 0.000000 0.000000
-0.181643 -0.213457 -0.111633
0.000465 -0.213457 0.064924
-0.348103 0.058290 0.294744
0.154422 -0.213457 -0.144397
-0.043269 0.157672 0.849488
0.270241 -0.213457 -0.342654
0.335050 -0.128943 0.372701
-0.210122 -0.213457 0.467831
-0.153883 0.058209 0.062667
0.000000 0.000000 0.000000
0.000000 0.000000 0.000000
0.065645 0.058313 0.363372
0.335050 0.180159 0.238840
0.335050 0.058168 0.178838
0.066226 -0.063764 0.752270
-0.299244 -0.213457 0.521498
-0.393533 -0.133123 0.062870
0.311024 0.308831 0.612278
0.335050 -0.158766 0.713994
0.335050 -0.204551 -0.116493
0.335050 -0.115349 0.224363
0.257665 0.308831 0.221041
0.335050 -0.177108 0.322185
0.335050 -0.062379 0.672846
-0.373964 -0.213457 0.124237
0.335050 0.104478 0.485412
-0.034320 0.058203 0.041844
-0.084792 0.058113 -0.218586
0.335050 0.282241 0.493745
0.225131 -0.129961 0.751690
-0.393533 -0.216519 0.701184
-0.202786 -0.051225 0.754097
0.026981 0.058366 0.515171
-0.009019 -0.213457 -0.065302
0.335050 0.117915 0.108510
0.092856 -0.213457 0.378798
0.130877 -0.213457 0.591420
0.335050 -0.057438 0.458365
0.042504 -0.213457 0.655781
0.258011 -0.213457 0.149720
0.175939 -0.213457 -0.243360
0.000000 0.000000 0.000000
-0.210246 0.058221 0.093849
-0.393533 -0.158512 -0.049668
-0.206846 -0.213457 0.728397
-0.121407 0.058296 0.312761
0.279296 -0.213457 -0.202274
-0.285943 0.058353 0.476175
0.335050 0.025515 0.333932
-0.390386 0.058406 0.633079
-0.191836 0.058394 0.597293
0.152112 -0.213457 -0.363059
-0.008322 -0.213457 -0.483098
-0.304614 -0.213457 0.708300
-0.018768 -0.213457 -0.245288
-0.183884 0.173688 0.863683
0.335050 0.243000 0.625613
-0.346955 0.288347 0.872756
0.241388 -0.213457 0.233557
0.335050 -0.124627 0.640434
0.335050 0.102257 0.646742
0.222663 0.307628 0.831509
0.335050 -0.106215 -0.275336
0.000000 0.000000 0.000000
-0.304940 0.058278 0.262417
0.160606 -0.213457 0.259149
0.335050 0.139354 0.691929
0.335050 0.000046 -0.016545
-0.092974 0.058202 0.040525
0.138495 -0.213457 0.509956
0.335050 0.111699 0.545116
0.301741 -0.199065 0.751690
-0.393533 -0.139733 0.603414
-0.167884 -0.213457 0.634919
0.000000 0.000000 0.000000
-0.040479 0.058147 -0.118017
-0.173927 0.058119 -0.199030
-0.342525 0.058320 0.381793
0.283533 -0.213457 0.480718
-0.393533 0.128383 0.754537
0.000000 0.000000 0.000000
-0.236194 -0.205821 0.751690
-0.035968 0.058350 0.468615
0.000000 0.000000 0.000000
-0.194752 0.060582 0.787862
0.078942 -0.213457 0.002074
0.335050 0.248677 0.883241
-0.393533 -0.156236 -0.358637
0.257233 0.308831 0.516289
0.128369 -0.208799 0.751690
0.335050 -0.155155 -0.324837
-0.393533 0.053333 0.073241
0.037173 -0.213457 0.502570
0.335050 0.156347 0.376140
-0.304318 -0.077052 0.751690
-0.140352 0.058169 -0.053823
-0.049473 -0.213457 0.187840
-0.393533 -0.022965 0.731187
0.225019 0.228855 0.894268
0.239262 0.074421 0.794493
-0.154074 -0.213457 0.263251
-0.393533 0.009172 0.109651
0.108691 -0.213457 0.462734
0.238544 -0.213457 0.363451
-0.393533 0.052558 0.190952
-0.393533 -0.193792 -0.208388
0.072966 0.158237 0.849966
0.310663 -0.213457 0.689599
0.057909 0.302704 0.850013
0.234628 -0.213457 0.667843
0.335050 0.090071 0.431993
-0.168545 0.058349 0.466762
0.335050 -0.145878 0.065918
0.335050 0.133365 0.060463
0.095584 0.058108 -0.232276
-0.393533 -0.052599 0.383587
0.262150 0.308831 0.437596
-0.256774 0.058126 -0.178058
-0.393533 0.004584 0.271013
-0.214275 -0.213457 0.413421
-0.257839 0.058150 -0.109311
0.000000 0.000000 0.000000
0.051748 -0.213457 -0.405129
0.335050 -0.006928 0.441725
0.000000 0.000000 0.000000
-0.260963 -0.213457 0.444993
-0.276833 -0.213457 -0.075211
-0.102055 -0.213457 0.022968
0.334336 -0.213457 0.233168
-0.336792 -0.213457 -0.201763
0.060422 0.216100 0.892302
0.335050 -0.174955 -0.214470
-0.104779 0.231172 0.894573
-0.090245 0.016105 0.770390
0.271367 0.308831 0.030783
0.099129 0.058195 0.020550
-0.185587 0.058282 0.272732
0.335050 0.202356 -0.061694
-0.210043 0.058244 0.161085
0.139901 0.017767 0.770927
-0.306018 -0.213457 0.347903
0.115660 0.058243 0.158094
-0.393533 -0.178213 0.500502
-0.321299 0.012148 0.769114
-0.127621 -0.213457 0.304604
0.061826 0.058352 0.475161
-0.146667 0.058386 0.574434
0.335050 0.028791 -0.056456
0.262192 -0.234720 0.706994
-0.341013 0.058192 0.011612
0.112342 -0.213457 0.111053
0.000000 0.000000 0.000000
-0.376983 -0.213457 0.448678
0.000000 0.000000 0.000000
0.000000 0.000000 0.000000
-0.120858 -0.213457 0.473383
0.335050 0.182640 0.721583
-0.393533 -0.135854 0.748630
0.335050 -0.089166 -0.233866
0.335050 0.006455 0.504043
-0.313191 0.058225 0.108992
-0.393533 0.012623 0.465604
-0.010386 -0.213457 -0.372249
0.244472 0.308831 0.175366
-0.175546 -0.142251 0.751690
0.335050 0.257682 0.170196
0.248426 0.183394 0.872862
0.220049 -0.213457 0.552681
-0.037697 -0.213457 -0.026600
0.335050 0.160313 0.179283
0.335050 0.191747 0.075908
-0.082409 0.058329 0.407703
0.173609 0.058318 0.376495
