-0.299784 -0.130359 -0.239625
0.000000 0.000000 0.000000
0.000000 0.000000 0.000000
-0.819687 -0.495052 0.057697
0.000000 0.000000 0.000000
0.000000 0.000000 0.000000
-0.212683 -0.269145 0.342790
-0.515944 -0.108616 0.293904
0.000000 0.000000 0.000000
0.685408 -0.472298 -0.257567
0.000000 0.000000 0.000000
0.000000 0.000000 0.000000
0.000000 0.000000 0.000000
0.248700 -0.310874 -0.236865
0.000000 0.000000 0.000000
-0.668874 -0.484607 -0.250946
0.000000 0.000000 0.000000
0.000000 0.000000 0.000000
0.055116 -0.083286 -0.430083
0.000000 0.000000 0.000000
0.000000 0.000000 0.000000
0.000000 0.000000 0.000000
-0.807109 -0.399160 0.352755
0.000000 0.000000 0.000000
0.000000 0.000000 0.000000
0.000000 0.000000 0.000000
0.000000 0.000000 0.000000
-0.398356 -0.067212 -0.440469
0.000000 0.000000 0.000000
0.000000 0.000000 0.000000
-0.281052 -0.105856 0.004333
-0.001740 -0.206593 -0.257567
0.000000 0.000000 0.000000
0.000000 0.000000 0.000000
-0.807109 -0.220125 -0.039920
0.000000 0.000000 0.000000
0.000000 0.000000 0.000000
0.000000 0.000000 0.000000
-0.476279 -0.290206 -0.252942
0.000000 0.000000 0.000000
0.000000 0.000000 0.000000
0.000000 0.000000 0.000000
0.000000 0.000000 0.000000
0.000000 0.000000 0.000000
-0.675662 -0.108616 0.187979
-0.824954 -0.495052 -0.088336
-0.160977 -0.338034 -0.239644
-0.721993 -0.258552 -0.282271
-0.674729 -0.269478 0.342790
0.000000 0.000000 0.000000
-0.147867 -0.067212 -0.405841
0.455129 -0.312513 -0.239479
0.000000 0.000000 0.000000
0.000000 0.000000 0.000000
-0.805384 -0.199476 0.179899
0.000000 0.000000 0.000000
0.000000 0.000000 0.000000
-0.462497 -0.108616 0.127792
-0.093742 -0.105856 -0.120642
0.174262 -0.330483 -0.257567
0.000000 0.000000 0.000000
0.000000 0.000000 0.000000
0.000000 0.000000 0.000000
0.000000 0.000000 0.000000
-0.442755 -0.272971 0.341066
0.000000 0.000000 0.000000
0.000000 0.000000 0.000000
-0.481549 -0.105856 -0.110414
0.000000 0.000000 0.000000
0.000000 0.000000 0.000000
0.000000 0.000000 0.000000
0.000000 0.000000 0.000000
0.000000 0.000000 0.000000
0.000000 0.000000 0.000000
0.000000 0.000000 0.000000
0.000000 0.000000 0.000000
0.000000 0.000000 0.000000
0.000000 0.000000 0.000000
0.000000 0.000000 0.000000
0.000000 0.000000 0.000000
0.000000 0.000000 0.000000
0.000000 0.000000 0.000000
0.000000 0.000000 0.000000
0.000000 0.000000 0.000000
0.000000 0.000000 0.000000
-0.826282 -0.403175 -0.257567
0.000000 0.000000 0.000000
-0.827811 -0.384047 0.189002
0.000000 0.000000 0.000000
-0.314993 -0.362493 -0.249806
0.000000 0.000000 0.000000
-0.541575 -0.105856 0.064298
0.000000 0.000000 0.000000
0.000000 0.000000 0.000000
0.000000 0.000000 0.000000
0.000000 0.000000 0.000000
0.000000 0.000000 0.000000
0.000000 0.000000 0.000000
0.000000 0.000000 0.000000
0.000000 0.000000 0.000000
0.000000 0.000000 0.000000
0.000000 0.000000 0.000000
0.000000 0.000000 0.000000
-0.499721 -0.356287 -0.236865
0.000000 0.000000 0.000000
0.000000 0.000000 0.000000
-0.545065 -0.197523 -0.257567
0.000000 0.000000 0.000000
0.000000 0.000000 0.000000
0.000000 0.000000 0.000000
0.000000 0.000000 0.000000
-0.149586 -0.168130 -0.257567
0.000000 0.000000 0.000000
0.000000 0.000000 0.000000
0.000000 0.000000 0.000000
0.000000 0.000000 0.000000
-0.807109 -0.362827 0.026657
0.000000 0.000000 0.000000
0.000000 0.000000 0.000000
0.000000 0.000000 0.000000
0.000000 0.000000 0.000000
-0.651589 -0.306864 -0.257567
0.000000 0.000000 0.000000
-0.021249 -0.067212 -0.321851
0.000000 0.000000 0.000000
-0.273239 -0.108616 -0.130756
0.000000 0.000000 0.000000
0.000000 0.000000 0.000000
-0.827812 -0.365173 -0.150538
-0.682552 -0.109586 0.341066
0.000000 0.000000 0.000000
0.000000 0.000000 0.000000
0.000000 0.000000 0.000000
0.000000 0.000000 0.000000
0.000000 0.000000 0.000000
-0.827812 -0.217488 0.333473
0.000000 0.000000 0.000000
0.000000 0.000000 0.000000
-0.284645 -0.067212 -0.363250
0.000000 0.000000 0.000000
0.000000 0.000000 0.000000
0.000000 0.000000 0.000000
0.000000 0.000000 0.000000
-0.807109 -0.483901 0.124324
-0.661037 -0.108616 0.019751
0.000000 0.000000 0.000000
0.146904 -0.195283 -0.235140
0.000000 0.000000 0.000000
0.542635 -0.420520 -0.236865
-0.435989 -0.094814 -0.299137
-0.378459 -0.235375 -0.257567
0.000000 0.000000 0.000000
0.000000 0.000000 0.000000
0.000000 0.000000 0.000000
-0.549487 -0.108616 0.237624
0.000000 0.000000 0.000000
0.000000 0.000000 0.000000
0.000000 0.000000 0.000000
0.000000 0.000000 0.000000
-0.094149 -0.077638 -0.430083
0.000000 0.000000 0.000000
0.380056 -0.316785 -0.257567
-0.670445 -0.159473 -0.236865
-0.827812 -0.490397 0.263215
0.826170 -0.495052 -0.250337
0.000000 0.000000 0.000000
0.000000 0.000000 0.000000
0.000000 0.000000 0.000000
0.000000 0.000000 0.000000
0.047425 -0.325069 -0.257567
-0.807109 -0.268426 -0.199069
0.000000 0.000000 0.000000
0.000000 0.000000 0.000000
0.000000 0.000000 0.000000
0.000000 0.000000 0.000000
0.000000 0.000000 0.000000
0.000000 0.000000 0.000000
0.000000 0.000000 0.000000
0.000000 0.000000 0.000000
-0.590600 -0.108616 -0.181675
0.000000 0.000000 0.000000
-0.367758 -0.108616 -0.084184
0.000000 0.000000 0.000000
0.000000 0.000000 0.000000
0.000000 0.000000 0.000000
-0.561933 -0.234693 0.342790
-0.807109 -0.243569 0.084357
0.000000 0.000000 0.000000
0.000000 0.000000 0.000000
0.000000 0.000000 0.000000
0.000000 0.000000 0.000000
-0.237504 -0.236453 -0.254038
-0.589490 -0.394669 -0.257567
0.000000 0.000000 0.000000
0.000000 0.000000 0.000000
0.000000 0.000000 0.000000
0.000000 0.000000 0.000000
0.000000 0.000000 0.000000
0.000000 0.000000 0.000000
0.000000 0.000000 0.000000
0.000000 0.000000 0.000000
0.000000 0.000000 0.000000
0.000000 0.000000 0.000000
0.000000 0.000000 0.000000
-0.070992 -0.108616 -0.206371
-0.123237 -0.205776 -0.257567
0.000000 0.000000 0.000000
0.000000 0.000000 0.000000
0.000000 0.000000 0.000000
0.000000 0.000000 0.000000
0.000000 0.000000 0.000000
0.000000 0.000000 0.000000
0.000000 0.000000 0.000000
0.000000 0.000000 0.000000
0.000000 0.000000 0.000000
0.000000 0.000000 0.000000
0.000000 0.000000 0.000000
-0.363542 -0.105856 -0.171889
0.000000 0.000000 0.000000
0.000000 0.000000 0.000000
0.000000 0.000000 0.000000
0.000000 0.000000 0.000000
0.000000 0.000000 0.000000
-0.751282 -0.350809 -0.236865
0.000000 0.000000 0.000000
0.000000 0.000000 0.000000
0.000000 0.000000 0.000000
0.000000 0.000000 0.000000
0.000000 0.000000 0.000000
-0.807109 -0.284258 0.117291
0.000000 0.000000 0.000000
0.000000 0.000000 0.000000
0.000000 0.000000 0.000000
0.000000 0.000000 0.000000
0.000000 0.000000 0.000000
0.000000 0.000000 0.000000
-0.562932 -0.108616 -0.046300
0.000000 0.000000 0.000000
0.000000 0.000000 0.000000
0.000000 0.000000 0.000000
0.000000 0.000000 0.000000
0.000000 0.000000 0.000000
0.000000 0.000000 0.000000
-0.212676 -0.094814 -0.295623
-0.827812 -0.308744 0.284945
0.000000 0.000000 0.000000
-0.505382 -0.105856 -0.217940
-0.595780 -0.266086 -0.257567
0.000000 0.000000 0.000000
0.000000 0.000000 0.000000
0.000000 0.000000 0.000000
0.000000 0.000000 0.000000
0.000000 0.000000 0.000000
0.000000 0.000000 0.000000
-0.827812 -0.381087 0.078402
0.000000 0.000000 0.000000
0.000000 0.000000 0.000000
0.000000 0.000000 0.000000
0.000000 0.000000 0.000000
0.000000 0.000000 0.000000
-0.113604 -0.067212 -0.307423
0.000000 0.000000 0.000000
-0.050039 -0.315648 -0.257567
-0.420565 -0.105856 0.010809
0.000000 0.000000 0.000000
-0.474002 -0.159035 0.356591
0.000000 0.000000 0.000000
0.000000 0.000000 0.000000
0.000000 0.000000 0.000000
-0.809694 -0.495052 -0.246588
0.000000 0.000000 0.000000
-0.811244 -0.142583 0.356591
0.000000 0.000000 0.000000
0.000000 0.000000 0.000000
0.000000 0.000000 0.000000
-0.827811 -0.182811 0.011719
0.000000 0.000000 0.000000
0.000000 0.000000 0.000000
0.000000 0.000000 0.000000
0.000000 0.000000 0.000000
-0.402917 -0.146014 -0.236865
0.000000 0.000000 0.000000
0.000000 0.000000 0.000000
0.000000 0.000000 0.000000
-0.807109 -0.155696 0.246482
0.000000 0.000000 0.000000
-0.211004 -0.108616 -0.212541
0.000000 0.000000 0.000000
0.000000 0.000000 0.000000
0.000000 0.000000 0.000000
0.000000 0.000000 0.000000
0.295923 -0.229011 -0.235140
0.000000 0.000000 0.000000
0.000000 0.000000 0.000000
0.000000 0.000000 0.000000
0.000000 0.000000 0.000000
0.000000 0.000000 0.000000
0.000000 0.000000 0.000000
-0.787754 -0.312538 -0.318037
0.000000 0.000000 0.000000
0.000000 0.000000 0.000000
0.000000 0.000000 0.000000
0.000000 0.000000 0.000000
0.000000 0.000000 0.000000
0.000000 0.000000 0.000000
0.000000 0.000000 0.000000
0.000000 0.000000 0.000000
0.000000 0.000000 0.000000
-0.814836 -0.329437 -0.063147
0.000000 0.000000 0.000000
-0.591579 -0.138842 0.342790
0.000000 0.000000 0.000000
-0.346967 -0.274232 0.343219
-0.363348 -0.081926 -0.257567
-0.236012 -0.052320 -0.236865
0.000000 0.000000 0.000000
-0.827812 -0.264275 0.238288
-0.478356 -0.188931 -0.257567
0.022723 -0.145819 -0.257567
0.000000 0.000000 0.000000
-0.267410 -0.108616 -0.054118
-0.657484 -0.105856 0.283277
0.000000 0.000000 0.000000
0.000000 0.000000 0.000000
-0.571578 -0.105856 0.139558
0.000000 0.000000 0.000000
0.000000 0.000000 0.000000
-0.318986 -0.181565 -0.257567
0.000000 0.000000 0.000000
0.000000 0.000000 0.000000
-0.737100 -0.423006 -0.257567
0.000000 0.000000 0.000000
0.000000 0.000000 0.000000
0.000000 0.000000 0.000000
0.000000 0.000000 0.000000
0.000000 0.000000 0.000000
0.000000 0.000000 0.000000
-0.389034 -0.316729 -0.257567
-0.366303 -0.067212 -0.327474
-0.759076 -0.273734 0.342790
0.000000 0.000000 0.000000
0.000000 0.000000 0.000000
0.000000 0.000000 0.000000
0.000000 0.000000 0.000000
-0.189353 -0.105856 -0.132494
0.000000 0.000000 0.000000
0.000000 0.000000 0.000000
0.000000 0.000000 0.000000
0.000000 0.000000 0.000000
0.000000 0.000000 0.000000
0.000000 0.000000 0.000000
0.000000 0.000000 0.000000
0.000000 0.000000 0.000000
0.000000 0.000000 0.000000
0.000000 0.000000 0.000000
0.000000 0.000000 0.000000
0.000000 0.000000 0.000000
0.000000 0.000000 0.000000
0.000000 0.000000 0.000000
0.000000 0.000000 0.000000
0.000000 0.000000 0.000000
0.000000 0.000000 0.000000
0.000000 0.000000 0.000000
-0.725991 -0.185086 0.341066
0.000000 0.000000 0.000000
-0.091450 -0.092177 -0.257567
0.000000 0.000000 0.000000
0.000000 0.000000 0.000000
-0.748356 -0.186286 -0.236865
0.000000 0.000000 0.000000
0.000000 0.000000 0.000000
0.000000 0.000000 0.000000
0.000000 0.000000 0.000000
0.000000 0.000000 0.000000
0.000000 0.000000 0.000000
0.000000 0.000000 0.000000
0.000000 0.000000 0.000000
0.000000 0.000000 0.000000
-0.807109 -0.332932 -0.231744
0.000000 0.000000 0.000000
-0.682869 -0.233810 -0.236865
0.000000 0.000000 0.000000
0.000000 0.000000 0.000000
0.000000 0.000000 0.000000
0.000000 0.000000 0.000000
0.000000 0.000000 0.000000
0.000000 0.000000 0.000000
0.000000 0.000000 0.000000
0.000000 0.000000 0.000000
0.000000 0.000000 0.000000
-0.235393 -0.169473 -0.236865
0.002619 -0.269803 -0.257567
-0.744217 -0.105856 0.289067
0.000000 0.000000 0.000000
0.000000 0.000000 0.000000
0.000000 0.000000 0.000000
-0.807109 -0.494506 0.322550
-0.807109 -0.406422 -0.072673
-0.219635 -0.070319 -0.443884
-0.014102 -0.067212 -0.413034
-0.807109 -0.452154 -0.145932
0.207448 -0.254777 -0.236865
0.000000 0.000000 0.000000
0.000000 0.000000 0.000000
0.000000 0.000000 0.000000
0.000000 0.000000 0.000000
0.000000 0.000000 0.000000
0.000000 0.000000 0.000000
0.000000 0.000000 0.000000
0.000000 0.000000 0.000000
0.000000 0.000000 0.000000
0.000000 0.000000 0.000000
0.000000 0.000000 0.000000
-0.248404 -0.306863 -0.257567
0.000000 0.000000 0.000000
0.000000 0.000000 0.000000
0.557131 -0.346477 -0.251458
0.000000 0.000000 0.000000
0.000000 0.000000 0.000000
0.000000 0.000000 0.000000
-0.807109 -0.417904 0.242836
-0.471508 -0.105856 0.234323
0.067968 -0.207035 -0.235140
0.000000 0.000000 0.000000
0.000000 0.000000 0.000000
0.000000 0.000000 0.000000
0.000000 0.000000 0.000000
0.000000 0.000000 0.000000
0.000000 0.000000 0.000000
0.000000 0.000000 0.000000
0.000000 0.000000 0.000000
0.000000 0.000000 0.000000
0.000000 0.000000 0.000000
0.000000 0.000000 0.000000
-0.807109 -0.240234 -0.135885
0.000000 0.000000 0.000000
-0.170663 -0.212238 -0.257567
-0.733412 -0.222931 -0.349696
-0.584007 -0.157811 -0.235140
-0.595513 -0.105856 0.203309
-0.807109 -0.272186 0.011784
0.000000 0.000000 0.000000
0.000000 0.000000 0.000000
0.000000 0.000000 0.000000
-0.436941 -0.105856 -0.217570
0.000000 0.000000 0.000000
-0.328043 -0.270666 -0.235140
0.000000 0.000000 0.000000
0.000000 0.000000 0.000000
0.000000 0.000000 0.000000
-0.277144 -0.239990 0.341066
0.000000 0.000000 0.000000
0.000000 0.000000 0.000000
0.000000 0.000000 0.000000
0.000000 0.000000 0.000000
0.000000 0.000000 0.000000
0.000000 0.000000 0.000000
0.000000 0.000000 0.000000
0.000000 0.000000 0.000000
-0.286093 -0.083372 -0.430083
0.000000 0.000000 0.000000
0.000000 0.000000 0.000000
0.000000 0.000000 0.000000
-0.658302 -0.191489 0.356591
0.000000 0.000000 0.000000
0.000000 0.000000 0.000000
0.000000 0.000000 0.000000
0.000000 0.000000 0.000000
-0.339762 -0.108616 0.042889
0.000000 0.000000 0.000000
-0.394762 -0.108616 0.166695
0.000000 0.000000 0.000000
0.000000 0.000000 0.000000
0.000000 0.000000 0.000000
0.129629 -0.267481 -0.257567
-0.406478 -0.210414 0.341066
0.000000 0.000000 0.000000
-0.616331 -0.108616 -0.100830
-0.059758 -0.245089 -0.244216
0.000000 0.000000 0.000000
0.000000 0.000000 0.000000
0.000000 0.000000 0.000000
-0.406611 -0.094814 -0.365457
0.000000 0.000000 0.000000
0.000000 0.000000 0.000000
-0.602969 -0.247549 0.341066
0.000000 0.000000 0.000000
-0.491531 -0.226955 0.356591
0.000000 0.000000 0.000000
0.000000 0.000000 0.000000
-0.078219 -0.171944 -0.236865
-0.807109 -0.421515 0.029069
-0.535103 -0.141424 0.341066
0.000000 0.000000 0.000000
0.000000 0.000000 0.000000
0.000000 0.000000 0.000000
0.000000 0.000000 0.000000
0.614107 -0.451377 -0.257567
0.000000 0.000000 0.000000
0.000000 0.000000 0.000000
0.000000 0.000000 0.000000
0.000000 0.000000 0.000000
0.000000 0.000000 0.000000
0.000000 0.000000 0.000000
0.000000 0.000000 0.000000
-0.553754 -0.429935 -0.236865
0.000000 0.000000 0.000000
0.000000 0.000000 0.000000
0.000000 0.000000 0.000000
0.000000 0.000000 0.000000
0.000000 0.000000 0.000000
-0.296586 -0.012006 -0.254398
0.000000 0.000000 0.000000
-0.737888 -0.254013 -0.236865
-0.492880 -0.105856 -0.027193
-0.174400 -0.266230 -0.236865
0.000000 0.000000 0.000000
0.000000 0.000000 0.000000
0.000000 0.000000 0.000000
-0.471685 -0.067212 -0.260501
0.000000 0.000000 0.000000
-0.627550 -0.105856 0.098474
0.000000 0.000000 0.000000
0.000000 0.000000 0.000000
0.000000 0.000000 0.000000
0.000000 0.000000 0.000000
0.000000 0.000000 0.000000
-0.556178 -0.323413 -0.236865
0.000000 0.000000 0.000000
-0.780788 -0.283070 -0.259435
0.000000 0.000000 0.000000
0.000000 0.000000 0.000000
0.358941 -0.371568 -0.257567
0.000000 0.000000 0.000000
-0.687670 -0.376283 -0.243986
0.000000 0.000000 0.000000
0.000000 0.000000 0.000000
0.000000 0.000000 0.000000
0.000000 0.000000 0.000000
0.129636 -0.076684 -0.430083
0.754737 -0.458749 -0.257567
0.000000 0.000000 0.000000
-0.807109 -0.472473 0.193680
-0.805384 -0.270841 -0.094096
0.000000 0.000000 0.000000
0.000000 0.000000 0.000000
0.000000 0.000000 0.000000
0.000000 0.000000 0.000000
0.000000 0.000000 0.000000
0.000000 0.000000 0.000000
0.000000 0.000000 0.000000
-0.265353 -0.094814 -0.309250
-0.171385 -0.067212 -0.334528
0.000000 0.000000 0.000000
0.000000 0.000000 0.000000
0.000000 0.000000 0.000000
0.000000 0.000000 0.000000
0.000000 0.000000 0.000000
0.000000 0.000000 0.000000
0.000000 0.000000 0.000000
0.000000 0.000000 0.000000
-0.779461 -0.238829 -0.327220
-0.517965 -0.252647 -0.239625
-0.054540 -0.067212 -0.393965
-0.816916 -0.227471 -0.257567
0.000000 0.000000 0.000000
0.000000 0.000000 0.000000
0.000000 0.000000 0.000000
0.000000 0.000000 0.000000
0.000000 0.000000 0.000000
0.000000 0.000000 0.000000
0.000000 0.000000 0.000000
0.110117 -0.328265 -0.236865
-0.807109 -0.313656 0.203908
0.000000 0.000000 0.000000
-0.827812 -0.324969 0.159088
0.000000 0.000000 0.000000
0.000000 0.000000 0.000000
0.000000 0.000000 0.000000
-0.031129 -0.093104 -0.257567
0.000000 0.000000 0.000000
-0.431110 -0.108616 -0.152397
0.000000 0.000000 0.000000
0.000000 0.000000 0.000000
0.000000 0.000000 0.000000
0.000000 0.000000 0.000000
0.454818 -0.370289 -0.236865
0.000000 0.000000 0.000000
0.000000 0.000000 0.000000
-0.553841 -0.108616 -0.144937
-0.310996 -0.067212 -0.306558
-0.445214 -0.221290 -0.236865
0.000000 0.000000 0.000000
-0.580552 -0.105856 0.295377
0.000000 0.000000 0.000000
-0.147924 -0.108616 -0.235457
0.000000 0.000000 0.000000
0.000000 0.000000 0.000000
0.000000 0.000000 0.000000
0.000000 0.000000 0.000000
0.000000 0.000000 0.000000
-0.807109 -0.367751 0.267067
0.000000 0.000000 0.000000
0.058819 -0.260293 -0.236865
0.000000 0.000000 0.000000
0.000000 0.000000 0.000000
-0.436820 -0.346962 -0.236865
0.000000 0.000000 0.000000
0.000000 0.000000 0.000000
0.000000 0.000000 0.000000
0.000000 0.000000 0.000000
0.000000 0.000000 0.000000
-0.291526 -0.258372 -0.249911
-0.219686 -0.094814 -0.388771
0.000000 0.000000 0.000000
-0.390326 -0.039609 -0.253195
0.000000 0.000000 0.000000
0.000000 0.000000 0.000000
0.000000 0.000000 0.000000
-0.606297 -0.454686 -0.257567
0.000000 0.000000 0.000000
-0.807524 -0.495052 -0.030967
-0.807109 -0.423534 0.143380
0.000000 0.000000 0.000000
0.000000 0.000000 0.000000
-0.807109 -0.223092 0.277219
0.000000 0.000000 0.000000
-0.335402 -0.221353 0.342790
0.000000 0.000000 0.000000
0.000000 0.000000 0.000000
0.000000 0.000000 0.000000
0.000000 0.000000 0.000000
0.000000 0.000000 0.000000
0.000000 0.000000 0.000000
0.000000 0.000000 0.000000
0.000000 0.000000 0.000000
-0.807109 -0.435749 0.300596
0.000000 0.000000 0.000000
0.000000 0.000000 0.000000
-0.355582 -0.105856 -0.016331
0.000000 0.000000 0.000000
0.000000 0.000000 0.000000
0.000000 0.000000 0.000000
0.000000 0.000000 0.000000
-0.827811 -0.164451 0.200325
-0.518324 -0.274232 0.351570
-0.482470 -0.105856 0.027692
-0.710128 -0.192749 -0.308179
0.000000 0.000000 0.000000
0.000000 0.000000 0.000000
0.000000 0.000000 0.000000
0.000000 0.000000 0.000000
-0.745792 -0.136998 0.342790
0.000000 0.000000 0.000000
0.000000 0.000000 0.000000
-0.038142 -0.183307 -0.236865
-0.465095 -0.202009 0.342790
0.000000 0.000000 0.000000
0.000000 0.000000 0.000000
-0.807109 -0.175034 0.307921
0.330040 -0.277230 -0.236865
0.000000 0.000000 0.000000
-0.330081 -0.302668 -0.257567
0.000000 0.000000 0.000000
0.000000 0.000000 0.000000
-0.807109 -0.230423 0.135899
0.000000 0.000000 0.000000
0.000000 0.000000 0.000000
0.036157 -0.067212 -0.382448
0.000000 0.000000 0.000000
0.000000 0.000000 0.000000
0.000000 0.000000 0.000000
0.000000 0.000000 0.000000
0.000000 0.000000 0.000000
0.000000 0.000000 0.000000
0.000000 0.000000 0.000000
-0.811566 -0.329437 0.336109
0.000000 0.000000 0.000000
-0.827812 -0.439619 0.078945
0.000000 0.000000 0.000000
-0.196090 -0.105856 -0.071461
0.000000 0.000000 0.000000
0.000000 0.000000 0.000000
0.000000 0.000000 0.000000
0.000000 0.000000 0.000000
0.076527 -0.149491 -0.236865
-0.773198 -0.211217 0.342790
0.000000 0.000000 0.000000
0.000000 0.000000 0.000000
0.000000 0.000000 0.000000
0.000000 0.000000 0.000000
0.000000 0.000000 0.000000
0.000000 0.000000 0.000000
0.000000 0.000000 0.000000
-0.599156 -0.105856 -0.001368
0.000000 0.000000 0.000000
0.000000 0.000000 0.000000
0.000000 0.000000 0.000000
0.000000 0.000000 0.000000
0.000000 0.000000 0.000000
-0.807109 -0.211399 0.236115
0.000000 0.000000 0.000000
-0.807109 -0.435345 -0.214261
-0.600270 -0.193094 0.341066
0.000000 0.000000 0.000000
0.000000 0.000000 0.000000
0.000000 0.000000 0.000000
0.000000 0.000000 0.000000
0.000000 0.000000 0.000000
0.000000 0.000000 0.000000
0.000000 0.000000 0.000000
-0.357124 -0.161283 -0.257567
0.000000 0.000000 0.000000
0.000000 0.000000 0.000000
0.000000 0.000000 0.000000
0.000000 0.000000 0.000000
0.301190 -0.315496 -0.257567
