0.000000 0.000000 0.000000
0.324166 -0.344315 -0.103789
0.332304 -0.339602 -0.210658
0.425454 -0.134780 -0.389884
-0.360138 -0.306657 0.340747
0.000000 0.000000 0.000000
-0.410786 -0.340599 -0.707742
0.000000 0.000000 0.000000
0.000000 0.000000 0.000000
-0.092343 -0.313973 -0.221945
0.000000 0.000000 0.000000
0.000000 0.000000 0.000000
0.000000 0.000000 0.000000
0.051470 -0.341729 -0.638717
0.000000 0.000000 0.000000
0.000000 0.000000 0.000000
0.000000 0.000000 0.000000
-0.350944 -0.213315 -0.365439
0.396453 -0.189265 -0.707742
-0.420959 -0.117585 -0.707742
0.000000 0.000000 0.000000
0.000000 0.000000 0.000000
0.000000 0.000000 0.000000
-0.430526 -0.291668 0.028781
0.000000 0.000000 0.000000
-0.430526 -0.298145 -0.314201
0.000000 0.000000 0.000000
-0.092343 -0.332659 0.170900
0.000000 0.000000 0.000000
0.000000 0.000000 0.000000
-0.123219 -0.213713 -0.528381
-0.121853 -0.131699 -0.707742
0.000000 0.000000 0.000000
0.000000 0.000000 0.000000
0.000000 0.000000 0.000000
0.000000 0.000000 0.000000
0.000000 0.000000 0.000000
0.000000 0.000000 0.000000
0.000000 0.000000 0.000000
0.248327 -0.257346 -0.707742
0.000000 0.000000 0.000000
-0.107039 -0.350983 0.123576
0.000000 0.000000 0.000000
0.000000 0.000000 0.000000
0.000000 0.000000 0.000000
0.000000 0.000000 0.000000
0.000000 0.000000 0.000000
0.000000 0.000000 0.000000
0.239067 -0.186394 -0.638718
-0.037633 -0.056454 -0.638717
-0.326693 -0.300106 0.026406
0.000000 0.000000 0.000000
-0.214301 -0.350983 -0.411147
0.000000 0.000000 0.000000
0.000000 0.000000 0.000000
0.000000 0.000000 0.000000
0.000000 0.000000 0.000000
0.000000 0.000000 0.000000
-0.234265 -0.350983 -0.154640
0.000000 0.000000 0.000000
0.000000 0.000000 0.000000
-0.365328 -0.215852 -0.531795
0.407910 -0.224040 -0.489169
-0.145245 -0.331244 0.349163
0.000000 0.000000 0.000000
0.000000 0.000000 0.000000
0.000000 0.000000 0.000000
0.000000 0.000000 0.000000
-0.279149 -0.203290 -0.638717
0.000000 0.000000 0.000000
-0.137302 -0.328912 -0.707742
0.000000 0.000000 0.000000
0.000000 0.000000 0.000000
0.000000 0.000000 0.000000
-0.354595 -0.350983 0.131018
0.000000 0.000000 0.000000
0.000000 0.000000 0.000000
0.000000 0.000000 0.000000
-0.383567 -0.047458 -0.575182
0.000000 0.000000 0.000000
-0.430526 -0.291138 -0.086638
0.000000 0.000000 0.000000
-0.347204 -0.194371 -0.707742
-0.312002 -0.350983 -0.434616
0.000000 0.000000 0.000000
0.000000 0.000000 0.000000
0.000000 0.000000 0.000000
0.373378 -0.171168 -0.196803
-0.291342 -0.350983 -0.540820
-0.430526 -0.214609 0.161856
0.000000 0.000000 0.000000
0.000000 0.000000 0.000000
0.000000 0.000000 0.000000
0.000000 0.000000 0.000000
0.000000 0.000000 0.000000
0.000000 0.000000 0.000000
0.302721 -0.046273 -0.581412
0.000000 0.000000 0.000000
0.075347 -0.152309 -0.707742
0.000000 0.000000 0.000000
-0.269092 -0.350983 -0.246487
0.395197 -0.121170 -0.707742
0.000000 0.000000 0.000000
-0.006639 -0.159901 -0.638717
0.381075 -0.338906 -0.638717
-0.347799 -0.231805 -0.186724
0.000000 0.000000 0.000000
0.000000 0.000000 0.000000
-0.249242 -0.261627 0.243134
0.000000 0.000000 0.000000
-0.430526 -0.275372 -0.583025
0.000000 0.000000 0.000000
0.000000 0.000000 0.000000
-0.092343 -0.237011 0.244157
0.000000 0.000000 0.000000
-0.148291 -0.288134 -0.012441
0.000000 0.000000 0.000000
0.000000 0.000000 0.000000
0.000000 0.000000 0.000000
0.425454 -0.285853 -0.358929
-0.130521 -0.350983 -0.547070
0.000000 0.000000 0.000000
0.425454 -0.247992 -0.103490
0.000000 0.000000 0.000000
0.000000 0.000000 0.000000
0.204217 -0.056303 -0.707742
0.000000 0.000000 0.000000
0.000000 0.000000 0.000000
0.000000 0.000000 0.000000
0.000000 0.000000 0.000000
0.151773 -0.027456 -0.638717
0.000000 0.000000 0.000000
0.000000 0.000000 0.000000
0.000000 0.000000 0.000000
0.000000 0.000000 0.000000
0.000000 0.000000 0.000000
0.000000 0.000000 0.000000
0.000000 0.000000 0.000000
0.000000 0.000000 0.000000
0.390719 -0.330177 0.111426
0.000000 0.000000 0.000000
0.371920 -0.269143 -0.707742
-0.198691 -0.288134 -0.354386
0.000000 0.000000 0.000000
0.313163 -0.338956 -0.638718
-0.092343 -0.349868 -0.382165
0.441020 -0.339602 -0.136901
0.000000 0.000000 0.000000
-0.157098 -0.288134 -0.439444
0.354850 -0.147134 -0.638718
-0.329442 -0.300106 -0.099841
-0.353962 -0.287238 -0.707742
0.000000 0.000000 0.000000
0.000000 0.000000 0.000000
0.000000 0.000000 0.000000
-0.265807 -0.350983 0.001709
0.027376 -0.308821 -0.707742
0.000000 0.000000 0.000000
0.000000 0.000000 0.000000
0.000000 0.000000 0.000000
0.000000 0.000000 0.000000
0.000000 0.000000 0.000000
0.000000 0.000000 0.000000
0.000000 0.000000 0.000000
-0.418969 -0.213315 -0.384439
-0.234239 -0.350983 0.247202
-0.423246 -0.350983 -0.484079
0.185887 -0.341425 -0.707742
0.000000 0.000000 0.000000
0.000000 0.000000 0.000000
0.000000 0.000000 0.000000
-0.183746 -0.192672 -0.638717
0.000000 0.000000 0.000000
0.000000 0.000000 0.000000
-0.364792 -0.350983 -0.209027
0.000000 0.000000 0.000000
-0.222615 -0.042489 -0.638718
0.055902 -0.202633 -0.638717
0.000000 0.000000 0.000000
0.000000 0.000000 0.000000
0.000000 0.000000 0.000000
-0.317238 -0.249258 -0.573728
0.000000 0.000000 0.000000
0.000000 0.000000 0.000000
-0.166613 -0.350983 -0.294706
-0.258040 -0.288134 0.146705
0.000000 0.000000 0.000000
0.000000 0.000000 0.000000
0.000000 0.000000 0.000000
0.000000 0.000000 0.000000
-0.411435 -0.350983 0.259869
0.000000 0.000000 0.000000
-0.246855 -0.097098 -0.707742
0.000000 0.000000 0.000000
0.000000 0.000000 0.000000
-0.347799 -0.251069 0.195433
-0.126781 -0.350983 -0.066365
0.000000 0.000000 0.000000
0.391517 -0.148625 -0.505840
0.000000 0.000000 0.000000
-0.233457 -0.269819 -0.591139
0.000000 0.000000 0.000000
0.000000 0.000000 0.000000
0.000000 0.000000 0.000000
0.000000 0.000000 0.000000
0.000000 0.000000 0.000000
0.000000 0.000000 0.000000
0.000000 0.000000 0.000000
-0.146750 -0.348288 0.776865
0.000000 0.000000 0.000000
0.000000 0.000000 0.000000
0.000000 0.000000 0.000000
-0.094938 -0.350983 0.236869
0.000000 0.000000 0.000000
0.000000 0.000000 0.000000
0.000000 0.000000 0.000000
0.373378 -0.178980 -0.295637
0.407546 -0.339602 -0.006106
0.000000 0.000000 0.000000
-0.322869 -0.350983 0.011976
0.000000 0.000000 0.000000
0.000000 0.000000 0.000000
-0.357617 -0.350983 -0.344371
0.000000 0.000000 0.000000
0.000000 0.000000 0.000000
0.000000 0.000000 0.000000
0.000000 0.000000 0.000000
0.000000 0.000000 0.000000
-0.379503 -0.213315 -0.040186
0.000000 0.000000 0.000000
0.000000 0.000000 0.000000
0.000000 0.000000 0.000000
0.408845 -0.304846 -0.518599
-0.185594 -0.224022 -0.707742
-0.230546 -0.350983 0.118415
-0.115945 -0.001650 -0.707742
-0.184813 -0.288134 -0.217792
0.000000 0.000000 0.000000
0.000000 0.000000 0.000000
-0.414918 -0.244837 0.295520
0.000000 0.000000 0.000000
-0.368467 -0.117308 -0.638717
-0.317396 -0.350983 0.238548
0.000000 0.000000 0.000000
0.000000 0.000000 0.000000
0.142562 -0.255621 -0.638718
0.000000 0.000000 0.000000
0.000000 0.000000 0.000000
0.000000 0.000000 0.000000
0.000000 0.000000 0.000000
-0.319671 -0.350983 -0.644711
0.000000 0.000000 0.000000
0.401656 -0.259309 -0.230125
-0.029592 -0.098603 -0.707742
0.000000 0.000000 0.000000
0.000000 0.000000 0.000000
0.249611 -0.058222 -0.638717
0.000000 0.000000 0.000000
0.000000 0.000000 0.000000
-0.303093 -0.300106 -0.490898
-0.160734 -0.040989 -0.707742
0.000000 0.000000 0.000000
0.000000 0.000000 0.000000
-0.205966 -0.288134 -0.106641
0.343906 -0.041652 -0.707742
0.000000 0.000000 0.000000
0.000000 0.000000 0.000000
0.000000 0.000000 0.000000
-0.257033 -0.333448 0.349792
-0.190570 -0.350983 -0.543273
0.373378 -0.178131 -0.048865
0.000000 0.000000 0.000000
0.386547 -0.233609 -0.599605
0.446878 -0.339602 -0.234999
-0.343332 -0.300106 -0.278839
0.000000 0.000000 0.000000
-0.044484 -0.350983 -0.649131
0.000000 0.000000 0.000000
0.000000 0.000000 0.000000
0.000000 0.000000 0.000000
0.000000 0.000000 0.000000
0.000000 0.000000 0.000000
-0.448438 -0.223989 -0.701182
0.000000 0.000000 0.000000
0.000000 0.000000 0.000000
0.000000 0.000000 0.000000
0.000000 0.000000 0.000000
-0.430526 -0.231980 -0.174936
0.000000 0.000000 0.000000
0.250991 -0.162730 -0.707742
-0.092343 -0.333996 -0.603171
0.000000 0.000000 0.000000
0.000000 0.000000 0.000000
0.000000 0.000000 0.000000
0.000000 0.000000 0.000000
0.373378 -0.233383 -0.412970
0.000000 0.000000 0.000000
-0.060670 -0.243685 -0.707742
-0.389872 -0.218801 -0.638717
0.000000 0.000000 0.000000
0.000000 0.000000 0.000000
0.000000 0.000000 0.000000
0.000000 0.000000 0.000000
-0.249410 -0.285164 -0.707742
0.000000 0.000000 0.000000
-0.141357 -0.288134 0.220789
-0.166857 -0.288134 0.106538
0.000000 0.000000 0.000000
0.000000 0.000000 0.000000
0.000000 0.000000 0.000000
0.000000 0.000000 0.000000
-0.088994 -0.218955 -0.638717
0.000000 0.000000 0.000000
0.000000 0.000000 0.000000
0.000000 0.000000 0.000000
-0.352575 -0.213315 0.091278
-0.092343 -0.288840 -0.313029
0.000000 0.000000 0.000000
0.000000 0.000000 0.000000
-0.430526 -0.266269 -0.475357
-0.343193 -0.350983 -0.125386
0.000000 0.000000 0.000000
-0.430526 -0.296390 0.171778
-0.319554 -0.061417 -0.707742
0.000000 0.000000 0.000000
0.000000 0.000000 0.000000
0.000000 0.000000 0.000000
-0.155941 -0.350983 -0.189412
0.425454 -0.303045 -0.084690
0.068369 -0.047900 -0.707742
0.000000 0.000000 0.000000
0.000000 0.000000 0.000000
0.373378 -0.199235 -0.132717
0.000000 0.000000 0.000000
0.000000 0.000000 0.000000
0.000000 0.000000 0.000000
0.113892 -0.238881 -0.707742
0.000000 0.000000 0.000000
0.373378 -0.265434 -0.293253
0.000000 0.000000 0.000000
0.000000 0.000000 0.000000
0.000000 0.000000 0.000000
0.000000 0.000000 0.000000
-0.151253 -0.350983 0.030753
-0.347799 -0.235358 -0.443220
0.000000 0.000000 0.000000
0.057877 -0.030858 -0.638718
-0.139593 -0.041561 -0.638718
-0.237764 -0.300106 -0.509103
0.000000 0.000000 0.000000
0.159614 -0.125433 -0.638717
0.000000 0.000000 0.000000
0.000000 0.000000 0.000000
0.000000 0.000000 0.000000
-0.184328 -0.350983 -0.625017
0.000000 0.000000 0.000000
-0.171101 -0.230749 0.276735
0.000000 0.000000 0.000000
0.000000 0.000000 0.000000
0.000000 0.000000 0.000000
0.000000 0.000000 0.000000
-0.394273 -0.350983 -0.555866
0.000000 0.000000 0.000000
0.000000 0.000000 0.000000
-0.134720 -0.288134 -0.119874
0.425454 -0.114838 -0.328480
-0.240802 -0.288134 -0.411918
0.392231 -0.343109 -0.338430
0.386547 -0.109449 -0.581686
-0.246869 -0.251373 0.302379
0.000000 0.000000 0.000000
-0.339779 -0.300106 -0.183191
0.000000 0.000000 0.000000
-0.237405 -0.288134 0.045740
0.000000 0.000000 0.000000
0.000000 0.000000 0.000000
0.000000 0.000000 0.000000
-0.398677 -0.350983 0.081553
0.000000 0.000000 0.000000
0.425454 -0.126002 -0.434378
0.000000 0.000000 0.000000
0.000000 0.000000 0.000000
-0.145641 -0.265651 -0.587868
0.000000 0.000000 0.000000
0.000000 0.000000 0.000000
0.000000 0.000000 0.000000
0.000000 0.000000 0.000000
0.000000 0.000000 0.000000
0.000000 0.000000 0.000000
-0.347799 -0.293011 -0.376890
0.000000 0.000000 0.000000
0.392231 -0.125581 -0.249347
0.164427 -0.132322 -0.707742
0.000000 0.000000 0.000000
0.000000 0.000000 0.000000
-0.102465 -0.295643 -0.507765
0.000000 0.000000 0.000000
-0.414693 -0.329008 -0.638717
0.000000 0.000000 0.000000
0.000000 0.000000 0.000000
-0.395626 -0.035387 -0.707742
0.000000 0.000000 0.000000
0.116046 -0.350983 -0.687444
0.000000 0.000000 0.000000
-0.250668 -0.300106 -0.123374
0.000000 0.000000 0.000000
0.000000 0.000000 0.000000
0.000000 0.000000 0.000000
-0.205019 -0.136657 -0.638718
0.000000 0.000000 0.000000
-0.430526 -0.333975 -0.395509
0.000000 0.000000 0.000000
0.000000 0.000000 0.000000
0.000000 0.000000 0.000000
-0.363867 -0.213315 -0.273426
0.000000 0.000000 0.000000
-0.224429 -0.350983 -0.675469
0.000000 0.000000 0.000000
0.000000 0.000000 0.000000
0.000000 0.000000 0.000000
-0.298339 -0.300106 -0.008471
0.000000 0.000000 0.000000
-0.324969 -0.240650 0.290284
0.000000 0.000000 0.000000
0.000000 0.000000 0.000000
-0.092343 -0.336596 -0.019529
-0.098086 -0.129678 -0.638717
0.373378 -0.257959 -0.040925
-0.430526 -0.291159 -0.237567
0.000000 0.000000 0.000000
0.000000 0.000000 0.000000
0.231347 -0.260471 -0.638718
0.000000 0.000000 0.000000
-0.092343 -0.288785 0.080189
0.000000 0.000000 0.000000
-0.264327 -0.300106 -0.307744
-0.347799 -0.235024 -0.101335
0.000000 0.000000 0.000000
0.000000 0.000000 0.000000
-0.280246 -0.107994 -0.638717
0.322390 -0.227732 -0.638718
0.000000 0.000000 0.000000
0.000000 0.000000 0.000000
0.000000 0.000000 0.000000
0.425454 -0.241204 -0.269130
-0.251277 -0.214415 -0.527745
0.425454 -0.289005 -0.669018
0.000000 0.000000 0.000000
0.421418 -0.186598 -0.638718
0.000000 0.000000 0.000000
-0.324654 -0.276484 -0.638718
0.000000 0.000000 0.000000
0.401656 -0.300193 -0.184646
0.000000 0.000000 0.000000
0.226068 -0.349049 -0.638717
-0.427835 -0.213315 -0.523534
0.000000 0.000000 0.000000
0.373378 -0.177367 -0.391403
0.000000 0.000000 0.000000
-0.319457 -0.288134 0.103346
0.000000 0.000000 0.000000
-0.430526 -0.261773 0.242072
0.000000 0.000000 0.000000
-0.220137 -0.300106 -0.041628
-0.010419 -0.253396 -0.638718
0.000000 0.000000 0.000000
0.000000 0.000000 0.000000
0.000000 0.000000 0.000000
0.000000 0.000000 0.000000
0.000000 0.000000 0.000000
-0.044406 -0.179586 -0.707742
0.000000 0.000000 0.000000
0.000000 0.000000 0.000000
0.425454 -0.297715 -0.442574
0.392231 -0.105648 -0.397916
-0.266213 -0.156963 -0.707742
0.000000 0.000000 0.000000
0.000000 0.000000 0.000000
0.000000 0.000000 0.000000
0.000000 0.000000 0.000000
0.000000 0.000000 0.000000
0.425454 -0.029807 -0.697233
-0.360181 -0.350983 -0.067418
0.000000 0.000000 0.000000
-0.430526 -0.313382 -0.169595
0.000000 0.000000 0.000000
0.000000 0.000000 0.000000
0.000000 0.000000 0.000000
0.000000 0.000000 0.000000
0.000000 0.000000 0.000000
-0.130633 -0.350983 0.294159
-0.271770 -0.350983 -0.354913
0.000000 0.000000 0.000000
0.324548 -0.154383 -0.707742
0.291601 -0.328724 -0.707742
-0.262603 -0.288134 -0.212312
0.000000 0.000000 0.000000
0.000000 0.000000 0.000000
0.000000 0.000000 0.000000
0.000000 0.000000 0.000000
0.000000 0.000000 0.000000
-0.166569 -0.350983 0.179330
0.000000 0.000000 0.000000
0.000000 0.000000 0.000000
0.000000 0.000000 0.000000
0.000000 0.000000 0.000000
0.000000 0.000000 0.000000
0.000000 0.000000 0.000000
-0.442927 -0.148645 -0.638717
0.000000 0.000000 0.000000
0.000000 0.000000 0.000000
-0.166741 -0.350983 -0.471668
0.282345 -0.068096 -0.707742
0.000000 0.000000 0.000000
0.401656 -0.218288 -0.349227
0.000000 0.000000 0.000000
0.425454 -0.108868 -0.281329
0.373378 -0.210707 -0.220465
0.000000 0.000000 0.000000
0.000000 0.000000 0.000000
-0.423590 -0.213315 -0.102179
0.000000 0.000000 0.000000
0.000000 0.000000 0.000000
0.000000 0.000000 0.000000
0.425454 -0.243742 -0.166810
0.000000 0.000000 0.000000
-0.423946 -0.213315 0.025394
0.000000 0.000000 0.000000
0.000000 0.000000 0.000000
0.000000 0.000000 0.000000
0.000000 0.000000 0.000000
0.000000 0.000000 0.000000
0.000000 0.000000 0.000000
-0.346737 -0.281469 0.243133
0.000000 0.000000 0.000000
0.000000 0.000000 0.000000
-0.159259 -0.288134 -0.280586
0.000000 0.000000 0.000000
0.387383 -0.062568 -0.638717
0.000000 0.000000 0.000000
0.000000 0.000000 0.000000
0.000000 0.000000 0.000000
0.000000 0.000000 0.000000
0.000000 0.000000 0.000000
0.000000 0.000000 0.000000
0.000000 0.000000 0.000000
0.000000 0.000000 0.000000
-0.092343 -0.350627 -0.459364
-0.202085 -0.300106 0.198795
0.000000 0.000000 0.000000
-0.240952 -0.350983 -0.609335
0.000000 0.000000 0.000000
0.000000 0.000000 0.000000
0.000000 0.000000 0.000000
0.373378 -0.236067 0.049327
0.000000 0.000000 0.000000
-0.189391 -0.270982 -0.638717
-0.292045 -0.350983 0.173791
-0.255491 -0.350983 -0.474720
0.000000 0.000000 0.000000
0.000000 0.000000 0.000000
-0.430526 -0.326553 0.340238
0.000000 0.000000 0.000000
0.000000 0.000000 0.000000
0.373378 -0.284970 -0.141707
0.000000 0.000000 0.000000
-0.448438 -0.286620 -0.659220
-0.448438 -0.077241 -0.662770
-0.409488 -0.350983 0.780871
-0.097647 -0.288134 -0.419133
0.000000 0.000000 0.000000
0.000000 0.000000 0.000000
0.000000 0.000000 0.000000
0.000000 0.000000 0.000000
0.425454 -0.345072 -0.707736
0.000000 0.000000 0.000000
0.000000 0.000000 0.000000
0.000000 0.000000 0.000000
0.000000 0.000000 0.000000
0.000000 0.000000 0.000000
0.000000 0.000000 0.000000
0.000000 0.000000 0.000000
0.175446 -0.321478 -0.638717
0.425454 -0.284240 -0.585281
0.000000 0.000000 0.000000
-0.070291 -0.350983 0.781147
0.000000 0.000000 0.000000
0.000000 0.000000 0.000000
0.000000 0.000000 0.000000
0.000000 0.000000 0.000000
0.000000 0.000000 0.000000
0.403510 -0.304846 0.044320
-0.235814 -0.350983 -0.060536
0.000000 0.000000 0.000000
-0.401010 -0.350983 -0.002177
-0.216864 -0.350983 0.040508
-0.283809 -0.350983 0.077806
0.000000 0.000000 0.000000
0.425454 -0.244287 -0.402759
0.000000 0.000000 0.000000
-0.092343 -0.295555 0.285167
0.000000 0.000000 0.000000
-0.167626 -0.297226 -0.527745
0.000000 0.000000 0.000000
0.000000 0.000000 0.000000
0.000000 0.000000 0.000000
0.000000 0.000000 0.000000
0.000000 0.000000 0.000000
0.425454 -0.085119 -0.518907
0.000000 0.000000 0.000000
0.000000 0.000000 0.000000
0.000000 0.000000 0.000000
0.000000 0.000000 0.000000
0.000000 0.000000 0.000000
0.000000 0.000000 0.000000
-0.315287 -0.350983 0.327778
0.000000 0.000000 0.000000
0.000000 0.000000 0.000000
0.068606 -0.280088 -0.638717
-0.186936 -0.350983 -0.243451
0.000000 0.000000 0.000000
0.000000 0.000000 0.000000
0.000000 0.000000 0.000000
0.000000 0.000000 0.000000
0.000000 0.000000 0.000000
0.000000 0.000000 0.000000
0.000000 0.000000 0.000000
0.069138 -0.087634 -0.638717
-0.335539 -0.350983 -0.259604
-0.092343 -0.299940 0.022336
0.392231 -0.296846 -0.223886
0.000000 0.000000 0.000000
-0.401466 -0.350983 0.181242
0.000000 0.000000 0.000000
0.000000 0.000000 0.000000
0.000000 0.000000 0.000000
-0.137901 -0.288134 -0.356928
0.000000 0.000000 0.000000
0.000000 0.000000 0.000000
0.000000 0.000000 0.000000
0.294475 -0.125731 -0.638718
0.000000 0.000000 0.000000
0.000000 0.000000 0.000000
-0.150320 -0.350983 -0.361895
0.043856 -0.252684 -0.707742
-0.430526 -0.244759 -0.034736
0.000000 0.000000 0.000000
-0.125681 -0.293654 -0.638718
0.000000 0.000000 0.000000
-0.420709 -0.213315 -0.315213
-0.163448 -0.300106 -0.049849
0.000000 0.000000 0.000000
-0.283700 -0.337493 -0.707742
0.000000 0.000000 0.000000
-0.292945 -0.288134 0.201001
-0.284140 -0.226121 -0.707742
0.000000 0.000000 0.000000
0.000000 0.000000 0.000000
-0.430526 -0.255552 0.107012
0.335583 -0.339602 -0.278968
0.373378 -0.276903 -0.339947
0.000000 0.000000 0.000000
0.000000 0.000000 0.000000
0.000000 0.000000 0.000000
0.000000 0.000000 0.000000
0.000000 0.000000 0.000000
-0.425778 -0.280081 -0.707742
0.000000 0.000000 0.000000
-0.369352 -0.266790 -0.588762
0.000000 0.000000 0.000000
0.000000 0.000000 0.000000
0.386547 -0.138104 -0.148633
0.000000 0.000000 0.000000
-0.095505 -0.350983 -0.161135
0.000000 0.000000 0.000000
0.000000 0.000000 0.000000
-0.417198 -0.213315 -0.232925
-0.092343 -0.313559 0.343078
0.000000 0.000000 0.000000
0.000000 0.000000 0.000000
-0.272594 -0.350983 -0.100323
-0.092747 -0.350983 0.063438
0.000000 0.000000 0.000000
-0.230603 -0.288134 -0.174650
0.118701 -0.168567 -0.638717
0.000000 0.000000 0.000000
0.000000 0.000000 0.000000
0.000000 0.000000 0.000000
0.000000 0.000000 0.000000
0.386547 -0.254438 -0.546736
-0.223364 -0.032219 -0.707742
0.000000 0.000000 0.000000
0.000000 0.000000 0.000000
-0.092343 -0.291772 -0.064440
0.425454 -0.290773 -0.036652
-0.170676 -0.300106 0.064316
0.392231 -0.175049 -0.448444
-0.352285 -0.350983 -0.681533
0.000000 0.000000 0.000000
-0.347799 -0.295733 0.155142
0.000000 0.000000 0.000000
0.425454 -0.096504 -0.662236
0.000000 0.000000 0.000000
0.000000 0.000000 0.000000
0.000000 0.000000 0.000000
-0.173723 -0.278718 0.325373
0.202220 -0.194381 -0.707742
-0.280541 -0.300106 -0.060425
0.386547 -0.274910 -0.482652
-0.199168 -0.350983 0.334719
0.407784 -0.304846 -0.283352
0.000000 0.000000 0.000000
-0.414096 -0.350983 -0.105392
0.000000 0.000000 0.000000
0.037677 -0.100607 -0.707742
-0.112300 -0.288134 -0.162002
0.401656 -0.219565 -0.012552
