0.000000 0.000000 0.000000
0.357498 0.320771 0.850793
0.000000 0.000000 0.000000
0.000000 0.000000 0.000000
0.000000 0.000000 0.000000
0.364379 0.109945 0.078660
0.000000 0.000000 0.000000
0.138153 -0.210664 0.490222
0.000000 0.000000 0.000000
0.000000 0.000000 0.000000
0.000000 0.000000 0.000000
0.000000 0.000000 0.000000
0.352448 -0.343187 0.816111
0.364379 0.297765 0.435259
0.000000 0.000000 0.000000
0.000000 0.000000 0.000000
0.364379 -0.124903 0.304891
0.000000 0.000000 0.000000
0.000000 0.000000 0.000000
0.147743 -0.081128 0.723982
0.000000 0.000000 0.000000
0.000000 0.000000 0.000000
0.364379 0.060534 0.555954
0.000000 0.000000 0.000000
0.000000 0.000000 0.000000
0.000000 0.000000 0.000000
0.000000 0.000000 0.000000
0.000000 0.000000 0.000000
0.000000 0.000000 0.000000
0.000000 0.000000 0.000000
0.000000 0.000000 0.000000
0.364379 0.417943 0.149736
0.000000 0.000000 0.000000
0.000000 0.000000 0.000000
0.000000 0.000000 0.000000
0.000000 0.000000 0.000000
0.000000 0.000000 0.000000
0.000000 0.000000 0.000000
0.000000 0.000000 0.000000
0.000000 0.000000 0.000000
0.369325 -0.196793 0.582971
0.000000 0.000000 0.000000
0.000000 0.000000 0.000000
0.000000 0.000000 0.000000
0.345397 0.508155 0.216843
0.000000 0.000000 0.000000
0.155289 -0.210664 0.265026
0.251717 0.143046 0.848857
0.364379 0.295515 0.682009
0.000000 0.000000 0.000000
0.000000 0.000000 0.000000
0.000000 0.000000 0.000000
0.000000 0.000000 0.000000
0.000000 0.000000 0.000000
0.000000 0.000000 0.000000
0.364379 0.254511 -0.074681
0.000000 0.000000 0.000000
0.000000 0.000000 0.000000
0.000000 0.000000 0.000000
0.000000 0.000000 0.000000
0.000000 0.000000 0.000000
0.000000 0.000000 0.000000
0.000000 0.000000 0.000000
0.000000 0.000000 0.000000
0.000000 0.000000 0.000000
0.000000 0.000000 0.000000
0.364379 -0.014616 0.688258
0.000000 0.000000 0.000000
0.364379 0.104486 0.292457
0.000000 0.000000 0.000000
0.000000 0.000000 0.000000
0.000000 0.000000 0.000000
0.364379 0.368142 0.111794
0.000000 0.000000 0.000000
0.000000 0.000000 0.000000
0.000000 0.000000 0.000000
0.000000 0.000000 0.000000
0.263631 -0.210664 0.289800
0.000000 0.000000 0.000000
0.000000 0.000000 0.000000
0.364379 -0.090014 0.444726
0.000000 0.000000 0.000000
0.364379 -0.060224 0.172523
0.000000 0.000000 0.000000
0.223276 -0.210664 0.677916
0.175360 -0.210664 0.079178
0.364379 0.399415 -0.224166
0.000000 0.000000 0.000000
0.000000 0.000000 0.000000
0.000000 0.000000 0.000000
0.000000 0.000000 0.000000
0.000000 0.000000 0.000000
0.000000 0.000000 0.000000
0.364379 0.447810 0.399574
0.000000 0.000000 0.000000
0.000000 0.000000 0.000000
0.000000 0.000000 0.000000
0.000000 0.000000 0.000000
0.000000 0.000000 0.000000
0.000000 0.000000 0.000000
0.000000 0.000000 0.000000
0.364379 0.125094 0.711201
0.198891 -0.210664 0.512839
0.000000 0.000000 0.000000
0.000000 0.000000 0.000000
0.364379 0.451257 -0.347755
0.000000 0.000000 0.000000
0.000000 0.000000 0.000000
0.000000 0.000000 0.000000
0.000000 0.000000 0.000000
0.000000 0.000000 0.000000
0.000000 0.000000 0.000000
0.000000 0.000000 0.000000
0.000000 0.000000 0.000000
0.000000 0.000000 0.000000
0.000000 0.000000 0.000000
0.000000 0.000000 0.000000
0.345040 -0.260002 0.668584
0.000000 0.000000 0.000000
0.000000 0.000000 0.000000
0.155668 -0.210664 0.663836
0.364379 0.123508 0.614478
0.000000 0.000000 0.000000
0.000000 0.000000 0.000000
0.000000 0.000000 0.000000
0.000000 0.000000 0.000000
0.000000 0.000000 0.000000
0.000000 0.000000 0.000000
0.000000 0.000000 0.000000
0.000000 0.000000 0.000000
0.000000 0.000000 0.000000
0.337543 -0.210664 0.427516
0.000000 0.000000 0.000000
0.000000 0.000000 0.000000
0.000000 0.000000 0.000000
0.347406 0.509729 -0.012394
0.000000 0.000000 0.000000
0.000000 0.000000 0.000000
0.000000 0.000000 0.000000
0.000000 0.000000 0.000000
0.364379 0.267137 0.272000
0.000000 0.000000 0.000000
0.000000 0.000000 0.000000
0.000000 0.000000 0.000000
0.000000 0.000000 0.000000
0.000000 0.000000 0.000000
0.000000 0.000000 0.000000
0.000000 0.000000 0.000000
0.209996 -0.210664 0.407456
0.000000 0.000000 0.000000
0.000000 0.000000 0.000000
0.364379 0.281155 0.560383
0.000000 0.000000 0.000000
0.000000 0.000000 0.000000
0.000000 0.000000 0.000000
0.364379 0.289681 0.081920
0.000000 0.000000 0.000000
0.327335 -0.145091 0.720888
0.000000 0.000000 0.000000
0.000000 0.000000 0.000000
0.000000 0.000000 0.000000
0.091067 -0.210664 0.353682
0.000000 0.000000 0.000000
0.000000 0.000000 0.000000
0.000000 0.000000 0.000000
0.000000 0.000000 0.000000
0.000000 0.000000 0.000000
0.000000 0.000000 0.000000
0.364379 0.076127 0.211275
0.000000 0.000000 0.000000
0.000000 0.000000 0.000000
0.364379 0.276919 -0.169201
0.000000 0.000000 0.000000
0.000000 0.000000 0.000000
0.364379 -0.001697 0.378753
0.000000 0.000000 0.000000
0.000000 0.000000 0.000000
0.000000 0.000000 0.000000
0.000000 0.000000 0.000000
0.000000 0.000000 0.000000
0.000000 0.000000 0.000000
0.000000 0.000000 0.000000
0.202455 -0.166211 0.185777
0.000000 0.000000 0.000000
0.000000 0.000000 0.000000
0.000000 0.000000 0.000000
0.000000 0.000000 0.000000
0.364379 0.399345 0.281022
0.000000 0.000000 0.000000
0.223783 0.033385 0.756413
0.000000 0.000000 0.000000
0.333309 0.186248 0.861191
0.000000 0.000000 0.000000
0.000000 0.000000 0.000000
0.000000 0.000000 0.000000
0.353908 0.492120 0.522228
0.000000 0.000000 0.000000
0.000000 0.000000 0.000000
0.000000 0.000000 0.000000
0.000000 0.000000 0.000000
0.000000 0.000000 0.000000
0.092099 -0.166211 0.581031
0.000000 0.000000 0.000000
0.000000 0.000000 0.000000
0.000000 0.000000 0.000000
0.000000 0.000000 0.000000
0.000000 0.000000 0.000000
0.364379 0.387338 -0.052601
0.000000 0.000000 0.000000
0.364379 0.379959 0.547333
0.000000 0.000000 0.000000
0.000000 0.000000 0.000000
0.000000 0.000000 0.000000
0.000000 0.000000 0.000000
0.000000 0.000000 0.000000
0.364379 0.419161 -0.137628
0.364379 0.262940 0.765626
0.364379 -0.012620 0.451325
0.000000 0.000000 0.000000
0.309551 0.384591 0.716920
0.000000 0.000000 0.000000
0.000000 0.000000 0.000000
0.000000 0.000000 0.000000
0.000000 0.000000 0.000000
0.000000 0.000000 0.000000
0.269411 -0.210664 0.614267
0.000000 0.000000 0.000000
0.000000 0.000000 0.000000
0.000000 0.000000 0.000000
0.000000 0.000000 0.000000
0.364379 0.100193 0.433208
0.000000 0.000000 0.000000
0.000000 0.000000 0.000000
0.270145 0.242943 0.871303
0.000000 0.000000 0.000000
0.358838 0.509922 0.046685
0.000000 0.000000 0.000000
0.000000 0.000000 0.000000
0.364379 0.211241 0.359844
0.324580 0.071833 0.776368
0.000000 0.000000 0.000000
0.000000 0.000000 0.000000
0.364379 -0.107635 0.613342
0.000000 0.000000 0.000000
0.000000 0.000000 0.000000
0.000000 0.000000 0.000000
0.000000 0.000000 0.000000
0.000000 0.000000 0.000000
0.000000 0.000000 0.000000
0.000000 0.000000 0.000000
0.000000 0.000000 0.000000
0.289751 -0.024521 0.735395
0.000000 0.000000 0.000000
0.000000 0.000000 0.000000
0.000000 0.000000 0.000000
0.000000 0.000000 0.000000
0.364379 0.190855 0.047887
0.000000 0.000000 0.000000
0.000000 0.000000 0.000000
0.000000 0.000000 0.000000
0.000000 0.000000 0.000000
0.000000 0.000000 0.000000
0.145151 -0.210664 0.379156
0.000000 0.000000 0.000000
0.260673 -0.166211 0.372921
0.000000 0.000000 0.000000
0.000000 0.000000 0.000000
0.000000 0.000000 0.000000
0.000000 0.000000 0.000000
0.000000 0.000000 0.000000
0.000000 0.000000 0.000000
0.000000 0.000000 0.000000
0.000000 0.000000 0.000000
0.068017 -0.210664 0.574713
0.000000 0.000000 0.000000
0.273573 -0.166211 0.519304
0.000000 0.000000 0.000000
0.000000 0.000000 0.000000
0.000000 0.000000 0.000000
0.364379 0.219343 0.173682
0.000000 0.000000 0.000000
0.000000 0.000000 0.000000
0.000000 0.000000 0.000000
0.000000 0.000000 0.000000
0.000000 0.000000 0.000000
0.101554 -0.166211 0.107847
0.000000 0.000000 0.000000
0.000000 0.000000 0.000000
0.000000 0.000000 0.000000
0.000000 0.000000 0.000000
0.000000 0.000000 0.000000
0.000000 0.000000 0.000000
0.000000 0.000000 0.000000
0.000000 0.000000 0.000000
0.364379 -0.006915 0.270120
0.000000 0.000000 0.000000
0.364379 -0.051560 0.564844
0.364327 0.501225 0.325144
0.000000 0.000000 0.000000
0.367096 -0.210664 0.344751
0.000000 0.000000 0.000000
0.000000 0.000000 0.000000
0.000000 0.000000 0.000000
0.000000 0.000000 0.000000
0.364379 0.178237 0.501796
0.000000 0.000000 0.000000
0.000000 0.000000 0.000000
0.000000 0.000000 0.000000
0.249783 -0.210664 0.159759
0.000000 0.000000 0.000000
0.000000 0.000000 0.000000
0.000000 0.000000 0.000000
0.000000 0.000000 0.000000
0.321792 0.413723 0.491294
0.000000 0.000000 0.000000
0.000000 0.000000 0.000000
0.000000 0.000000 0.000000
0.000000 0.000000 0.000000
0.000000 0.000000 0.000000
0.000000 0.000000 0.000000
0.000000 0.000000 0.000000
0.174303 -0.171835 0.736328
0.000000 0.000000 0.000000
0.000000 0.000000 0.000000
0.000000 0.000000 0.000000
0.000000 0.000000 0.000000
0.000000 0.000000 0.000000
0.000000 0.000000 0.000000
0.000000 0.000000 0.000000
0.000000 0.000000 0.000000
0.000000 0.000000 0.000000
0.000000 0.000000 0.000000
0.000000 0.000000 0.000000
0.092399 -0.210664 0.028905
0.000000 0.000000 0.000000
0.000000 0.000000 0.000000
0.000000 0.000000 0.000000
0.000000 0.000000 0.000000
0.000000 0.000000 0.000000
0.196371 -0.166211 0.611324
0.000000 0.000000 0.000000
0.000000 0.000000 0.000000
0.000000 0.000000 0.000000
0.000000 0.000000 0.000000
0.000000 0.000000 0.000000
0.000000 0.000000 0.000000
0.000000 0.000000 0.000000
0.000000 0.000000 0.000000
0.000000 0.000000 0.000000
0.000000 0.000000 0.000000
0.361985 -0.210664 0.519582
0.000000 0.000000 0.000000
0.000000 0.000000 0.000000
0.364379 0.400063 0.642894
0.000000 0.000000 0.000000
0.364379 0.469716 -0.264593
0.000000 0.000000 0.000000
0.000000 0.000000 0.000000
0.000000 0.000000 0.000000
0.000000 0.000000 0.000000
0.099111 -0.166211 0.441627
0.000000 0.000000 0.000000
0.000000 0.000000 0.000000
0.000000 0.000000 0.000000
0.000000 0.000000 0.000000
0.170836 -0.210664 0.581840
0.000000 0.000000 0.000000
0.000000 0.000000 0.000000
0.000000 0.000000 0.000000
0.107356 -0.210664 0.157743
0.000000 0.000000 0.000000
0.364379 0.347798 0.358184
0.000000 0.000000 0.000000
0.315349 -0.240110 0.724045
0.000000 0.000000 0.000000
0.000000 0.000000 0.000000
0.000000 0.000000 0.000000
0.000000 0.000000 0.000000
0.000000 0.000000 0.000000
0.000000 0.000000 0.000000
0.000000 0.000000 0.000000
0.000000 0.000000 0.000000
0.000000 0.000000 0.000000
0.000000 0.000000 0.000000
0.000000 0.000000 0.000000
0.000000 0.000000 0.000000
0.313925 -0.210664 0.568441
0.000000 0.000000 0.000000
0.364379 0.342559 0.204643
0.000000 0.000000 0.000000
0.000000 0.000000 0.000000
0.000000 0.000000 0.000000
0.000000 0.000000 0.000000
0.326836 -0.320102 0.728734
0.000000 0.000000 0.000000
0.000000 0.000000 0.000000
0.000000 0.000000 0.000000
0.364379 0.413848 0.035436
0.000000 0.000000 0.000000
0.000000 0.000000 0.000000
0.000000 0.000000 0.000000
0.000000 0.000000 0.000000
0.000000 0.000000 0.000000
0.000000 0.000000 0.000000
0.000000 0.000000 0.000000
0.000000 0.000000 0.000000
0.000000 0.000000 0.000000
0.000000 0.000000 0.000000
0.364189 0.380726 0.769014
0.000000 0.000000 0.000000
0.225699 -0.117017 0.721026
0.000000 0.000000 0.000000
0.000000 0.000000 0.000000
0.272974 0.351862 0.801468
0.000000 0.000000 0.000000
0.000000 0.000000 0.000000
0.000000 0.000000 0.000000
0.000000 0.000000 0.000000
0.000000 0.000000 0.000000
0.000000 0.000000 0.000000
0.000000 0.000000 0.000000
0.000000 0.000000 0.000000
0.000000 0.000000 0.000000
0.000000 0.000000 0.000000
0.000000 0.000000 0.000000
0.000000 0.000000 0.000000
0.000000 0.000000 0.000000
0.000000 0.000000 0.000000
0.000000 0.000000 0.000000
0.364379 0.499121 -0.167471
0.000000 0.000000 0.000000
0.000000 0.000000 0.000000
0.000000 0.000000 0.000000
0.000000 0.000000 0.000000
0.000000 0.000000 0.000000
0.000000 0.000000 0.000000
0.302958 -0.166211 0.614024
0.364379 0.336949 -0.195945
0.000000 0.000000 0.000000
0.000000 0.000000 0.000000
0.000000 0.000000 0.000000
0.364379 0.348561 -0.097382
0.000000 0.000000 0.000000
0.000000 0.000000 0.000000
0.329271 -0.166211 0.320486
0.000000 0.000000 0.000000
0.000000 0.000000 0.000000
0.000000 0.000000 0.000000
0.000000 0.000000 0.000000
0.000000 0.000000 0.000000
0.189402 -0.166211 0.466180
0.000000 0.000000 0.000000
0.000000 0.000000 0.000000
0.000000 0.000000 0.000000
0.000000 0.000000 0.000000
0.000000 0.000000 0.000000
0.000000 0.000000 0.000000
0.000000 0.000000 0.000000
0.000000 0.000000 0.000000
0.000000 0.000000 0.000000
0.000000 0.000000 0.000000
0.000000 0.000000 0.000000
0.000000 0.000000 0.000000
0.000000 0.000000 0.000000
0.000000 0.000000 0.000000
0.000000 0.000000 0.000000
0.136157 -0.166211 0.321785
0.000000 0.000000 0.000000
0.000000 0.000000 0.000000
0.000000 0.000000 0.000000
0.210386 -0.166211 0.288648
0.000000 0.000000 0.000000
0.000000 0.000000 0.000000
0.000000 0.000000 0.000000
0.307828 -0.166211 0.462848
0.000000 0.000000 0.000000
0.000000 0.000000 0.000000
0.000000 0.000000 0.000000
0.000000 0.000000 0.000000
0.000000 0.000000 0.000000
0.000000 0.000000 0.000000
0.000000 0.000000 0.000000
0.364379 0.135614 0.806754
0.000000 0.000000 0.000000
0.208439 -0.166211 0.052657
0.000000 0.000000 0.000000
0.000000 0.000000 0.000000
0.000000 0.000000 0.000000
0.000000 0.000000 0.000000
0.000000 0.000000 0.000000
0.364379 0.144040 0.163814
0.000000 0.000000 0.000000
0.000000 0.000000 0.000000
0.000000 0.000000 0.000000
0.000000 0.000000 0.000000
0.000000 0.000000 0.000000
0.000000 0.000000 0.000000
0.000000 0.000000 0.000000
0.000000 0.000000 0.000000
0.000000 0.000000 0.000000
0.000000 0.000000 0.000000
0.364379 0.486015 0.161223
0.000000 0.000000 0.000000
0.364379 0.183736 0.723711
0.186341 -0.166211 0.239471
0.000000 0.000000 0.000000
0.000000 0.000000 0.000000
0.364379 0.238996 0.851342
0.364379 0.032401 0.632084
0.000000 0.000000 0.000000
0.000000 0.000000 0.000000
0.000000 0.000000 0.000000
0.000000 0.000000 0.000000
0.000000 0.000000 0.000000
0.000000 0.000000 0.000000
0.000000 0.000000 0.000000
0.000000 0.000000 0.000000
0.000000 0.000000 0.000000
0.000000 0.000000 0.000000
0.000000 0.000000 0.000000
0.000000 0.000000 0.000000
0.000000 0.000000 0.000000
0.000000 0.000000 0.000000
0.000000 0.000000 0.000000
0.000000 0.000000 0.000000
0.000000 0.000000 0.000000
0.000000 0.000000 0.000000
0.000000 0.000000 0.000000
0.000000 0.000000 0.000000
0.000000 0.000000 0.000000
0.000000 0.000000 0.000000
0.000000 0.000000 0.000000
0.364379 0.024482 0.154728
0.000000 0.000000 0.000000
0.364379 0.380721 0.438443
0.000000 0.000000 0.000000
0.368377 -0.187226 0.659202
0.000000 0.000000 0.000000
0.000000 0.000000 0.000000
0.364379 -0.120000 0.513144
0.000000 0.000000 0.000000
0.000000 0.000000 0.000000
0.364379 0.374000 0.711210
0.000000 0.000000 0.000000
0.000000 0.000000 0.000000
0.000000 0.000000 0.000000
0.111950 -0.166211 0.679042
0.000000 0.000000 0.000000
0.000000 0.000000 0.000000
0.000000 0.000000 0.000000
0.000000 0.000000 0.000000
0.000000 0.000000 0.000000
0.364379 -0.111419 0.700380
0.000000 0.000000 0.000000
0.364379 -0.072819 0.366124
0.000000 0.000000 0.000000
0.000000 0.000000 0.000000
0.000000 0.000000 0.000000
0.000000 0.000000 0.000000
0.000000 0.000000 0.000000
0.000000 0.000000 0.000000
0.000000 0.000000 0.000000
0.000000 0.000000 0.000000
0.000000 0.000000 0.000000
0.000000 0.000000 0.000000
0.000000 0.000000 0.000000
0.000000 0.000000 0.000000
0.000000 0.000000 0.000000
0.000000 0.000000 0.000000
0.283850 -0.210664 0.237503
0.000000 0.000000 0.000000
0.000000 0.000000 0.000000
0.000000 0.000000 0.000000
0.000000 0.000000 0.000000
0.000000 0.000000 0.000000
0.000000 0.000000 0.000000
0.364379 0.232335 0.640638
0.000000 0.000000 0.000000
0.000000 0.000000 0.000000
0.000000 0.000000 0.000000
0.000000 0.000000 0.000000
0.364379 0.476464 -0.089150
0.364379 0.497555 0.445998
0.000000 0.000000 0.000000
0.000000 0.000000 0.000000
0.000000 0.000000 0.000000
0.098390 -0.210664 0.642460
0.364379 0.390655 -0.305975
0.000000 0.000000 0.000000
0.130652 -0.166211 0.226219
0.000000 0.000000 0.000000
0.219152 -0.210664 0.330703
0.000000 0.000000 0.000000
0.000000 0.000000 0.000000
0.000000 0.000000 0.000000
0.364379 0.435955 0.219324
0.084309 -0.166621 0.732758
0.364379 0.077193 0.012730
0.000000 0.000000 0.000000
0.364379 0.071466 0.372502
0.364379 0.174416 0.286018
0.000000 0.000000 0.000000
0.171460 -0.166211 0.544613
0.000000 0.000000 0.000000
0.364379 0.166547 -0.066070
0.000000 0.000000 0.000000
0.000000 0.000000 0.000000
0.000000 0.000000 0.000000
0.000000 0.000000 0.000000
0.000000 0.000000 0.000000
0.000000 0.000000 0.000000
0.000000 0.000000 0.000000
0.000000 0.000000 0.000000
0.000000 0.000000 0.000000
0.000000 0.000000 0.000000
0.000000 0.000000 0.000000
0.000000 0.000000 0.000000
0.000000 0.000000 0.000000
0.000000 0.000000 0.000000
0.000000 0.000000 0.000000
0.000000 0.000000 0.000000
0.000000 0.000000 0.000000
0.000000 0.000000 0.000000
0.000000 0.000000 0.000000
0.369877 -0.194689 0.272381
0.364379 0.312691 -0.034344
0.364379 -0.147352 0.373854
0.000000 0.000000 0.000000
0.000000 0.000000 0.000000
0.000000 0.000000 0.000000
0.000000 0.000000 0.000000
0.000000 0.000000 0.000000
0.000000 0.000000 0.000000
0.000000 0.000000 0.000000
0.000000 0.000000 0.000000
0.000000 0.000000 0.000000
0.000000 0.000000 0.000000
0.000000 0.000000 0.000000
0.139207 -0.166211 0.049646
0.215200 0.200976 0.864453
0.364379 0.326958 0.508985
0.089095 -0.210664 0.224981
0.124283 -0.210664 0.725583
0.187081 -0.166211 0.373753
0.000000 0.000000 0.000000
0.306691 -0.090372 0.722965
0.364379 0.206185 -0.024614
0.000000 0.000000 0.000000
0.000000 0.000000 0.000000
0.000000 0.000000 0.000000
0.000000 0.000000 0.000000
0.000000 0.000000 0.000000
0.364379 0.210095 0.105793
0.000000 0.000000 0.000000
0.000000 0.000000 0.000000
0.000000 0.000000 0.000000
0.169527 -0.166211 0.129545
0.000000 0.000000 0.000000
0.000000 0.000000 0.000000
0.000000 0.000000 0.000000
0.000000 0.000000 0.000000
0.364227 -0.198260 0.732069
0.000000 0.000000 0.000000
0.000000 0.000000 0.000000
0.000000 0.000000 0.000000
0.000000 0.000000 0.000000
0.000000 0.000000 0.000000
0.000000 0.000000 0.000000
0.000000 0.000000 0.000000
0.364379 0.327345 0.783803
0.296377 0.396595 0.659963
0.364379 0.350515 0.634444
0.000000 0.000000 0.000000
0.000000 0.000000 0.000000
0.000000 0.000000 0.000000
0.000000 0.000000 0.000000
0.000000 0.000000 0.000000
0.000000 0.000000 0.000000
0.225189 0.102888 0.801462
0.000000 0.000000 0.000000
0.000000 0.000000 0.000000
0.332523 0.012450 0.747748
0.000000 0.000000 0.000000
0.260838 -0.166211 0.648904
0.000000 0.000000 0.000000
0.000000 0.000000 0.000000
0.000000 0.000000 0.000000
0.000000 0.000000 0.000000
0.000000 0.000000 0.000000
0.000000 0.000000 0.000000
0.000000 0.000000 0.000000
0.000000 0.000000 0.000000
0.000000 0.000000 0.000000
0.000000 0.000000 0.000000
0.000000 0.000000 0.000000
0.000000 0.000000 0.000000
0.106737 -0.166211 0.506637
0.000000 0.000000 0.000000
0.364379 0.307764 0.154396
0.291361 0.377844 0.556075
0.000000 0.000000 0.000000
0.000000 0.000000 0.000000
0.000000 0.000000 0.000000
0.000000 0.000000 0.000000
0.000000 0.000000 0.000000
0.000000 0.000000 0.000000
0.000000 0.000000 0.000000
0.000000 0.000000 0.000000
0.000000 0.000000 0.000000
0.000000 0.000000 0.000000
0.000000 0.000000 0.000000
0.000000 0.000000 0.000000
0.364379 0.094712 0.496237
0.364379 0.433292 0.457224
0.000000 0.000000 0.000000
0.000000 0.000000 0.000000
0.000000 0.000000 0.000000
