0.000000 0.000000 0.000000
0.000000 0.000000 0.000000
0.412898 -0.141508 -0.745753
0.165936 0.133643 -0.397843
0.000000 0.000000 0.000000
0.000000 0.000000 0.000000
0.000000 0.000000 0.000000
0.336848 -0.042272 -0.181401
0.000000 0.000000 0.000000
0.523474 0.142604 -0.737788
0.000000 0.000000 0.000000
0.000000 0.000000 0.000000
0.000000 0.000000 0.000000
0.000000 0.000000 0.000000
0.000000 0.000000 0.000000
0.000000 0.000000 0.000000
0.143652 0.073057 -0.768215
0.000000 0.000000 0.000000
0.000000 0.000000 0.000000
0.331243 -0.048134 -0.536798
0.484727 -0.384646 -0.775471
0.287770 0.176053 -0.635517
0.000000 0.000000 0.000000
0.000000 0.000000 0.000000
0.000000 0.000000 0.000000
0.000000 0.000000 0.000000
0.425805 0.133643 -0.390998
0.196958 -0.197338 -0.745753
0.000000 0.000000 0.000000
0.000000 0.000000 0.000000
0.479442 0.133797 -0.535662
0.512160 0.065919 -0.776045
0.000000 0.000000 0.000000
0.510275 -0.137322 -0.776045
0.000000 0.000000 0.000000
0.000000 0.000000 0.000000
0.000000 0.000000 0.000000
0.276701 -0.331235 -0.776045
0.000000 0.000000 0.000000
-0.033051 0.176053 -0.449634
0.000000 0.000000 0.000000
0.336784 0.041788 -0.776045
0.000000 0.000000 0.000000
0.000000 0.000000 0.000000
0.336848 0.061102 -0.340106
0.000000 0.000000 0.000000
0.000000 0.000000 0.000000
0.000000 0.000000 0.000000
0.000000 0.000000 0.000000
0.000000 0.000000 0.000000
0.000000 0.000000 0.000000
0.420089 0.176053 -0.727909
0.000000 0.000000 0.000000
0.000000 0.000000 0.000000
0.537014 0.145312 -0.519608
0.000000 0.000000 0.000000
0.000000 0.000000 0.000000
0.163104 0.144508 -0.769632
0.327697 0.176053 -0.416532
0.275773 -0.165284 -0.745753
0.052123 0.133643 -0.313874
0.221923 0.133643 -0.310085
0.378162 -0.293271 -0.745753
0.000000 0.000000 0.000000
0.109204 0.176053 -0.561749
0.000000 0.000000 0.000000
0.000000 0.000000 0.000000
0.000000 0.000000 0.000000
0.000000 0.000000 0.000000
0.000000 0.000000 0.000000
0.411829 0.176053 -0.650074
0.252081 0.133643 -0.549494
0.000000 0.000000 0.000000
0.000000 0.000000 0.000000
0.000000 0.000000 0.000000
0.000000 0.000000 0.000000
0.000000 0.000000 0.000000
0.000000 0.000000 0.000000
0.000000 0.000000 0.000000
0.331243 -0.039979 -0.648295
0.000000 0.000000 0.000000
0.000000 0.000000 0.000000
0.000000 0.000000 0.000000
0.402015 -0.010786 -0.776045
0.051232 0.133643 -0.502060
0.000000 0.000000 0.000000
0.000000 0.000000 0.000000
0.336710 0.176053 -0.644131
0.000000 0.000000 0.000000
0.331243 0.096415 -0.587677
0.000000 0.000000 0.000000
0.000000 0.000000 0.000000
0.000000 0.000000 0.000000
0.000000 0.000000 0.000000
0.331243 -0.017767 -0.370345
0.000000 0.000000 0.000000
0.000000 0.000000 0.000000
0.186648 0.133643 -0.658057
0.000000 0.000000 0.000000
0.000000 0.000000 0.000000
0.276154 -0.061523 -0.776045
0.000000 0.000000 0.000000
0.496756 0.137260 -0.316294
0.000000 0.000000 0.000000
0.000000 0.000000 0.000000
0.000000 0.000000 0.000000
0.000000 0.000000 0.000000
0.071659 0.176053 -0.460781
0.000000 0.000000 0.000000
0.299949 0.141558 -0.754512
0.000000 0.000000 0.000000
-0.027455 0.143989 -0.297700
0.000000 0.000000 0.000000
0.481633 -0.306139 -0.776045
0.000000 0.000000 0.000000
0.490602 0.136029 -0.582188
0.172506 0.133643 -0.310564
0.539253 0.164137 -0.385010
0.000000 0.000000 0.000000
0.000000 0.000000 0.000000
0.000000 0.000000 0.000000
0.000000 0.000000 0.000000
0.000000 0.000000 0.000000
0.000000 0.000000 0.000000
0.201275 -0.305033 -0.776045
0.000000 0.000000 0.000000
0.210148 0.073057 -0.751541
0.000000 0.000000 0.000000
0.220708 0.176053 -0.497032
0.000000 0.000000 0.000000
0.000000 0.000000 0.000000
0.189538 0.176053 -0.293380
0.000000 0.000000 0.000000
0.000000 0.000000 0.000000
0.000000 0.000000 0.000000
0.000000 0.000000 0.000000
0.000000 0.000000 0.000000
0.336848 0.090160 -0.461566
0.039680 0.176053 -0.587606
0.000000 0.000000 0.000000
0.000000 0.000000 0.000000
0.000000 0.000000 0.000000
0.368442 0.176053 -0.545190
0.000000 0.000000 0.000000
0.441021 0.176053 -0.489720
0.000000 0.000000 0.000000
0.332514 -0.175383 -0.745753
0.000000 0.000000 0.000000
0.138477 0.176053 -0.308404
0.000000 0.000000 0.000000
0.000000 0.000000 0.000000
0.000000 0.000000 0.000000
0.000000 0.000000 0.000000
0.000000 0.000000 0.000000
0.101324 0.176053 -0.713172
0.000000 0.000000 0.000000
0.470959 0.133643 -0.659284
0.000000 0.000000 0.000000
0.000000 0.000000 0.000000
0.000000 0.000000 0.000000
0.000000 0.000000 0.000000
0.000000 0.000000 0.000000
0.429171 0.176053 -0.277903
0.000000 0.000000 0.000000
0.331243 -0.034836 -0.296934
0.000000 0.000000 0.000000
0.000000 0.000000 0.000000
0.504455 -0.025750 -0.745753
0.000000 0.000000 0.000000
0.000000 0.000000 0.000000
0.000000 0.000000 0.000000
0.475478 0.176053 -0.452680
0.426212 0.056471 -0.776045
0.441436 -0.216879 -0.745753
0.297599 0.176053 -0.308758
0.000000 0.000000 0.000000
0.000000 0.000000 0.000000
0.282797 0.133643 -0.411002
0.000000 0.000000 0.000000
0.336848 0.040062 -0.668054
0.000000 0.000000 0.000000
0.000000 0.000000 0.000000
0.000000 0.000000 0.000000
0.244258 0.133643 -0.590610
0.118557 0.133643 -0.346118
0.000000 0.000000 0.000000
0.000000 0.000000 0.000000
0.000000 0.000000 0.000000
0.483335 0.176053 -0.657415
0.000000 0.000000 0.000000
0.000000 0.000000 0.000000
0.172823 -0.016857 -0.776045
0.000000 0.000000 0.000000
0.163383 0.176053 -0.471909
0.000000 0.000000 0.000000
0.000000 0.000000 0.000000
0.000000 0.000000 0.000000
0.377304 0.176053 -0.458350
0.162607 -0.136705 -0.776045
0.000000 0.000000 0.000000
0.000000 0.000000 0.000000
0.000000 0.000000 0.000000
0.283639 0.176053 -0.714489
0.000000 0.000000 0.000000
0.060737 0.133643 -0.605094
0.005229 0.137451 -0.382619
0.000000 0.000000 0.000000
0.000000 0.000000 0.000000
0.379984 0.133643 -0.321091
0.000000 0.000000 0.000000
0.278353 -0.268339 -0.745753
0.000000 0.000000 0.000000
0.000000 0.000000 0.000000
0.430095 0.133643 -0.577218
0.000000 0.000000 0.000000
0.000000 0.000000 0.000000
0.000000 0.000000 0.000000
0.000000 0.000000 0.000000
0.000000 0.000000 0.000000
0.000000 0.000000 0.000000
0.000000 0.000000 0.000000
0.000000 0.000000 0.000000
0.000000 0.000000 0.000000
0.000000 0.000000 0.000000
0.000000 0.000000 0.000000
0.000000 0.000000 0.000000
0.000000 0.000000 0.000000
0.319151 -0.005521 -0.776045
0.191931 0.176053 -0.585732
0.000000 0.000000 0.000000
0.359519 0.133643 -0.381250
0.000000 0.000000 0.000000
0.331243 0.033506 -0.523841
0.000000 0.000000 0.000000
0.000000 0.000000 0.000000
0.000000 0.000000 0.000000
0.000000 0.000000 0.000000
0.000000 0.000000 0.000000
0.000000 0.000000 0.000000
0.000000 0.000000 0.000000
0.220928 0.133643 -0.232570
0.000000 0.000000 0.000000
0.338916 -0.105027 -0.776045
0.000000 0.000000 0.000000
0.000000 0.000000 0.000000
0.173661 0.133643 -0.531885
0.000000 0.000000 0.000000
0.218850 -0.232983 -0.776045
0.336848 -0.018008 -0.457391
0.401220 -0.351042 -0.773820
0.000000 0.000000 0.000000
0.000000 0.000000 0.000000
0.000000 0.000000 0.000000
0.000000 0.000000 0.000000
0.000000 0.000000 0.000000
0.331243 0.033090 -0.238836
0.000000 0.000000 0.000000
0.000000 0.000000 0.000000
0.000000 0.000000 0.000000
0.331243 0.091037 -0.254533
0.056796 0.176053 -0.384520
0.216839 0.008863 -0.776045
0.336848 0.055305 -0.426340
0.000000 0.000000 0.000000
0.000000 0.000000 0.000000
0.366689 0.133643 -0.695615
0.373944 -0.230851 -0.776045
0.288462 0.176053 -0.548516
0.000000 0.000000 0.000000
0.000000 0.000000 0.000000
0.000000 0.000000 0.000000
0.097739 0.133643 -0.684491
0.000000 0.000000 0.000000
0.206123 -0.081499 -0.745753
0.000000 0.000000 0.000000
0.000000 0.000000 0.000000
0.233640 0.134086 -0.716217
0.209628 0.176053 -0.392972
0.000000 0.000000 0.000000
0.000000 0.000000 0.000000
0.000000 0.000000 0.000000
0.000000 0.000000 0.000000
0.009447 0.176053 -0.543406
0.000000 0.000000 0.000000
0.000000 0.000000 0.000000
0.200849 0.176053 -0.736959
0.000000 0.000000 0.000000
0.392241 0.133643 -0.500295
0.000000 0.000000 0.000000
0.523377 0.142584 -0.626336
0.299849 0.133643 -0.276421
0.000000 0.000000 0.000000
0.000000 0.000000 0.000000
0.000000 0.000000 0.000000
0.000000 0.000000 0.000000
0.463765 0.176053 -0.715068
0.000000 0.000000 0.000000
0.113243 0.176053 -0.638342
0.000000 0.000000 0.000000
0.495045 0.136918 -0.411295
0.000000 0.000000 0.000000
0.509540 -0.217570 -0.776045
0.000000 0.000000 0.000000
0.000000 0.000000 0.000000
0.000000 0.000000 0.000000
0.000000 0.000000 0.000000
0.000000 0.000000 0.000000
0.000000 0.000000 0.000000
0.449584 0.133643 -0.477459
0.000000 0.000000 0.000000
0.000000 0.000000 0.000000
0.090482 0.133643 -0.412272
0.000000 0.000000 0.000000
0.000000 0.000000 0.000000
0.174218 -0.351042 -0.747660
0.000000 0.000000 0.000000
0.000000 0.000000 0.000000
0.336848 0.011814 -0.303202
0.331243 0.097450 -0.713627
0.000000 0.000000 0.000000
0.000000 0.000000 0.000000
0.000000 0.000000 0.000000
0.000000 0.000000 0.000000
0.238504 0.121421 -0.776045
0.000000 0.000000 0.000000
0.435052 -0.077793 -0.776045
0.000000 0.000000 0.000000
0.000000 0.000000 0.000000
0.000000 0.000000 0.000000
0.467283 0.176053 -0.360427
0.336848 0.024455 -0.606724
0.000000 0.000000 0.000000
0.336848 -0.018196 -0.574871
0.000000 0.000000 0.000000
0.291281 0.133643 -0.616012
0.000000 0.000000 0.000000
0.000000 0.000000 0.000000
0.000000 0.000000 0.000000
0.000000 0.000000 0.000000
0.364765 -0.056157 -0.745753
0.000000 0.000000 0.000000
0.296494 0.073057 -0.748050
0.269494 -0.003635 -0.745753
0.000000 0.000000 0.000000
0.539253 0.173224 -0.318515
0.000000 0.000000 0.000000
0.000000 0.000000 0.000000
0.000000 0.000000 0.000000
0.000000 0.000000 0.000000
0.000000 0.000000 0.000000
0.000000 0.000000 0.000000
0.000000 0.000000 0.000000
0.000000 0.000000 0.000000
0.399743 0.176053 -0.361625
0.000000 0.000000 0.000000
0.000000 0.000000 0.000000
0.464456 0.147019 -0.776045
0.000000 0.000000 0.000000
0.000000 0.000000 0.000000
0.000000 0.000000 0.000000
0.368087 0.151992 -0.776045
0.000000 0.000000 0.000000
0.000000 0.000000 0.000000
0.000000 0.000000 0.000000
0.000000 0.000000 0.000000
0.000000 0.000000 0.000000
0.135665 0.133643 -0.248971
0.000000 0.000000 0.000000
0.000000 0.000000 0.000000
0.000000 0.000000 0.000000
0.000000 0.000000 0.000000
0.225542 -0.169885 -0.776045
0.204567 0.133643 -0.436475
0.262097 0.176053 -0.447622
0.333396 0.133643 -0.520538
0.144455 0.133643 -0.598822
0.000000 0.000000 0.000000
0.515020 -0.262138 -0.755216
0.328239 0.176053 -0.572225
0.180318 0.023664 -0.776045
0.000000 0.000000 0.000000
0.000000 0.000000 0.000000
0.000000 0.000000 0.000000
0.000000 0.000000 0.000000
0.000000 0.000000 0.000000
0.000000 0.000000 0.000000
0.000000 0.000000 0.000000
0.000000 0.000000 0.000000
0.000000 0.000000 0.000000
0.127704 0.176053 -0.390651
0.000000 0.000000 0.000000
0.297919 0.176053 -0.353635
0.000000 0.000000 0.000000
0.000000 0.000000 0.000000
0.000000 0.000000 0.000000
0.000000 0.000000 0.000000
0.000000 0.000000 0.000000
0.000000 0.000000 0.000000
0.000000 0.000000 0.000000
0.218232 0.176053 -0.669822
0.255746 0.133643 -0.488125
0.000000 0.000000 0.000000
0.000000 0.000000 0.000000
0.000000 0.000000 0.000000
0.000000 0.000000 0.000000
0.000000 0.000000 0.000000
0.000000 0.000000 0.000000
0.000000 0.000000 0.000000
0.394915 0.133643 -0.435580
0.000000 0.000000 0.000000
-0.017357 0.176053 -0.343107
0.000000 0.000000 0.000000
0.000000 0.000000 0.000000
0.536893 0.176053 -0.463143
0.000000 0.000000 0.000000
0.117394 0.176053 -0.510576
0.000000 0.000000 0.000000
0.000000 0.000000 0.000000
0.000000 0.000000 0.000000
0.000000 0.000000 0.000000
0.000000 0.000000 0.000000
0.246390 -0.324558 -0.745753
0.212630 0.133643 -0.360575
0.000000 0.000000 0.000000
0.000000 0.000000 0.000000
0.000000 0.000000 0.000000
0.468530 0.045638 -0.745753
0.052146 0.176053 -0.653252
0.121177 0.133643 -0.503353
0.385183 0.042332 -0.745753
0.000000 0.000000 0.000000
0.000000 0.000000 0.000000
0.000000 0.000000 0.000000
0.000000 0.000000 0.000000
0.327897 -0.351042 -0.759075
0.503316 -0.329186 -0.745753
0.000000 0.000000 0.000000
0.000000 0.000000 0.000000
0.000000 0.000000 0.000000
0.000000 0.000000 0.000000
0.000000 0.000000 0.000000
0.460647 -0.110398 -0.745753
0.000000 0.000000 0.000000
0.305971 -0.082194 -0.745753
0.451042 0.002690 -0.776045
0.393532 -0.192805 -0.776045
0.000000 0.000000 0.000000
0.000000 0.000000 0.000000
0.000000 0.000000 0.000000
0.488444 0.176053 -0.272933
0.319177 -0.228382 -0.776045
0.000000 0.000000 0.000000
0.145133 -0.109425 -0.745753
0.000000 0.000000 0.000000
0.165922 -0.255410 -0.745753
0.000000 0.000000 0.000000
0.000000 0.000000 0.000000
0.252598 -0.220116 -0.745753
0.000000 0.000000 0.000000
0.000000 0.000000 0.000000
0.000000 0.000000 0.000000
0.000000 0.000000 0.000000
0.000000 0.000000 0.000000
0.084417 0.176053 -0.332612
0.000000 0.000000 0.000000
0.000000 0.000000 0.000000
0.000000 0.000000 0.000000
0.000000 0.000000 0.000000
0.000000 0.000000 0.000000
0.000000 0.000000 0.000000
0.412159 0.143914 -0.766583
0.011160 0.176053 -0.283667
0.000000 0.000000 0.000000
0.000000 0.000000 0.000000
0.000000 0.000000 0.000000
0.000000 0.000000 0.000000
0.300226 0.133643 -0.693268
0.336848 -0.009626 -0.698491
0.000000 0.000000 0.000000
0.466290 0.176053 -0.611287
0.234359 0.176053 -0.325747
0.000000 0.000000 0.000000
0.000000 0.000000 0.000000
0.000000 0.000000 0.000000
0.000000 0.000000 0.000000
0.479983 -0.047536 -0.776045
0.000000 0.000000 0.000000
0.000000 0.000000 0.000000
0.000000 0.000000 0.000000
0.000000 0.000000 0.000000
0.000000 0.000000 0.000000
0.000000 0.000000 0.000000
0.000000 0.000000 0.000000
0.248661 0.176053 -0.274811
0.000000 0.000000 0.000000
0.000000 0.000000 0.000000
0.000000 0.000000 0.000000
0.000000 0.000000 0.000000
0.446922 -0.351042 -0.749787
0.000000 0.000000 0.000000
0.000000 0.000000 0.000000
0.262327 0.059635 -0.776045
0.457125 -0.284759 -0.745753
0.000000 0.000000 0.000000
0.000000 0.000000 0.000000
0.000000 0.000000 0.000000
0.144426 0.133643 -0.444180
0.000000 0.000000 0.000000
0.361543 0.176053 -0.714872
0.000000 0.000000 0.000000
0.000000 0.000000 0.000000
0.314791 -0.269495 -0.776045
0.355218 0.176053 -0.302920
0.000000 0.000000 0.000000
0.262290 0.175867 -0.776045
0.000000 0.000000 0.000000
0.445119 -0.029196 -0.745753
0.000000 0.000000 0.000000
0.000000 0.000000 0.000000
0.420087 0.133643 -0.664567
0.000000 0.000000 0.000000
0.000000 0.000000 0.000000
0.000000 0.000000 0.000000
0.000000 0.000000 0.000000
0.000000 0.000000 0.000000
0.000000 0.000000 0.000000
0.331243 0.027037 -0.728612
0.000000 0.000000 0.000000
0.000000 0.000000 0.000000
0.331243 -0.045993 -0.240467
0.000000 0.000000 0.000000
0.000000 0.000000 0.000000
0.000000 0.000000 0.000000
0.000000 0.000000 0.000000
0.000000 0.000000 0.000000
0.000000 0.000000 0.000000
0.515020 -0.079233 -0.775208
0.331243 0.112898 -0.414090
0.000000 0.000000 0.000000
0.000000 0.000000 0.000000
0.261536 0.176053 -0.587883
0.177795 -0.227662 -0.776045
0.000000 0.000000 0.000000
0.517169 0.176053 -0.704217
0.000000 0.000000 0.000000
0.515019 -0.187815 -0.747994
0.200155 -0.018724 -0.745753
0.000000 0.000000 0.000000
0.513270 0.140564 -0.255376
0.404999 0.176053 -0.568041
0.000000 0.000000 0.000000
0.456653 0.176053 -0.538831
0.103668 0.133643 -0.613242
0.426369 0.176053 -0.429515
0.212318 0.133643 -0.549649
0.515020 0.011705 -0.764234
0.107166 0.137193 -0.732143
0.000000 0.000000 0.000000
0.000000 0.000000 0.000000
0.363277 0.002025 -0.745753
0.338997 0.176053 -0.497646
0.000000 0.000000 0.000000
0.000000 0.000000 0.000000
0.000000 0.000000 0.000000
0.000000 0.000000 0.000000
0.149531 0.176053 -0.670532
0.000000 0.000000 0.000000
-0.036310 0.162700 -0.392666
0.183117 -0.091312 -0.776046
0.241041 -0.097885 -0.776045
0.153903 0.133643 -0.703992
0.000000 0.000000 0.000000
0.225433 -0.351042 -0.775490
0.511575 0.176053 -0.771427
0.000000 0.000000 0.000000
0.000000 0.000000 0.000000
0.539253 0.158034 -0.573977
0.000000 0.000000 0.000000
0.432988 -0.305281 -0.776045
0.000000 0.000000 0.000000
0.000000 0.000000 0.000000
0.058050 0.133643 -0.388039
0.000000 0.000000 0.000000
0.278605 0.133643 -0.356287
0.318894 -0.306398 -0.745753
0.000000 0.000000 0.000000
0.000000 0.000000 0.000000
0.000000 0.000000 0.000000
0.051735 0.176053 -0.521026
0.000000 0.000000 0.000000
0.395010 0.133643 -0.272943
0.059739 0.133643 -0.252232
0.000000 0.000000 0.000000
0.336848 0.121382 -0.633674
0.000000 0.000000 0.000000
0.000000 0.000000 0.000000
0.242779 -0.122771 -0.745753
0.325341 0.133643 -0.318463
0.000000 0.000000 0.000000
0.260879 -0.283255 -0.776045
0.000000 0.000000 0.000000
0.045862 0.133643 -0.555722
0.319293 -0.123529 -0.745753
0.156395 0.176053 -0.549379
0.000000 0.000000 0.000000
0.000000 0.000000 0.000000
0.267103 0.133643 -0.306233
0.054294 0.133643 -0.455245
0.500514 0.176053 -0.531180
0.000000 0.000000 0.000000
0.000000 0.000000 0.000000
0.000000 0.000000 0.000000
0.321839 0.176053 -0.751002
0.000000 0.000000 0.000000
0.000000 0.000000 0.000000
0.000000 0.000000 0.000000
0.000000 0.000000 0.000000
0.000000 0.000000 0.000000
0.000000 0.000000 0.000000
0.000000 0.000000 0.000000
0.197481 -0.130656 -0.745753
0.000000 0.000000 0.000000
0.000000 0.000000 0.000000
0.000000 0.000000 0.000000
0.255345 0.104577 -0.745753
0.000000 0.000000 0.000000
0.336848 0.091590 -0.665545
0.304757 0.133643 -0.570413
0.000000 0.000000 0.000000
0.000000 0.000000 0.000000
0.382037 -0.120947 -0.776045
0.000000 0.000000 0.000000
0.336848 0.021627 -0.481940
0.000000 0.000000 0.000000
0.000000 0.000000 0.000000
0.331243 0.067101 -0.548304
0.000000 0.000000 0.000000
0.000000 0.000000 0.000000
-0.007124 0.139923 -0.435746
0.244070 -0.047431 -0.745753
0.212441 -0.053445 -0.776045
0.000000 0.000000 0.000000
0.132009 0.133643 -0.647248
0.000000 0.000000 0.000000
0.103927 0.133643 -0.288485
0.000000 0.000000 0.000000
0.000000 0.000000 0.000000
0.000000 0.000000 0.000000
0.002804 0.176053 -0.410206
0.384713 0.139190 -0.742375
0.396446 0.133643 -0.614462
0.000000 0.000000 0.000000
0.000000 0.000000 0.000000
0.000000 0.000000 0.000000
0.419062 -0.327820 -0.745753
0.000000 0.000000 0.000000
0.000000 0.000000 0.000000
0.336848 0.073842 -0.209785
0.360695 0.176053 -0.354840
0.000000 0.000000 0.000000
0.000000 0.000000 0.000000
0.000000 0.000000 0.000000
0.000000 0.000000 0.000000
0.372103 -0.344932 -0.745753
0.000000 0.000000 0.000000
0.000000 0.000000 0.000000
0.331243 0.030312 -0.379965
0.000000 0.000000 0.000000
0.000000 0.000000 0.000000
0.256598 0.176053 -0.379377
0.000000 0.000000 0.000000
0.000000 0.000000 0.000000
0.440805 0.133643 -0.298883
0.215063 0.171292 -0.776045
0.000000 0.000000 0.000000
0.000000 0.000000 0.000000
0.000000 0.000000 0.000000
0.365584 0.176053 -0.402862
0.000000 0.000000 0.000000
0.239633 0.133643 -0.403657
0.000000 0.000000 0.000000
0.426626 0.021885 -0.745753
0.000000 0.000000 0.000000
0.000000 0.000000 0.000000
0.336848 0.010122 -0.417673
0.336848 0.090510 -0.372808
0.166772 0.176053 -0.419602
0.000000 0.000000 0.000000
0.000000 0.000000 0.000000
0.000000 0.000000 0.000000
0.000000 0.000000 0.000000
0.000000 0.000000 0.000000
0.000000 0.000000 0.000000
0.349374 0.073057 -0.747980
0.000000 0.000000 0.000000
0.000000 0.000000 0.000000
0.108253 0.176053 -0.432319
0.000000 0.000000 0.000000
0.398409 -0.236370 -0.745753
0.000000 0.000000 0.000000
0.000000 0.000000 0.000000
0.000000 0.000000 0.000000
0.000000 0.000000 0.000000
0.000000 0.000000 0.000000
0.000000 0.000000 0.000000
0.000000 0.000000 0.000000
0.000000 0.000000 0.000000
0.000000 0.000000 0.000000
0.000000 0.000000 0.000000
0.000000 0.000000 0.000000
0.000000 0.000000 0.000000
0.000000 0.000000 0.000000
0.000000 0.000000 0.000000
0.345211 -0.218250 -0.745753
0.000000 0.000000 0.000000
0.000000 0.000000 0.000000
0.000000 0.000000 0.000000
