0.000000 0.000000 0.000000
0.000000 0.000000 0.000000
0.000000 0.000000 0.000000
0.000000 0.000000 0.000000
0.000000 0.000000 0.000000
0.000000 0.000000 0.000000
0.162906 0.308438 0.647134
0.000000 0.000000 0.000000
0.000000 0.000000 0.000000
-0.242254 0.308438 0.106962
0.000000 0.000000 0.000000
0.000000 0.000000 0.000000
-0.164996 0.217090 0.796028
0.000000 0.000000 0.000000
0.000000 0.000000 0.000000
-0.094800 0.144233 0.736826
-0.163537 0.241305 0.231750
0.014078 0.308438 0.465225
0.000000 0.000000 0.000000
0.000000 0.000000 0.000000
0.000000 0.000000 0.000000
0.000000 0.000000 0.000000
0.000000 0.000000 0.000000
0.000000 0.000000 0.000000
0.000000 0.000000 0.000000
0.000000 0.000000 0.000000
0.000000 0.000000 0.000000
0.000000 0.000000 0.000000
-0.001696 -0.064568 0.796028
0.000000 0.000000 0.000000
0.287278 0.169007 0.796028
0.000000 0.000000 0.000000
0.134062 0.217052 0.736826
0.000000 0.000000 0.000000
0.000000 0.000000 0.000000
0.000000 0.000000 0.000000
0.000000 0.000000 0.000000
0.000000 0.000000 0.000000
-0.099499 0.241305 0.580317
0.000000 0.000000 0.000000
0.000000 0.000000 0.000000
0.000000 0.000000 0.000000
0.000000 0.000000 0.000000
0.040516 -0.050305 0.736826
0.000000 0.000000 0.000000
0.000000 0.000000 0.000000
0.000000 0.000000 0.000000
0.086886 -0.222534 0.736826
0.000000 0.000000 0.000000
-0.166719 0.308438 0.342596
0.000000 0.000000 0.000000
0.000000 0.000000 0.000000
0.000000 0.000000 0.000000
0.000000 0.000000 0.000000
-0.036520 0.308438 0.688445
0.000000 0.000000 0.000000
0.000000 0.000000 0.000000
0.000000 0.000000 0.000000
0.224984 -0.049001 0.796028
0.000000 0.000000 0.000000
0.000000 0.000000 0.000000
0.000000 0.000000 0.000000
-0.042591 0.241305 0.590064
0.000000 0.000000 0.000000
0.000000 0.000000 0.000000
0.000000 0.000000 0.000000
0.000000 0.000000 0.000000
0.000000 0.000000 0.000000
0.000000 0.000000 0.000000
0.075079 0.117052 0.796028
0.000000 0.000000 0.000000
0.000000 0.000000 0.000000
0.123844 0.308438 0.556057
0.000000 0.000000 0.000000
0.000000 0.000000 0.000000
0.000000 0.000000 0.000000
0.000000 0.000000 0.000000
0.000000 0.000000 0.000000
0.000000 0.000000 0.000000
0.000000 0.000000 0.000000
0.000000 0.000000 0.000000
0.000000 0.000000 0.000000
-0.110457 0.043326 0.796028
0.000000 0.000000 0.000000
-0.121087 0.241305 0.423709
-0.221261 0.241305 0.602613
0.000000 0.000000 0.000000
0.001119 0.120728 0.736826
0.000000 0.000000 0.000000
0.000000 0.000000 0.000000
0.000000 0.000000 0.000000
0.000000 0.000000 0.000000
0.000000 0.000000 0.000000
-0.109182 0.308438 0.548133
0.000000 0.000000 0.000000
0.000000 0.000000 0.000000
0.000000 0.000000 0.000000
0.000000 0.000000 0.000000
0.000000 0.000000 0.000000
-0.018809 -0.263593 0.796028
-0.114841 0.308438 0.185613
0.000000 0.000000 0.000000
0.000000 0.000000 0.000000
0.000000 0.000000 0.000000
0.000000 0.000000 0.000000
0.000000 0.000000 0.000000
0.000000 0.000000 0.000000
0.116573 0.308438 0.777494
0.000000 0.000000 0.000000
0.000000 0.000000 0.000000
0.000000 0.000000 0.000000
0.000000 0.000000 0.000000
0.000000 0.000000 0.000000
0.000000 0.000000 0.000000
0.000000 0.000000 0.000000
0.000000 0.000000 0.000000
-0.139339 -0.164296 0.796028
0.000000 0.000000 0.000000
0.145320 0.010670 0.796028
-0.006202 0.238697 0.796028
0.000000 0.000000 0.000000
0.173755 0.059747 0.736826
0.000000 0.000000 0.000000
0.150327 0.241305 0.584689
0.349438 0.307797 0.796028
0.000000 0.000000 0.000000
0.000000 0.000000 0.000000
-0.146174 -0.148980 0.736826
0.274601 0.308438 0.762190
0.000000 0.000000 0.000000
0.000000 0.000000 0.000000
-0.025530 -0.448247 0.796028
0.000000 0.000000 0.000000
0.000000 0.000000 0.000000
0.000000 0.000000 0.000000
-0.241050 0.308438 -0.030228
0.000000 0.000000 0.000000
0.000000 0.000000 0.000000
0.000000 0.000000 0.000000
0.000000 0.000000 0.000000
0.000000 0.000000 0.000000
0.000000 0.000000 0.000000
0.000000 0.000000 0.000000
0.000000 0.000000 0.000000
-0.059099 0.241305 0.325743
0.000000 0.000000 0.000000
-0.079871 0.023587 0.736826
0.000000 0.000000 0.000000
0.000000 0.000000 0.000000
0.000000 0.000000 0.000000
-0.207393 0.228984 0.736826
0.000000 0.000000 0.000000
0.000000 0.000000 0.000000
0.000000 0.000000 0.000000
0.000000 0.000000 0.000000
0.000000 0.000000 0.000000
0.000000 0.000000 0.000000
0.000000 0.000000 0.000000
0.000000 0.000000 0.000000
0.000000 0.000000 0.000000
0.000000 0.000000 0.000000
0.000000 0.000000 0.000000
0.000000 0.000000 0.000000
-0.016542 0.308438 0.270918
-0.055937 -0.189249 0.736826
0.000000 0.000000 0.000000
0.000000 0.000000 0.000000
0.000000 0.000000 0.000000
0.000000 0.000000 0.000000
0.000000 0.000000 0.000000
-0.155391 0.308438 0.708386
0.016958 0.241305 0.697577
-0.217625 0.308438 0.625266
0.000000 0.000000 0.000000
0.000000 0.000000 0.000000
0.000000 0.000000 0.000000
0.000000 0.000000 0.000000
-0.197509 0.241305 0.497056
0.000000 0.000000 0.000000
0.000000 0.000000 0.000000
0.000000 0.000000 0.000000
0.000000 0.000000 0.000000
0.168424 0.155541 0.796028
0.000000 0.000000 0.000000
0.000000 0.000000 0.000000
-0.229887 0.241305 0.130980
0.000000 0.000000 0.000000
0.000000 0.000000 0.000000
0.000000 0.000000 0.000000
0.000000 0.000000 0.000000
0.000000 0.000000 0.000000
0.009024 0.241305 0.428720
0.000000 0.000000 0.000000
0.000000 0.000000 0.000000
0.000000 0.000000 0.000000
0.000000 0.000000 0.000000
0.291640 0.308438 0.706879
0.000000 0.000000 0.000000
0.109196 -0.158286 0.796028
-0.010153 -0.289056 0.736826
0.000000 0.000000 0.000000
0.000000 0.000000 0.000000
0.000000 0.000000 0.000000
0.000000 0.000000 0.000000
0.000000 0.000000 0.000000
0.000000 0.000000 0.000000
0.000000 0.000000 0.000000
0.000000 0.000000 0.000000
0.000000 0.000000 0.000000
0.000000 0.000000 0.000000
-0.189243 0.115668 0.796028
-0.001916 0.052498 0.796028
0.000000 0.000000 0.000000
0.000000 0.000000 0.000000
0.000000 0.000000 0.000000
0.000000 0.000000 0.000000
0.000000 0.000000 0.000000
0.000000 0.000000 0.000000
0.000000 0.000000 0.000000
-0.000760 0.308438 0.577801
0.015411 0.308438 0.768772
0.184252 0.308438 0.752664
-0.175360 0.308438 0.449221
0.000000 0.000000 0.000000
0.000000 0.000000 0.000000
0.000000 0.000000 0.000000
-0.103486 0.307042 0.796028
0.000000 0.000000 0.000000
0.032336 0.308438 0.358237
0.000000 0.000000 0.000000
0.000000 0.000000 0.000000
0.090157 0.308438 0.662293
0.234963 0.241305 0.729644
0.000000 0.000000 0.000000
0.000000 0.000000 0.000000
0.000000 0.000000 0.000000
0.000000 0.000000 0.000000
0.000000 0.000000 0.000000
0.000000 0.000000 0.000000
-0.187853 0.099027 0.736826
0.000000 0.000000 0.000000
0.000000 0.000000 0.000000
0.000000 0.000000 0.000000
0.000000 0.000000 0.000000
0.000000 0.000000 0.000000
0.000000 0.000000 0.000000
-0.006492 -0.154121 0.796028
0.000000 0.000000 0.000000
0.000000 0.000000 0.000000
0.000000 0.000000 0.000000
0.058483 -0.400648 0.796028
0.000000 0.000000 0.000000
0.051701 0.241305 0.531700
0.000000 0.000000 0.000000
0.000000 0.000000 0.000000
-0.105698 -0.068009 0.796028
-0.079669 -0.255072 0.796028
0.000000 0.000000 0.000000
0.000000 0.000000 0.000000
0.000000 0.000000 0.000000
-0.073579 0.131164 0.796028
0.000000 0.000000 0.000000
0.000000 0.000000 0.000000
0.000000 0.000000 0.000000
0.000000 0.000000 0.000000
-0.088470 0.241305 0.719978
0.000000 0.000000 0.000000
-0.080191 0.308438 0.282291
0.000000 0.000000 0.000000
-0.174481 0.308438 0.239921
0.000000 0.000000 0.000000
0.000000 0.000000 0.000000
0.000000 0.000000 0.000000
0.213031 0.258940 0.796028
0.000000 0.000000 0.000000
0.000000 0.000000 0.000000
0.000000 0.000000 0.000000
-0.073815 -0.365980 0.796028
0.000000 0.000000 0.000000
0.000000 0.000000 0.000000
0.000000 0.000000 0.000000
0.000000 0.000000 0.000000
0.000000 0.000000 0.000000
0.049598 0.241305 0.632061
0.000000 0.000000 0.000000
-0.202845 0.241305 0.308490
0.000000 0.000000 0.000000
0.000000 0.000000 0.000000
0.000000 0.000000 0.000000
0.000000 0.000000 0.000000
0.000000 0.000000 0.000000
0.073533 -0.280265 0.796028
0.000000 0.000000 0.000000
-0.068948 0.308438 0.354996
-0.155163 0.241305 0.657050
0.000000 0.000000 0.000000
-0.157078 0.308438 0.119220
0.000000 0.000000 0.000000
0.000000 0.000000 0.000000
0.000000 0.000000 0.000000
-0.121927 0.241305 0.148246
0.000000 0.000000 0.000000
0.000000 0.000000 0.000000
0.009067 -0.175061 0.736826
0.000000 0.000000 0.000000
0.000000 0.000000 0.000000
0.000000 0.000000 0.000000
0.000000 0.000000 0.000000
0.000000 0.000000 0.000000
0.000000 0.000000 0.000000
0.000000 0.000000 0.000000
0.000000 0.000000 0.000000
0.000000 0.000000 0.000000
0.000000 0.000000 0.000000
0.000000 0.000000 0.000000
0.000000 0.000000 0.000000
0.000000 0.000000 0.000000
0.080706 0.067881 0.796028
0.000000 0.000000 0.000000
0.000000 0.000000 0.000000
0.025302 0.018242 0.736826
0.068761 0.181965 0.736826
0.114465 -0.005295 0.736826
0.082143 0.206489 0.796028
0.000000 0.000000 0.000000
-0.039609 0.241305 0.501137
0.123550 -0.158357 0.736826
0.000000 0.000000 0.000000
0.000000 0.000000 0.000000
0.000000 0.000000 0.000000
0.000000 0.000000 0.000000
0.000000 0.000000 0.000000
0.000000 0.000000 0.000000
0.000000 0.000000 0.000000
0.000000 0.000000 0.000000
0.000000 0.000000 0.000000
0.000000 0.000000 0.000000
0.000000 0.000000 0.000000
-0.195385 0.308438 0.787136
0.157920 -0.075487 0.796028
0.070673 0.085292 0.736826
-0.173776 0.020130 0.736826
0.000000 0.000000 0.000000
0.000000 0.000000 0.000000
0.000000 0.000000 0.000000
0.242466 0.116955 0.796028
0.000000 0.000000 0.000000
0.140913 0.134845 0.736826
0.000000 0.000000 0.000000
0.000000 0.000000 0.000000
0.000000 0.000000 0.000000
0.000000 0.000000 0.000000
-0.043179 -0.492182 0.736826
0.229560 0.308438 0.620292
0.000000 0.000000 0.000000
0.000000 0.000000 0.000000
0.000000 0.000000 0.000000
-0.090275 0.204616 0.796028
0.000000 0.000000 0.000000
0.000000 0.000000 0.000000
0.000000 0.000000 0.000000
0.000000 0.000000 0.000000
-0.052951 0.308438 0.457083
0.000000 0.000000 0.000000
0.204651 -0.012024 0.736826
0.000000 0.000000 0.000000
0.137715 -0.234125 0.796028
0.000000 0.000000 0.000000
0.000000 0.000000 0.000000
0.000000 0.000000 0.000000
0.000000 0.000000 0.000000
0.000000 0.000000 0.000000
-0.027103 -0.091993 0.736826
0.000000 0.000000 0.000000
0.000000 0.000000 0.000000
0.000000 0.000000 0.000000
-0.097352 -0.048455 0.736826
0.078073 -0.070361 0.796028
0.000000 0.000000 0.000000
0.024821 -0.324982 0.796028
0.000000 0.000000 0.000000
0.000000 0.000000 0.000000
0.000000 0.000000 0.000000
0.000000 0.000000 0.000000
-0.011545 0.241305 0.365148
0.000000 0.000000 0.000000
-0.189017 0.308438 0.526635
0.000000 0.000000 0.000000
0.000000 0.000000 0.000000
0.000000 0.000000 0.000000
0.000000 0.000000 0.000000
0.210859 0.056824 0.796028
-0.096336 0.308438 0.636613
0.000000 0.000000 0.000000
0.000000 0.000000 0.000000
0.007688 0.182137 0.796028
0.144389 0.241305 0.664521
0.000000 0.000000 0.000000
0.000000 0.000000 0.000000
0.000000 0.000000 0.000000
0.000000 0.000000 0.000000
0.000000 0.000000 0.000000
-0.215406 0.308438 0.184341
0.000000 0.000000 0.000000
0.000000 0.000000 0.000000
0.000000 0.000000 0.000000
0.130763 0.241305 0.512798
-0.122132 0.308438 0.419282
0.000000 0.000000 0.000000
0.000000 0.000000 0.000000
0.000000 0.000000 0.000000
0.000000 0.000000 0.000000
0.000000 0.000000 0.000000
0.000000 0.000000 0.000000
0.000000 0.000000 0.000000
-0.235176 0.179879 0.796028
0.000000 0.000000 0.000000
-0.020156 -0.368878 0.736826
0.000000 0.000000 0.000000
0.000000 0.000000 0.000000
0.000000 0.000000 0.000000
0.000000 0.000000 0.000000
0.000000 0.000000 0.000000
0.000000 0.000000 0.000000
-0.117744 -0.227637 0.736826
0.000000 0.000000 0.000000
-0.172838 0.241305 0.366550
0.000000 0.000000 0.000000
0.178181 -0.146499 0.796028
0.000000 0.000000 0.000000
0.000000 0.000000 0.000000
0.000000 0.000000 0.000000
-0.049553 -0.005663 0.796028
0.000000 0.000000 0.000000
0.000000 0.000000 0.000000
0.000000 0.000000 0.000000
0.000000 0.000000 0.000000
0.000000 0.000000 0.000000
0.000000 0.000000 0.000000
0.000000 0.000000 0.000000
0.069263 0.308438 0.415140
-0.079068 -0.136289 0.796028
0.000000 0.000000 0.000000
0.000000 0.000000 0.000000
0.000000 0.000000 0.000000
0.000000 0.000000 0.000000
0.000000 0.000000 0.000000
-0.231784 0.308438 0.698192
0.000000 0.000000 0.000000
0.000000 0.000000 0.000000
0.000000 0.000000 0.000000
0.000000 0.000000 0.000000
0.000000 0.000000 0.000000
0.000000 0.000000 0.000000
-0.225866 0.241305 0.677657
0.000000 0.000000 0.000000
0.000000 0.000000 0.000000
0.150866 0.234397 0.796028
0.000000 0.000000 0.000000
0.000000 0.000000 0.000000
0.000000 0.000000 0.000000
0.000000 0.000000 0.000000
0.194684 0.308438 0.553255
0.000000 0.000000 0.000000
-0.236803 0.308438 0.277470
0.000000 0.000000 0.000000
0.000000 0.000000 0.000000
0.055733 0.272448 0.796028
0.011107 -0.480511 0.796028
0.000000 0.000000 0.000000
0.000000 0.000000 0.000000
0.000000 0.000000 0.000000
0.068443 -0.213254 0.796028
0.308637 0.237539 0.796028
0.000000 0.000000 0.000000
0.000000 0.000000 0.000000
-0.238547 0.308438 0.494717
0.000000 0.000000 0.000000
0.000000 0.000000 0.000000
0.000000 0.000000 0.000000
0.000000 0.000000 0.000000
0.000000 0.000000 0.000000
0.000000 0.000000 0.000000
0.000000 0.000000 0.000000
0.000000 0.000000 0.000000
0.000000 0.000000 0.000000
0.000000 0.000000 0.000000
0.000000 0.000000 0.000000
-0.141654 0.203491 0.736826
0.000000 0.000000 0.000000
0.000000 0.000000 0.000000
0.000000 0.000000 0.000000
0.000000 0.000000 0.000000
-0.073008 0.261281 0.796028
-0.059997 0.241305 0.408083
-0.130453 0.241305 0.317716
0.204447 0.241305 0.624984
-0.070521 0.241305 0.659865
0.000000 0.000000 0.000000
0.000000 0.000000 0.000000
0.228362 0.172409 0.736826
0.000000 0.000000 0.000000
0.000000 0.000000 0.000000
0.000000 0.000000 0.000000
0.000000 0.000000 0.000000
-0.230251 0.241305 -0.016112
0.000000 0.000000 0.000000
0.000000 0.000000 0.000000
-0.091940 0.241305 0.253260
0.000000 0.000000 0.000000
0.000000 0.000000 0.000000
0.131964 0.100059 0.796028
0.000000 0.000000 0.000000
0.058388 -0.004111 0.796028
0.000000 0.000000 0.000000
-0.188171 0.039943 0.796028
0.000000 0.000000 0.000000
0.000000 0.000000 0.000000
0.000000 0.000000 0.000000
0.000000 0.000000 0.000000
-0.200185 0.308438 0.019219
0.018964 0.308438 0.653900
0.000000 0.000000 0.000000
0.000000 0.000000 0.000000
0.000000 0.000000 0.000000
0.000000 0.000000 0.000000
0.000000 0.000000 0.000000
0.000000 0.000000 0.000000
0.000000 0.000000 0.000000
0.000000 0.000000 0.000000
0.000000 0.000000 0.000000
0.000000 0.000000 0.000000
0.000000 0.000000 0.000000
-0.019745 0.213852 0.736826
-0.148793 -0.033616 0.796028
0.000000 0.000000 0.000000
0.000000 0.000000 0.000000
0.000000 0.000000 0.000000
0.000000 0.000000 0.000000
0.000000 0.000000 0.000000
0.000000 0.000000 0.000000
0.222052 0.168969 0.796028
0.062833 0.308438 0.596053
0.000000 0.000000 0.000000
0.000000 0.000000 0.000000
0.000000 0.000000 0.000000
-0.198874 0.163893 0.736826
-0.004672 -0.437738 0.736826
-0.098749 0.085432 0.736826
0.000000 0.000000 0.000000
0.000000 0.000000 0.000000
0.000000 0.000000 0.000000
0.000000 0.000000 0.000000
0.000000 0.000000 0.000000
0.000000 0.000000 0.000000
0.015504 -0.234162 0.736826
0.000000 0.000000 0.000000
0.000000 0.000000 0.000000
0.000000 0.000000 0.000000
-0.146317 0.087823 0.796028
0.039970 0.308438 0.523959
-0.036581 -0.026098 0.736826
0.000000 0.000000 0.000000
-0.271018 0.308438 0.620935
0.000000 0.000000 0.000000
0.000000 0.000000 0.000000
0.000000 0.000000 0.000000
0.000000 0.000000 0.000000
0.000000 0.000000 0.000000
0.000000 0.000000 0.000000
0.000000 0.000000 0.000000
0.000000 0.000000 0.000000
0.214755 0.308438 0.683622
-0.170744 0.241305 0.564063
0.000000 0.000000 0.000000
0.000000 0.000000 0.000000
0.000000 0.000000 0.000000
-0.119053 0.308438 0.485269
0.000000 0.000000 0.000000
0.000000 0.000000 0.000000
0.000000 0.000000 0.000000
0.000000 0.000000 0.000000
0.000000 0.000000 0.000000
-0.075493 0.308438 0.743387
-0.128566 0.155313 0.796028
0.000000 0.000000 0.000000
0.000000 0.000000 0.000000
0.000000 0.000000 0.000000
0.000000 0.000000 0.000000
0.000000 0.000000 0.000000
0.000000 0.000000 0.000000
0.120464 0.308438 0.499448
0.000000 0.000000 0.000000
0.000000 0.000000 0.000000
0.000000 0.000000 0.000000
0.000000 0.000000 0.000000
0.000000 0.000000 0.000000
-0.179936 0.241305 0.167454
-0.044131 -0.207451 0.796028
0.000000 0.000000 0.000000
-0.012900 0.130528 0.796028
0.000000 0.000000 0.000000
0.218027 0.009700 0.796028
0.000000 0.000000 0.000000
0.000000 0.000000 0.000000
0.000000 0.000000 0.000000
0.000000 0.000000 0.000000
0.000000 0.000000 0.000000
0.000000 0.000000 0.000000
0.000000 0.000000 0.000000
0.000000 0.000000 0.000000
0.051954 -0.146897 0.796028
-0.118797 0.241305 0.524544
0.000000 0.000000 0.000000
0.022855 -0.437942 0.796028
-0.170047 0.241305 0.091515
0.000000 0.000000 0.000000
0.100760 0.259630 0.796028
0.000000 0.000000 0.000000
0.000000 0.000000 0.000000
0.000000 0.000000 0.000000
0.000000 0.000000 0.000000
0.000000 0.000000 0.000000
0.000000 0.000000 0.000000
0.000000 0.000000 0.000000
-0.060771 -0.316099 0.736826
0.115408 -0.105449 0.796028
0.000000 0.000000 0.000000
0.000000 0.000000 0.000000
0.000000 0.000000 0.000000
0.000000 0.000000 0.000000
0.000000 0.000000 0.000000
0.000000 0.000000 0.000000
0.000000 0.000000 0.000000
0.000000 0.000000 0.000000
0.000000 0.000000 0.000000
0.000000 0.000000 0.000000
0.000000 0.000000 0.000000
0.000000 0.000000 0.000000
0.068369 0.241305 0.710464
0.000000 0.000000 0.000000
-0.090795 -0.130313 0.736826
0.000000 0.000000 0.000000
0.000000 0.000000 0.000000
-0.120789 -0.006948 0.736826
0.000000 0.000000 0.000000
0.000000 0.000000 0.000000
0.000000 0.000000 0.000000
0.000000 0.000000 0.000000
0.000000 0.000000 0.000000
0.000000 0.000000 0.000000
0.094087 -0.014835 0.796028
0.000000 0.000000 0.000000
0.000000 0.000000 0.000000
0.000000 0.000000 0.000000
0.000000 0.000000 0.000000
0.000000 0.000000 0.000000
0.000000 0.000000 0.000000
0.000000 0.000000 0.000000
0.000000 0.000000 0.000000
-0.218565 0.241305 0.216027
0.000000 0.000000 0.000000
0.000000 0.000000 0.000000
0.000000 0.000000 0.000000
0.000000 0.000000 0.000000
0.000000 0.000000 0.000000
0.000000 0.000000 0.000000
0.000000 0.000000 0.000000
0.000000 0.000000 0.000000
0.000000 0.000000 0.000000
0.000000 0.000000 0.000000
0.000000 0.000000 0.000000
0.000000 0.000000 0.000000
-0.035161 -0.110371 0.796028
0.000000 0.000000 0.000000
-0.069142 -0.312274 0.796028
0.066960 -0.169880 0.736826
0.000000 0.000000 0.000000
-0.038465 0.184750 0.796028
-0.210134 0.252891 0.796028
0.000000 0.000000 0.000000
0.000000 0.000000 0.000000
0.000000 0.000000 0.000000
0.000000 0.000000 0.000000
0.000000 0.000000 0.000000
0.000000 0.000000 0.000000
0.000000 0.000000 0.000000
0.000000 0.000000 0.000000
0.000000 0.000000 0.000000
0.000000 0.000000 0.000000
0.000000 0.000000 0.000000
0.000000 0.000000 0.000000
0.000000 0.000000 0.000000
0.000000 0.000000 0.000000
0.000000 0.000000 0.000000
0.228890 0.057848 0.736826
0.000000 0.000000 0.000000
0.000000 0.000000 0.000000
-0.202493 0.308438 0.401458
0.000000 0.000000 0.000000
0.000000 0.000000 0.000000
-0.042267 0.308438 0.402338
0.000000 0.000000 0.000000
0.000000 0.000000 0.000000
0.000000 0.000000 0.000000
0.000000 0.000000 0.000000
0.183809 0.241305 0.712403
0.000000 0.000000 0.000000
-0.131044 -0.112235 0.796028
0.120188 0.065066 0.736826
0.000000 0.000000 0.000000
0.000000 0.000000 0.000000
0.000000 0.000000 0.000000
0.000000 0.000000 0.000000
0.000000 0.000000 0.000000
0.000000 0.000000 0.000000
0.000000 0.000000 0.000000
