0.000000 0.000000 0.000000
0.105845 0.214287 -0.025845
0.000000 0.000000 0.000000
0.000000 0.000000 0.000000
0.293909 -0.093368 -0.132975
0.000000 0.000000 0.000000
0.066496 0.094462 -0.025275
0.000000 0.000000 0.000000
-0.085147 0.339784 -0.130443
-0.148212 -0.027659 -0.347692
0.170344 -0.092276 -0.281724
0.000000 0.000000 0.000000
-0.339364 -0.006774 -0.286263
0.000000 0.000000 0.000000
0.000000 0.000000 0.000000
0.000000 0.000000 0.000000
0.182779 0.278875 -0.156928
0.000000 0.000000 0.000000
0.000000 0.000000 0.000000
0.000000 0.000000 0.000000
0.011906 0.889903 -0.004254
0.000000 0.000000 0.000000
0.000000 0.000000 0.000000
0.000000 0.000000 0.000000
0.000000 0.000000 0.000000
0.000000 0.000000 0.000000
0.000000 0.000000 0.000000
-0.090273 0.072680 -0.197212
0.000000 0.000000 0.000000
0.000000 0.000000 0.000000
0.000000 0.000000 0.000000
0.229493 -0.040403 -0.252121
0.210973 0.080239 0.000154
0.000000 0.000000 0.000000
0.000000 0.000000 0.000000
0.000000 0.000000 0.000000
0.000000 0.000000 0.000000
0.000000 0.000000 0.000000
0.251746 0.186838 -0.186680
0.000000 0.000000 0.000000
0.000000 0.000000 0.000000
0.000000 0.000000 0.000000
0.269247 0.036879 -0.145074
-0.053519 0.423368 -0.070177
-0.029171 -0.107289 -0.232851
0.000000 0.000000 0.000000
0.000000 0.000000 0.000000
0.000000 0.000000 0.000000
0.000000 0.000000 0.000000
0.000000 0.000000 0.000000
0.000000 0.000000 0.000000
-0.057519 0.154838 -0.084463
0.000000 0.000000 0.000000
0.000000 0.000000 0.000000
0.069707 0.484746 0.038786
0.000000 0.000000 0.000000
0.000000 0.000000 0.000000
0.000000 0.000000 0.000000
0.203463 0.258005 0.088595
0.249138 -0.030270 -0.274848
0.000000 0.000000 0.000000
0.062927 0.387218 -0.157132
0.000000 0.000000 0.000000
0.025685 0.150897 -0.174254
-0.057924 0.173766 -0.085754
0.030598 0.265134 -0.238835
0.000000 0.000000 0.000000
0.000000 0.000000 0.000000
0.000000 0.000000 0.000000
0.000000 0.000000 0.000000
0.155041 0.377129 -0.038296
0.209622 -0.052035 -0.231349
-0.007119 0.729288 0.005719
0.000000 0.000000 0.000000
0.046359 0.405127 -0.063374
0.000000 0.000000 0.000000
0.079916 0.200681 -0.322555
0.000000 0.000000 0.000000
0.050136 0.284216 -0.130427
-0.221759 -0.078721 -0.330997
0.021689 -0.015132 -0.420000
0.000000 0.000000 0.000000
0.150428 0.207145 -0.131072
0.040497 0.227024 -0.113042
0.031912 0.205459 -0.043495
0.034730 0.171496 -0.099748
0.217390 0.002202 -0.115524
0.000000 0.000000 0.000000
0.024103 0.128114 -0.160397
0.000000 0.000000 0.000000
0.111285 0.117213 -0.096830
0.173865 -0.063464 -0.195716
0.000000 0.000000 0.000000
-0.066102 0.025379 -0.156225
0.172645 -0.034411 -0.094296
0.038374 0.018397 -0.151774
0.000000 0.000000 0.000000
0.000000 0.000000 0.000000
0.117800 0.007734 -0.094009
0.000000 0.000000 0.000000
0.000000 0.000000 0.000000
0.010141 -0.079876 -0.208119
-0.102842 -0.119681 -0.159301
0.000000 0.000000 0.000000
0.027122 -0.022523 -0.125000
0.000000 0.000000 0.000000
0.000000 0.000000 0.000000
0.000000 0.000000 0.000000
-0.054920 -0.075177 -0.418297
0.000000 0.000000 0.000000
-0.083914 -0.086220 -0.182634
0.000000 0.000000 0.000000
0.000000 0.000000 0.000000
-0.145721 0.208778 -0.307700
0.077796 -0.119307 -0.136152
0.000000 0.000000 0.000000
0.000000 0.000000 0.000000
0.000000 0.000000 0.000000
-0.038825 0.255934 -0.054327
0.013196 0.024028 -0.055186
0.010359 -0.004601 -0.092822
0.000000 0.000000 0.000000
0.000000 0.000000 0.000000
0.000000 0.000000 0.000000
0.000000 0.000000 0.000000
0.000000 0.000000 0.000000
0.000000 0.000000 0.000000
0.064996 -0.004467 -0.057352
0.000000 0.000000 0.000000
0.304736 0.182829 0.004946
0.000000 0.000000 0.000000
0.000000 0.000000 0.000000
0.000000 0.000000 0.000000
0.000000 0.000000 0.000000
0.093822 -0.101167 -0.104721
0.000000 0.000000 0.000000
0.000000 0.000000 0.000000
0.000000 0.000000 0.000000
0.082245 -0.095672 -0.039169
0.000000 0.000000 0.000000
0.002599 0.999996 0.001120
-0.021715 -0.132837 -0.106814
0.000000 0.000000 0.000000
0.058073 0.103320 -0.236647
0.000000 0.000000 0.000000
0.000000 0.000000 0.000000
0.000000 0.000000 0.000000
0.000000 0.000000 0.000000
0.184889 0.099984 -0.137007
0.000000 0.000000 0.000000
-0.067256 0.232886 -0.101487
0.000000 0.000000 0.000000
0.013484 -0.048542 -0.316714
0.000000 0.000000 0.000000
0.000000 0.000000 0.000000
0.000000 0.000000 0.000000
0.351876 0.091963 -0.185601
0.000000 0.000000 0.000000
0.000000 0.000000 0.000000
0.000000 0.000000 0.000000
-0.166817 -0.096921 -0.244370
0.135261 0.309065 -0.034158
0.000000 0.000000 0.000000
0.023903 0.178162 -0.187243
0.000000 0.000000 0.000000
0.061148 -0.067741 -0.054565
0.037163 0.298727 -0.054917
0.145259 0.008589 -0.003173
-0.111795 -0.057213 -0.266977
0.000000 0.000000 0.000000
-0.042324 -0.091108 -0.322157
0.000000 0.000000 0.000000
0.025935 0.119563 -0.033293
-0.118502 0.143004 -0.250578
0.000000 0.000000 0.000000
0.037540 -0.131897 -0.067589
-0.009882 0.634676 0.009525
0.122504 -0.106332 -0.199125
0.000000 0.000000 0.000000
0.000000 0.000000 0.000000
0.000000 0.000000 0.000000
0.000000 0.000000 0.000000
-0.045346 0.339554 -0.062099
-0.006774 0.813273 0.007812
0.000000 0.000000 0.000000
0.000000 0.000000 0.000000
0.030998 0.093274 -0.075184
0.000000 0.000000 0.000000
0.000000 0.000000 0.000000
0.012357 0.060001 -0.120464
0.000000 0.000000 0.000000
-0.051149 -0.112915 -0.120897
0.000000 0.000000 0.000000
0.006886 -0.111647 -0.135004
0.000000 0.000000 0.000000
0.000000 0.000000 0.000000
0.000000 0.000000 0.000000
0.000000 0.000000 0.000000
0.000000 0.000000 0.000000
0.000000 0.000000 0.000000
0.000000 0.000000 0.000000
0.000000 0.000000 0.000000
0.000000 0.000000 0.000000
0.000000 0.000000 0.000000
0.000000 0.000000 0.000000
0.209688 -0.078302 -0.342187
0.081246 0.054311 -0.076958
0.036332 0.325913 -0.272025
0.000000 0.000000 0.000000
0.083909 0.154352 -0.025536
0.000000 0.000000 0.000000
-0.022158 -0.116915 -0.169934
0.000000 0.000000 0.000000
0.000000 0.000000 0.000000
0.000000 0.000000 0.000000
0.131697 -0.082475 -0.151158
0.000000 0.000000 0.000000
0.119587 -0.062742 -0.066028
0.000000 0.000000 0.000000
0.351539 -0.082869 -0.155997
0.000000 0.000000 0.000000
0.000000 0.000000 0.000000
0.000000 0.000000 0.000000
0.000000 0.000000 0.000000
-0.043390 -0.026984 -0.106704
0.148395 0.054555 -0.114704
0.000000 0.000000 0.000000
0.068932 0.150027 -0.277784
0.000000 0.000000 0.000000
0.000000 0.000000 0.000000
-0.009015 0.937446 0.006536
-0.077587 0.279740 -0.114381
0.052710 0.040058 -0.024003
0.000000 0.000000 0.000000
0.051656 0.059728 -0.193954
0.000000 0.000000 0.000000
0.000000 0.000000 0.000000
0.000000 0.000000 0.000000
0.264213 0.137724 0.005767
0.170683 0.035198 0.003771
0.000000 0.000000 0.000000
0.000000 0.000000 0.000000
0.000000 0.000000 0.000000
0.000000 0.000000 0.000000
0.000000 0.000000 0.000000
0.000000 0.000000 0.000000
0.177115 0.208185 0.075696
0.000000 0.000000 0.000000
0.000000 0.000000 0.000000
-0.136701 -0.104941 -0.199062
0.000000 0.000000 0.000000
0.011984 -0.063051 -0.261791
0.000000 0.000000 0.000000
-0.059346 0.479318 -0.076531
0.000000 0.000000 0.000000
0.000000 0.000000 0.000000
0.000000 0.000000 0.000000
0.000000 0.000000 0.000000
0.000000 0.000000 0.000000
0.000000 0.000000 0.000000
0.020501 -0.052958 -0.085655
0.000000 0.000000 0.000000
-0.006947 0.846611 0.008130
0.091564 -0.031759 -0.071536
0.000000 0.000000 0.000000
0.000000 0.000000 0.000000
0.000000 0.000000 0.000000
0.000000 0.000000 0.000000
0.000000 0.000000 0.000000
0.000000 0.000000 0.000000
0.000000 0.000000 0.000000
0.000000 0.000000 0.000000
0.000000 0.000000 0.000000
0.000000 0.000000 0.000000
0.224363 0.148187 -0.167206
0.000000 0.000000 0.000000
0.000000 0.000000 0.000000
0.131238 0.163393 -0.114470
0.120916 0.260692 -0.030461
0.000000 0.000000 0.000000
0.307901 0.062579 -0.164313
0.000000 0.000000 0.000000
0.026144 0.219916 -0.213764
0.000000 0.000000 0.000000
0.143714 -0.099791 -0.240889
0.018267 -0.034455 -0.362910
0.000000 0.000000 0.000000
0.000000 0.000000 0.000000
0.000000 0.000000 0.000000
0.116157 -0.025560 -0.001284
-0.049963 -0.082901 -0.369431
-0.166578 -0.013896 -0.389902
-0.010058 0.681601 0.005612
0.000000 0.000000 0.000000
0.000000 0.000000 0.000000
0.000000 0.000000 0.000000
0.000000 0.000000 0.000000
-0.099959 -0.072934 -0.225603
0.000000 0.000000 0.000000
0.000000 0.000000 0.000000
0.000000 0.000000 0.000000
0.000000 0.000000 0.000000
-0.191224 -0.089277 -0.282672
0.000000 0.000000 0.000000
0.024883 0.161024 -0.033772
0.000000 0.000000 0.000000
0.000000 0.000000 0.000000
0.000000 0.000000 0.000000
0.000000 0.000000 0.000000
-0.094362 0.383020 -0.142333
0.000000 0.000000 0.000000
0.000000 0.000000 0.000000
0.065157 -0.120348 -0.081706
0.057575 -0.133934 -0.102300
-0.037647 -0.098104 -0.278365
0.000000 0.000000 0.000000
0.000000 0.000000 0.000000
0.000000 0.000000 0.000000
0.034255 0.256339 -0.050377
0.000000 0.000000 0.000000
0.047863 -0.039767 -0.048828
0.199695 0.316716 -0.170812
0.000000 0.000000 0.000000
0.000000 0.000000 0.000000
0.000000 0.000000 0.000000
0.000000 0.000000 0.000000
0.000000 0.000000 0.000000
-0.006249 0.594014 0.009341
0.000000 0.000000 0.000000
0.000000 0.000000 0.000000
0.000000 0.000000 0.000000
0.000000 0.000000 0.000000
0.000000 0.000000 0.000000
-0.045724 0.299231 -0.055162
-0.108201 0.111423 -0.226591
-0.051946 0.379992 -0.064878
0.000000 0.000000 0.000000
0.000000 0.000000 0.000000
0.000000 0.000000 0.000000
0.000000 0.000000 0.000000
0.000000 0.000000 0.000000
-0.130643 0.170883 -0.277083
0.098130 -0.113937 -0.170360
0.000000 0.000000 0.000000
0.002204 -0.094026 -0.171889
0.000000 0.000000 0.000000
0.000000 0.000000 0.000000
0.023706 0.061025 -0.069623
0.000000 0.000000 0.000000
0.000000 0.000000 0.000000
0.012802 0.029268 -0.101811
-0.068785 -0.100341 -0.149552
0.237754 0.108536 0.002240
0.000000 0.000000 0.000000
0.000000 0.000000 0.000000
0.000000 0.000000 0.000000
0.009176 -0.119882 -0.098204
0.000000 0.000000 0.000000
0.014068 0.091583 -0.139663
0.000000 0.000000 0.000000
0.000000 0.000000 0.000000
0.000000 0.000000 0.000000
0.095524 0.083090 -0.091317
0.032567 0.137889 -0.083363
0.000000 0.000000 0.000000
0.000000 0.000000 0.000000
0.000000 0.000000 0.000000
0.000000 0.000000 0.000000
0.000000 0.000000 0.000000
0.000000 0.000000 0.000000
0.000000 0.000000 0.000000
0.000000 0.000000 0.000000
0.000000 0.000000 0.000000
0.000000 0.000000 0.000000
0.000000 0.000000 0.000000
0.145905 -0.051398 -0.073721
-0.053269 -0.003480 -0.131821
0.000000 0.000000 0.000000
0.190338 -0.084309 -0.310986
0.000000 0.000000 0.000000
0.000000 0.000000 0.000000
-0.008434 0.968303 0.025813
0.000000 0.000000 0.000000
0.000000 0.000000 0.000000
-0.025182 -0.126544 -0.135701
0.000000 0.000000 0.000000
0.000000 0.000000 0.000000
0.000000 0.000000 0.000000
0.000000 0.000000 0.000000
0.000000 0.000000 0.000000
0.000000 0.000000 0.000000
-0.010277 0.778046 0.006639
-0.129420 -0.046683 -0.295609
0.000000 0.000000 0.000000
0.000000 0.000000 0.000000
0.000000 0.000000 0.000000
0.000000 0.000000 0.000000
0.143336 0.342920 -0.035785
0.068449 0.026031 -0.068114
0.000000 0.000000 0.000000
0.244639 0.017303 -0.132196
0.007281 -0.027875 -0.069227
0.000000 0.000000 0.000000
0.000000 0.000000 0.000000
0.111765 -0.092580 -0.133275
0.000000 0.000000 0.000000
0.000000 0.000000 0.000000
0.074057 0.175490 -0.300348
0.000000 0.000000 0.000000
0.000000 0.000000 0.000000
0.000000 0.000000 0.000000
0.042623 0.371523 -0.062093
0.218120 0.287556 0.095592
0.000000 0.000000 0.000000
0.000000 0.000000 0.000000
0.000000 0.000000 0.000000
0.150916 -0.073892 -0.173212
0.000000 0.000000 0.000000
0.000000 0.000000 0.000000
0.077044 0.120553 -0.027756
0.000000 0.000000 0.000000
-0.030536 -0.111329 -0.200294
0.000000 0.000000 0.000000
0.000000 0.000000 0.000000
0.000000 0.000000 0.000000
0.000000 0.000000 0.000000
0.000000 0.000000 0.000000
0.041674 0.330953 -0.054869
0.000000 0.000000 0.000000
0.000000 0.000000 0.000000
0.000000 0.000000 0.000000
0.000000 0.000000 0.000000
0.000000 0.000000 0.000000
0.000000 0.000000 0.000000
0.000000 0.000000 0.000000
0.000000 0.000000 0.000000
0.000000 0.000000 0.000000
0.000000 0.000000 0.000000
0.094332 0.186312 -0.025250
0.137616 0.029109 -0.101695
0.041722 0.042595 -0.175054
0.000000 0.000000 0.000000
0.080323 -0.044774 -0.055251
0.058058 0.357352 -0.149599
0.000000 0.000000 0.000000
0.000000 0.000000 0.000000
0.000000 0.000000 0.000000
0.000000 0.000000 0.000000
0.006270 0.966167 -0.001000
0.000000 0.000000 0.000000
0.000000 0.000000 0.000000
0.000000 0.000000 0.000000
0.047827 0.256040 -0.118336
0.000000 0.000000 0.000000
0.000000 0.000000 0.000000
0.000000 0.000000 0.000000
0.064499 0.066255 -0.020313
-0.063408 0.202187 -0.093357
0.000000 0.000000 0.000000
0.099817 -0.075542 -0.058033
0.000000 0.000000 0.000000
0.000000 0.000000 0.000000
0.209091 0.126429 -0.153605
0.000000 0.000000 0.000000
0.000000 0.000000 0.000000
0.000000 0.000000 0.000000
0.000000 0.000000 0.000000
0.000000 0.000000 0.000000
-0.149805 -0.100328 -0.220961
0.000000 0.000000 0.000000
-0.123523 -0.110636 -0.176393
0.000000 0.000000 0.000000
0.000000 0.000000 0.000000
0.000000 0.000000 0.000000
0.000000 0.000000 0.000000
0.000000 0.000000 0.000000
0.103881 -0.008165 -0.074928
0.000000 0.000000 0.000000
0.000000 0.000000 0.000000
0.000000 0.000000 0.000000
0.000000 0.000000 0.000000
0.192482 0.058787 0.003887
0.000000 0.000000 0.000000
0.000000 0.000000 0.000000
0.266569 -0.021565 -0.295135
0.000000 0.000000 0.000000
0.000000 0.000000 0.000000
0.000000 0.000000 0.000000
0.000000 0.000000 0.000000
0.000000 0.000000 0.000000
0.000000 0.000000 0.000000
0.000000 0.000000 0.000000
0.000000 0.000000 0.000000
0.000000 0.000000 0.000000
0.042807 0.197691 -0.103179
0.000000 0.000000 0.000000
0.000000 0.000000 0.000000
0.000000 0.000000 0.000000
0.000000 0.000000 0.000000
0.016517 -0.065571 -0.074497
0.000000 0.000000 0.000000
0.196165 -0.013938 -0.109352
0.020514 -0.022398 -0.393655
0.060483 0.124951 -0.253200
0.000000 0.000000 0.000000
0.049396 0.080009 -0.211970
0.000000 0.000000 0.000000
0.000000 0.000000 0.000000
0.000000 0.000000 0.000000
0.000000 0.000000 0.000000
-0.076578 0.043294 -0.173177
0.000000 0.000000 0.000000
0.000000 0.000000 0.000000
0.000000 0.000000 0.000000
-0.081493 0.305329 -0.120854
0.000000 0.000000 0.000000
0.000000 0.000000 0.000000
0.000000 0.000000 0.000000
0.000000 0.000000 0.000000
0.000000 0.000000 0.000000
0.000000 0.000000 0.000000
0.051093 -0.127097 -0.050446
0.000000 0.000000 0.000000
0.000000 0.000000 0.000000
0.000000 0.000000 0.000000
0.000000 0.000000 0.000000
0.000000 0.000000 0.000000
0.000000 0.000000 0.000000
0.000000 0.000000 0.000000
0.008608 -0.071056 -0.237457
0.162767 0.072234 -0.125933
0.000000 0.000000 0.000000
0.030014 0.232127 -0.043172
0.124481 0.136709 -0.105544
-0.100970 0.093200 -0.210250
0.000000 0.000000 0.000000
0.000000 0.000000 0.000000
0.191671 0.236236 0.082690
0.000000 0.000000 0.000000
0.000000 0.000000 0.000000
0.000000 0.000000 0.000000
0.000000 0.000000 0.000000
-0.138123 -0.036521 -0.326195
0.000000 0.000000 0.000000
0.024280 -0.039178 -0.098251
0.029741 -0.000740 -0.137298
0.000000 0.000000 0.000000
0.000000 0.000000 0.000000
-0.007845 0.898687 0.008446
-0.007074 0.871358 0.006670
0.000000 0.000000 0.000000
0.000000 0.000000 0.000000
0.000000 0.000000 0.000000
0.000000 0.000000 0.000000
0.019990 0.139241 -0.034645
0.000000 0.000000 0.000000
-0.075694 -0.091174 -0.161705
0.000000 0.000000 0.000000
0.006826 -0.014420 -0.087402
0.000000 0.000000 0.000000
0.000000 0.000000 0.000000
-0.002206 -0.119604 -0.080977
0.112336 0.232936 -0.032329
-0.005527 0.571800 0.006498
0.012622 -0.053684 -0.293132
-0.070003 0.255888 -0.108127
0.057449 -0.134824 -0.085459
0.049612 -0.022316 -0.055910
0.000000 0.000000 0.000000
0.000000 0.000000 0.000000
-0.007464 0.659129 0.005101
0.000000 0.000000 0.000000
0.000000 0.000000 0.000000
0.000000 0.000000 0.000000
0.000000 0.000000 0.000000
-0.080051 0.058105 -0.182701
0.000000 0.000000 0.000000
0.015821 -0.041483 -0.340532
0.000000 0.000000 0.000000
0.000000 0.000000 0.000000
0.127458 -0.004489 0.004929
0.132023 -0.105856 -0.221795
-0.103172 -0.063466 -0.246784
-0.034424 -0.107431 -0.255713
0.000000 0.000000 0.000000
0.000000 0.000000 0.000000
0.000000 0.000000 0.000000
0.000000 0.000000 0.000000
0.024632 0.183485 -0.038629
0.000000 0.000000 0.000000
0.031283 0.114014 -0.083369
0.000000 0.000000 0.000000
-0.176981 -0.095530 -0.264833
0.022869 0.109492 -0.149862
-0.044509 0.278784 -0.054707
0.000000 0.000000 0.000000
0.000000 0.000000 0.000000
0.145259 0.185994 -0.125031
0.000000 0.000000 0.000000
0.000000 0.000000 0.000000
0.000000 0.000000 0.000000
0.000000 0.000000 0.000000
0.277769 0.155543 0.005697
0.000000 0.000000 0.000000
0.000000 0.000000 0.000000
0.156035 -0.097453 -0.259261
0.000000 0.000000 0.000000
0.089470 -0.119410 -0.156741
0.000000 0.000000 0.000000
0.000000 0.000000 0.000000
0.000000 0.000000 0.000000
0.000000 0.000000 0.000000
0.000000 0.000000 0.000000
0.000000 0.000000 0.000000
-0.091687 -0.079520 -0.202011
0.053956 -0.127187 -0.067882
0.000000 0.000000 0.000000
0.000000 0.000000 0.000000
0.000000 0.000000 0.000000
-0.038203 -0.098004 -0.299997
0.013932 0.911309 -0.005423
0.000000 0.000000 0.000000
0.000000 0.000000 0.000000
0.017924 0.047293 -0.113363
0.000000 0.000000 0.000000
0.000000 0.000000 0.000000
0.000000 0.000000 0.000000
0.000000 0.000000 0.000000
0.000000 0.000000 0.000000
0.000000 0.000000 0.000000
0.000000 0.000000 0.000000
0.000000 0.000000 0.000000
-0.008711 0.614770 0.004436
0.000000 0.000000 0.000000
0.000000 0.000000 0.000000
0.000000 0.000000 0.000000
0.000000 0.000000 0.000000
0.000000 0.000000 0.000000
0.000000 0.000000 0.000000
0.112601 -0.115658 -0.185039
0.000000 0.000000 0.000000
0.128881 0.289421 -0.035286
0.000000 0.000000 0.000000
0.000000 0.000000 0.000000
0.000000 0.000000 0.000000
0.012626 -0.091689 -0.188230
0.000000 0.000000 0.000000
0.000000 0.000000 0.000000
-0.006235 0.708889 0.006676
0.000000 0.000000 0.000000
0.000000 0.000000 0.000000
0.019478 0.040650 -0.064402
0.006465 0.012703 -0.095321
0.000000 0.000000 0.000000
0.000000 0.000000 0.000000
0.000000 0.000000 0.000000
0.072508 -0.131089 -0.115309
-0.007872 0.978132 0.006769
0.033692 0.283046 -0.247190
0.000000 0.000000 0.000000
0.000000 0.000000 0.000000
0.000000 0.000000 0.000000
0.000000 0.000000 0.000000
0.000000 0.000000 0.000000
0.000000 0.000000 0.000000
0.000000 0.000000 0.000000
0.000000 0.000000 0.000000
0.000000 0.000000 0.000000
0.000000 0.000000 0.000000
0.031120 0.236190 -0.222203
0.000000 0.000000 0.000000
0.000000 0.000000 0.000000
0.007411 -0.109960 -0.114791
0.000000 0.000000 0.000000
0.000000 0.000000 0.000000
-0.053691 0.403948 -0.068557
0.174856 0.261807 -0.151878
0.000000 0.000000 0.000000
0.000000 0.000000 0.000000
0.000000 0.000000 0.000000
0.000000 0.000000 0.000000
0.000000 0.000000 0.000000
0.014023 0.075798 -0.129325
0.104217 -0.104192 -0.118546
0.233803 0.163774 -0.173608
0.000000 0.000000 0.000000
0.000000 0.000000 0.000000
0.000000 0.000000 0.000000
0.000000 0.000000 0.000000
0.000000 0.000000 0.000000
0.000000 0.000000 0.000000
0.000000 0.000000 0.000000
0.087180 -0.084804 -0.054814
0.000000 0.000000 0.000000
0.000000 0.000000 0.000000
0.000000 0.000000 0.000000
0.000000 0.000000 0.000000
-0.021882 -0.117354 -0.189333
0.000000 0.000000 0.000000
0.000000 0.000000 0.000000
0.000000 0.000000 0.000000
0.000000 0.000000 0.000000
0.000000 0.000000 0.000000
0.000000 0.000000 0.000000
0.000000 0.000000 0.000000
0.000000 0.000000 0.000000
0.000000 0.000000 0.000000
0.000000 0.000000 0.000000
0.000000 0.000000 0.000000
0.000000 0.000000 0.000000
0.000000 0.000000 0.000000
-0.009472 -0.131957 -0.097125
0.000000 0.000000 0.000000
-0.025933 -0.111483 -0.214973
0.000000 0.000000 0.000000
0.000000 0.000000 0.000000
0.000000 0.000000 0.000000
