-0.300705 -0.209240 -0.509783
0.000000 0.000000 0.000000
0.000000 0.000000 0.000000
-0.235610 0.080914 -0.420183
-0.213541 0.339723 -0.590645
0.000000 0.000000 0.000000
0.363111 0.705645 -0.328287
0.443231 -0.032708 -0.499436
0.000000 0.000000 0.000000
0.000000 0.000000 0.000000
0.000000 0.000000 0.000000
-0.291405 0.699184 -0.239921
0.000000 0.000000 0.000000
0.227284 0.705645 0.084118
0.258667 0.433956 -0.590645
0.000000 0.000000 0.000000
0.110624 -0.261286 -0.590645
0.000000 0.000000 0.000000
0.000000 0.000000 0.000000
0.443231 0.338440 -0.406318
-0.221512 0.652764 -0.590645
0.000000 0.000000 0.000000
0.000000 0.000000 0.000000
-0.025711 0.700242 -0.590645
0.000000 0.000000 0.000000
0.000000 0.000000 0.000000
0.000000 0.000000 0.000000
0.126047 0.131007 -0.590645
-0.183833 0.705645 0.073446
0.000000 0.000000 0.000000
-0.300705 0.399752 -0.220711
0.000000 0.000000 0.000000
0.000000 0.000000 0.000000
0.000000 0.000000 0.000000
0.000000 0.000000 0.000000
0.000000 0.000000 0.000000
0.000000 0.000000 0.000000
0.052196 0.705645 -0.180155
-0.082338 0.705645 0.188364
0.000000 0.000000 0.000000
0.000000 0.000000 0.000000
-0.120460 -0.310838 -0.590645
0.443231 0.582204 -0.065324
0.240106 0.705645 -0.136263
0.000000 0.000000 0.000000
0.415559 0.676278 -0.590645
0.357322 0.299731 -0.590645
0.000000 0.000000 0.000000
0.000000 0.000000 0.000000
-0.018599 0.469340 -0.590645
0.000000 0.000000 0.000000
0.000000 0.000000 0.000000
-0.123959 0.019551 -0.590645
0.000000 0.000000 0.000000
0.000000 0.000000 0.000000
0.000000 0.000000 0.000000
0.000000 0.000000 0.000000
0.000000 0.000000 0.000000
-0.300705 0.449176 -0.514570
0.000000 0.000000 0.000000
0.270934 -0.072248 -0.590645
-0.300705 0.579936 -0.126823
0.000000 0.000000 0.000000
0.233639 0.705645 -0.573977
0.000000 0.000000 0.000000
-0.235610 0.231471 -0.248664
0.000000 0.000000 0.000000
0.000000 0.000000 0.000000
0.000000 0.000000 0.000000
0.000000 0.000000 0.000000
0.326594 0.705645 -0.151809
0.122184 0.705645 -0.386375
0.000000 0.000000 0.000000
0.000000 0.000000 0.000000
0.000000 0.000000 0.000000
0.000000 0.000000 0.000000
-0.068776 0.705645 -0.191654
0.115378 0.705645 -0.113749
-0.300705 0.537216 -0.322127
0.443231 0.523449 -0.249218
0.000000 0.000000 0.000000
0.000000 0.000000 0.000000
0.000000 0.000000 0.000000
-0.227700 0.705645 -0.411828
0.000000 0.000000 0.000000
-0.300705 0.234973 -0.333751
-0.300705 0.093589 -0.235726
0.433418 0.394731 -0.590645
0.000000 0.000000 0.000000
0.000000 0.000000 0.000000
-0.235610 0.374650 -0.081963
0.443231 0.123702 -0.342677
-0.170249 0.487392 -0.590645
0.116862 0.320043 -0.590645
0.000000 0.000000 0.000000
0.000000 0.000000 0.000000
0.000000 0.000000 0.000000
-0.130667 0.705645 -0.405971
0.443231 0.325194 -0.267910
0.000000 0.000000 0.000000
0.443231 0.597501 -0.448970
-0.300705 0.625656 0.167156
-0.300705 -0.070141 -0.376676
0.000000 0.000000 0.000000
0.000000 0.000000 0.000000
-0.300705 0.105022 -0.537189
0.028619 0.705645 0.052689
0.000000 0.000000 0.000000
0.000000 0.000000 0.000000
0.000000 0.000000 0.000000
0.000000 0.000000 0.000000
0.000000 0.000000 0.000000
-0.255714 -0.108508 -0.590645
0.000000 0.000000 0.000000
-0.276410 0.281723 -0.467343
0.000000 0.000000 0.000000
0.000000 0.000000 0.000000
0.142673 0.705645 -0.583400
0.369180 0.090022 -0.590645
0.000000 0.000000 0.000000
0.041139 -0.062394 -0.590645
0.443231 0.623389 0.091020
0.000000 0.000000 0.000000
0.000000 0.000000 0.000000
-0.205894 0.193599 -0.590645
0.093659 0.705645 0.186529
0.000000 0.000000 0.000000
0.000000 0.000000 0.000000
0.000000 0.000000 0.000000
0.096897 0.558443 -0.590645
0.203104 0.705645 -0.222562
0.000000 0.000000 0.000000
0.000000 0.000000 0.000000
0.386325 0.705645 0.040878
0.000000 0.000000 0.000000
0.000000 0.000000 0.000000
0.000000 0.000000 0.000000
-0.235610 0.398055 -0.370718
0.000000 0.000000 0.000000
0.000000 0.000000 0.000000
0.000000 0.000000 0.000000
0.000000 0.000000 0.000000
-0.300705 0.500928 0.016421
0.428119 0.478991 -0.590645
-0.093192 -0.184519 -0.590645
-0.058628 0.705645 -0.358546
0.000000 0.000000 0.000000
0.000000 0.000000 0.000000
-0.235610 0.135082 -0.269441
0.000000 0.000000 0.000000
0.000000 0.000000 0.000000
0.000000 0.000000 0.000000
-0.054426 0.277742 -0.590645
-0.300705 0.435473 -0.167899
-0.300705 0.515225 -0.241296
-0.235610 0.595982 -0.450694
-0.291405 0.698720 -0.086941
0.000000 0.000000 0.000000
0.000000 0.000000 0.000000
0.000000 0.000000 0.000000
0.000000 0.000000 0.000000
0.305911 0.595926 -0.590645
0.000000 0.000000 0.000000
0.443231 0.418082 -0.078955
0.000000 0.000000 0.000000
0.000000 0.000000 0.000000
0.443231 0.384203 -0.522874
0.000000 0.000000 0.000000
0.000000 0.000000 0.000000
0.257830 0.269932 -0.590645
0.429569 0.705645 -0.167962
0.000000 0.000000 0.000000
-0.300705 0.270504 -0.162620
-0.075142 0.608862 -0.590645
0.000000 0.000000 0.000000
-0.155036 0.705645 -0.068780
-0.292454 0.008444 -0.546795
0.000000 0.000000 0.000000
-0.077791 0.168077 -0.590645
0.000000 0.000000 0.000000
0.000000 0.000000 0.000000
0.000000 0.000000 0.000000
0.000000 0.000000 0.000000
-0.291405 0.684388 0.165537
0.000000 0.000000 0.000000
0.000000 0.000000 0.000000
0.078156 0.019573 -0.590645
0.443231 0.508368 -0.385023
0.000000 0.000000 0.000000
0.000000 0.000000 0.000000
0.000000 0.000000 0.000000
0.388503 -0.172522 -0.590645
0.443231 0.188996 -0.336924
-0.300705 -0.294261 -0.588593
0.000000 0.000000 0.000000
0.000000 0.000000 0.000000
0.359356 0.705645 -0.481961
0.000000 0.000000 0.000000
-0.176468 0.705645 -0.577445
0.000000 0.000000 0.000000
0.216583 0.705645 -0.049717
0.119665 0.392486 -0.590645
0.443231 0.227114 -0.509619
0.000000 0.000000 0.000000
0.000000 0.000000 0.000000
0.443231 0.103977 -0.492836
0.000000 0.000000 0.000000
0.000000 0.000000 0.000000
0.000000 0.000000 0.000000
0.000000 0.000000 0.000000
-0.300705 0.560408 -0.581595
-0.085311 0.428283 -0.590645
0.000000 0.000000 0.000000
-0.235610 0.591361 -0.226834
0.000000 0.000000 0.000000
-0.235610 0.645693 -0.348416
-0.235610 0.623350 0.016141
0.000000 0.000000 0.000000
-0.235610 0.171410 -0.412562
0.000000 0.000000 0.000000
-0.300705 0.252113 -0.576023
0.000000 0.000000 0.000000
0.068727 0.705645 -0.276406
-0.291796 0.432262 -0.590645
0.000000 0.000000 0.000000
0.000000 0.000000 0.000000
0.000000 0.000000 0.000000
0.000000 0.000000 0.000000
0.000000 0.000000 0.000000
0.000000 0.000000 0.000000
-0.300705 -0.078003 -0.488458
0.000000 0.000000 0.000000
0.443231 0.555629 -0.162000
0.000000 0.000000 0.000000
0.000000 0.000000 0.000000
0.000000 0.000000 0.000000
0.044534 0.705645 -0.478489
-0.263507 0.483304 -0.313775
0.000000 0.000000 0.000000
0.000000 0.000000 0.000000
0.028170 -0.213661 -0.590645
0.000000 0.000000 0.000000
-0.300705 0.536377 0.070701
0.241630 0.705645 -0.333309
0.000000 0.000000 0.000000
0.000000 0.000000 0.000000
0.223267 0.582587 -0.590645
0.000000 0.000000 0.000000
0.000000 0.000000 0.000000
0.000000 0.000000 0.000000
-0.184977 0.705645 -0.290482
0.000000 0.000000 0.000000
0.191182 -0.163000 -0.590645
0.000000 0.000000 0.000000
0.000000 0.000000 0.000000
0.000000 0.000000 0.000000
0.000000 0.000000 0.000000
0.035632 0.227354 -0.590645
0.000000 0.000000 0.000000
0.000000 0.000000 0.000000
0.243999 0.072205 -0.590645
0.000000 0.000000 0.000000
0.000000 0.000000 0.000000
-0.300705 0.520230 -0.432076
-0.300705 0.021004 -0.439503
-0.291405 0.694648 -0.506060
-0.186160 -0.229661 -0.590645
-0.235610 0.488246 -0.098160
0.000000 0.000000 0.000000
0.000000 0.000000 0.000000
0.000000 0.000000 0.000000
0.000000 0.000000 0.000000
0.000000 0.000000 0.000000
-0.096893 0.705645 0.044106
0.000000 0.000000 0.000000
0.000000 0.000000 0.000000
0.000000 0.000000 0.000000
0.224555 0.213721 -0.590645
-0.300705 0.374663 -0.118420
0.000000 0.000000 0.000000
0.443231 0.422787 -0.279791
-0.291405 0.696889 0.024550
0.000000 0.000000 0.000000
0.000000 0.000000 0.000000
-0.235610 0.001845 -0.512820
0.386696 -0.050601 -0.590645
0.000000 0.000000 0.000000
0.000000 0.000000 0.000000
0.000000 0.000000 0.000000
0.000000 0.000000 0.000000
0.000000 0.000000 0.000000
0.000000 0.000000 0.000000
0.000000 0.000000 0.000000
0.443231 0.654366 -0.268583
0.000000 0.000000 0.000000
0.000000 0.000000 0.000000
0.000000 0.000000 0.000000
0.000000 0.000000 0.000000
0.000000 0.000000 0.000000
-0.251146 0.342976 -0.279738
0.443231 0.698450 -0.453123
-0.235610 0.660246 -0.159631
-0.030718 0.705645 -0.076384
0.000000 0.000000 0.000000
0.000000 0.000000 0.000000
0.183399 0.705645 -0.468423
0.000000 0.000000 0.000000
0.000000 0.000000 0.000000
0.000000 0.000000 0.000000
0.000000 0.000000 0.000000
-0.235610 0.194643 -0.521741
0.000000 0.000000 0.000000
0.443231 0.279339 -0.206960
0.000000 0.000000 0.000000
0.423947 0.705645 -0.088615
-0.145512 -0.085729 -0.590645
0.422435 0.705645 0.134631
0.000000 0.000000 0.000000
0.000000 0.000000 0.000000
0.000000 0.000000 0.000000
0.000000 0.000000 0.000000
-0.235610 0.558220 0.152934
-0.058561 -0.078157 -0.590645
-0.300705 0.420107 -0.394744
-0.263507 0.379049 -0.452872
0.000000 0.000000 0.000000
0.000000 0.000000 0.000000
0.000000 0.000000 0.000000
-0.235610 0.424506 0.033929
0.000000 0.000000 0.000000
0.000000 0.000000 0.000000
0.000000 0.000000 0.000000
-0.300705 -0.183302 -0.587592
0.000000 0.000000 0.000000
0.000000 0.000000 0.000000
0.000000 0.000000 0.000000
0.000000 0.000000 0.000000
0.000000 0.000000 0.000000
0.000000 0.000000 0.000000
0.419889 0.267089 -0.590645
-0.300705 0.595191 -0.277761
0.000000 0.000000 0.000000
-0.300705 0.162249 -0.452566
0.000000 0.000000 0.000000
0.167465 0.705645 0.106723
0.000000 0.000000 0.000000
0.000000 0.000000 0.000000
0.000000 0.000000 0.000000
-0.300705 0.569376 0.018250
0.000000 0.000000 0.000000
-0.263507 0.474007 -0.539801
0.000000 0.000000 0.000000
-0.235610 0.443142 -0.270493
0.000000 0.000000 0.000000
0.000000 0.000000 0.000000
0.000000 0.000000 0.000000
0.313097 0.339080 -0.590645
0.000000 0.000000 0.000000
0.000000 0.000000 0.000000
-0.300705 0.373252 -0.563252
-0.235610 0.329043 -0.161750
0.000000 0.000000 0.000000
0.443231 0.033082 -0.414669
0.000000 0.000000 0.000000
0.000000 0.000000 0.000000
-0.235610 0.293020 -0.378508
0.146887 -0.077230 -0.590645
0.000000 0.000000 0.000000
0.000000 0.000000 0.000000
0.000000 0.000000 0.000000
0.443231 0.650071 -0.362118
0.000000 0.000000 0.000000
0.257260 0.705645 -0.476601
-0.300705 0.220691 -0.261197
0.289884 0.151987 -0.590645
0.000000 0.000000 0.000000
0.000000 0.000000 0.000000
0.000000 0.000000 0.000000
0.000000 0.000000 0.000000
0.000000 0.000000 0.000000
-0.153243 0.256512 -0.590645
0.227136 -0.254017 -0.590645
-0.157132 0.705645 -0.161050
0.000000 0.000000 0.000000
-0.235610 0.044520 -0.339022
0.089054 0.488833 -0.590645
0.443231 0.591208 -0.553056
0.350397 0.705645 -0.235549
-0.235610 -0.069875 -0.475400
-0.300705 0.039012 -0.323383
0.443231 0.509454 -0.468709
0.000000 0.000000 0.000000
0.220368 0.495623 -0.590645
0.000000 0.000000 0.000000
-0.235610 0.103870 -0.524603
-0.300705 0.626514 -0.486466
-0.167158 0.705645 0.172086
0.000000 0.000000 0.000000
0.000000 0.000000 0.000000
-0.174062 0.589259 -0.590645
-0.022035 0.705645 -0.284678
0.000000 0.000000 0.000000
0.000000 0.000000 0.000000
0.000000 0.000000 0.000000
-0.300705 0.362776 -0.360477
0.000000 0.000000 0.000000
0.000000 0.000000 0.000000
0.000000 0.000000 0.000000
-0.235610 0.457835 -0.194732
0.014860 0.381098 -0.590645
0.000000 0.000000 0.000000
-0.235610 0.615173 -0.075129
0.000000 0.000000 0.000000
0.000000 0.000000 0.000000
0.443231 0.669074 -0.009066
0.000000 0.000000 0.000000
-0.235610 -0.157668 -0.509404
0.000000 0.000000 0.000000
0.304901 0.705645 -0.009194
0.000000 0.000000 0.000000
0.000000 0.000000 0.000000
0.000000 0.000000 0.000000
0.000000 0.000000 0.000000
0.000000 0.000000 0.000000
0.000000 0.000000 0.000000
0.000000 0.000000 0.000000
-0.300705 0.398369 -0.025397
0.000000 0.000000 0.000000
0.000000 0.000000 0.000000
0.000000 0.000000 0.000000
0.000000 0.000000 0.000000
0.000000 0.000000 0.000000
-0.300705 0.631914 -0.170415
0.021531 0.137563 -0.590645
0.000000 0.000000 0.000000
-0.021142 -0.297538 -0.590645
0.000000 0.000000 0.000000
0.443231 0.358537 -0.133579
0.063073 0.705645 -0.053486
0.443231 0.565486 -0.322666
0.000000 0.000000 0.000000
0.000000 0.000000 0.000000
0.000000 0.000000 0.000000
0.000000 0.000000 0.000000
-0.235610 0.623651 0.111704
0.000000 0.000000 0.000000
-0.235610 0.544587 -0.508171
-0.007683 0.705645 0.150375
0.000000 0.000000 0.000000
0.000000 0.000000 0.000000
0.000000 0.000000 0.000000
0.000000 0.000000 0.000000
-0.300705 0.562781 -0.192171
0.000000 0.000000 0.000000
0.000000 0.000000 0.000000
-0.048006 0.004014 -0.590645
0.000000 0.000000 0.000000
0.000000 0.000000 0.000000
-0.236413 0.268821 -0.514386
0.443231 0.247586 -0.383249
-0.213458 0.705645 -0.189645
0.000000 0.000000 0.000000
-0.090143 0.092251 -0.590645
-0.300705 0.557880 0.160766
0.347343 0.207190 -0.590645
0.000000 0.000000 0.000000
0.000000 0.000000 0.000000
-0.235610 0.645474 0.210228
-0.235610 0.577477 -0.136990
0.000000 0.000000 0.000000
-0.114205 0.705645 -0.291000
0.000000 0.000000 0.000000
-0.094779 0.522761 -0.590645
0.000000 0.000000 0.000000
0.000000 0.000000 0.000000
-0.073727 0.705645 -0.521711
-0.116038 0.351269 -0.590645
-0.235610 -0.244662 -0.550534
0.000000 0.000000 0.000000
0.000000 0.000000 0.000000
-0.263507 0.193112 -0.580525
0.000000 0.000000 0.000000
0.324319 0.705645 0.107082
-0.188182 0.105980 -0.590645
-0.215274 0.705645 -0.051484
0.000000 0.000000 0.000000
0.331558 0.478887 -0.590645
0.000000 0.000000 0.000000
-0.300705 0.156392 -0.373156
0.000000 0.000000 0.000000
0.000000 0.000000 0.000000
0.000000 0.000000 0.000000
0.000000 0.000000 0.000000
0.000000 0.000000 0.000000
0.000000 0.000000 0.000000
0.000000 0.000000 0.000000
0.313408 0.672112 -0.590645
0.443231 0.465849 -0.196159
0.029481 0.705645 -0.364490
-0.235318 -0.040798 -0.590645
0.443231 0.424740 -0.385623
0.000000 0.000000 0.000000
0.000000 0.000000 0.000000
-0.300705 0.619269 -0.367257
0.000000 0.000000 0.000000
0.000000 0.000000 0.000000
0.362550 0.705645 -0.047363
0.000000 0.000000 0.000000
0.000000 0.000000 0.000000
0.000000 0.000000 0.000000
0.000000 0.000000 0.000000
-0.300705 0.498390 -0.109958
0.000000 0.000000 0.000000
0.000000 0.000000 0.000000
-0.295621 0.300934 -0.085592
0.000000 0.000000 0.000000
0.098033 0.705645 0.098267
-0.300705 -0.112311 -0.430237
-0.185774 0.038444 -0.590645
0.000000 0.000000 0.000000
-0.215224 0.705645 -0.494101
0.000000 0.000000 0.000000
0.000000 0.000000 0.000000
0.159681 0.035848 -0.590645
0.443231 0.214399 -0.255188
0.162069 0.705645 -0.294572
0.000000 0.000000 0.000000
0.000000 0.000000 0.000000
0.000000 0.000000 0.000000
-0.264073 -0.065987 -0.531348
0.000000 0.000000 0.000000
0.000000 0.000000 0.000000
-0.235610 0.553373 -0.020432
-0.235610 0.528409 -0.426441
0.000000 0.000000 0.000000
0.301800 0.039160 -0.590645
0.000000 0.000000 0.000000
0.000000 0.000000 0.000000
0.000000 0.000000 0.000000
0.000000 0.000000 0.000000
-0.263507 0.294877 -0.292112
-0.300705 0.534917 -0.529857
0.000000 0.000000 0.000000
0.000000 0.000000 0.000000
-0.106440 0.676294 -0.590645
0.057316 0.705645 -0.585115
-0.300705 0.148760 -0.298191
0.000000 0.000000 0.000000
-0.235610 -0.033346 -0.357220
0.000000 0.000000 0.000000
0.112388 -0.136508 -0.590645
0.000000 0.000000 0.000000
0.443231 0.170420 -0.413570
0.000000 0.000000 0.000000
0.002408 0.601050 -0.590645
0.428286 0.146957 -0.590645
0.000000 0.000000 0.000000
0.000000 0.000000 0.000000
-0.268456 0.705645 0.114557
-0.235817 0.548916 -0.590645
0.000000 0.000000 0.000000
-0.300705 0.444258 -0.282491
0.000000 0.000000 0.000000
0.000000 0.000000 0.000000
0.000000 0.000000 0.000000
0.000000 0.000000 0.000000
0.000000 0.000000 0.000000
0.000000 0.000000 0.000000
-0.235610 0.264456 -0.118593
0.443231 0.629994 -0.130283
-0.235610 0.458857 -0.470304
-0.235610 0.489664 0.080019
0.000000 0.000000 0.000000
0.000000 0.000000 0.000000
0.000000 0.000000 0.000000
0.000000 0.000000 0.000000
0.000000 0.000000 0.000000
0.000000 0.000000 0.000000
0.000000 0.000000 0.000000
0.392884 0.705645 -0.409019
0.124174 0.705645 -0.033681
0.000000 0.000000 0.000000
-0.280935 0.705645 -0.355579
0.000000 0.000000 0.000000
0.000000 0.000000 0.000000
-0.291405 0.696554 0.244304
0.000000 0.000000 0.000000
0.000000 0.000000 0.000000
-0.295854 0.301167 -0.389015
0.000000 0.000000 0.000000
0.000000 0.000000 0.000000
0.000000 0.000000 0.000000
-0.235610 0.574495 0.071610
0.000000 0.000000 0.000000
0.000000 0.000000 0.000000
0.145383 0.219279 -0.590645
0.000000 0.000000 0.000000
0.000000 0.000000 0.000000
-0.300705 0.639116 -0.575172
0.000000 0.000000 0.000000
0.000000 0.000000 0.000000
-0.088387 0.705645 0.107655
0.443231 0.306202 -0.511813
0.403162 0.556008 -0.590645
0.000000 0.000000 0.000000
-0.300705 0.599332 0.085742
-0.248582 0.039240 -0.590645
0.000000 0.000000 0.000000
0.000000 0.000000 0.000000
0.000000 0.000000 0.000000
-0.044020 -0.223032 -0.590645
-0.300705 -0.135489 -0.527488
0.000000 0.000000 0.000000
0.000000 0.000000 0.000000
0.189170 0.370599 -0.590645
0.324383 0.705645 -0.545905
0.000000 0.000000 0.000000
0.000000 0.000000 0.000000
0.000000 0.000000 0.000000
0.000000 0.000000 0.000000
0.000000 0.000000 0.000000
-0.219953 0.425423 -0.590645
0.000000 0.000000 0.000000
0.000000 0.000000 0.000000
0.000000 0.000000 0.000000
0.000000 0.000000 0.000000
-0.235610 0.365528 -0.527156
0.223828 0.137242 -0.590645
0.000000 0.000000 0.000000
0.275973 0.705645 -0.229584
-0.300705 0.424648 -0.078963
0.000000 0.000000 0.000000
0.000000 0.000000 0.000000
0.000000 0.000000 0.000000
0.000000 0.000000 0.000000
0.000000 0.000000 0.000000
0.000000 0.000000 0.000000
-0.263507 0.594823 -0.527296
0.221161 0.000084 -0.590645
0.000000 0.000000 0.000000
0.000000 0.000000 0.000000
-0.235610 -0.073078 -0.405345
0.000000 0.000000 0.000000
0.000000 0.000000 0.000000
0.000000 0.000000 0.000000
-0.300705 0.369026 -0.292524
-0.263507 0.498062 -0.373509
-0.142378 0.705645 -0.509301
0.000000 0.000000 0.000000
0.000000 0.000000 0.000000
0.000000 0.000000 0.000000
0.000000 0.000000 0.000000
-0.263507 0.456766 -0.023497
0.000000 0.000000 0.000000
0.000000 0.000000 0.000000
0.437741 0.705645 -0.259430
0.127970 0.705645 -0.510658
0.000000 0.000000 0.000000
0.000000 0.000000 0.000000
0.443231 0.387512 -0.214618
0.337214 -0.119191 -0.590645
0.000000 0.000000 0.000000
-0.235610 0.139518 -0.342531
0.000000 0.000000 0.000000
0.000000 0.000000 0.000000
0.000000 0.000000 0.000000
0.000000 0.000000 0.000000
0.000000 0.000000 0.000000
-0.300705 0.229917 -0.452869
0.443231 0.591769 -0.221249
-0.226627 -0.174348 -0.590645
0.000000 0.000000 0.000000
-0.263507 0.312204 -0.223293
0.000000 0.000000 0.000000
0.000000 0.000000 0.000000
-0.277067 0.490890 -0.590645
0.000000 0.000000 0.000000
-0.235610 0.516432 -0.225552
0.203429 0.705645 -0.398746
0.000000 0.000000 0.000000
0.000000 0.000000 0.000000
-0.253656 0.342976 -0.030459
0.000000 0.000000 0.000000
0.000000 0.000000 0.000000
0.000000 0.000000 0.000000
-0.063460 0.705645 -0.433250
-0.035464 0.554777 -0.590645
0.000000 0.000000 0.000000
0.000000 0.000000 0.000000
0.000000 0.000000 0.000000
0.000000 0.000000 0.000000
0.000000 0.000000 0.000000
-0.235610 0.345040 -0.464512
0.443231 0.442583 -0.444009
0.000000 0.000000 0.000000
0.000000 0.000000 0.000000
-0.207713 0.705645 0.221042
0.000000 0.000000 0.000000
-0.098840 -0.242690 -0.590645
0.296385 0.705645 -0.086799
0.000000 0.000000 0.000000
-0.300705 0.345568 -0.447564
0.000000 0.000000 0.000000
0.000000 0.000000 0.000000
0.000000 0.000000 0.000000
-0.263507 0.515690 -0.151184
0.000000 0.000000 0.000000
0.000000 0.000000 0.000000
-0.155082 0.705645 -0.230360
0.000000 0.000000 0.000000
0.443231 0.462808 -0.023738
0.000000 0.000000 0.000000
-0.181361 0.705645 -0.351981
0.000000 0.000000 0.000000
0.000000 0.000000 0.000000
-0.300705 0.079043 -0.392465
0.000000 0.000000 0.000000
