-0.110629 -0.167663 -0.719731
0.175479 0.155895 -0.769779
0.000000 0.000000 0.000000
0.000000 0.000000 0.000000
0.000000 0.000000 0.000000
0.000000 0.000000 0.000000
-0.463771 -0.162221 -0.526811
0.000000 0.000000 0.000000
0.000000 0.000000 0.000000
-0.459437 -0.358327 -0.812723
0.000000 0.000000 0.000000
-0.291661 0.193356 -0.775381
0.000000 0.000000 0.000000
0.000000 0.000000 0.000000
0.000000 0.000000 0.000000
0.334698 -0.050788 -0.789476
-0.242638 0.005371 -0.445489
0.000000 0.000000 0.000000
-0.079557 0.040854 -0.801100
0.000000 0.000000 0.000000
-0.426944 -0.080300 -0.800721
0.081018 0.005371 -0.634254
0.000000 0.000000 0.000000
0.000000 0.000000 0.000000
0.000000 0.000000 0.000000
0.000000 0.000000 0.000000
0.000000 0.000000 0.000000
0.000000 0.000000 0.000000
0.000000 0.000000 0.000000
0.000000 0.000000 0.000000
0.105586 -0.168508 -0.719731
-0.142360 0.014864 -0.801100
-0.069787 0.080053 -0.719731
0.000000 0.000000 0.000000
0.000000 0.000000 0.000000
0.000000 0.000000 0.000000
0.000000 0.000000 0.000000
-0.373902 0.005371 -0.671238
0.000000 0.000000 0.000000
0.000000 0.000000 0.000000
0.371039 0.109205 -0.793444
-0.388630 0.005371 -0.320402
0.000000 0.000000 0.000000
0.000000 0.000000 0.000000
0.000000 0.000000 0.000000
0.000000 0.000000 0.000000
0.000000 0.000000 0.000000
0.000000 0.000000 0.000000
0.000000 0.000000 0.000000
-0.131345 0.005371 -0.598198
-0.318574 -0.039163 -0.790826
-0.212719 -0.168249 -0.719731
0.000000 0.000000 0.000000
0.000000 0.000000 0.000000
0.000000 0.000000 0.000000
0.000000 0.000000 0.000000
0.119601 -0.003915 -0.801100
0.000000 0.000000 0.000000
0.000000 0.000000 0.000000
0.000000 0.000000 0.000000
-0.171724 0.005371 -0.650814
-0.380077 -0.237093 -0.721596
0.328164 0.005371 -0.647263
0.267911 -0.167578 -0.719731
0.000000 0.000000 0.000000
0.373158 -0.203383 -0.782738
0.000000 0.000000 0.000000
0.008002 -0.109836 -0.792402
-0.338046 0.005371 -0.500452
0.016769 0.194345 -0.812160
0.000000 0.000000 0.000000
0.112917 0.075360 -0.719731
0.000000 0.000000 0.000000
0.000000 0.000000 0.000000
-0.463771 -0.171371 -0.647887
0.006151 -0.168481 -0.719731
0.000000 0.000000 0.000000
0.000000 0.000000 0.000000
-0.370778 0.077492 -0.795766
0.000000 0.000000 0.000000
-0.318574 0.089624 -0.730044
0.000000 0.000000 0.000000
0.000000 0.000000 0.000000
0.000000 0.000000 0.000000
0.000000 0.000000 0.000000
0.000000 0.000000 0.000000
0.000000 0.000000 0.000000
0.000000 0.000000 0.000000
0.000000 0.000000 0.000000
-0.042678 -0.111555 -0.770114
0.000000 0.000000 0.000000
0.000000 0.000000 0.000000
-0.159702 0.145420 -0.719731
-0.022997 0.005371 -0.479225
0.000000 0.000000 0.000000
0.000000 0.000000 0.000000
-0.374380 -0.356451 -0.812723
0.216240 -0.148372 -0.803639
0.000000 0.000000 0.000000
0.000000 0.000000 0.000000
-0.239702 -0.151365 -0.811419
0.000000 0.000000 0.000000
-0.417927 -0.189487 -0.735230
0.000000 0.000000 0.000000
0.000000 0.000000 0.000000
-0.326098 -0.083657 -0.735230
-0.005323 -0.020608 -0.719731
-0.463771 -0.019861 -0.535305
0.315636 0.183953 -0.725978
0.000000 0.000000 0.000000
0.000000 0.000000 0.000000
0.000000 0.000000 0.000000
0.000000 0.000000 0.000000
0.237694 0.024366 -0.801100
0.201296 -0.049434 -0.719731
0.000000 0.000000 0.000000
0.000000 0.000000 0.000000
0.000000 0.000000 0.000000
0.000000 0.000000 0.000000
0.429940 -0.033370 -0.719731
0.000000 0.000000 0.000000
0.000000 0.000000 0.000000
0.459033 -0.217617 -0.806869
0.000000 0.000000 0.000000
0.105509 0.005371 -0.473051
0.000000 0.000000 0.000000
-0.463771 -0.034928 -0.386319
0.000000 0.000000 0.000000
0.442546 -0.101485 -0.790733
0.000000 0.000000 0.000000
0.000000 0.000000 0.000000
0.272491 0.093195 -0.719731
0.000000 0.000000 0.000000
0.000000 0.000000 0.000000
-0.213110 0.114339 -0.794988
-0.086550 0.142830 -0.796680
0.000000 0.000000 0.000000
0.000000 0.000000 0.000000
0.000000 0.000000 0.000000
-0.463771 -0.046661 -0.706870
0.000000 0.000000 0.000000
0.000000 0.000000 0.000000
-0.232834 -0.049356 -0.719731
0.045689 0.060278 -0.801100
0.000000 0.000000 0.000000
0.204936 0.005371 -0.644335
0.000000 0.000000 0.000000
0.000000 0.000000 0.000000
-0.190470 0.005371 -0.520229
0.000000 0.000000 0.000000
0.298017 0.191483 -0.774473
0.000000 0.000000 0.000000
0.000000 0.000000 0.000000
-0.295138 -0.029448 -0.719731
-0.439521 -0.248409 -0.802020
0.000000 0.000000 0.000000
0.000000 0.000000 0.000000
0.000000 0.000000 0.000000
-0.217800 0.010063 -0.801100
0.000000 0.000000 0.000000
0.000000 0.000000 0.000000
0.000000 0.000000 0.000000
0.088371 -0.023844 -0.719731
0.317361 -0.060456 -0.719731
-0.402225 -0.357395 -0.719731
0.000000 0.000000 0.000000
-0.019464 0.005371 -0.567988
0.339505 -0.000760 -0.789476
0.000000 0.000000 0.000000
0.373158 0.025097 -0.733739
0.119313 -0.120582 -0.812723
0.000000 0.000000 0.000000
-0.039358 0.166093 -0.719731
0.007385 -0.005006 -0.789476
0.000000 0.000000 0.000000
0.000000 0.000000 0.000000
-0.285703 0.005371 -0.643346
0.000000 0.000000 0.000000
0.000000 0.000000 0.000000
0.000000 0.000000 0.000000
0.466150 -0.015390 -0.620509
-0.118238 -0.031071 -0.719731
0.000000 0.000000 0.000000
0.000000 0.000000 0.000000
-0.347516 -0.108871 -0.789476
0.000000 0.000000 0.000000
0.000000 0.000000 0.000000
0.000000 0.000000 0.000000
0.000000 0.000000 0.000000
-0.105120 0.005371 -0.462992
0.000000 0.000000 0.000000
0.083392 0.097854 -0.789476
-0.222855 0.069856 -0.719731
0.000000 0.000000 0.000000
0.000000 0.000000 0.000000
0.148571 0.005371 -0.562244
0.000000 0.000000 0.000000
0.000000 0.000000 0.000000
0.000000 0.000000 0.000000
-0.151822 -0.130672 -0.765375
0.020733 -0.035629 -0.801100
0.000000 0.000000 0.000000
0.158447 0.005371 -0.678590
0.000000 0.000000 0.000000
0.000000 0.000000 0.000000
-0.351826 -0.017597 -0.789476
0.071246 0.148818 -0.747839
0.000000 0.000000 0.000000
0.091383 -0.095126 -0.735229
0.000000 0.000000 0.000000
0.396553 -0.124714 -0.719731
-0.028652 -0.052016 -0.793296
0.000000 0.000000 0.000000
0.000000 0.000000 0.000000
0.000000 0.000000 0.000000
0.000000 0.000000 0.000000
0.402276 -0.302537 -0.812723
0.000000 0.000000 0.000000
-0.116100 0.099079 -0.735230
0.000000 0.000000 0.000000
0.232128 0.100543 -0.719731
-0.389816 -0.000454 -0.717807
0.000000 0.000000 0.000000
0.000000 0.000000 0.000000
0.000000 0.000000 0.000000
-0.412019 0.005371 -0.582564
0.006256 0.022114 -0.719731
0.000000 0.000000 0.000000
-0.036184 0.005371 -0.667283
0.000000 0.000000 0.000000
0.000000 0.000000 0.000000
0.193796 -0.061316 -0.801100
0.294583 0.125733 -0.801100
0.000000 0.000000 0.000000
0.000000 0.000000 0.000000
0.318479 -0.135747 -0.812723
-0.392136 0.005371 -0.421387
0.000000 0.000000 0.000000
0.000000 0.000000 0.000000
-0.363051 0.116756 -0.719731
0.000000 0.000000 0.000000
0.000000 0.000000 0.000000
0.000000 0.000000 0.000000
-0.337627 0.145887 -0.719731
-0.410190 -0.173462 -0.789476
0.000000 0.000000 0.000000
0.000000 0.000000 0.000000
-0.315573 -0.140293 -0.747994
0.000000 0.000000 0.000000
-0.230108 0.146817 -0.735230
-0.020639 0.185751 -0.758590
0.000000 0.000000 0.000000
0.231571 0.180627 -0.812723
0.000000 0.000000 0.000000
0.000000 0.000000 0.000000
0.000000 0.000000 0.000000
0.000000 0.000000 0.000000
0.000000 0.000000 0.000000
-0.338198 0.154084 -0.812723
-0.141768 -0.077356 -0.789476
0.000000 0.000000 0.000000
0.061889 0.005371 -0.523692
0.000000 0.000000 0.000000
0.000000 0.000000 0.000000
-0.335442 0.005371 -0.568685
0.393419 -0.131280 -0.789476
0.000000 0.000000 0.000000
0.254279 0.001587 -0.715766
0.000000 0.000000 0.000000
-0.289004 0.069775 -0.801100
0.000000 0.000000 0.000000
-0.463771 -0.080904 -0.481746
0.000000 0.000000 0.000000
0.000000 0.000000 0.000000
0.000000 0.000000 0.000000
0.000000 0.000000 0.000000
0.361854 0.115791 -0.719731
0.000000 0.000000 0.000000
0.000000 0.000000 0.000000
0.000000 0.000000 0.000000
0.188964 -0.134713 -0.719731
0.000000 0.000000 0.000000
0.000000 0.000000 0.000000
-0.196329 -0.081120 -0.801100
0.000000 0.000000 0.000000
-0.463771 -0.122416 -0.577568
0.000000 0.000000 0.000000
0.129696 -0.024345 -0.719731
0.000000 0.000000 0.000000
0.000000 0.000000 0.000000
0.000000 0.000000 0.000000
0.000000 0.000000 0.000000
0.000000 0.000000 0.000000
0.000000 0.000000 0.000000
0.000000 0.000000 0.000000
-0.463771 -0.056301 -0.624746
-0.243462 0.005371 -0.552217
-0.410942 -0.281109 -0.737309
-0.459813 -0.126648 -0.715941
0.000000 0.000000 0.000000
0.000000 0.000000 0.000000
-0.023821 -0.083590 -0.735230
-0.008448 0.119860 -0.790066
0.000000 0.000000 0.000000
0.000000 0.000000 0.000000
0.000000 0.000000 0.000000
-0.370778 -0.281566 -0.785401
0.000000 0.000000 0.000000
0.000000 0.000000 0.000000
-0.458027 0.003365 -0.455741
0.268259 0.157038 -0.735229
0.000000 0.000000 0.000000
0.000000 0.000000 0.000000
0.000000 0.000000 0.000000
0.000000 0.000000 0.000000
0.000000 0.000000 0.000000
0.000000 0.000000 0.000000
0.000000 0.000000 0.000000
0.000000 0.000000 0.000000
0.000000 0.000000 0.000000
0.000000 0.000000 0.000000
0.000000 0.000000 0.000000
-0.155320 0.128609 -0.812723
0.000000 0.000000 0.000000
0.000000 0.000000 0.000000
0.466150 -0.050890 -0.653556
0.000000 0.000000 0.000000
-0.129744 0.021068 -0.719731
-0.269428 -0.060954 -0.719731
0.313615 0.055506 -0.801100
-0.220613 0.005371 -0.380438
0.000000 0.000000 0.000000
0.000000 0.000000 0.000000
-0.090861 -0.075893 -0.735230
0.415877 -0.062239 -0.761406
0.000000 0.000000 0.000000
0.340492 -0.140101 -0.748519
0.462604 -0.155212 -0.757895
0.000000 0.000000 0.000000
0.000000 0.000000 0.000000
0.000000 0.000000 0.000000
-0.321726 0.005371 -0.357147
0.000000 0.000000 0.000000
0.000000 0.000000 0.000000
0.000000 0.000000 0.000000
0.000000 0.000000 0.000000
0.000000 0.000000 0.000000
0.000000 0.000000 0.000000
0.000000 0.000000 0.000000
0.000000 0.000000 0.000000
0.000000 0.000000 0.000000
0.000000 0.000000 0.000000
0.000000 0.000000 0.000000
0.000000 0.000000 0.000000
0.000000 0.000000 0.000000
0.000000 0.000000 0.000000
0.000000 0.000000 0.000000
0.000000 0.000000 0.000000
-0.103911 0.005371 -0.543439
0.000000 0.000000 0.000000
0.000000 0.000000 0.000000
0.000000 0.000000 0.000000
0.000000 0.000000 0.000000
0.057899 0.005371 -0.454584
0.000000 0.000000 0.000000
0.000000 0.000000 0.000000
0.373158 -0.249877 -0.803679
0.000000 0.000000 0.000000
0.000000 0.000000 0.000000
0.000000 0.000000 0.000000
-0.117695 0.080623 -0.795406
0.056034 0.005371 -0.698337
0.366897 -0.035293 -0.719731
0.000000 0.000000 0.000000
-0.387452 -0.135655 -0.735230
0.000000 0.000000 0.000000
0.350670 0.005371 -0.588142
0.000000 0.000000 0.000000
0.000000 0.000000 0.000000
0.420651 0.005371 -0.662547
0.000000 0.000000 0.000000
0.373158 -0.085354 -0.810509
-0.453236 -0.001547 -0.718901
0.000000 0.000000 0.000000
0.253836 -0.085222 -0.801100
0.000000 0.000000 0.000000
0.000000 0.000000 0.000000
0.000000 0.000000 0.000000
-0.353940 0.043000 -0.723533
0.045205 0.096747 -0.719731
0.185318 0.056957 -0.719731
0.000000 0.000000 0.000000
0.000000 0.000000 0.000000
-0.160810 0.005371 -0.420581
0.178642 0.059240 -0.801100
0.000000 0.000000 0.000000
0.219178 0.005371 -0.565473
0.000000 0.000000 0.000000
0.000000 0.000000 0.000000
-0.380077 -0.070276 -0.733416
0.248090 -0.093073 -0.729358
0.000000 0.000000 0.000000
-0.216360 0.182109 -0.799092
0.000000 0.000000 0.000000
-0.463207 -0.188465 -0.762188
0.139486 0.141690 -0.739951
0.000000 0.000000 0.000000
0.000000 0.000000 0.000000
-0.251833 -0.037092 -0.801100
0.000000 0.000000 0.000000
0.000000 0.000000 0.000000
0.000000 0.000000 0.000000
0.000000 0.000000 0.000000
0.000000 0.000000 0.000000
0.000000 0.000000 0.000000
0.000000 0.000000 0.000000
0.000000 0.000000 0.000000
0.275026 -0.110511 -0.719731
0.000000 0.000000 0.000000
-0.276683 0.183511 -0.719731
-0.370778 -0.329368 -0.750278
0.000000 0.000000 0.000000
-0.222864 0.005371 -0.695331
0.150300 -0.083940 -0.735230
0.025730 -0.110328 -0.748371
-0.414617 -0.082696 -0.735230
-0.455953 -0.138735 -0.810876
0.266444 0.005371 -0.670156
0.184253 0.153925 -0.719731
0.000000 0.000000 0.000000
0.413051 0.005371 -0.619037
0.000000 0.000000 0.000000
0.000000 0.000000 0.000000
0.208737 0.118182 -0.789476
0.000000 0.000000 0.000000
0.078153 -0.001548 -0.801100
0.000000 0.000000 0.000000
0.000000 0.000000 0.000000
0.000000 0.000000 0.000000
0.000000 0.000000 0.000000
0.340164 0.066571 -0.735230
0.189711 0.005371 -0.509918
0.024925 0.005371 -0.593082
0.032543 0.100480 -0.801100
-0.331448 0.005371 -0.441250
0.000000 0.000000 0.000000
0.000000 0.000000 0.000000
0.000000 0.000000 0.000000
0.000000 0.000000 0.000000
-0.463771 -0.099069 -0.674360
0.000000 0.000000 0.000000
-0.203161 -0.103370 -0.719731
0.042992 -0.056044 -0.735230
-0.399657 0.005371 -0.479600
0.176446 -0.121459 -0.812723
-0.375080 -0.154483 -0.812723
0.000000 0.000000 0.000000
0.000000 0.000000 0.000000
0.000000 0.000000 0.000000
-0.288820 0.133606 -0.794048
0.000000 0.000000 0.000000
0.000000 0.000000 0.000000
0.000000 0.000000 0.000000
0.000000 0.000000 0.000000
0.394675 -0.196630 -0.735230
0.127555 0.140006 -0.790384
0.000000 0.000000 0.000000
-0.170763 0.081097 -0.801100
0.000000 0.000000 0.000000
0.000000 0.000000 0.000000
0.337920 -0.103142 -0.719731
0.133497 0.005371 -0.598982
-0.086264 0.005371 -0.631205
0.000000 0.000000 0.000000
0.466150 -0.084413 -0.701349
-0.138643 -0.102511 -0.719731
0.000000 0.000000 0.000000
-0.053017 -0.141760 -0.719731
0.180804 -0.000439 -0.801100
0.000000 0.000000 0.000000
0.373158 -0.082216 -0.755733
-0.370778 -0.197678 -0.759528
0.000000 0.000000 0.000000
0.000000 0.000000 0.000000
0.000000 0.000000 0.000000
-0.407029 -0.315836 -0.810283
0.000000 0.000000 0.000000
-0.350022 -0.068681 -0.789476
0.000000 0.000000 0.000000
-0.463771 -0.032101 -0.439672
0.000000 0.000000 0.000000
0.000000 0.000000 0.000000
0.000000 0.000000 0.000000
-0.092849 -0.117488 -0.805423
0.255762 0.193233 -0.775705
0.000000 0.000000 0.000000
0.000000 0.000000 0.000000
-0.013720 0.119995 -0.735230
0.000000 0.000000 0.000000
-0.029416 0.030551 -0.789476
0.000000 0.000000 0.000000
0.081191 -0.115530 -0.767552
0.000000 0.000000 0.000000
0.000000 0.000000 0.000000
0.446961 -0.110272 -0.737889
0.297034 0.005371 -0.595529
0.000000 0.000000 0.000000
-0.463771 -0.155765 -0.598315
0.341522 0.164051 -0.803358
0.000000 0.000000 0.000000
0.317122 0.016819 -0.719731
0.013146 0.005371 -0.642362
0.378860 -0.023178 -0.792378
0.000000 0.000000 0.000000
-0.156388 0.058789 -0.719731
0.000000 0.000000 0.000000
0.000000 0.000000 0.000000
0.000000 0.000000 0.000000
-0.099226 0.005371 -0.673741
0.000000 0.000000 0.000000
0.000000 0.000000 0.000000
-0.013464 0.167081 -0.811047
0.000000 0.000000 0.000000
-0.296594 -0.109155 -0.789476
0.000000 0.000000 0.000000
0.000000 0.000000 0.000000
-0.180678 -0.022044 -0.719731
0.000000 0.000000 0.000000
-0.455506 -0.355099 -0.754118
-0.071403 -0.005853 -0.719731
-0.428358 0.005371 -0.529201
0.000000 0.000000 0.000000
0.000000 0.000000 0.000000
0.025023 0.183488 -0.741408
0.246985 0.091697 -0.801100
-0.250496 0.005371 -0.590097
-0.178236 0.005371 -0.477686
-0.271139 -0.165869 -0.719731
0.000000 0.000000 0.000000
0.000000 0.000000 0.000000
0.272986 -0.131468 -0.789723
-0.085374 -0.051557 -0.801100
0.376700 0.005371 -0.687474
0.000000 0.000000 0.000000
0.117420 -0.061350 -0.801100
0.146116 -0.128619 -0.747190
0.351691 0.151555 -0.760392
-0.293645 0.040615 -0.719731
0.000000 0.000000 0.000000
0.000000 0.000000 0.000000
-0.243310 -0.100283 -0.789476
0.000000 0.000000 0.000000
0.000000 0.000000 0.000000
0.000000 0.000000 0.000000
-0.094632 0.005371 -0.413310
-0.463771 -0.104814 -0.527195
-0.306616 0.005371 -0.691482
-0.328408 0.115038 -0.789476
0.000000 0.000000 0.000000
0.000000 0.000000 0.000000
0.137257 0.018270 -0.719731
-0.394583 -0.040870 -0.779487
0.000000 0.000000 0.000000
0.000000 0.000000 0.000000
0.000000 0.000000 0.000000
0.053865 -0.095357 -0.812723
-0.164378 -0.033989 -0.801100
0.000000 0.000000 0.000000
0.000000 0.000000 0.000000
0.000000 0.000000 0.000000
0.000000 0.000000 0.000000
-0.463771 -0.082376 -0.394440
0.000000 0.000000 0.000000
0.000000 0.000000 0.000000
0.000000 0.000000 0.000000
-0.463771 -0.055839 -0.575413
0.000000 0.000000 0.000000
0.000000 0.000000 0.000000
0.000000 0.000000 0.000000
0.000000 0.000000 0.000000
0.370144 -0.165560 -0.770388
0.000000 0.000000 0.000000
-0.251825 0.192971 -0.811917
0.000000 0.000000 0.000000
0.000000 0.000000 0.000000
-0.381085 -0.218921 -0.789476
-0.298838 0.015628 -0.801100
0.073176 -0.052110 -0.801100
0.000000 0.000000 0.000000
0.084509 0.127111 -0.719731
0.000000 0.000000 0.000000
0.000000 0.000000 0.000000
0.000000 0.000000 0.000000
0.000000 0.000000 0.000000
0.000000 0.000000 0.000000
0.000000 0.000000 0.000000
0.000000 0.000000 0.000000
0.000000 0.000000 0.000000
0.000000 0.000000 0.000000
0.000000 0.000000 0.000000
-0.286434 -0.113655 -0.719731
0.000000 0.000000 0.000000
0.000000 0.000000 0.000000
0.000000 0.000000 0.000000
-0.048040 0.005371 -0.535844
-0.075239 0.146201 -0.735500
-0.346857 -0.053990 -0.735230
0.000000 0.000000 0.000000
0.000000 0.000000 0.000000
0.000000 0.000000 0.000000
-0.335237 0.005371 -0.631429
0.000000 0.000000 0.000000
0.000000 0.000000 0.000000
-0.056084 0.005371 -0.589703
-0.197026 0.005371 -0.574933
0.373158 0.028871 -0.796972
0.000000 0.000000 0.000000
0.067651 -0.130322 -0.719731
0.000000 0.000000 0.000000
-0.256956 0.111329 -0.719731
0.000000 0.000000 0.000000
0.000000 0.000000 0.000000
0.317742 0.095516 -0.719731
0.000000 0.000000 0.000000
0.264169 -0.036009 -0.719731
-0.310410 -0.139579 -0.812723
0.010974 0.005371 -0.438157
-0.405511 -0.117519 -0.789476
-0.444739 -0.240884 -0.736391
-0.463771 -0.005618 -0.610762
-0.420072 -0.141190 -0.719731
-0.364201 -0.167870 -0.719731
0.000000 0.000000 0.000000
0.000000 0.000000 0.000000
0.000000 0.000000 0.000000
-0.170247 -0.137735 -0.719731
0.000000 0.000000 0.000000
0.000000 0.000000 0.000000
0.000000 0.000000 0.000000
0.161174 -0.163335 -0.719731
0.000000 0.000000 0.000000
0.000000 0.000000 0.000000
-0.413734 0.005371 -0.377231
0.000000 0.000000 0.000000
0.000000 0.000000 0.000000
-0.370778 -0.100209 -0.750374
0.000000 0.000000 0.000000
0.000000 0.000000 0.000000
0.000000 0.000000 0.000000
-0.166534 -0.127356 -0.812723
0.025054 0.005371 -0.543783
0.050035 0.050367 -0.719731
0.000000 0.000000 0.000000
0.000000 0.000000 0.000000
0.000000 0.000000 0.000000
0.000000 0.000000 0.000000
-0.286944 0.005371 -0.496023
0.000000 0.000000 0.000000
0.000000 0.000000 0.000000
0.000000 0.000000 0.000000
0.172359 0.005371 -0.594696
0.000000 0.000000 0.000000
0.000000 0.000000 0.000000
0.000000 0.000000 0.000000
0.000000 0.000000 0.000000
-0.414251 -0.326847 -0.754307
0.000000 0.000000 0.000000
-0.463771 -0.008572 -0.669499
0.000000 0.000000 0.000000
0.373158 -0.050535 -0.756484
0.000000 0.000000 0.000000
0.000000 0.000000 0.000000
0.000000 0.000000 0.000000
0.000000 0.000000 0.000000
0.000000 0.000000 0.000000
0.000000 0.000000 0.000000
0.000000 0.000000 0.000000
0.000000 0.000000 0.000000
0.178539 -0.138130 -0.766674
0.223493 0.005371 -0.681350
0.000000 0.000000 0.000000
0.046523 0.156283 -0.812723
0.000000 0.000000 0.000000
-0.146848 0.144267 -0.769194
0.000000 0.000000 0.000000
0.376648 -0.167342 -0.812723
-0.463771 -0.114103 -0.431042
0.000000 0.000000 0.000000
0.000000 0.000000 0.000000
0.205424 0.014505 -0.719731
-0.250360 0.192724 -0.759285
0.428750 -0.148722 -0.789476
0.000000 0.000000 0.000000
0.000000 0.000000 0.000000
0.083174 0.144175 -0.795106
-0.070690 0.105013 -0.789476
0.291121 0.054873 -0.719731
0.000000 0.000000 0.000000
0.354343 -0.114453 -0.789476
0.278882 0.177714 -0.812723
0.238424 -0.128581 -0.735230
0.128763 -0.064736 -0.726656
0.105465 0.005371 -0.565982
0.000000 0.000000 0.000000
0.000000 0.000000 0.000000
0.000000 0.000000 0.000000
0.000000 0.000000 0.000000
-0.084541 0.005371 -0.497297
0.000000 0.000000 0.000000
0.000000 0.000000 0.000000
-0.370778 0.074409 -0.746268
0.142056 0.005371 -0.515607
0.022289 0.005371 -0.494799
-0.014690 0.065006 -0.719731
0.000000 0.000000 0.000000
-0.462702 -0.001309 -0.497386
-0.205222 -0.146639 -0.778826
