0.000000 0.000000 0.000000
0.000000 0.000000 0.000000
0.277907 0.023843 -0.445841
-0.209164 -0.057818 -0.801037
0.000000 0.000000 0.000000
0.171912 0.161140 0.383502
-0.401465 0.248523 -0.482703
0.000000 0.000000 0.000000
-0.327881 0.191353 -0.383045
0.343250 0.378501 -0.412000
0.373800 0.361094 0.342701
0.279205 -0.159247 0.603121
0.000000 0.000000 0.000000
0.372453 0.253166 -0.076858
0.277361 0.105201 -0.852676
0.156246 -0.118702 -0.060346
0.000000 0.000000 0.000000
0.000000 0.000000 0.000000
-0.038958 0.253166 -0.165322
0.000000 0.000000 0.000000
-0.054850 0.105201 -0.546937
0.000000 0.000000 0.000000
-0.013322 0.378501 -0.512245
-0.021667 0.235759 -0.494991
0.332082 0.235759 0.284870
-0.322659 -0.166424 -0.525484
0.162512 -0.140247 0.258797
0.163938 0.180055 -0.166195
0.000000 0.000000 0.000000
0.237600 0.361094 0.084199
0.000000 0.000000 0.000000
0.000000 0.000000 0.000000
0.375435 0.235759 -0.499324
-0.045168 0.089534 -0.919554
0.206106 0.378501 -0.216633
0.000000 0.000000 0.000000
0.000000 0.000000 0.000000
0.000000 0.000000 0.000000
0.087843 0.132678 -0.389804
0.000000 0.000000 0.000000
0.000000 0.000000 0.000000
0.000000 0.000000 0.000000
0.000000 0.000000 0.000000
0.000000 0.000000 0.000000
0.000000 0.000000 0.000000
-0.272511 0.105201 -0.886374
0.156246 0.056375 0.219030
-0.210653 0.023544 -0.374151
0.277907 0.071470 -0.582079
0.093440 0.235759 0.070680
-0.312434 0.105201 -0.585530
0.000000 0.000000 0.000000
0.000000 0.000000 0.000000
0.000000 0.000000 0.000000
0.000000 0.000000 0.000000
-0.015625 0.378501 -0.314984
0.000000 0.000000 0.000000
-0.262339 -0.250815 0.438802
-0.223789 0.253166 -0.261108
0.375337 0.235759 0.348632
0.000000 0.000000 0.000000
0.091535 0.105201 -0.729631
0.383066 0.252809 -0.283999
0.156246 -0.011463 -0.281666
0.283097 0.011797 0.438802
0.363315 0.378501 -0.051609
0.156246 0.164511 0.045936
0.279205 0.040497 0.637241
0.220232 0.202968 -0.389804
0.056620 -0.057624 -0.389804
-0.150211 0.235759 -0.403638
0.196410 0.378501 -0.516643
-0.142464 0.089534 -0.734493
0.171912 -0.117793 0.051239
0.000000 0.000000 0.000000
0.000000 0.000000 0.000000
0.000000 0.000000 0.000000
0.000000 0.000000 0.000000
0.000000 0.000000 0.000000
0.125632 0.378501 -0.032539
0.000000 0.000000 0.000000
-0.322659 -0.152578 -0.716770
-0.066200 0.045092 -0.374151
0.000000 0.000000 0.000000
-0.306991 0.053892 -0.714046
0.000000 0.000000 0.000000
0.073784 -0.036547 0.438802
0.273292 0.235759 0.065610
0.000000 0.000000 0.000000
0.000000 0.000000 0.000000
0.004553 0.253166 -0.403015
0.000000 0.000000 0.000000
0.136334 0.089534 -0.567051
0.156246 0.082088 -0.327429
0.156246 0.049301 -0.105650
0.000000 0.000000 0.000000
0.169668 0.253166 0.222122
0.000000 0.000000 0.000000
0.000000 0.000000 0.000000
-0.167873 0.253166 -0.095252
-0.262868 0.089534 -0.460178
0.152806 0.253166 -0.502702
-0.278776 -0.134529 -0.389804
-0.067906 0.035196 -0.801037
0.000000 0.000000 0.000000
0.103692 0.361094 -0.236249
0.195511 0.235759 -0.491616
0.281876 0.106543 0.438802
0.000000 0.000000 0.000000
0.228756 0.378501 -0.411566
0.174832 0.235759 -0.291370
0.000000 0.000000 0.000000
0.000000 0.000000 0.000000
0.000000 0.000000 0.000000
0.360187 0.361094 -0.239475
0.000000 0.000000 0.000000
0.000000 0.000000 0.000000
0.156246 -0.019373 0.364407
0.000000 0.000000 0.000000
0.000000 0.000000 0.000000
0.000000 0.000000 0.000000
0.098025 0.235759 -0.081818
0.000000 0.000000 0.000000
0.150947 0.089534 -0.503990
0.000000 0.000000 0.000000
0.358885 0.235759 0.132918
-0.335632 -0.039756 -0.602032
0.359820 0.361094 0.153002
0.103036 0.089534 -0.888009
0.225620 0.253166 -0.045326
-0.020078 0.235759 0.021407
0.000000 0.000000 0.000000
0.274961 0.253166 -0.186647
-0.007339 -0.183398 0.450750
0.171912 0.027543 0.413561
-0.146535 0.166086 -0.374151
0.000000 0.000000 0.000000
0.000000 0.000000 0.000000
0.000000 0.000000 0.000000
0.279205 -0.059051 0.517310
0.000000 0.000000 0.000000
0.000000 0.000000 0.000000
0.117540 0.034848 -0.801037
0.000000 0.000000 0.000000
0.000000 0.000000 0.000000
-0.230057 0.251489 -0.516059
0.000000 0.000000 0.000000
0.256834 -0.013102 -0.801037
0.000000 0.000000 0.000000
0.000000 0.000000 0.000000
0.000000 0.000000 0.000000
0.171912 0.016089 0.055545
0.028300 0.089534 -0.443284
0.000000 0.000000 0.000000
0.000000 0.000000 0.000000
0.000000 0.000000 0.000000
-0.091494 -0.091382 -0.389804
-0.322659 -0.041554 -0.474945
-0.005561 0.089534 -0.706903
-0.204104 0.159384 -0.374151
0.373371 0.363431 -0.519651
0.000000 0.000000 0.000000
0.095579 0.361094 -0.412267
-0.144683 -0.246070 0.450750
0.000000 0.000000 0.000000
0.277907 0.102093 -0.443832
-0.108715 0.089534 -0.465510
0.000000 0.000000 0.000000
0.000000 0.000000 0.000000
-0.089659 0.235759 -0.278466
-0.164395 0.089534 -0.604391
0.000000 0.000000 0.000000
0.000000 0.000000 0.000000
0.000000 0.000000 0.000000
0.242034 0.089534 -0.711924
0.239999 0.361094 -0.045926
0.078605 0.253166 -0.191647
0.118757 -0.218913 0.775312
0.171912 0.079347 -0.247500
-0.019474 0.378501 -0.194904
0.369208 0.235759 0.466412
0.000000 0.000000 0.000000
-0.159060 -0.070603 -0.390221
0.000000 0.000000 0.000000
-0.237817 0.089534 -0.690432
-0.124026 0.235759 -0.499339
0.171912 -0.048925 0.270605
0.000000 0.000000 0.000000
0.171912 -0.049769 0.152011
0.156246 0.169204 0.250361
0.321668 0.253166 -0.379086
0.288427 0.378501 -0.318608
0.141664 0.253166 -0.079309
0.279205 -0.091414 0.757837
0.000000 0.000000 0.000000
0.118350 0.033769 -0.390221
-0.322659 -0.071960 -0.791145
0.113787 -0.141209 0.454455
0.000000 0.000000 0.000000
0.381752 0.235759 0.022017
0.041342 0.361094 -0.117502
0.039721 0.039397 -0.801037
0.209378 0.105201 -0.770337
0.297707 0.281676 -0.452423
0.109374 0.253166 -0.375942
-0.041131 0.179704 -0.389804
0.156246 0.103638 0.124179
0.000000 0.000000 0.000000
0.297707 0.320514 -0.461711
-0.409803 0.243691 -0.422688
0.000000 0.000000 0.000000
-0.131721 0.105201 -0.834638
0.000000 0.000000 0.000000
0.158204 0.378501 -0.118331
0.000000 0.000000 0.000000
0.171850 0.180055 -0.049692
0.171912 0.057176 0.319660
0.000000 0.000000 0.000000
0.171912 -0.035465 -0.156831
-0.249134 0.253166 -0.398466
0.164860 0.361094 -0.322689
0.000000 0.000000 0.000000
-0.237529 0.048135 -0.801037
0.000000 0.000000 0.000000
0.000000 0.000000 0.000000
0.000000 0.000000 0.000000
-0.322659 -0.098655 -0.601826
0.319212 0.378501 -0.148003
0.279205 -0.166982 0.729215
0.000000 0.000000 0.000000
0.000000 0.000000 0.000000
0.212430 0.253166 0.136908
-0.300005 0.087965 -0.389804
0.000000 0.000000 0.000000
0.000000 0.000000 0.000000
0.000000 0.000000 0.000000
0.344232 0.378501 0.024739
0.000000 0.000000 0.000000
-0.036668 0.253166 -0.058701
0.000000 0.000000 0.000000
0.279205 0.048502 0.525061
0.049592 0.235759 -0.296006
-0.306991 0.052894 -0.494776
0.280015 0.300523 0.139806
0.145137 0.105201 -0.665195
-0.130034 0.253166 -0.199368
0.000000 0.000000 0.000000
-0.322659 -0.054635 -0.708921
0.000000 0.000000 0.000000
0.000000 0.000000 0.000000
0.000000 0.000000 0.000000
0.000000 0.000000 0.000000
0.000000 0.000000 0.000000
0.212500 -0.061421 0.450750
0.000000 0.000000 0.000000
0.000000 0.000000 0.000000
0.279530 0.305691 -0.056082
0.000000 0.000000 0.000000
0.000000 0.000000 0.000000
-0.322381 -0.046850 -0.390221
0.000000 0.000000 0.000000
0.000000 0.000000 0.000000
0.295734 0.253166 -0.277381
-0.327334 0.090794 -0.811516
0.000000 0.000000 0.000000
0.374771 0.235759 -0.169518
0.088949 0.361094 -0.519246
0.162712 0.180055 -0.269248
0.156246 -0.112865 0.387081
-0.093591 0.089534 -0.654715
0.019606 0.105201 -0.846552
0.156246 -0.048480 -0.350165
0.000000 0.000000 0.000000
0.000000 0.000000 0.000000
0.000000 0.000000 0.000000
0.171084 0.180055 -0.343348
0.210747 0.051318 -0.374151
-0.049110 -0.121740 -0.390221
0.325949 0.378501 0.067411
-0.120976 0.063061 -0.389804
0.000000 0.000000 0.000000
-0.306991 -0.134322 -0.472149
0.247295 0.309937 -0.445090
0.083450 0.246914 -0.516059
0.154803 0.311121 -0.445090
0.171912 0.096665 -0.165080
0.000000 0.000000 0.000000
0.214847 0.253166 -0.368845
0.000000 0.000000 0.000000
0.281429 0.235759 -0.514987
0.000000 0.000000 0.000000
0.018994 0.016276 -0.374151
0.000000 0.000000 0.000000
0.000000 0.000000 0.000000
0.000000 0.000000 0.000000
-0.103761 -0.142869 0.438802
0.000000 0.000000 0.000000
-0.303990 0.235759 -0.456803
0.374227 0.378501 -0.335214
0.296938 0.339148 0.036375
0.000000 0.000000 0.000000
-0.193318 0.105201 -0.521427
0.188150 0.253166 0.024944
0.236567 0.253166 0.294080
0.011041 0.361094 -0.429793
0.000000 0.000000 0.000000
0.075165 0.378501 -0.318081
0.220966 0.066699 0.450750
0.000000 0.000000 0.000000
0.000000 0.000000 0.000000
0.000000 0.000000 0.000000
0.377070 0.377852 0.246339
0.279205 -0.050304 0.676936
0.202185 0.103382 -0.905138
0.000000 0.000000 0.000000
0.000000 0.000000 0.000000
-0.178066 0.089534 -0.902124
0.000000 0.000000 0.000000
0.000000 0.000000 0.000000
0.000000 0.000000 0.000000
-0.217529 0.253166 -0.176475
0.000000 0.000000 0.000000
0.284765 0.155525 -0.389804
0.000000 0.000000 0.000000
0.000000 0.000000 0.000000
0.000000 0.000000 0.000000
0.295696 0.253166 -0.097250
0.051169 0.089534 -0.532632
0.000000 0.000000 0.000000
-0.246971 0.253166 -0.343864
0.000000 0.000000 0.000000
0.000000 0.000000 0.000000
0.156246 0.070111 -0.011075
0.000000 0.000000 0.000000
0.156246 -0.135194 0.161562
0.281922 0.361094 -0.518655
0.000000 0.000000 0.000000
0.000000 0.000000 0.000000
0.000000 0.000000 0.000000
0.000000 0.000000 0.000000
-0.020809 0.105201 -0.616043
0.000000 0.000000 0.000000
0.279055 -0.025831 -0.374151
0.000000 0.000000 0.000000
-0.015210 0.253166 -0.243885
0.000000 0.000000 0.000000
0.022050 0.253166 -0.099755
0.145845 0.235759 0.106960
0.000000 0.000000 0.000000
0.160641 0.105201 -0.794268
0.000000 0.000000 0.000000
0.057323 0.089534 -0.668092
0.095505 0.276868 -0.445090
-0.306991 0.054500 -0.625679
-0.326269 0.253166 -0.327115
-0.303434 0.253166 -0.276310
0.000000 0.000000 0.000000
0.265403 0.253166 0.194929
0.059595 0.207868 -0.374151
0.235770 0.235759 -0.124330
0.171912 -0.039870 -0.005192
0.162788 0.180055 0.126119
-0.017420 0.378501 -0.385642
-0.322659 0.016003 -0.796834
0.000000 0.000000 0.000000
0.006764 -0.073874 0.450750
0.260695 0.361094 -0.378819
0.000000 0.000000 0.000000
0.000000 0.000000 0.000000
0.195558 0.235759 -0.201546
0.000000 0.000000 0.000000
0.000000 0.000000 0.000000
-0.048482 0.105201 -0.765881
-0.081862 0.253166 -0.397277
0.025379 0.235759 0.085994
0.000000 0.000000 0.000000
0.000000 0.000000 0.000000
0.100467 0.044467 0.454455
0.000000 0.000000 0.000000
0.000000 0.000000 0.000000
0.000000 0.000000 0.000000
0.000000 0.000000 0.000000
-0.306991 0.012157 -0.561860
0.000000 0.000000 0.000000
0.000000 0.000000 0.000000
0.171912 -0.023112 -0.064202
0.000000 0.000000 0.000000
-0.109977 -0.030045 -0.801037
0.000000 0.000000 0.000000
-0.254571 -0.062168 -0.389804
0.124620 0.235759 -0.000351
0.000000 0.000000 0.000000
0.300995 0.235759 -0.027066
0.000000 0.000000 0.000000
0.000000 0.000000 0.000000
0.277907 0.044638 -0.684634
0.370965 0.235759 0.212890
0.000000 0.000000 0.000000
0.000000 0.000000 0.000000
0.000000 0.000000 0.000000
0.000000 0.000000 0.000000
0.210803 0.089534 -0.622629
0.000000 0.000000 0.000000
0.229083 0.105201 -0.523655
0.000000 0.000000 0.000000
0.171912 0.033038 0.125299
0.134118 0.105201 -0.436101
0.000000 0.000000 0.000000
0.000000 0.000000 0.000000
-0.306991 -0.158319 -0.641567
-0.199999 0.090018 -0.389804
0.000000 0.000000 0.000000
0.000000 0.000000 0.000000
0.000000 0.000000 0.000000
0.000000 0.000000 0.000000
0.000000 0.000000 0.000000
0.000000 0.000000 0.000000
-0.106309 -0.015849 -0.374151
-0.322659 0.021978 -0.414975
0.284326 0.378501 -0.231518
0.000000 0.000000 0.000000
0.300550 0.253166 0.384421
0.156246 -0.025480 -0.208626
0.205535 0.105201 -0.425389
0.084393 0.253166 0.147285
0.000000 0.000000 0.000000
-0.237677 0.089534 -0.609976
0.000000 0.000000 0.000000
0.000000 0.000000 0.000000
-0.192384 0.105201 -0.657253
0.233903 0.361094 -0.126533
-0.147634 0.058506 -0.801037
-0.306991 0.014954 -0.646644
0.377070 0.369377 -0.103081
0.291154 0.361094 0.177692
-0.205190 -0.207741 0.438802
0.171912 -0.044379 0.080411
-0.208833 0.089534 -0.770381
0.043835 -0.128199 0.450750
-0.022299 0.089534 -0.484127
-0.013781 0.108640 -0.374151
0.000000 0.000000 0.000000
0.050799 0.235759 -0.007691
0.127172 0.235759 -0.223140
0.062884 0.084908 -0.374151
0.302373 0.378501 -0.444212
0.374002 0.253166 -0.425100
-0.107455 0.105201 -0.571659
0.026140 0.378501 -0.256264
0.148447 0.253166 -0.141939
0.242374 -0.152099 0.775312
0.000000 0.000000 0.000000
0.222286 0.235759 -0.264086
-0.306991 -0.075262 -0.663191
0.166644 0.378501 -0.433949
0.146595 -0.054624 0.450750
0.156246 -0.099907 0.323704
0.000000 0.000000 0.000000
0.101004 0.378501 -0.154516
0.180971 -0.007717 -0.801037
0.156246 0.132122 0.185500
0.156246 -0.104032 -0.136928
0.117851 0.235759 -0.303115
0.000000 0.000000 0.000000
0.277907 0.047033 -0.785382
0.000000 0.000000 0.000000
-0.306991 -0.069962 -0.531531
0.279205 -0.084092 0.606966
-0.052486 0.253166 -0.357589
0.240482 0.378501 0.021638
-0.197307 0.253166 -0.450239
0.311884 0.378501 -0.025620
0.000000 0.000000 0.000000
-0.038528 -0.053991 -0.374151
-0.107375 0.104810 -0.932263
0.284216 -0.069788 0.438802
0.000000 0.000000 0.000000
0.159985 0.361094 -0.252344
0.066673 0.378501 -0.051721
0.000000 0.000000 0.000000
0.330742 0.361094 -0.457845
0.029313 0.235759 -0.464705
-0.165459 0.089534 -0.453892
0.000000 0.000000 0.000000
0.146155 0.361094 0.044725
0.000000 0.000000 0.000000
0.053799 0.361094 -0.355024
-0.273689 0.138019 -0.374151
-0.116491 -0.144816 -0.374151
0.154100 0.235759 -0.424645
0.222687 0.253166 -0.415498
0.000000 0.000000 0.000000
0.024921 0.089534 -0.933398
0.156246 0.107428 0.055223
0.174913 0.378501 -0.074886
0.000000 0.000000 0.000000
-0.073020 0.253166 -0.460673
0.000000 0.000000 0.000000
0.000000 0.000000 0.000000
0.171214 -0.003860 -0.389804
0.000000 0.000000 0.000000
0.000000 0.000000 0.000000
0.085540 0.361094 0.021383
-0.057505 0.361521 -0.139082
-0.261134 -0.009180 -0.801037
0.000000 0.000000 0.000000
-0.149090 0.253166 -0.144548
0.000000 0.000000 0.000000
-0.108649 0.253166 -0.102000
0.299318 0.378501 -0.079178
0.251749 0.105201 0.504268
0.000000 0.000000 0.000000
0.041429 0.089534 -0.774989
0.317270 0.253166 0.018904
0.360840 0.253166 0.087224
0.000000 0.000000 0.000000
0.243774 -0.119608 0.454455
0.087955 0.089534 -0.793604
-0.036262 -0.128159 0.450750
-0.192010 0.253166 -0.371757
0.000000 0.000000 0.000000
0.066103 0.378501 -0.186050
-0.152408 0.235759 -0.272126
0.000000 0.000000 0.000000
0.171912 0.125709 0.308275
0.000000 0.000000 0.000000
0.277907 0.022926 -0.543325
0.346485 0.253166 -0.340891
0.000000 0.000000 0.000000
0.156152 0.235759 0.268830
-0.094139 0.190251 -0.374151
0.000000 0.000000 0.000000
0.329685 0.378501 0.243650
0.000000 0.000000 0.000000
0.000000 0.000000 0.000000
-0.066754 0.105201 -0.857639
0.000000 0.000000 0.000000
0.221562 0.001664 0.438802
0.000000 0.000000 0.000000
0.000000 0.000000 0.000000
0.171912 0.125208 -0.073358
0.280593 0.034610 -0.374151
0.205528 -0.194990 0.775312
0.362457 0.361094 -0.169009
0.248164 0.164557 0.454455
0.000000 0.000000 0.000000
-0.214276 -0.140862 -0.389804
0.000000 0.000000 0.000000
-0.322659 -0.099425 -0.432116
0.000000 0.000000 0.000000
0.000000 0.000000 0.000000
0.000000 0.000000 0.000000
0.331796 0.235759 -0.225744
0.000000 0.000000 0.000000
0.000000 0.000000 0.000000
0.000000 0.000000 0.000000
0.000000 0.000000 0.000000
0.318087 0.253166 0.176707
0.000000 0.000000 0.000000
-0.340184 0.235759 -0.491938
0.000000 0.000000 0.000000
0.000000 0.000000 0.000000
0.090111 0.089534 -0.479860
0.000000 0.000000 0.000000
0.000000 0.000000 0.000000
0.000000 0.000000 0.000000
0.243137 0.253166 -0.009742
0.000000 0.000000 0.000000
0.000000 0.000000 0.000000
-0.278694 0.089534 -0.540228
0.279205 -0.150897 0.668817
0.000000 0.000000 0.000000
0.356040 0.235759 0.412440
0.000000 0.000000 0.000000
0.000000 0.000000 0.000000
0.000000 0.000000 0.000000
-0.257047 0.105201 -0.813752
0.079887 -0.182713 0.454455
0.000000 0.000000 0.000000
-0.153122 -0.174324 0.454455
0.000000 0.000000 0.000000
0.000000 0.000000 0.000000
0.000000 0.000000 0.000000
0.000000 0.000000 0.000000
0.000000 0.000000 0.000000
0.239215 0.378501 -0.335221
0.085830 0.105201 -0.602031
0.119312 -0.038106 -0.389804
0.000000 0.000000 0.000000
0.128817 0.378501 -0.340005
-0.048189 0.378501 -0.268021
0.269778 0.253166 -0.333940
0.000000 0.000000 0.000000
0.000000 0.000000 0.000000
0.191847 0.287756 -0.462499
0.000000 0.000000 0.000000
0.032900 0.235759 -0.154245
-0.306991 -0.109652 -0.748658
0.000000 0.000000 0.000000
0.000000 0.000000 0.000000
0.272814 0.105201 -0.758812
0.265485 0.378501 -0.156984
0.000000 0.000000 0.000000
0.000000 0.000000 0.000000
0.000000 0.000000 0.000000
0.156246 0.017653 -0.336582
-0.071952 0.235759 -0.187984
0.000000 0.000000 0.000000
0.000000 0.000000 0.000000
-0.114406 0.235759 -0.336544
0.000000 0.000000 0.000000
0.000000 0.000000 0.000000
-0.347338 0.235759 -0.417047
0.217099 0.253166 0.072628
0.000000 0.000000 0.000000
0.150326 0.235759 0.168628
0.156294 0.089534 -0.722905
0.000000 0.000000 0.000000
0.187951 0.105201 -0.851443
0.000000 0.000000 0.000000
0.051701 0.378501 -0.475309
0.143515 0.361094 -0.499971
0.000000 0.000000 0.000000
-0.249481 0.105201 -0.510476
0.171912 -0.066088 -0.090827
0.000000 0.000000 0.000000
0.296938 0.344563 0.108450
0.000000 0.000000 0.000000
0.000000 0.000000 0.000000
0.247588 0.102787 -0.389804
0.158415 0.378501 -0.164279
0.000000 0.000000 0.000000
-0.346888 0.043801 -0.581827
0.000000 0.000000 0.000000
0.113928 0.235759 -0.153401
0.171912 -0.094352 -0.203418
0.000000 0.000000 0.000000
-0.073050 0.089534 -0.415186
0.198741 0.235759 -0.076504
0.000000 0.000000 0.000000
0.193382 0.361094 -0.371804
0.000000 0.000000 0.000000
-0.299563 0.235759 -0.360048
-0.102361 0.105201 -0.511891
0.000000 0.000000 0.000000
0.000000 0.000000 0.000000
0.000000 0.000000 0.000000
0.000000 0.000000 0.000000
0.203507 0.378501 -0.009108
0.000000 0.000000 0.000000
0.010322 -0.045052 -0.374151
0.156246 0.006108 0.295442
0.156246 0.044038 -0.190596
0.000000 0.000000 0.000000
0.236221 0.235759 0.238436
0.115803 0.203362 -0.374151
0.000000 0.000000 0.000000
-0.306991 -0.165659 -0.433232
0.267466 0.253166 -0.429547
0.240065 0.361094 -0.457211
0.000000 0.000000 0.000000
-0.305526 -0.179792 -0.374151
-0.135753 0.112309 -0.374151
0.000000 0.000000 0.000000
0.217096 0.253166 -0.322603
0.314812 0.253166 -0.472626
-0.292146 0.089534 -0.664192
-0.277650 -0.008837 -0.390221
0.000000 0.000000 0.000000
-0.267669 0.192307 -0.389804
0.077534 0.253166 -0.267057
0.014570 0.361094 -0.162426
-0.323009 0.105201 -0.753990
0.000000 0.000000 0.000000
0.000000 0.000000 0.000000
0.004949 0.235759 -0.276529
0.000000 0.000000 0.000000
0.057535 -0.044163 -0.801037
0.000000 0.000000 0.000000
0.000000 0.000000 0.000000
0.171912 -0.075934 0.218083
-0.190061 0.253166 -0.302186
0.236351 0.235759 0.352825
0.000000 0.000000 0.000000
-0.169490 0.235759 -0.188691
0.179877 0.081883 -0.390221
0.000000 0.000000 0.000000
0.014983 0.235759 -0.201366
0.003415 0.105201 -0.542233
0.184067 0.378501 0.107259
0.163813 0.235759 -0.379346
0.000000 0.000000 0.000000
0.000000 0.000000 0.000000
0.307573 0.253166 0.113729
0.000000 0.000000 0.000000
0.224981 -0.008843 -0.390221
0.277907 0.085320 -0.496272
-0.070902 -0.088252 -0.801037
0.000000 0.000000 0.000000
0.149822 0.235759 -0.334176
0.000000 0.000000 0.000000
0.000000 0.000000 0.000000
0.202589 0.089534 -0.479817
0.022327 0.253166 -0.348056
0.000000 0.000000 0.000000
0.383066 0.236027 -0.230112
0.156246 0.013972 -0.004582
0.000000 0.000000 0.000000
0.000000 0.000000 0.000000
0.000000 0.000000 0.000000
-0.250636 0.105201 -0.748192
0.087061 0.235759 -0.330282
-0.092138 0.105201 -0.718537
0.000000 0.000000 0.000000
0.000000 0.000000 0.000000
0.000000 0.000000 0.000000
0.000000 0.000000 0.000000
