0.014547 0.167540 -0.370218
0.000000 0.000000 0.000000
0.000000 0.000000 0.000000
-0.144897 0.060118 0.706281
-0.223785 -0.304822 -0.711703
-0.190797 0.394706 0.706281
-0.368202 -0.446918 0.131522
-0.212356 0.460592 -0.222282
0.000000 0.000000 0.000000
-0.497587 0.245026 0.221220
-0.497587 0.263506 -0.671464
-0.396957 -0.437516 0.706281
0.000000 0.000000 0.000000
-0.417234 -0.193165 -0.241348
0.000000 0.000000 0.000000
0.000000 0.000000 0.000000
0.000000 0.000000 0.000000
-0.387952 0.460592 0.178468
0.000000 0.000000 0.000000
0.000000 0.000000 0.000000
-0.497587 -0.143435 0.373614
-0.417234 0.240473 -0.248246
-0.086356 0.143907 0.174437
-0.127013 0.249789 -0.711703
-0.497587 -0.234695 -0.433535
-0.229737 -0.409106 0.458179
-0.458400 0.027451 0.706281
-0.074351 -0.209379 0.706281
0.172805 0.086263 0.644835
-0.497587 0.445157 0.582417
-0.344626 0.143907 -0.268042
-0.497587 -0.212868 -0.695566
0.000000 0.000000 0.000000
0.000000 0.000000 0.000000
-0.018733 -0.389083 0.706281
-0.250607 0.460592 -0.577404
-0.271599 0.002110 -0.617171
0.000000 0.000000 0.000000
-0.497587 0.457319 -0.443492
-0.450321 -0.033364 0.029085
-0.381493 -0.305119 -0.128589
0.000000 0.000000 0.000000
-0.299765 0.167540 0.467640
0.115193 0.056624 0.706281
0.000000 0.000000 0.000000
0.000000 0.000000 0.000000
-0.163906 0.460592 0.018425
0.000000 0.000000 0.000000
0.153075 0.143907 0.265439
0.000000 0.000000 0.000000
-0.417234 0.045331 -0.456195
0.026661 0.057645 -0.711703
-0.284460 -0.531997 0.556484
-0.384720 -0.120397 0.644835
0.000000 0.000000 0.000000
-0.450321 -0.360245 -0.144005
-0.218238 0.498409 0.423845
-0.395384 -0.063598 0.706281
-0.180735 0.460592 0.580500
-0.497587 0.443459 -0.023873
-0.124145 -0.328752 -0.075196
0.000000 0.000000 0.000000
-0.334279 0.284572 -0.711703
-0.012026 0.288700 0.611748
-0.497587 0.215884 0.001022
0.057150 0.143907 -0.088228
-0.254585 0.114679 0.706281
0.000000 0.000000 0.000000
0.001835 0.460592 -0.314529
0.000000 0.000000 0.000000
0.000000 0.000000 0.000000
0.000000 0.000000 0.000000
-0.497587 -0.387181 0.378081
-0.497587 0.273564 0.582990
0.000000 0.000000 0.000000
-0.327576 -0.328752 0.390917
0.000000 0.000000 0.000000
-0.005096 0.143907 0.491927
-0.273719 -0.305119 -0.375838
-0.070945 0.498409 -0.687964
-0.238760 0.167540 -0.043650
-0.417234 0.040149 0.453636
-0.497587 0.061127 -0.138752
-0.244112 0.143907 -0.493576
-0.417234 -0.246480 0.185202
0.000000 0.000000 0.000000
-0.297673 0.460592 -0.488449
-0.205770 -0.328752 0.118782
0.000000 0.000000 0.000000
-0.032268 0.498409 0.286070
-0.258409 0.167540 0.246961
0.000000 0.000000 0.000000
-0.497587 0.234583 -0.472596
-0.349645 -0.446918 -0.193010
-0.344885 -0.328752 -0.616611
-0.035406 -0.305119 0.478573
0.000000 0.000000 0.000000
0.074476 -0.242413 0.706281
-0.119608 -0.096241 -0.711703
-0.497587 -0.220680 0.011102
-0.239985 -0.024163 0.706281
-0.497587 0.028843 0.213434
0.000000 0.000000 0.000000
-0.472364 0.055888 -0.711703
-0.232601 -0.409105 0.562563
-0.048212 0.498409 -0.381336
0.000000 0.000000 0.000000
-0.474183 0.498409 -0.687155
0.000000 0.000000 0.000000
-0.450321 0.247826 0.374108
-0.484231 0.498409 -0.181403
-0.385070 0.498409 -0.042424
-0.462135 -0.275953 0.607213
0.088976 0.237186 -0.711703
0.000000 0.000000 0.000000
-0.497587 -0.423716 -0.422438
-0.189120 0.170825 0.706281
-0.313952 0.184109 -0.711703
0.000000 0.000000 0.000000
-0.042613 0.460592 0.565548
-0.025335 0.143907 -0.445153
0.000000 0.000000 0.000000
0.013815 -0.095473 0.706281
-0.066184 -0.305119 0.277478
-0.497557 -0.047228 0.442404
-0.455423 0.498409 0.385129
0.000000 0.000000 0.000000
-0.369684 0.475952 0.706281
-0.417234 0.036690 -0.058638
0.000000 0.000000 0.000000
0.000000 0.000000 0.000000
-0.497587 -0.444852 0.023946
0.000000 0.000000 0.000000
0.000000 0.000000 0.000000
-0.450321 0.005725 -0.321775
-0.094195 0.081563 -0.711703
-0.084388 0.498409 -0.048459
-0.280865 -0.265592 0.644835
-0.423991 -0.409106 0.582764
0.000000 0.000000 0.000000
-0.375834 -0.043313 -0.617171
0.000000 0.000000 0.000000
-0.131735 0.143907 -0.216078
0.000000 0.000000 0.000000
-0.248323 -0.305119 -0.180046
0.000000 0.000000 0.000000
0.000000 0.000000 0.000000
0.000000 0.000000 0.000000
0.000000 0.000000 0.000000
0.194771 -0.098863 0.611748
0.000000 0.000000 0.000000
-0.417234 -0.215668 0.504865
-0.205794 0.338048 -0.673890
0.000000 0.000000 0.000000
-0.299365 -0.200992 -0.673890
0.000000 0.000000 0.000000
-0.401740 0.252486 0.706281
-0.497587 0.332585 0.085190
-0.381750 0.432981 -0.673891
-0.369795 -0.409106 0.295377
-0.417234 -0.109553 -0.163441
-0.065542 0.460592 -0.567570
-0.466964 -0.446918 -0.318277
-0.497587 -0.425373 -0.698871
-0.497587 0.285012 -0.517786
0.000000 0.000000 0.000000
0.000000 0.000000 0.000000
0.000000 0.000000 0.000000
-0.417234 -0.137500 -0.380748
-0.450321 0.385719 -0.316121
0.000000 0.000000 0.000000
-0.417234 0.182779 -0.154282
-0.004338 0.143907 0.331387
0.000000 0.000000 0.000000
-0.191069 -0.357539 0.706281
0.016575 0.323136 -0.711703
-0.376196 0.167540 0.117128
-0.364640 0.143907 -0.356898
-0.325607 0.498409 0.082390
0.051763 0.143907 0.108462
-0.426883 0.143907 0.589512
-0.149108 0.498409 0.214584
-0.417234 -0.173849 0.237384
-0.417234 -0.118871 -0.549723
-0.497375 0.496000 0.195885
0.087924 0.178654 0.644835
-0.398116 -0.328752 0.031782
-0.352863 0.498409 -0.319861
0.000000 0.000000 0.000000
-0.497587 0.218905 -0.159174
-0.123050 0.255984 0.611748
-0.417234 0.333578 -0.396773
-0.351043 0.167540 -0.566024
0.000000 0.000000 0.000000
-0.294952 0.498409 0.594038
-0.356162 -0.305119 0.191902
-0.013498 0.100083 0.706281
0.000000 0.000000 0.000000
-0.083782 0.167540 -0.091211
0.000000 0.000000 0.000000
0.000000 0.000000 0.000000
0.000000 0.000000 0.000000
-0.302114 0.276181 0.611748
-0.254097 -0.137481 0.611748
-0.122209 0.167540 0.342990
-0.144436 -0.208060 -0.617171
-0.397286 -0.409106 -0.055132
0.000000 0.000000 0.000000
-0.012412 0.498409 0.106134
-0.497587 0.090307 -0.564740
0.131803 0.167540 -0.544543
-0.417234 -0.000029 0.330360
-0.374685 0.335202 0.611748
-0.216371 0.167540 0.111444
0.000000 0.000000 0.000000
-0.192817 0.167540 -0.350116
-0.417234 -0.195712 -0.493489
-0.462135 0.136872 0.434878
0.000000 0.000000 0.000000
0.000000 0.000000 0.000000
-0.386610 0.498409 0.498118
-0.039684 0.210120 -0.617171
0.000000 0.000000 0.000000
-0.497587 -0.009622 0.568852
-0.492949 -0.369542 0.219146
0.113853 -0.003644 0.611748
0.000000 0.000000 0.000000
-0.384343 -0.305119 -0.272579
0.095509 0.167540 -0.242897
-0.159055 0.460592 -0.427609
-0.061107 -0.044357 -0.617171
-0.255278 0.460592 0.300669
-0.392992 -0.305119 -0.414517
0.000000 0.000000 0.000000
-0.195030 -0.305119 0.304103
-0.068444 0.498409 -0.193022
0.000000 0.000000 0.000000
-0.085086 0.463846 0.706281
0.000000 0.000000 0.000000
-0.100662 -0.295919 0.611748
-0.450321 0.320401 -0.093916
-0.169732 0.167540 0.559283
0.000000 0.000000 0.000000
-0.497366 0.423599 -0.566218
0.134912 0.143907 0.462106
0.000000 0.000000 0.000000
0.000000 0.000000 0.000000
-0.290360 -0.305119 0.530942
0.000000 0.000000 0.000000
-0.417234 -0.091669 -0.279893
-0.085801 0.167540 0.038560
-0.114735 -0.071484 0.706281
-0.308922 0.013423 0.611748
-0.417234 -0.191855 0.116179
-0.450321 -0.374945 -0.568754
-0.288702 -0.305119 -0.002767
-0.481650 0.328857 0.456162
-0.497587 -0.279597 0.308807
0.000000 0.000000 0.000000
-0.250687 0.398671 -0.711703
0.000000 0.000000 0.000000
0.000000 0.000000 0.000000
0.021110 0.486731 -0.711703
-0.390339 0.344791 -0.620113
-0.417234 0.038616 -0.584192
0.000000 0.000000 0.000000
-0.201842 0.108461 -0.644794
-0.436891 0.108461 0.126564
0.000000 0.000000 0.000000
-0.497587 -0.210788 -0.587420
0.000000 0.000000 0.000000
-0.362819 -0.409105 -0.455897
0.000000 0.000000 0.000000
0.000000 0.000000 0.000000
-0.417234 0.282476 -0.034790
-0.005092 0.216140 0.706281
0.000000 0.000000 0.000000
-0.417234 0.201943 -0.580820
-0.462135 0.105180 -0.290734
-0.437973 0.498409 -0.330096
-0.480266 -0.039652 -0.636343
-0.261219 0.061363 -0.711703
-0.261273 -0.097520 -0.711703
-0.375698 -0.305119 -0.481576
-0.497587 -0.144123 0.560307
0.000000 0.000000 0.000000
0.000000 0.000000 0.000000
-0.417234 -0.067973 0.148811
-0.271315 -0.409106 0.013710
-0.417234 -0.092502 0.509699
0.000000 0.000000 0.000000
-0.434371 -0.446918 0.506113
-0.248671 -0.446918 0.335654
-0.361666 -0.409106 0.435240
-0.450321 0.369323 0.229797
-0.323744 0.143907 0.622247
0.000000 0.000000 0.000000
0.000000 0.000000 0.000000
-0.450321 -0.270287 0.435498
-0.496238 -0.051343 -0.481341
-0.239017 0.489978 0.706281
0.000000 0.000000 0.000000
-0.363759 0.167540 -0.046289
-0.455803 0.380243 -0.171868
-0.497587 -0.190356 -0.123300
-0.420055 0.143907 0.260855
-0.497162 -0.190266 0.706281
-0.492784 -0.051564 -0.065934
-0.034636 -0.034146 0.611748
-0.450321 0.120759 0.043898
-0.386252 -0.243049 -0.711703
-0.094797 -0.170941 0.611748
-0.323232 -0.230275 0.706281
-0.362715 0.167540 0.347111
0.000000 0.000000 0.000000
0.000000 0.000000 0.000000
0.000000 0.000000 0.000000
-0.417234 -0.156024 0.018133
-0.389137 -0.410839 -0.711703
-0.174391 -0.305119 0.429063
-0.497587 0.271537 0.317087
-0.082387 -0.305119 0.134381
-0.204547 -0.243859 0.611748
-0.281446 0.167540 -0.161750
0.000000 0.000000 0.000000
-0.497503 0.424914 0.680231
-0.159414 -0.328752 0.027735
-0.163367 0.206622 -0.617171
-0.471406 0.205535 -0.345805
-0.114258 0.270835 0.706281
-0.236670 -0.305119 0.242835
-0.280354 0.498409 0.192005
-0.264662 0.460592 -0.109649
0.000000 0.000000 0.000000
-0.041158 -0.328752 0.371567
-0.417234 -0.021319 0.573383
0.000000 0.000000 0.000000
-0.497587 0.067769 0.503760
-0.497587 0.248771 0.100436
-0.497401 -0.285057 0.107586
-0.169503 0.016236 0.611748
0.119474 0.143907 0.017909
-0.010107 0.167540 -0.237689
0.000000 0.000000 0.000000
-0.000149 0.143907 0.575560
-0.216647 -0.209084 -0.711703
-0.248883 -0.328752 -0.089841
-0.496793 0.338445 0.678558
0.000000 0.000000 0.000000
-0.199128 0.251479 -0.650257
0.105691 0.043383 -0.617171
-0.141679 0.067295 -0.617171
0.000047 -0.305119 0.550534
0.129674 -0.203859 0.644835
0.000000 0.000000 0.000000
-0.462135 0.427660 0.467045
-0.497587 0.490179 0.067691
-0.374417 0.136792 0.668468
-0.497475 0.099511 0.312693
0.000000 0.000000 0.000000
0.000000 0.000000 0.000000
0.000000 0.000000 0.000000
0.000000 0.000000 0.000000
0.000000 0.000000 0.000000
0.000000 0.000000 0.000000
-0.417234 0.242042 0.533402
0.000000 0.000000 0.000000
0.000000 0.000000 0.000000
-0.417234 0.089803 -0.182103
-0.152867 -0.446918 0.516213
-0.417234 -0.227928 -0.160883
0.000000 0.000000 0.000000
-0.050472 0.368597 -0.673891
-0.381484 -0.319685 0.644835
-0.454868 -0.328752 0.509890
-0.240415 0.143907 0.401899
-0.220142 0.143907 -0.271932
-0.417234 -0.042619 0.264743
0.000000 0.000000 0.000000
-0.450321 -0.255151 -0.309337
-0.417234 -0.110405 0.347993
0.127705 0.143907 0.541349
-0.071328 0.108461 0.616522
-0.497587 0.308027 -0.035224
-0.444146 0.498409 -0.535475
0.000000 0.000000 0.000000
-0.206996 -0.446918 0.678519
0.000000 0.000000 0.000000
0.000000 0.000000 0.000000
-0.497587 -0.379577 0.668939
-0.491797 -0.287273 -0.624375
-0.196024 -0.305119 -0.285660
0.000000 0.000000 0.000000
-0.159095 0.460592 -0.619303
-0.134578 -0.446918 0.392401
0.000000 0.000000 0.000000
-0.497587 0.055673 0.395897
-0.227553 -0.079338 -0.617171
-0.362124 0.498409 0.409806
-0.400079 0.498409 -0.400454
-0.484698 0.331905 -0.227550
0.000000 0.000000 0.000000
0.000000 0.000000 0.000000
-0.204429 -0.282342 -0.617171
0.000000 0.000000 0.000000
0.137903 0.146671 -0.650257
0.003814 -0.228829 0.611748
-0.341616 -0.409105 0.539117
-0.017174 0.188607 -0.711703
-0.497587 -0.201596 -0.282150
-0.489491 -0.048875 -0.698080
-0.398123 0.133576 -0.673891
0.000000 0.000000 0.000000
-0.177285 -0.129825 0.706281
-0.450321 0.172798 -0.710053
-0.033407 0.096782 -0.617171
0.115924 -0.117839 0.644835
-0.405268 -0.179907 -0.650257
0.000000 0.000000 0.000000
-0.417234 0.173890 -0.472049
-0.173879 0.341307 0.611748
0.000000 0.000000 0.000000
-0.279249 -0.394294 -0.673891
-0.256608 0.460592 -0.327972
-0.064060 0.353560 0.706281
-0.107934 0.143907 -0.280295
-0.497587 -0.188438 0.120672
0.000000 0.000000 0.000000
-0.279816 0.498409 -0.413617
-0.124079 0.143907 0.442150
-0.486324 -0.045709 -0.362857
-0.274504 -0.409105 0.156268
-0.435090 -0.328752 -0.046297
-0.497587 0.202122 -0.262756
-0.134787 0.167540 -0.519611
0.136484 0.226139 -0.617171
-0.497587 -0.264867 0.381627
0.000000 0.000000 0.000000
0.000000 0.000000 0.000000
-0.497587 0.015470 0.102729
0.119023 0.167540 -0.357522
-0.129171 -0.328752 0.187621
-0.462135 0.389134 0.359160
-0.352579 0.002199 0.706281
-0.104234 0.344791 -0.617781
-0.497587 -0.419362 0.143776
0.059829 0.143907 0.296925
0.000000 0.000000 0.000000
0.000000 0.000000 0.000000
-0.417234 -0.226890 0.608464
-0.495666 -0.446918 0.271126
-0.470139 0.498409 0.476828
-0.324234 0.239829 -0.617171
-0.450321 0.448415 0.280663
-0.122257 0.460592 0.347466
-0.332703 0.167540 0.183990
-0.417234 0.103559 0.606957
-0.289871 0.400711 0.668468
-0.266544 -0.409106 -0.576681
-0.165046 0.498409 -0.528158
-0.497587 0.078087 -0.363580
0.000000 0.000000 0.000000
-0.493437 0.103325 -0.502976
0.000000 0.000000 0.000000
-0.460793 0.380243 -0.690417
-0.375117 -0.409105 0.026742
-0.264766 0.498409 -0.017114
-0.417234 0.344305 0.158089
0.037479 0.032762 0.668468
-0.417234 -0.214116 0.315260
-0.417234 0.289448 0.457977
0.051970 0.177469 -0.617171
-0.417234 0.277600 0.154701
0.021187 0.143907 0.014933
0.000000 0.000000 0.000000
-0.462135 -0.337059 -0.372072
-0.234679 0.498409 -0.672205
0.000000 0.000000 0.000000
-0.072567 0.169351 0.668468
-0.497587 -0.012680 -0.251841
-0.320364 -0.121298 0.706281
-0.497587 0.266384 -0.365287
-0.417234 -0.303881 0.097612
-0.155104 0.143907 0.240453
-0.497587 -0.182679 0.250849
-0.460574 -0.313325 -0.711703
-0.497587 0.195415 0.647931
0.047557 0.306442 -0.617171
0.000000 0.000000 0.000000
0.000000 0.000000 0.000000
0.000000 0.000000 0.000000
-0.462135 0.159713 -0.603654
0.000000 0.000000 0.000000
-0.313061 -0.328752 -0.241872
0.000000 0.000000 0.000000
-0.450321 -0.361299 -0.276953
-0.310011 0.143907 0.033598
0.000000 0.000000 0.000000
-0.417234 0.289049 -0.494101
0.000000 0.000000 0.000000
-0.154785 -0.040554 -0.650257
0.000000 0.000000 0.000000
-0.497587 0.055225 0.002889
-0.475693 -0.035080 -0.173674
-0.301205 -0.305119 -0.454713
-0.222480 0.108461 0.621018
0.000000 0.000000 0.000000
-0.406117 -0.305119 0.314684
-0.247788 -0.328752 0.484479
-0.359511 -0.050266 0.611748
-0.356182 0.009162 -0.673891
-0.115607 0.498409 0.450682
-0.497587 -0.391620 -0.068422
-0.483248 -0.142209 0.626936
-0.417234 0.261521 0.285955
-0.314031 0.460592 -0.185083
-0.018949 -0.001914 -0.650257
-0.142506 -0.305119 0.511022
-0.462135 0.386160 0.037618
0.000000 0.000000 0.000000
0.000000 0.000000 0.000000
0.000000 0.000000 0.000000
-0.450321 0.353921 0.563866
-0.497587 -0.151829 -0.498309
0.000000 0.000000 0.000000
-0.248093 0.167540 -0.588883
-0.486400 0.333605 -0.610189
0.000000 0.000000 0.000000
-0.331978 0.330775 0.706281
0.000000 0.000000 0.000000
0.000000 0.000000 0.000000
-0.497587 0.433954 -0.346760
0.000000 0.000000 0.000000
-0.417234 -0.029150 -0.504211
-0.451146 -0.312250 0.706281
-0.490829 -0.286483 0.499995
0.000000 0.000000 0.000000
-0.128160 0.402117 -0.711703
0.000000 0.000000 0.000000
0.000000 0.000000 0.000000
0.000000 0.000000 0.000000
0.071264 0.260968 0.611748
-0.462135 -0.265295 -0.078795
-0.171941 -0.305119 -0.123528
-0.204517 -0.140205 -0.650257
0.135985 0.143907 -0.451875
-0.177938 -0.081583 0.611748
-0.459852 0.380243 -0.466148
0.004610 0.460592 -0.004406
-0.416960 0.460592 0.599826
-0.303100 -0.425009 0.706281
-0.417234 -0.269059 -0.565250
0.000000 0.000000 0.000000
-0.450321 -0.446606 0.412923
-0.106054 0.167540 -0.375310
-0.380097 0.143907 0.471447
0.018389 0.167540 0.224125
-0.220654 0.259785 0.644835
0.053971 0.167540 -0.163803
0.000000 0.000000 0.000000
-0.462135 -0.343401 -0.472074
0.177477 -0.021645 0.706281
-0.154422 0.498409 0.112374
-0.450321 -0.129518 -0.707636
-0.495033 0.184331 0.131791
-0.320565 0.498409 -0.629942
0.000000 0.000000 0.000000
-0.497587 -0.034612 0.643043
0.107923 -0.059947 0.706281
0.062281 0.143907 0.420184
0.000000 0.000000 0.000000
0.000000 0.000000 0.000000
-0.275656 -0.313770 0.706281
-0.411571 0.233379 0.611748
-0.456045 -0.328752 -0.209548
-0.491455 -0.134180 -0.035701
-0.486538 -0.138920 -0.195918
-0.417234 0.013555 -0.246579
0.005192 0.167540 -0.551517
-0.183816 -0.271737 0.706281
-0.497587 -0.434070 0.622080
-0.324916 0.167540 0.564217
0.000000 0.000000 0.000000
-0.105761 0.170031 -0.673891
-0.361548 -0.409106 -0.281992
-0.450321 0.122761 -0.076633
-0.370322 -0.305119 0.473235
-0.270660 0.167540 -0.313907
-0.151903 0.498409 -0.153845
-0.497587 0.331567 -0.427391
-0.237444 0.460592 0.105393
0.000000 0.000000 0.000000
0.000000 0.000000 0.000000
0.000000 0.000000 0.000000
-0.417234 0.064777 0.249775
-0.497587 -0.398377 -0.221026
-0.273401 0.310678 -0.617171
-0.462135 0.179407 0.313505
0.000000 0.000000 0.000000
0.002152 -0.293273 0.706281
-0.295456 -0.305119 0.305882
-0.417234 -0.211962 -0.370276
-0.028164 0.143907 -0.147802
-0.335746 -0.131939 -0.617171
-0.435309 0.297846 -0.673891
0.032472 -0.165481 0.644835
0.000000 0.000000 0.000000
-0.491049 -0.050331 0.345674
-0.362654 -0.244011 -0.617171
0.000000 0.000000 0.000000
-0.462135 -0.084752 0.220842
-0.417234 0.053065 0.073919
-0.454183 -0.446918 -0.100817
-0.059717 0.274265 -0.650257
-0.417234 0.338264 0.512480
-0.343000 -0.085934 -0.673891
-0.497587 0.208881 0.517468
0.000000 0.000000 0.000000
-0.087719 0.143907 0.539415
-0.461135 -0.446918 -0.611120
-0.482158 0.431117 0.140100
-0.061788 0.167540 0.268254
-0.427760 0.344791 0.035164
-0.430223 -0.409106 -0.370649
-0.450321 0.258910 0.025501
-0.497587 0.072224 0.625355
-0.497587 -0.280159 -0.142781
0.000000 0.000000 0.000000
-0.417234 -0.238013 -0.040524
-0.359622 0.079116 -0.711703
-0.417234 0.300269 -0.184566
-0.417234 -0.129583 0.424545
-0.462135 -0.361570 0.298037
-0.378410 0.391735 0.668468
-0.013978 0.460592 0.190703
-0.207163 -0.328752 0.585800
0.000000 0.000000 0.000000
0.000000 0.000000 0.000000
-0.397406 -0.409106 0.210494
-0.417234 0.007246 0.150053
-0.306108 -0.328752 0.082332
0.000000 0.000000 0.000000
0.000000 0.000000 0.000000
0.000000 0.000000 0.000000
-0.497587 0.000477 -0.408320
-0.497587 -0.002340 -0.583257
-0.495312 0.265394 0.706281
-0.450321 -0.403771 -0.483126
-0.497587 -0.406230 0.442600
0.087552 0.167540 0.178172
-0.417234 -0.077344 -0.025554
0.000000 0.000000 0.000000
-0.462135 0.129507 0.671853
-0.497587 -0.192271 0.480606
0.000000 0.000000 0.000000
-0.142851 -0.328752 0.377593
-0.026981 0.143907 -0.051673
-0.326231 -0.328752 -0.329037
-0.201844 0.167540 0.477130
-0.193275 -0.305119 -0.380085
0.000000 0.000000 0.000000
-0.488610 0.323174 -0.711703
0.000000 0.000000 0.000000
-0.287623 0.167540 -0.431773
-0.237225 0.176554 -0.673891
0.000000 0.000000 0.000000
-0.462135 0.146818 -0.000221
0.000000 0.000000 0.000000
0.000000 0.000000 0.000000
0.000000 0.000000 0.000000
-0.497587 0.431904 -0.234173
-0.450321 0.175991 -0.212822
0.000000 0.000000 0.000000
-0.450321 -0.248774 0.250872
-0.417234 -0.115509 0.099580
-0.231646 -0.305119 -0.557111
-0.372555 -0.328752 0.552387
-0.424905 -0.328752 0.206937
0.000000 0.000000 0.000000
-0.108929 -0.001836 0.644835
0.000000 0.000000 0.000000
-0.190230 0.143907 -0.108666
-0.152471 -0.015773 -0.711703
0.069243 0.089415 0.611748
0.000000 0.000000 0.000000
-0.462135 -0.363396 0.061302
-0.070465 0.460592 -0.303360
0.000000 0.000000 0.000000
-0.450321 0.216190 0.457281
-0.497587 0.431004 -0.154086
-0.417234 0.313915 -0.278133
-0.192576 0.167540 0.328047
0.000000 0.000000 0.000000
-0.134967 0.143907 0.124030
-0.497587 0.202457 0.384127
0.000000 0.000000 0.000000
0.000000 0.000000 0.000000
-0.016022 0.167540 0.105824
-0.262024 -0.197334 0.644835
-0.450321 0.259881 -0.422180
0.069229 0.259670 0.706281
-0.314653 0.143907 -0.509518
-0.462135 0.163524 0.189298
0.000000 0.000000 0.000000
-0.132333 0.167540 -0.028331
-0.045333 -0.139513 -0.711703
-0.417234 0.050700 0.546327
-0.462135 -0.081018 0.586244
-0.497587 0.057651 -0.281008
-0.102103 -0.199767 -0.673891
0.023136 -0.052553 -0.617171
-0.497587 -0.221008 0.586457
-0.427023 0.078493 0.668468
0.000000 0.000000 0.000000
0.020381 -0.014463 0.668468
-0.326348 -0.409106 -0.118518
-0.497587 -0.142987 0.190880
