0.000000 0.000000 0.000000
0.160052 0.507157 0.171191
0.000000 0.000000 0.000000
-0.133489 0.489886 0.498710
0.000000 0.000000 0.000000
0.000000 0.000000 0.000000
-0.283286 0.832477 0.374489
0.323253 0.453768 0.494063
0.000000 0.000000 0.000000
-0.171328 0.145089 0.498710
0.000000 0.000000 0.000000
0.000000 0.000000 0.000000
0.000000 0.000000 0.000000
0.238900 0.832477 0.347519
0.000000 0.000000 0.000000
0.175147 0.287730 0.498710
0.317432 0.083247 0.221104
0.000000 0.000000 0.000000
0.000000 0.000000 0.000000
0.000000 0.000000 0.000000
0.000000 0.000000 0.000000
0.000000 0.000000 0.000000
0.000000 0.000000 0.000000
-0.108441 0.722318 0.164511
0.000000 0.000000 0.000000
0.000000 0.000000 0.000000
-0.041376 0.798838 0.498710
0.337477 0.637383 0.354819
-0.205767 0.212061 0.498710
0.000000 0.000000 0.000000
0.000000 0.000000 0.000000
0.009074 0.283860 0.160001
0.000000 0.000000 0.000000
0.000000 0.000000 0.000000
-0.333824 0.630290 0.416241
-0.056634 0.478356 0.498710
0.000000 0.000000 0.000000
0.336921 0.311669 0.236821
0.000000 0.000000 0.000000
0.000000 0.000000 0.000000
-0.162540 0.540222 0.172047
0.000000 0.000000 0.000000
0.178473 0.734116 0.173757
0.000000 0.000000 0.000000
0.062878 0.040162 0.498710
0.000000 0.000000 0.000000
0.112261 0.633274 0.498710
0.000000 0.000000 0.000000
0.337477 0.129399 0.418556
0.000000 0.000000 0.000000
0.000000 0.000000 0.000000
0.000000 0.000000 0.000000
0.000000 0.000000 0.000000
0.332258 0.416893 0.228881
0.000000 0.000000 0.000000
0.000000 0.000000 0.000000
0.000000 0.000000 0.000000
0.113593 0.750987 0.165211
0.000000 0.000000 0.000000
0.000000 0.000000 0.000000
0.007716 0.832477 0.275802
0.000000 0.000000 0.000000
0.000000 0.000000 0.000000
0.000000 0.000000 0.000000
0.000000 0.000000 0.000000
0.189726 0.106601 0.394778
0.246353 0.762750 0.498710
0.000000 0.000000 0.000000
0.161785 0.238669 0.171433
-0.017161 0.366312 0.160323
0.000000 0.000000 0.000000
0.000000 0.000000 0.000000
0.000000 0.000000 0.000000
0.000000 0.000000 0.000000
0.000000 0.000000 0.000000
0.000000 0.000000 0.000000
0.000000 0.000000 0.000000
0.000000 0.000000 0.000000
0.000000 0.000000 0.000000
-0.207872 0.696766 0.498710
-0.042217 0.128247 0.498710
0.000000 0.000000 0.000000
-0.197047 0.218439 0.178402
0.000000 0.000000 0.000000
0.000000 0.000000 0.000000
0.000000 0.000000 0.000000
-0.151908 0.106481 0.327936
0.000000 0.000000 0.000000
0.000000 0.000000 0.000000
0.000000 0.000000 0.000000
-0.249121 0.818728 0.194862
-0.011295 0.664418 0.160162
0.000000 0.000000 0.000000
-0.042351 0.297816 0.498710
0.128717 0.438082 0.498710
0.000000 0.000000 0.000000
0.007140 0.106586 0.391688
0.000000 0.000000 0.000000
0.337477 0.297730 0.399409
0.325168 -0.005595 0.457964
0.073035 0.336081 0.161758
0.000000 0.000000 0.000000
0.000000 0.000000 0.000000
-0.156220 0.832414 0.440128
0.000000 0.000000 0.000000
0.000000 0.000000 0.000000
0.000000 0.000000 0.000000
0.324083 0.771531 0.224317
0.154333 0.030107 0.498710
0.319263 0.757035 0.473210
-0.140118 0.195690 0.168924
-0.247467 0.361221 0.498710
0.000000 0.000000 0.000000
-0.253832 0.563141 0.498710
-0.171302 0.832477 0.254754
0.000000 0.000000 0.000000
0.000000 0.000000 0.000000
0.000000 0.000000 0.000000
0.000000 0.000000 0.000000
0.106519 0.827013 0.471758
0.000000 0.000000 0.000000
0.000000 0.000000 0.000000
0.000000 0.000000 0.000000
0.106857 0.106122 0.252377
0.000000 0.000000 0.000000
0.000000 0.000000 0.000000
0.000000 0.000000 0.000000
-0.147118 0.290890 0.169899
0.000000 0.000000 0.000000
0.000000 0.000000 0.000000
0.000000 0.000000 0.000000
0.000000 0.000000 0.000000
0.000000 0.000000 0.000000
0.000000 0.000000 0.000000
0.323253 0.810220 0.482099
0.315676 0.557380 0.220304
0.000000 0.000000 0.000000
0.000000 0.000000 0.000000
0.273342 0.614187 0.498710
-0.056863 0.631147 0.498710
0.337477 0.482914 0.360149
0.000000 0.000000 0.000000
0.000000 0.000000 0.000000
0.000000 0.000000 0.000000
-0.319600 0.780456 0.480233
0.000000 0.000000 0.000000
0.000000 0.000000 0.000000
0.000000 0.000000 0.000000
0.242913 0.160610 0.498710
0.337477 0.183998 0.309069
0.000000 0.000000 0.000000
0.000000 0.000000 0.000000
0.000000 0.000000 0.000000
0.080971 0.169270 0.498710
0.000000 0.000000 0.000000
0.000000 0.000000 0.000000
0.000000 0.000000 0.000000
-0.208492 0.679711 0.181590
0.251557 0.608393 0.192567
-0.137997 0.431825 0.168628
0.000000 0.000000 0.000000
0.322831 0.832477 0.330454
-0.032279 0.504260 0.160738
-0.078897 0.832477 0.196291
0.292927 0.341221 0.498710
0.337488 0.023447 0.324789
0.137504 0.832477 0.233177
0.000000 0.000000 0.000000
0.323253 0.209840 0.475603
0.282649 0.106586 0.392824
0.226661 0.085508 0.185633
0.000000 0.000000 0.000000
0.000000 0.000000 0.000000
0.000000 0.000000 0.000000
-0.073944 0.064528 0.498710
0.000000 0.000000 0.000000
0.127057 0.619049 0.166596
0.000000 0.000000 0.000000
0.064840 0.160570 0.161533
0.239906 0.391551 0.189322
0.000000 0.000000 0.000000
-0.167759 0.337674 0.498710
0.000000 0.000000 0.000000
0.000000 0.000000 0.000000
0.000000 0.000000 0.000000
0.269865 0.247587 0.199419
0.000000 0.000000 0.000000
0.000000 0.000000 0.000000
0.000000 0.000000 0.000000
0.000000 0.000000 0.000000
0.000000 0.000000 0.000000
0.000000 0.000000 0.000000
0.226418 0.832477 0.434171
0.053500 0.540693 0.498710
0.000000 0.000000 0.000000
0.000000 0.000000 0.000000
0.000000 0.000000 0.000000
0.000000 0.000000 0.000000
0.160666 0.378311 0.171277
0.000000 0.000000 0.000000
0.000000 0.000000 0.000000
0.175145 0.681760 0.498710
0.006891 0.832477 0.393335
0.000000 0.000000 0.000000
-0.263454 0.106586 0.371648
0.032612 0.105922 0.278507
0.337477 0.508605 0.403905
0.000000 0.000000 0.000000
0.000000 0.000000 0.000000
0.000000 0.000000 0.000000
0.000000 0.000000 0.000000
0.000000 0.000000 0.000000
0.000000 0.000000 0.000000
-0.202018 0.049365 0.498710
0.000000 0.000000 0.000000
0.000000 0.000000 0.000000
0.000000 0.000000 0.000000
0.000000 0.000000 0.000000
0.018066 0.703002 0.498710
0.337407 0.762384 0.359688
0.254335 0.441737 0.193340
0.000000 0.000000 0.000000
0.000000 0.000000 0.000000
0.000000 0.000000 0.000000
0.000000 0.000000 0.000000
0.000000 0.000000 0.000000
0.000000 0.000000 0.000000
0.037160 0.361983 0.498710
0.128642 0.832477 0.300899
0.000000 0.000000 0.000000
0.000000 0.000000 0.000000
0.000000 0.000000 0.000000
0.000000 0.000000 0.000000
0.103394 0.106450 0.365620
0.000000 0.000000 0.000000
0.050878 0.502811 0.161149
0.000000 0.000000 0.000000
0.000000 0.000000 0.000000
0.000000 0.000000 0.000000
0.000000 0.000000 0.000000
0.000000 0.000000 0.000000
0.000000 0.000000 0.000000
0.192565 0.554837 0.498710
0.000000 0.000000 0.000000
0.000000 0.000000 0.000000
0.234580 0.106586 0.288753
0.000000 0.000000 0.000000
0.000000 0.000000 0.000000
0.000000 0.000000 0.000000
0.000000 0.000000 0.000000
0.000000 0.000000 0.000000
-0.268972 0.517460 0.200677
0.000000 0.000000 0.000000
0.337477 0.673078 0.277292
-0.032125 0.186822 0.160734
0.000000 0.000000 0.000000
0.000000 0.000000 0.000000
0.000000 0.000000 0.000000
0.272187 0.073054 0.498710
0.000000 0.000000 0.000000
0.000000 0.000000 0.000000
0.000000 0.000000 0.000000
-0.114491 0.743779 0.498710
0.000000 0.000000 0.000000
0.000000 0.000000 0.000000
0.000000 0.000000 0.000000
-0.101742 0.106600 0.424375
0.000000 0.000000 0.000000
-0.059083 0.832477 0.364529
0.000000 0.000000 0.000000
0.000000 0.000000 0.000000
0.201447 0.389695 0.498710
0.000000 0.000000 0.000000
0.000000 0.000000 0.000000
0.061863 0.106586 0.459135
-0.304980 0.683812 0.498710
0.000000 0.000000 0.000000
0.005273 0.823295 0.162449
0.242846 0.000562 0.498710
0.337477 0.367179 0.355617
0.000000 0.000000 0.000000
0.000000 0.000000 0.000000
-0.156044 0.604201 0.498710
0.000000 0.000000 0.000000
0.000000 0.000000 0.000000
0.266284 0.832477 0.244488
0.000000 0.000000 0.000000
0.000000 0.000000 0.000000
-0.215686 0.478503 0.498710
0.000000 0.000000 0.000000
0.000000 0.000000 0.000000
-0.106127 0.215995 0.498710
0.000000 0.000000 0.000000
-0.160395 0.818271 0.173649
0.000000 0.000000 0.000000
0.000000 0.000000 0.000000
0.000000 0.000000 0.000000
0.000000 0.000000 0.000000
0.000000 0.000000 0.000000
0.000000 0.000000 0.000000
0.000000 0.000000 0.000000
0.000000 0.000000 0.000000
0.000000 0.000000 0.000000
0.000000 0.000000 0.000000
0.074950 0.801053 0.163010
-0.070697 0.589957 0.161794
0.000000 0.000000 0.000000
0.000000 0.000000 0.000000
0.000000 0.000000 0.000000
0.000000 0.000000 0.000000
0.000000 0.000000 0.000000
0.000000 0.000000 0.000000
-0.132014 0.832477 0.338152
0.066359 0.259367 0.498710
0.136947 0.832477 0.383191
0.000000 0.000000 0.000000
0.060900 0.258956 0.161424
0.000000 0.000000 0.000000
0.000000 0.000000 0.000000
0.332609 0.657940 0.448616
0.000000 0.000000 0.000000
0.000000 0.000000 0.000000
-0.057643 0.106586 0.308784
0.000000 0.000000 0.000000
0.000000 0.000000 0.000000
-0.078402 0.445061 0.162006
-0.232308 0.802630 0.498710
0.000000 0.000000 0.000000
0.000000 0.000000 0.000000
0.000000 0.000000 0.000000
0.000000 0.000000 0.000000
0.251258 0.702986 0.192483
0.000000 0.000000 0.000000
0.000000 0.000000 0.000000
0.000000 0.000000 0.000000
-0.224958 0.571875 0.186176
0.125038 0.125246 0.498710
-0.243695 0.832477 0.289803
0.000000 0.000000 0.000000
-0.243079 0.297838 0.191223
-0.268425 0.106601 0.444972
-0.102826 0.557952 0.498710
0.000000 0.000000 0.000000
0.000000 0.000000 0.000000
-0.191199 0.768816 0.176861
0.000000 0.000000 0.000000
0.000000 0.000000 0.000000
-0.049493 0.385967 0.498710
0.323253 0.295030 0.492265
0.000000 0.000000 0.000000
0.000000 0.000000 0.000000
0.000000 0.000000 0.000000
0.000000 0.000000 0.000000
0.000000 0.000000 0.000000
0.000000 0.000000 0.000000
0.022210 0.589693 0.160362
0.000000 0.000000 0.000000
-0.274484 0.751561 0.203982
0.000000 0.000000 0.000000
0.150514 0.106019 0.182058
0.000000 0.000000 0.000000
0.000000 0.000000 0.000000
0.000000 0.000000 0.000000
0.269657 0.155289 0.199324
0.000000 0.000000 0.000000
-0.240738 0.276373 0.498710
-0.190873 0.481911 0.176683
0.000000 0.000000 0.000000
0.337477 0.560503 0.292792
0.032942 0.446128 0.498710
0.000000 0.000000 0.000000
0.333627 0.107480 0.326434
-0.190297 0.106586 0.422447
0.101066 0.418740 0.162975
0.000000 0.000000 0.000000
0.000000 0.000000 0.000000
0.000000 0.000000 0.000000
0.000000 0.000000 0.000000
0.252709 0.676170 0.498710
0.000000 0.000000 0.000000
0.000000 0.000000 0.000000
0.029075 0.106586 0.197476
0.000000 0.000000 0.000000
0.191292 0.106586 0.487434
0.000000 0.000000 0.000000
0.323253 0.547369 0.488408
0.000000 0.000000 0.000000
0.337477 0.268977 0.306452
0.000000 0.000000 0.000000
0.335848 0.161349 0.233624
0.217620 0.472912 0.498710
0.007825 0.732776 0.159966
0.000000 0.000000 0.000000
0.000000 0.000000 0.000000
-0.319600 0.586140 0.487650
0.000000 0.000000 0.000000
0.000000 0.000000 0.000000
0.000000 0.000000 0.000000
0.000000 0.000000 0.000000
0.000000 0.000000 0.000000
-0.003094 0.174445 0.498710
0.021164 0.431609 0.160333
0.000000 0.000000 0.000000
0.000000 0.000000 0.000000
-0.143997 0.637668 0.169464
0.000000 0.000000 0.000000
0.274719 0.267455 0.498710
0.000000 0.000000 0.000000
-0.076482 0.260441 0.161953
0.000000 0.000000 0.000000
0.000000 0.000000 0.000000
0.000000 0.000000 0.000000
0.000000 0.000000 0.000000
0.337477 0.405343 0.421299
-0.333590 0.750371 0.405800
0.000000 0.000000 0.000000
0.337477 0.237739 0.254039
0.000000 0.000000 0.000000
0.000000 0.000000 0.000000
0.214468 0.313518 0.182237
0.000000 0.000000 0.000000
0.327186 0.079182 0.458614
-0.313199 0.478264 0.498710
0.184575 0.818697 0.498710
0.000000 0.000000 0.000000
0.000000 0.000000 0.000000
0.000000 0.000000 0.000000
0.000000 0.000000 0.000000
0.269319 0.771116 0.199336
-0.100103 0.832477 0.273950
0.000000 0.000000 0.000000
0.000000 0.000000 0.000000
-0.296078 0.830979 0.452536
-0.076951 0.832477 0.436848
0.337477 0.229582 0.400017
0.000000 0.000000 0.000000
0.054225 0.827013 0.494170
-0.195368 0.360899 0.177935
0.000000 0.000000 0.000000
0.237294 0.521409 0.188594
0.000000 0.000000 0.000000
-0.011131 0.534937 0.498710
0.000000 0.000000 0.000000
0.000000 0.000000 0.000000
0.208783 0.831284 0.197946
0.000000 0.000000 0.000000
0.337477 0.487596 0.259943
0.000000 0.000000 0.000000
-0.268008 0.070337 0.498710
0.131169 0.747487 0.498710
0.336888 0.037138 0.385440
0.000000 0.000000 0.000000
0.000000 0.000000 0.000000
-0.314919 0.824541 0.225920
0.000000 0.000000 0.000000
-0.107525 0.291488 0.498710
-0.010814 0.017201 0.498710
0.000000 0.000000 0.000000
0.000000 0.000000 0.000000
0.000000 0.000000 0.000000
0.000000 0.000000 0.000000
0.000000 0.000000 0.000000
0.172965 0.210717 0.498710
0.000000 0.000000 0.000000
-0.090199 0.350764 0.162330
0.000000 0.000000 0.000000
-0.250581 0.436261 0.193312
0.337477 0.572858 0.393106
0.024004 0.832477 0.345702
-0.100270 0.106478 0.369852
0.293254 0.832477 0.418655
0.320297 0.628642 0.222411
-0.057405 0.726171 0.498710
0.174824 0.106298 0.257537
0.000000 0.000000 0.000000
0.000000 0.000000 0.000000
0.000000 0.000000 0.000000
0.000000 0.000000 0.000000
0.000000 0.000000 0.000000
0.000000 0.000000 0.000000
0.000000 0.000000 0.000000
0.000000 0.000000 0.000000
0.000000 0.000000 0.000000
0.000000 0.000000 0.000000
0.000000 0.000000 0.000000
0.337482 0.060725 0.280505
0.000000 0.000000 0.000000
0.118848 0.335946 0.498710
0.000000 0.000000 0.000000
0.000000 0.000000 0.000000
0.000000 0.000000 0.000000
0.245578 0.106586 0.459032
0.000000 0.000000 0.000000
0.000000 0.000000 0.000000
0.000000 0.000000 0.000000
0.000000 0.000000 0.000000
-0.176206 0.761339 0.498710
0.123260 0.523742 0.498710
0.000000 0.000000 0.000000
0.000000 0.000000 0.000000
0.275527 0.319807 0.201999
0.000000 0.000000 0.000000
0.000000 0.000000 0.000000
0.147987 0.798157 0.170610
0.000000 0.000000 0.000000
0.000000 0.000000 0.000000
0.000000 0.000000 0.000000
0.000000 0.000000 0.000000
-0.090157 0.531765 0.162329
0.000000 0.000000 0.000000
0.066031 0.832477 0.230847
0.187209 0.163355 0.174974
0.000000 0.000000 0.000000
0.000000 0.000000 0.000000
0.000000 0.000000 0.000000
0.000000 0.000000 0.000000
0.000000 0.000000 0.000000
0.000000 0.000000 0.000000
0.000000 0.000000 0.000000
0.000000 0.000000 0.000000
0.000000 0.000000 0.000000
0.000000 0.000000 0.000000
0.000000 0.000000 0.000000
0.000000 0.000000 0.000000
0.000000 0.000000 0.000000
0.000000 0.000000 0.000000
0.000000 0.000000 0.000000
0.000000 0.000000 0.000000
0.000000 0.000000 0.000000
0.000000 0.000000 0.000000
0.205893 0.832477 0.276994
0.000000 0.000000 0.000000
-0.166571 0.261821 0.498710
0.000000 0.000000 0.000000
0.000000 0.000000 0.000000
0.274630 0.511528 0.498710
0.000000 0.000000 0.000000
0.000000 0.000000 0.000000
-0.000711 0.628632 0.498710
0.000000 0.000000 0.000000
0.000000 0.000000 0.000000
0.000000 0.000000 0.000000
0.000000 0.000000 0.000000
0.000000 0.000000 0.000000
0.000000 0.000000 0.000000
0.000000 0.000000 0.000000
-0.333824 0.790440 0.350676
0.000000 0.000000 0.000000
0.000000 0.000000 0.000000
0.265747 0.827013 0.495407
-0.240213 0.736922 0.498710
0.000000 0.000000 0.000000
0.000000 0.000000 0.000000
-0.122149 0.827013 0.497923
0.000000 0.000000 0.000000
0.337477 0.385957 0.299490
0.000000 0.000000 0.000000
0.000000 0.000000 0.000000
0.000000 0.000000 0.000000
0.000000 0.000000 0.000000
0.000000 0.000000 0.000000
-0.074208 0.773454 0.162138
0.171934 0.106486 0.323201
-0.041700 0.832477 0.252753
0.000000 0.000000 0.000000
0.000000 0.000000 0.000000
-0.039174 0.106436 0.408591
-0.077685 0.640392 0.161986
0.223105 0.610302 0.498710
0.000000 0.000000 0.000000
0.000000 0.000000 0.000000
0.073761 0.832477 0.401831
0.000000 0.000000 0.000000
-0.202767 0.417296 0.179995
0.329525 0.350432 0.454564
0.000000 0.000000 0.000000
0.000000 0.000000 0.000000
0.225618 0.106601 0.365686
0.056429 0.761924 0.498710
0.337477 0.808664 0.270767
0.000000 0.000000 0.000000
0.000000 0.000000 0.000000
0.000000 0.000000 0.000000
0.000000 0.000000 0.000000
0.000000 0.000000 0.000000
0.304828 0.106586 0.277708
-0.287761 0.225883 0.498710
-0.153120 0.654863 0.498710
0.000000 0.000000 0.000000
0.304450 0.713465 0.215186
0.000000 0.000000 0.000000
0.000000 0.000000 0.000000
0.000000 0.000000 0.000000
0.000000 0.000000 0.000000
0.000000 0.000000 0.000000
0.180941 0.652108 0.174101
0.000000 0.000000 0.000000
-0.167394 0.402202 0.498710
0.000000 0.000000 0.000000
0.000000 0.000000 0.000000
0.000000 0.000000 0.000000
0.337477 0.699878 0.372125
0.000000 0.000000 0.000000
0.000000 0.000000 0.000000
0.129705 0.106601 0.448230
0.000000 0.000000 0.000000
-0.120249 0.106593 0.493827
0.000000 0.000000 0.000000
0.000000 0.000000 0.000000
0.000000 0.000000 0.000000
0.060777 0.595246 0.498710
0.337477 0.326605 0.327315
-0.122039 0.039028 0.498710
0.000000 0.000000 0.000000
0.000000 0.000000 0.000000
0.000000 0.000000 0.000000
0.000000 0.000000 0.000000
0.000000 0.000000 0.000000
0.000000 0.000000 0.000000
0.000000 0.000000 0.000000
0.000000 0.000000 0.000000
0.000000 0.000000 0.000000
0.000000 0.000000 0.000000
0.000000 0.000000 0.000000
0.000000 0.000000 0.000000
0.337477 0.742987 0.417810
-0.042632 0.575843 0.498710
0.000000 0.000000 0.000000
0.002325 0.253995 0.498710
0.000000 0.000000 0.000000
0.000000 0.000000 0.000000
0.105376 0.105914 0.183349
0.000000 0.000000 0.000000
0.000000 0.000000 0.000000
0.000000 0.000000 0.000000
0.000000 0.000000 0.000000
0.000000 0.000000 0.000000
0.139707 0.678980 0.168358
0.000000 0.000000 0.000000
0.186274 0.756394 0.498710
0.000000 0.000000 0.000000
-0.222522 0.109963 0.498710
0.337477 0.428205 0.365562
0.000000 0.000000 0.000000
0.000000 0.000000 0.000000
0.323253 0.149882 0.490820
0.000000 0.000000 0.000000
0.000000 0.000000 0.000000
0.000000 0.000000 0.000000
0.279079 0.662516 0.203620
0.021841 0.206850 0.160351
0.109179 0.215087 0.498710
0.000000 0.000000 0.000000
0.000000 0.000000 0.000000
0.000000 0.000000 0.000000
0.000000 0.000000 0.000000
0.000000 0.000000 0.000000
0.000000 0.000000 0.000000
0.000000 0.000000 0.000000
0.309748 0.687203 0.498710
0.047770 0.106586 0.340930
0.000000 0.000000 0.000000
0.000000 0.000000 0.000000
0.000000 0.000000 0.000000
0.000000 0.000000 0.000000
0.000000 0.000000 0.000000
0.033737 0.126081 0.498710
-0.178249 0.518602 0.498710
-0.271700 0.697438 0.201920
0.337477 0.738652 0.304752
0.336323 0.458674 0.438374
0.082917 0.643891 0.162029
0.000000 0.000000 0.000000
0.000000 0.000000 0.000000
0.000000 0.000000 0.000000
0.000000 0.000000 0.000000
0.000000 0.000000 0.000000
0.000000 0.000000 0.000000
0.105784 0.069843 0.498710
-0.110612 0.832477 0.393109
0.152860 0.831780 0.447353
0.000000 0.000000 0.000000
0.000000 0.000000 0.000000
0.000000 0.000000 0.000000
0.000000 0.000000 0.000000
0.000000 0.000000 0.000000
0.000000 0.000000 0.000000
0.000000 0.000000 0.000000
0.000000 0.000000 0.000000
0.000000 0.000000 0.000000
0.000000 0.000000 0.000000
0.000000 0.000000 0.000000
0.000000 0.000000 0.000000
-0.145364 0.356183 0.169654
0.000000 0.000000 0.000000
0.000000 0.000000 0.000000
0.000000 0.000000 0.000000
0.000000 0.000000 0.000000
0.322586 0.822928 0.225922
0.000000 0.000000 0.000000
0.000000 0.000000 0.000000
0.000000 0.000000 0.000000
0.000000 0.000000 0.000000
0.288144 0.507609 0.207752
-0.333824 0.688531 0.418519
-0.002812 0.105969 0.328091
0.337477 0.819724 0.396534
0.082694 0.701990 0.162023
0.000000 0.000000 0.000000
0.000000 0.000000 0.000000
-0.250247 0.350600 0.193219
0.000000 0.000000 0.000000
0.250733 0.562413 0.498710
0.232596 0.211917 0.187286
0.000000 0.000000 0.000000
0.109333 0.291406 0.164127
0.150441 0.321829 0.169853
