0.000000 0.000000 0.000000
-0.347388 -0.734916 0.449451
0.383584 -0.166386 0.128241
0.000000 0.000000 0.000000
-0.334351 -0.315529 0.031223
0.000000 0.000000 0.000000
0.000000 0.000000 0.000000
0.000000 0.000000 0.000000
0.000000 0.000000 0.000000
0.000000 0.000000 0.000000
0.000000 0.000000 0.000000
0.000000 0.000000 0.000000
0.030530 -0.313668 0.032775
0.000000 0.000000 0.000000
0.000000 0.000000 0.000000
0.000000 0.000000 0.000000
0.000000 0.000000 0.000000
0.000000 0.000000 0.000000
0.000000 0.000000 0.000000
0.000000 0.000000 0.000000
0.000000 0.000000 0.000000
0.000000 0.000000 0.000000
0.000000 0.000000 0.000000
-0.256233 -0.118354 0.122052
0.000000 0.000000 0.000000
0.000000 0.000000 0.000000
0.000000 0.000000 0.000000
0.000000 0.000000 0.000000
0.000000 0.000000 0.000000
0.000000 0.000000 0.000000
0.000000 0.000000 0.000000
0.427976 -0.087082 0.273910
0.000000 0.000000 0.000000
0.000000 0.000000 0.000000
0.117561 -0.110784 0.062303
0.000000 0.000000 0.000000
0.000000 0.000000 0.000000
0.000000 0.000000 0.000000
0.000000 0.000000 0.000000
0.000000 0.000000 0.000000
0.000000 0.000000 0.000000
-0.440555 -0.146519 -0.113857
-0.423861 -0.135364 0.241395
0.000000 0.000000 0.000000
0.000000 0.000000 0.000000
0.000000 0.000000 0.000000
0.000000 0.000000 0.000000
0.000000 0.000000 0.000000
-0.192034 -0.325151 0.017416
0.000000 0.000000 0.000000
0.000000 0.000000 0.000000
0.424164 -0.047656 0.197102
0.000000 0.000000 0.000000
0.000000 0.000000 0.000000
0.000000 0.000000 0.000000
0.000000 0.000000 0.000000
0.000000 0.000000 0.000000
0.000000 0.000000 0.000000
0.000000 0.000000 0.000000
-0.431008 -0.196036 0.163000
0.000000 0.000000 0.000000
0.000000 0.000000 0.000000
-0.227857 -0.674735 0.295826
0.000000 0.000000 0.000000
0.000000 0.000000 0.000000
0.000000 0.000000 0.000000
0.000000 0.000000 0.000000
-0.068829 -0.291149 -0.047998
0.000000 0.000000 0.000000
0.000000 0.000000 0.000000
0.000000 0.000000 0.000000
0.000000 0.000000 0.000000
0.282909 -0.117705 0.110153
0.000000 0.000000 0.000000
0.000000 0.000000 0.000000
0.000000 0.000000 0.000000
-0.040017 -0.116800 0.134398
-0.180715 -0.113162 0.026856
0.000000 0.000000 0.000000
0.000000 0.000000 0.000000
-0.355638 -0.227131 -0.096845
0.000000 0.000000 0.000000
0.000000 0.000000 0.000000
0.000000 0.000000 0.000000
0.000000 0.000000 0.000000
0.000000 0.000000 0.000000
-0.351186 -0.106888 -0.008135
0.000000 0.000000 0.000000
0.000000 0.000000 0.000000
0.000000 0.000000 0.000000
0.000000 0.000000 0.000000
0.077354 -0.257663 -0.043484
0.000000 0.000000 0.000000
0.000000 0.000000 0.000000
0.000000 0.000000 0.000000
0.000000 0.000000 0.000000
0.000000 0.000000 0.000000
0.000000 0.000000 0.000000
-0.136730 -0.113029 0.130165
0.000000 0.000000 0.000000
0.000000 0.000000 0.000000
0.000000 0.000000 0.000000
0.000000 0.000000 0.000000
0.000000 0.000000 0.000000
0.000000 0.000000 0.000000
0.000000 0.000000 0.000000
0.264840 -0.110079 -0.029657
0.000000 0.000000 0.000000
0.000000 0.000000 0.000000
0.000000 0.000000 0.000000
0.000000 0.000000 0.000000
0.466664 -0.076356 0.103597
0.000000 0.000000 0.000000
0.000000 0.000000 0.000000
-0.130032 -0.320059 0.027445
0.134512 -0.102871 0.180000
0.000000 0.000000 0.000000
0.000000 0.000000 0.000000
0.000000 0.000000 0.000000
0.000000 0.000000 0.000000
0.000000 0.000000 0.000000
0.000000 0.000000 0.000000
0.000000 0.000000 0.000000
0.000000 0.000000 0.000000
0.000000 0.000000 0.000000
0.000000 0.000000 0.000000
0.000000 0.000000 0.000000
0.000000 0.000000 0.000000
0.000000 0.000000 0.000000
0.389624 -0.112929 0.022583
0.000000 0.000000 0.000000
0.000000 0.000000 0.000000
-0.453528 -0.135603 0.010677
0.010569 -0.111864 0.003059
0.000000 0.000000 0.000000
0.000000 0.000000 0.000000
-0.020845 -0.417268 0.024608
0.000000 0.000000 0.000000
0.000000 0.000000 0.000000
0.305586 -0.230573 0.078915
-0.336375 -0.206593 0.093802
0.304887 -0.076432 0.215043
0.000000 0.000000 0.000000
0.000000 0.000000 0.000000
-0.460695 -0.049914 0.243418
0.000000 0.000000 0.000000
0.000000 0.000000 0.000000
0.000000 0.000000 0.000000
-0.071892 -0.042437 0.234689
0.000000 0.000000 0.000000
0.000000 0.000000 0.000000
0.000000 0.000000 0.000000
-0.311249 -0.081791 0.210203
0.000000 0.000000 0.000000
-0.276296 -0.270528 -0.005776
0.000000 0.000000 0.000000
0.126301 -0.103897 -0.062227
0.000000 0.000000 0.000000
0.449652 -0.180672 0.207082
0.000000 0.000000 0.000000
-0.420870 -0.059382 0.323827
0.000000 0.000000 0.000000
-0.370143 -0.113779 0.124908
0.422804 0.011959 0.331356
0.000000 0.000000 0.000000
0.000000 0.000000 0.000000
0.000000 0.000000 0.000000
0.000000 0.000000 0.000000
0.000000 0.000000 0.000000
0.000000 0.000000 0.000000
-0.327796 -0.793943 0.496858
0.000000 0.000000 0.000000
0.000000 0.000000 0.000000
-0.157011 -0.705784 0.241925
0.000000 0.000000 0.000000
0.000000 0.000000 0.000000
0.000000 0.000000 0.000000
0.248224 -0.112069 0.085550
0.000000 0.000000 0.000000
0.000000 0.000000 0.000000
0.000000 0.000000 0.000000
0.000000 0.000000 0.000000
0.000000 0.000000 0.000000
0.000000 0.000000 0.000000
0.000000 0.000000 0.000000
0.000000 0.000000 0.000000
0.037582 -0.117050 0.132525
0.000000 0.000000 0.000000
0.000000 0.000000 0.000000
0.000000 0.000000 0.000000
0.000000 0.000000 0.000000
0.000000 0.000000 0.000000
0.000000 0.000000 0.000000
0.000000 0.000000 0.000000
0.000000 0.000000 0.000000
0.000000 0.000000 0.000000
0.404009 -0.118200 0.148677
0.000000 0.000000 0.000000
0.000000 0.000000 0.000000
0.000000 0.000000 0.000000
0.000000 0.000000 0.000000
0.000000 0.000000 0.000000
0.000000 0.000000 0.000000
0.113390 -0.299271 0.038698
0.000000 0.000000 0.000000
-0.464385 -0.118268 0.120223
0.000000 0.000000 0.000000
0.000000 0.000000 0.000000
-0.283516 -0.706116 0.377297
0.000000 0.000000 0.000000
-0.074786 -0.114174 0.045414
0.000000 0.000000 0.000000
0.000000 0.000000 0.000000
0.000000 0.000000 0.000000
-0.040472 -0.330584 0.065704
0.000000 0.000000 0.000000
-0.142992 -0.647043 0.224193
-0.194758 -0.281698 -0.017315
0.000000 0.000000 0.000000
0.000000 0.000000 0.000000
0.000000 0.000000 0.000000
0.000000 0.000000 0.000000
0.000000 0.000000 0.000000
0.000000 0.000000 0.000000
0.190546 -0.036659 0.242831
0.000000 0.000000 0.000000
0.007800 -0.317662 -0.047998
0.000000 0.000000 0.000000
0.000000 0.000000 0.000000
0.000000 0.000000 0.000000
-0.372953 -0.145281 0.085538
0.366094 -0.001438 0.249620
0.000000 0.000000 0.000000
0.000000 0.000000 0.000000
0.000000 0.000000 0.000000
0.000000 0.000000 0.000000
0.000000 0.000000 0.000000
0.000000 0.000000 0.000000
0.000000 0.000000 0.000000
-0.193921 -0.089867 0.192470
0.000000 0.000000 0.000000
0.000000 0.000000 0.000000
0.000000 0.000000 0.000000
0.000000 0.000000 0.000000
0.000000 0.000000 0.000000
0.000000 0.000000 0.000000
-0.267203 -0.108603 -0.056720
0.000000 0.000000 0.000000
0.000000 0.000000 0.000000
0.000000 0.000000 0.000000
0.000000 0.000000 0.000000
0.000000 0.000000 0.000000
0.000000 0.000000 0.000000
-0.044898 -0.110911 -0.014397
0.000000 0.000000 0.000000
0.000000 0.000000 0.000000
0.000000 0.000000 0.000000
0.002752 -0.044341 0.206872
0.000000 0.000000 0.000000
-0.450678 -0.057566 0.165339
0.000000 0.000000 0.000000
-0.384047 -0.149915 -0.044432
0.000000 0.000000 0.000000
0.455022 -0.033363 0.171700
0.000000 0.000000 0.000000
0.000000 0.000000 0.000000
-0.370475 -0.143164 -0.148138
0.000000 0.000000 0.000000
0.000000 0.000000 0.000000
0.000000 0.000000 0.000000
0.000000 0.000000 0.000000
0.000000 0.000000 0.000000
0.000000 0.000000 0.000000
0.000000 0.000000 0.000000
0.000000 0.000000 0.000000
0.000000 0.000000 0.000000
0.000000 0.000000 0.000000
0.000000 0.000000 0.000000
-0.125155 -0.268562 -0.001435
0.000000 0.000000 0.000000
0.000000 0.000000 0.000000
0.000000 0.000000 0.000000
0.000000 0.000000 0.000000
0.000000 0.000000 0.000000
0.000000 0.000000 0.000000
0.000000 0.000000 0.000000
0.000000 0.000000 0.000000
0.000000 0.000000 0.000000
0.000000 0.000000 0.000000
0.000000 0.000000 0.000000
-0.274912 -0.109035 0.030686
0.235934 -0.083936 0.207446
-0.176813 -0.116637 0.090576
0.000000 0.000000 0.000000
0.000000 0.000000 0.000000
0.000000 0.000000 0.000000
0.000000 0.000000 0.000000
0.220795 -0.108238 -0.063414
0.326308 -0.112807 0.020363
0.470735 -0.082231 0.229220
0.000000 0.000000 0.000000
0.000000 0.000000 0.000000
0.000000 0.000000 0.000000
0.000000 0.000000 0.000000
0.000000 0.000000 0.000000
0.000000 0.000000 0.000000
0.000000 0.000000 0.000000
0.000000 0.000000 0.000000
0.000000 0.000000 0.000000
0.000000 0.000000 0.000000
0.000000 0.000000 0.000000
0.000000 0.000000 0.000000
0.183199 -0.108206 0.015690
0.000000 0.000000 0.000000
0.000000 0.000000 0.000000
0.000000 0.000000 0.000000
0.000000 0.000000 0.000000
0.000000 0.000000 0.000000
0.000000 0.000000 0.000000
0.000000 0.000000 0.000000
0.000000 0.000000 0.000000
-0.393523 -0.091690 0.189254
0.000000 0.000000 0.000000
-0.281329 -0.325606 0.009640
0.358899 -0.116205 0.082643
0.000000 0.000000 0.000000
0.000000 0.000000 0.000000
0.000000 0.000000 0.000000
0.000000 0.000000 0.000000
0.000000 0.000000 0.000000
0.000000 0.000000 0.000000
0.000000 0.000000 0.000000
0.000000 0.000000 0.000000
-0.389077 -0.278252 0.009572
0.000000 0.000000 0.000000
0.000000 0.000000 0.000000
0.000000 0.000000 0.000000
0.000000 0.000000 0.000000
0.182638 -0.112627 0.095637
0.000000 0.000000 0.000000
0.000000 0.000000 0.000000
0.000000 0.000000 0.000000
0.000000 0.000000 0.000000
0.000000 0.000000 0.000000
-0.035631 -0.317005 -0.012327
0.000000 0.000000 0.000000
-0.282054 -0.102705 0.164729
0.000000 0.000000 0.000000
0.000000 0.000000 0.000000
0.012532 -0.257663 0.061856
-0.323340 -0.675042 0.453144
0.000000 0.000000 0.000000
-0.283017 -0.257826 0.070325
-0.289146 -0.243915 -0.065854
0.000000 0.000000 0.000000
0.000000 0.000000 0.000000
0.000000 0.000000 0.000000
0.000000 0.000000 0.000000
0.000000 0.000000 0.000000
0.000000 0.000000 0.000000
0.380213 -0.058593 0.208059
0.000334 -0.102353 -0.090142
0.000000 0.000000 0.000000
0.000000 0.000000 0.000000
0.000000 0.000000 0.000000
0.000000 0.000000 0.000000
0.000000 0.000000 0.000000
0.000000 0.000000 0.000000
0.000000 0.000000 0.000000
0.000000 0.000000 0.000000
0.000432 -0.260301 -0.047998
-0.070711 -0.294254 0.015870
0.000000 0.000000 0.000000
0.000000 0.000000 0.000000
0.000000 0.000000 0.000000
0.223000 -0.113418 0.150226
0.000000 0.000000 0.000000
-0.192187 -0.108197 0.150449
0.000000 0.000000 0.000000
0.000000 0.000000 0.000000
0.000000 0.000000 0.000000
0.000000 0.000000 0.000000
-0.464909 -0.112979 0.198244
0.000000 0.000000 0.000000
-0.120150 -0.106890 -0.008095
0.000000 0.000000 0.000000
0.073507 -0.334417 0.015726
0.000000 0.000000 0.000000
0.000000 0.000000 0.000000
0.408379 -0.105115 0.222911
0.000000 0.000000 0.000000
0.000000 0.000000 0.000000
0.000000 0.000000 0.000000
0.065385 -0.106042 -0.023436
0.000000 0.000000 0.000000
0.054190 -0.085137 0.198809
0.000000 0.000000 0.000000
0.000000 0.000000 0.000000
0.000000 0.000000 0.000000
0.000000 0.000000 0.000000
0.000000 0.000000 0.000000
0.000000 0.000000 0.000000
0.108252 -0.028088 0.246401
-0.442509 -0.169821 0.066113
0.000000 0.000000 0.000000
0.000000 0.000000 0.000000
0.013306 -0.111378 0.073046
0.000000 0.000000 0.000000
0.000000 0.000000 0.000000
-0.361646 -0.044221 0.233574
0.081570 -0.260276 0.061238
0.000000 0.000000 0.000000
0.000000 0.000000 0.000000
0.468136 -0.131946 0.165170
0.000000 0.000000 0.000000
0.000000 0.000000 0.000000
-0.312614 -0.111289 0.071438
0.000000 0.000000 0.000000
0.000000 0.000000 0.000000
0.339206 -0.097776 0.177545
0.000000 0.000000 0.000000
0.000000 0.000000 0.000000
0.000000 0.000000 0.000000
0.000000 0.000000 0.000000
0.000000 0.000000 0.000000
0.000000 0.000000 0.000000
0.000000 0.000000 0.000000
0.000000 0.000000 0.000000
0.000000 0.000000 0.000000
0.000000 0.000000 0.000000
0.000000 0.000000 0.000000
-0.225917 -0.703437 0.345483
0.000000 0.000000 0.000000
-0.397517 -0.186352 -0.130499
0.000000 0.000000 0.000000
0.000000 0.000000 0.000000
0.000000 0.000000 0.000000
0.000000 0.000000 0.000000
-0.406103 -0.087667 0.238639
0.000000 0.000000 0.000000
0.000000 0.000000 0.000000
0.000000 0.000000 0.000000
0.000000 0.000000 0.000000
0.000000 0.000000 0.000000
0.000000 0.000000 0.000000
0.000000 0.000000 0.000000
0.000000 0.000000 0.000000
0.000000 0.000000 0.000000
0.000000 0.000000 0.000000
-0.254088 -0.033030 0.244343
0.000000 0.000000 0.000000
-0.242952 -0.112047 0.006415
0.000000 0.000000 0.000000
0.105914 -0.117915 0.126049
0.000000 0.000000 0.000000
-0.438153 -0.145921 -0.194125
-0.436861 -0.116662 0.060696
-0.024216 -0.359578 0.016903
0.000000 0.000000 0.000000
0.000000 0.000000 0.000000
-0.045248 -0.080825 0.203799
0.000000 0.000000 0.000000
0.000000 0.000000 0.000000
0.000000 0.000000 0.000000
0.000000 0.000000 0.000000
0.000000 0.000000 0.000000
0.000000 0.000000 0.000000
0.000000 0.000000 0.000000
0.000000 0.000000 0.000000
0.000000 0.000000 0.000000
-0.413582 -0.142252 0.028998
0.000000 0.000000 0.000000
0.000000 0.000000 0.000000
0.000000 0.000000 0.000000
0.000000 0.000000 0.000000
0.000000 0.000000 0.000000
0.000000 0.000000 0.000000
0.000000 0.000000 0.000000
0.000000 0.000000 0.000000
0.000000 0.000000 0.000000
0.000000 0.000000 0.000000
0.000000 0.000000 0.000000
0.000000 0.000000 0.000000
0.000000 0.000000 0.000000
0.000000 0.000000 0.000000
0.448333 -0.138850 0.253303
0.000000 0.000000 0.000000
0.000000 0.000000 0.000000
0.342336 -0.201911 0.097097
0.000000 0.000000 0.000000
-0.425001 -0.165580 -0.026593
0.000000 0.000000 0.000000
0.420900 -0.034038 0.243923
0.000000 0.000000 0.000000
-0.410780 -0.129854 0.182566
0.000000 0.000000 0.000000
0.000000 0.000000 0.000000
0.000000 0.000000 0.000000
-0.137739 -0.069694 0.214191
0.160183 -0.106032 -0.103859
0.000000 0.000000 0.000000
-0.179197 -0.674763 0.287032
0.000000 0.000000 0.000000
0.000000 0.000000 0.000000
-0.373512 -0.109765 0.043892
0.000000 0.000000 0.000000
0.000000 0.000000 0.000000
0.000000 0.000000 0.000000
0.000000 0.000000 0.000000
0.000000 0.000000 0.000000
0.000000 0.000000 0.000000
0.035022 -0.285657 -0.018461
0.000000 0.000000 0.000000
0.000000 0.000000 0.000000
0.000000 0.000000 0.000000
0.000000 0.000000 0.000000
0.000000 0.000000 0.000000
0.000000 0.000000 0.000000
-0.319385 -0.281161 -0.043964
-0.437902 -0.107498 0.288647
0.000000 0.000000 0.000000
0.472217 -0.139846 0.101602
0.000000 0.000000 0.000000
0.143785 -0.107807 0.008488
0.000000 0.000000 0.000000
0.000000 0.000000 0.000000
0.148486 -0.054630 0.207730
0.000000 0.000000 0.000000
0.000000 0.000000 0.000000
0.000000 0.000000 0.000000
0.000000 0.000000 0.000000
0.000000 0.000000 0.000000
0.000000 0.000000 0.000000
0.000000 0.000000 0.000000
0.000000 0.000000 0.000000
-0.416188 -0.143160 0.107233
0.000000 0.000000 0.000000
-0.239573 -0.077284 0.214298
0.000000 0.000000 0.000000
0.000000 0.000000 0.000000
0.000000 0.000000 0.000000
0.000000 0.000000 0.000000
0.000000 0.000000 0.000000
0.000000 0.000000 0.000000
-0.117408 -0.112300 0.089734
0.000000 0.000000 0.000000
0.000000 0.000000 0.000000
0.000000 0.000000 0.000000
0.000000 0.000000 0.000000
0.000000 0.000000 0.000000
0.000000 0.000000 0.000000
-0.082080 -0.333146 -0.035298
0.000000 0.000000 0.000000
0.000000 0.000000 0.000000
0.000000 0.000000 0.000000
-0.189301 -0.041715 0.235140
0.000000 0.000000 0.000000
0.465564 -0.037707 0.267426
0.000000 0.000000 0.000000
0.000000 0.000000 0.000000
0.237145 -0.113390 0.031038
0.000000 0.000000 0.000000
-0.237112 -0.111392 0.073308
-0.121421 -0.108297 -0.062327
0.000000 0.000000 0.000000
0.000000 0.000000 0.000000
0.000000 0.000000 0.000000
0.000000 0.000000 0.000000
-0.336477 -0.264104 0.053333
0.000000 0.000000 0.000000
0.000000 0.000000 0.000000
0.000000 0.000000 0.000000
0.000000 0.000000 0.000000
0.418220 -0.119840 0.085640
0.000000 0.000000 0.000000
0.000000 0.000000 0.000000
0.000000 0.000000 0.000000
0.000000 0.000000 0.000000
0.000000 0.000000 0.000000
-0.314800 -0.778390 0.443158
0.000000 0.000000 0.000000
-0.039803 -0.273937 0.065704
0.000000 0.000000 0.000000
0.000000 0.000000 0.000000
0.000000 0.000000 0.000000
0.000000 0.000000 0.000000
0.049091 -0.108125 -0.065485
0.000000 0.000000 0.000000
0.000000 0.000000 0.000000
0.000000 0.000000 0.000000
0.000000 0.000000 0.000000
0.000000 0.000000 0.000000
0.000000 0.000000 0.000000
0.319355 -0.029610 0.245767
0.000000 0.000000 0.000000
0.000000 0.000000 0.000000
0.000000 0.000000 0.000000
0.000000 0.000000 0.000000
0.179177 -0.116248 0.138533
0.000000 0.000000 0.000000
0.000000 0.000000 0.000000
0.000000 0.000000 0.000000
0.000000 0.000000 0.000000
0.000000 0.000000 0.000000
0.000000 0.000000 0.000000
0.000000 0.000000 0.000000
-0.376089 -0.201162 0.111472
0.000000 0.000000 0.000000
0.000000 0.000000 0.000000
-0.098981 -0.086936 0.203589
0.000000 0.000000 0.000000
0.000000 0.000000 0.000000
-0.443086 -0.157833 0.134098
0.000000 0.000000 0.000000
0.000000 0.000000 0.000000
0.000000 0.000000 0.000000
-0.191437 -0.665450 0.246324
0.000000 0.000000 0.000000
0.000000 0.000000 0.000000
0.000000 0.000000 0.000000
0.000000 0.000000 0.000000
0.000000 0.000000 0.000000
0.000000 0.000000 0.000000
0.000000 0.000000 0.000000
0.000000 0.000000 0.000000
-0.040047 -0.111847 0.081534
0.349461 -0.117085 0.132263
0.000000 0.000000 0.000000
0.000000 0.000000 0.000000
0.423020 -0.024871 0.293237
0.000000 0.000000 0.000000
0.000000 0.000000 0.000000
0.000000 0.000000 0.000000
0.000000 0.000000 0.000000
0.046449 -0.277211 0.031241
0.000000 0.000000 0.000000
0.000000 0.000000 0.000000
0.000000 0.000000 0.000000
0.000000 0.000000 0.000000
-0.341969 -0.189366 -0.118605
0.000000 0.000000 0.000000
0.000000 0.000000 0.000000
0.000000 0.000000 0.000000
0.000000 0.000000 0.000000
0.000000 0.000000 0.000000
0.000000 0.000000 0.000000
0.000000 0.000000 0.000000
0.000000 0.000000 0.000000
0.000000 0.000000 0.000000
0.000000 0.000000 0.000000
0.000000 0.000000 0.000000
-0.417036 -0.113606 -0.020506
0.000000 0.000000 0.000000
0.000000 0.000000 0.000000
0.000000 0.000000 0.000000
0.000000 0.000000 0.000000
0.000000 0.000000 0.000000
0.050691 -0.320446 0.065704
-0.412516 -0.112299 0.135273
0.000000 0.000000 0.000000
-0.426406 -0.177452 0.024436
0.000000 0.000000 0.000000
0.000000 0.000000 0.000000
0.000000 0.000000 0.000000
-0.082080 -0.316469 0.054391
0.000000 0.000000 0.000000
0.000000 0.000000 0.000000
0.000000 0.000000 0.000000
0.000000 0.000000 0.000000
0.000000 0.000000 0.000000
0.000000 0.000000 0.000000
0.055814 -0.114691 0.054900
0.000000 0.000000 0.000000
0.000000 0.000000 0.000000
0.000000 0.000000 0.000000
0.000000 0.000000 0.000000
0.000000 0.000000 0.000000
0.000000 0.000000 0.000000
-0.260270 -0.284391 0.036102
0.000000 0.000000 0.000000
0.000000 0.000000 0.000000
0.025540 -0.340553 -0.004396
0.000000 0.000000 0.000000
-0.324923 -0.108739 0.025339
0.000000 0.000000 0.000000
-0.239852 -0.299170 -0.020546
0.000000 0.000000 0.000000
0.000000 0.000000 0.000000
0.000000 0.000000 0.000000
0.000000 0.000000 0.000000
0.099173 -0.108085 0.013510
0.060280 -0.049463 0.230296
-0.331548 -0.111412 0.156245
0.000000 0.000000 0.000000
0.000000 0.000000 0.000000
0.000000 0.000000 0.000000
0.000000 0.000000 0.000000
0.000000 0.000000 0.000000
0.000000 0.000000 0.000000
0.000000 0.000000 0.000000
0.000000 0.000000 0.000000
0.000000 0.000000 0.000000
0.000000 0.000000 0.000000
0.000000 0.000000 0.000000
0.000000 0.000000 0.000000
0.000000 0.000000 0.000000
-0.441348 -0.149050 -0.065755
0.000000 0.000000 0.000000
0.000000 0.000000 0.000000
0.011270 -0.090270 0.191547
-0.134042 -0.109581 0.040559
-0.076787 -0.108905 -0.051180
0.000000 0.000000 0.000000
0.266438 -0.099622 0.172746
0.000000 0.000000 0.000000
0.005066 -0.104487 -0.051561
0.000000 0.000000 0.000000
