0.000000 0.000000 0.000000
0.000000 0.000000 0.000000
0.809152 -0.378698 0.093164
0.000000 0.000000 0.000000
0.000000 0.000000 0.000000
0.000000 0.000000 0.000000
0.000000 0.000000 0.000000
0.762458 0.083154 -0.171920
0.000000 0.000000 0.000000
0.000000 0.000000 0.000000
0.000000 0.000000 0.000000
0.000000 0.000000 0.000000
0.000000 0.000000 0.000000
0.000000 0.000000 0.000000
0.000000 0.000000 0.000000
0.324487 -0.031103 -0.111439
0.000000 0.000000 0.000000
0.000000 0.000000 0.000000
0.000000 0.000000 0.000000
0.000000 0.000000 0.000000
0.000000 0.000000 0.000000
0.000000 0.000000 0.000000
0.000000 0.000000 0.000000
0.000000 0.000000 0.000000
0.000000 0.000000 0.000000
0.656469 -0.072647 0.069979
0.000000 0.000000 0.000000
0.000000 0.000000 0.000000
0.000000 0.000000 0.000000
0.000000 0.000000 0.000000
0.000000 0.000000 0.000000
0.000000 0.000000 0.000000
0.000000 0.000000 0.000000
0.626741 -0.038399 -0.024102
0.000000 0.000000 0.000000
0.000000 0.000000 0.000000
0.889292 -0.086766 0.299391
0.000000 0.000000 0.000000
0.795061 -0.012215 0.141913
0.567491 0.240734 -0.064833
0.500375 0.124143 -0.204018
0.000000 0.000000 0.000000
0.000000 0.000000 0.000000
0.809152 -0.215992 -0.068808
0.000000 0.000000 0.000000
0.000000 0.000000 0.000000
0.000000 0.000000 0.000000
0.000000 0.000000 0.000000
0.000000 0.000000 0.000000
0.000000 0.000000 0.000000
0.000000 0.000000 0.000000
0.000000 0.000000 0.000000
0.000000 0.000000 0.000000
0.000000 0.000000 0.000000
0.816392 -0.280908 0.309506
0.000000 0.000000 0.000000
0.000000 0.000000 0.000000
0.000000 0.000000 0.000000
0.000000 0.000000 0.000000
0.000000 0.000000 0.000000
0.663061 0.147919 0.048280
0.000000 0.000000 0.000000
0.795120 -0.043756 -0.023472
0.522636 0.026690 -0.111439
0.000000 0.000000 0.000000
0.000000 0.000000 0.000000
0.000000 0.000000 0.000000
0.000000 0.000000 0.000000
0.000000 0.000000 0.000000
0.000000 0.000000 0.000000
0.000000 0.000000 0.000000
0.000000 0.000000 0.000000
0.000000 0.000000 0.000000
0.000000 0.000000 0.000000
0.000000 0.000000 0.000000
0.000000 0.000000 0.000000
0.807397 -0.164250 0.131074
0.170006 0.140955 -0.171113
0.000000 0.000000 0.000000
0.425616 -0.074401 -0.006097
0.000000 0.000000 0.000000
0.000000 0.000000 0.000000
0.000000 0.000000 0.000000
0.000000 0.000000 0.000000
0.000000 0.000000 0.000000
0.000000 0.000000 0.000000
0.000000 0.000000 0.000000
0.000000 0.000000 0.000000
0.000000 0.000000 0.000000
0.000000 0.000000 0.000000
0.000000 0.000000 0.000000
0.000000 0.000000 0.000000
0.795076 -0.013070 -0.151266
0.000000 0.000000 0.000000
0.893340 -0.074146 -0.080450
0.000000 0.000000 0.000000
0.000000 0.000000 0.000000
0.000000 0.000000 0.000000
0.000000 0.000000 0.000000
0.000000 0.000000 0.000000
0.000000 0.000000 0.000000
0.000000 0.000000 0.000000
0.000000 0.000000 0.000000
0.000000 0.000000 0.000000
0.000000 0.000000 0.000000
0.000000 0.000000 0.000000
0.000000 0.000000 0.000000
0.795120 -0.046384 0.236651
0.000000 0.000000 0.000000
0.329130 0.151349 -0.124722
0.662882 -0.072647 -0.151566
0.000000 0.000000 0.000000
0.000000 0.000000 0.000000
0.793595 0.006018 0.230727
0.000000 0.000000 0.000000
0.000000 0.000000 0.000000
0.000000 0.000000 0.000000
0.000000 0.000000 0.000000
0.435394 0.087340 -0.111439
0.000000 0.000000 0.000000
0.000000 0.000000 0.000000
0.000000 0.000000 0.000000
0.000000 0.000000 0.000000
0.000000 0.000000 0.000000
0.714732 0.127054 0.184084
0.000000 0.000000 0.000000
0.000000 0.000000 0.000000
0.648462 0.143039 -0.165256
0.000000 0.000000 0.000000
0.777218 0.059036 -0.006174
0.000000 0.000000 0.000000
0.000000 0.000000 0.000000
0.515835 0.382167 -0.033727
0.000000 0.000000 0.000000
0.528375 0.186963 0.043918
0.000000 0.000000 0.000000
0.000000 0.000000 0.000000
0.000000 0.000000 0.000000
0.000000 0.000000 0.000000
0.000000 0.000000 0.000000
0.000000 0.000000 0.000000
0.809152 -0.412976 0.252464
0.530477 0.349840 0.037096
0.000000 0.000000 0.000000
0.000000 0.000000 0.000000
0.000000 0.000000 0.000000
0.000000 0.000000 0.000000
0.626741 0.074032 0.046678
0.000000 0.000000 0.000000
0.000000 0.000000 0.000000
0.000000 0.000000 0.000000
0.000000 0.000000 0.000000
0.000000 0.000000 0.000000
0.440724 0.217322 -0.072242
0.397105 0.336731 -0.041339
0.687039 0.140711 -0.029794
0.000000 0.000000 0.000000
0.000000 0.000000 0.000000
0.517519 -0.072647 0.093356
0.830198 -0.169218 0.258541
0.000000 0.000000 0.000000
0.000000 0.000000 0.000000
0.000000 0.000000 0.000000
0.875316 -0.107633 0.059588
0.809152 -0.280238 0.172916
0.673495 -0.074401 0.238152
0.574999 0.161246 0.140559
0.000000 0.000000 0.000000
0.000000 0.000000 0.000000
0.000000 0.000000 0.000000
0.000000 0.000000 0.000000
0.000000 0.000000 0.000000
0.000000 0.000000 0.000000
0.000000 0.000000 0.000000
0.000000 0.000000 0.000000
0.000000 0.000000 0.000000
0.000000 0.000000 0.000000
0.000000 0.000000 0.000000
0.333504 0.140239 -0.172934
0.830198 -0.257810 0.047629
0.000000 0.000000 0.000000
0.000000 0.000000 0.000000
0.000000 0.000000 0.000000
0.000000 0.000000 0.000000
0.000000 0.000000 0.000000
0.000000 0.000000 0.000000
0.000000 0.000000 0.000000
0.000000 0.000000 0.000000
0.000000 0.000000 0.000000
0.000000 0.000000 0.000000
0.000000 0.000000 0.000000
0.000000 0.000000 0.000000
0.000000 0.000000 0.000000
0.000000 0.000000 0.000000
0.000000 0.000000 0.000000
0.000000 0.000000 0.000000
0.295023 0.098598 -0.111439
0.000000 0.000000 0.000000
0.000000 0.000000 0.000000
0.000000 0.000000 0.000000
0.000000 0.000000 0.000000
0.000000 0.000000 0.000000
0.000000 0.000000 0.000000
0.000000 0.000000 0.000000
0.000000 0.000000 0.000000
0.000000 0.000000 0.000000
0.000000 0.000000 0.000000
0.000000 0.000000 0.000000
0.891305 -0.072445 0.176415
0.529644 -0.072647 -0.061899
0.000000 0.000000 0.000000
0.000000 0.000000 0.000000
0.000000 0.000000 0.000000
0.000000 0.000000 0.000000
0.000000 0.000000 0.000000
0.000000 0.000000 0.000000
0.000000 0.000000 0.000000
0.000000 0.000000 0.000000
0.000000 0.000000 0.000000
0.000000 0.000000 0.000000
0.000000 0.000000 0.000000
0.349152 0.265346 -0.057789
0.309142 0.155540 -0.059696
0.000000 0.000000 0.000000
0.000000 0.000000 0.000000
0.637019 -0.074401 0.173024
0.000000 0.000000 0.000000
0.000000 0.000000 0.000000
0.626741 -0.043262 -0.096739
0.798469 -0.190215 0.307751
0.000000 0.000000 0.000000
0.000000 0.000000 0.000000
0.000000 0.000000 0.000000
0.548715 0.151885 -0.077129
0.000000 0.000000 0.000000
0.000000 0.000000 0.000000
0.626741 0.072027 -0.068581
0.000000 0.000000 0.000000
0.000000 0.000000 0.000000
0.809152 -0.142382 0.018534
0.000000 0.000000 0.000000
0.000000 0.000000 0.000000
0.762326 -0.072619 0.104568
0.377931 -0.040974 -0.111439
0.000000 0.000000 0.000000
0.809152 -0.379288 0.000797
0.000000 0.000000 0.000000
0.000000 0.000000 0.000000
0.000000 0.000000 0.000000
0.000000 0.000000 0.000000
0.000000 0.000000 0.000000
0.000000 0.000000 0.000000
0.000000 0.000000 0.000000
0.000000 0.000000 0.000000
0.000000 0.000000 0.000000
0.000000 0.000000 0.000000
0.000000 0.000000 0.000000
0.000000 0.000000 0.000000
0.000000 0.000000 0.000000
0.626741 0.002596 0.116482
0.000000 0.000000 0.000000
0.000000 0.000000 0.000000
0.000000 0.000000 0.000000
0.000000 0.000000 0.000000
0.000000 0.000000 0.000000
0.000000 0.000000 0.000000
0.758334 0.088543 0.098022
0.000000 0.000000 0.000000
0.000000 0.000000 0.000000
0.000000 0.000000 0.000000
0.000000 0.000000 0.000000
0.000000 0.000000 0.000000
0.000000 0.000000 0.000000
0.000000 0.000000 0.000000
0.000000 0.000000 0.000000
0.000000 0.000000 0.000000
0.000000 0.000000 0.000000
0.000000 0.000000 0.000000
0.000000 0.000000 0.000000
0.000000 0.000000 0.000000
0.324635 -0.074401 -0.035816
0.000000 0.000000 0.000000
0.000000 0.000000 0.000000
0.000000 0.000000 0.000000
0.000000 0.000000 0.000000
0.000000 0.000000 0.000000
0.736070 -0.072647 0.008522
0.000000 0.000000 0.000000
0.000000 0.000000 0.000000
0.000000 0.000000 0.000000
0.000000 0.000000 0.000000
0.000000 0.000000 0.000000
0.000000 0.000000 0.000000
0.000000 0.000000 0.000000
0.741663 -0.072619 -0.097314
0.000000 0.000000 0.000000
0.000000 0.000000 0.000000
0.000000 0.000000 0.000000
0.000000 0.000000 0.000000
0.000000 0.000000 0.000000
0.000000 0.000000 0.000000
0.000000 0.000000 0.000000
0.000000 0.000000 0.000000
0.245429 -0.072619 -0.140233
0.000000 0.000000 0.000000
0.000000 0.000000 0.000000
0.000000 0.000000 0.000000
0.000000 0.000000 0.000000
0.000000 0.000000 0.000000
0.807397 -0.135103 -0.084975
0.000000 0.000000 0.000000
0.503990 0.232178 -0.067459
0.000000 0.000000 0.000000
0.805499 -0.072647 0.142200
0.482801 0.186963 -0.020951
0.000000 0.000000 0.000000
0.436512 0.418482 -0.018338
0.000000 0.000000 0.000000
0.830198 -0.324027 0.238434
0.000000 0.000000 0.000000
0.000000 0.000000 0.000000
0.000000 0.000000 0.000000
0.589577 -0.072647 0.014714
0.467595 -0.007467 -0.111439
0.000000 0.000000 0.000000
0.000000 0.000000 0.000000
0.000000 0.000000 0.000000
0.777511 0.002011 0.309506
0.000000 0.000000 0.000000
0.000000 0.000000 0.000000
0.000000 0.000000 0.000000
0.000000 0.000000 0.000000
0.000000 0.000000 0.000000
0.830198 -0.300257 -0.016488
0.000000 0.000000 0.000000
0.000000 0.000000 0.000000
0.878654 -0.072445 0.007908
0.587796 0.206480 -0.020157
0.000000 0.000000 0.000000
0.769974 -0.072619 0.308268
0.000000 0.000000 0.000000
0.000000 0.000000 0.000000
0.353479 0.047274 -0.111439
0.000000 0.000000 0.000000
0.000000 0.000000 0.000000
0.000000 0.000000 0.000000
0.729175 -0.072619 0.162691
0.000000 0.000000 0.000000
0.547076 0.116511 -0.111439
0.000000 0.000000 0.000000
0.795120 -0.022145 -0.069298
0.000000 0.000000 0.000000
0.000000 0.000000 0.000000
0.417116 -0.072619 -0.071630
0.000000 0.000000 0.000000
0.000000 0.000000 0.000000
0.830198 -0.078529 -0.108695
0.488462 0.297546 -0.049660
0.000000 0.000000 0.000000
0.000000 0.000000 0.000000
0.000000 0.000000 0.000000
0.000000 0.000000 0.000000
0.000000 0.000000 0.000000
0.762549 0.083033 0.249908
0.000000 0.000000 0.000000
0.000000 0.000000 0.000000
0.830198 -0.117933 0.195270
0.000000 0.000000 0.000000
0.000000 0.000000 0.000000
0.745631 0.102722 -0.087468
0.246603 0.148450 -0.145211
0.830198 -0.289247 0.088161
0.000000 0.000000 0.000000
0.000000 0.000000 0.000000
0.000000 0.000000 0.000000
0.000000 0.000000 0.000000
0.000000 0.000000 0.000000
0.000000 0.000000 0.000000
0.000000 0.000000 0.000000
0.000000 0.000000 0.000000
0.000000 0.000000 0.000000
0.000000 0.000000 0.000000
0.000000 0.000000 0.000000
0.491175 0.161571 -0.111002
0.000000 0.000000 0.000000
0.000000 0.000000 0.000000
0.000000 0.000000 0.000000
0.000000 0.000000 0.000000
0.710184 0.129742 0.119299
0.000000 0.000000 0.000000
0.000000 0.000000 0.000000
0.000000 0.000000 0.000000
0.000000 0.000000 0.000000
0.000000 0.000000 0.000000
0.000000 0.000000 0.000000
0.000000 0.000000 0.000000
0.000000 0.000000 0.000000
0.000000 0.000000 0.000000
0.000000 0.000000 0.000000
0.809152 -0.192453 0.190968
0.578137 -0.072647 -0.145032
0.413730 0.143916 -0.162596
0.000000 0.000000 0.000000
0.000000 0.000000 0.000000
0.000000 0.000000 0.000000
0.505483 -0.074401 0.012054
0.674368 -0.072619 -0.043629
0.809152 -0.248281 0.231861
0.000000 0.000000 0.000000
0.000000 0.000000 0.000000
0.000000 0.000000 0.000000
0.000000 0.000000 0.000000
0.000000 0.000000 0.000000
0.000000 0.000000 0.000000
0.000000 0.000000 0.000000
0.000000 0.000000 0.000000
0.000000 0.000000 0.000000
0.550430 0.288596 -0.004817
0.000000 0.000000 0.000000
0.000000 0.000000 0.000000
0.000000 0.000000 0.000000
0.000000 0.000000 0.000000
0.804008 -0.072647 0.040713
0.809152 -0.368559 0.184072
0.846911 -0.133023 -0.131584
0.611060 0.151885 -0.051269
0.450954 -0.074401 0.073611
0.000000 0.000000 0.000000
0.000000 0.000000 0.000000
0.000000 0.000000 0.000000
0.000000 0.000000 0.000000
0.000000 0.000000 0.000000
0.000000 0.000000 0.000000
0.000000 0.000000 0.000000
0.000000 0.000000 0.000000
0.364080 0.186963 -0.036817
0.000000 0.000000 0.000000
0.000000 0.000000 0.000000
0.000000 0.000000 0.000000
0.000000 0.000000 0.000000
0.000000 0.000000 0.000000
0.000000 0.000000 0.000000
0.000000 0.000000 0.000000
0.000000 0.000000 0.000000
0.000000 0.000000 0.000000
0.000000 0.000000 0.000000
0.000000 0.000000 0.000000
0.000000 0.000000 0.000000
0.000000 0.000000 0.000000
0.000000 0.000000 0.000000
0.000000 0.000000 0.000000
0.000000 0.000000 0.000000
0.000000 0.000000 0.000000
0.658700 0.148820 0.126995
0.000000 0.000000 0.000000
0.574999 0.164908 0.084029
0.000000 0.000000 0.000000
0.000000 0.000000 0.000000
0.807397 -0.109718 0.280076
0.000000 0.000000 0.000000
0.000000 0.000000 0.000000
0.000000 0.000000 0.000000
0.756594 -0.072647 0.232414
0.000000 0.000000 0.000000
0.000000 0.000000 0.000000
0.809152 -0.274163 -0.069060
0.000000 0.000000 0.000000
0.000000 0.000000 0.000000
0.000000 0.000000 0.000000
0.000000 0.000000 0.000000
0.000000 0.000000 0.000000
0.000000 0.000000 0.000000
0.000000 0.000000 0.000000
0.000000 0.000000 0.000000
0.000000 0.000000 0.000000
0.000000 0.000000 0.000000
0.000000 0.000000 0.000000
0.587075 -0.072647 0.120856
0.000000 0.000000 0.000000
0.807397 -0.180060 0.062238
0.809152 -0.224505 0.111448
0.626741 0.128872 -0.109394
0.000000 0.000000 0.000000
0.000000 0.000000 0.000000
0.000000 0.000000 0.000000
0.000000 0.000000 0.000000
0.000000 0.000000 0.000000
0.000000 0.000000 0.000000
0.000000 0.000000 0.000000
0.000000 0.000000 0.000000
0.000000 0.000000 0.000000
0.000000 0.000000 0.000000
0.000000 0.000000 0.000000
0.597552 0.122246 -0.206840
0.000000 0.000000 0.000000
0.000000 0.000000 0.000000
0.000000 0.000000 0.000000
0.000000 0.000000 0.000000
0.769334 0.073035 0.167761
0.000000 0.000000 0.000000
0.626741 -0.023923 0.066437
0.607285 0.151885 0.002928
0.000000 0.000000 0.000000
0.000000 0.000000 0.000000
0.000000 0.000000 0.000000
0.000000 0.000000 0.000000
0.000000 0.000000 0.000000
0.000000 0.000000 0.000000
0.000000 0.000000 0.000000
0.000000 0.000000 0.000000
0.000000 0.000000 0.000000
0.000000 0.000000 0.000000
0.000000 0.000000 0.000000
0.000000 0.000000 0.000000
0.000000 0.000000 0.000000
0.000000 0.000000 0.000000
0.000000 0.000000 0.000000
0.000000 0.000000 0.000000
0.000000 0.000000 0.000000
0.434296 0.186963 0.033345
0.000000 0.000000 0.000000
0.000000 0.000000 0.000000
0.000000 0.000000 0.000000
0.723186 0.109755 -0.222846
0.000000 0.000000 0.000000
0.000000 0.000000 0.000000
0.000000 0.000000 0.000000
0.000000 0.000000 0.000000
0.000000 0.000000 0.000000
0.000000 0.000000 0.000000
0.000000 0.000000 0.000000
0.000000 0.000000 0.000000
0.000000 0.000000 0.000000
0.000000 0.000000 0.000000
0.000000 0.000000 0.000000
0.000000 0.000000 0.000000
0.424414 0.151885 -0.091230
0.719465 -0.072619 -0.146186
0.000000 0.000000 0.000000
0.830198 -0.104731 0.109030
0.000000 0.000000 0.000000
0.000000 0.000000 0.000000
0.742676 -0.264972 0.307751
0.809152 -0.229580 -0.008893
0.000000 0.000000 0.000000
0.000000 0.000000 0.000000
0.000000 0.000000 0.000000
0.000000 0.000000 0.000000
0.000000 0.000000 0.000000
0.856337 -0.126368 -0.059816
0.000000 0.000000 0.000000
0.000000 0.000000 0.000000
0.000000 0.000000 0.000000
0.000000 0.000000 0.000000
0.000000 0.000000 0.000000
0.000000 0.000000 0.000000
0.573437 -0.019517 -0.111439
0.000000 0.000000 0.000000
0.830198 -0.360420 0.287329
0.000000 0.000000 0.000000
0.478918 -0.072647 -0.107672
0.000000 0.000000 0.000000
0.000000 0.000000 0.000000
0.000000 0.000000 0.000000
0.000000 0.000000 0.000000
0.807397 -0.102280 -0.031598
0.000000 0.000000 0.000000
0.000000 0.000000 0.000000
0.000000 0.000000 0.000000
0.000000 0.000000 0.000000
0.230383 0.116794 -0.111439
0.000000 0.000000 0.000000
0.000000 0.000000 0.000000
0.000000 0.000000 0.000000
0.000000 0.000000 0.000000
0.000000 0.000000 0.000000
0.000000 0.000000 0.000000
0.000000 0.000000 0.000000
0.000000 0.000000 0.000000
0.000000 0.000000 0.000000
0.000000 0.000000 0.000000
0.793277 0.008302 0.084887
0.000000 0.000000 0.000000
0.000000 0.000000 0.000000
0.000000 0.000000 0.000000
0.387273 -0.072619 -0.041722
0.855674 -0.126887 0.131104
0.000000 0.000000 0.000000
0.000000 0.000000 0.000000
0.000000 0.000000 0.000000
0.000000 0.000000 0.000000
0.000000 0.000000 0.000000
0.830198 -0.078551 0.238175
0.421257 -0.072619 -0.140077
0.000000 0.000000 0.000000
0.000000 0.000000 0.000000
0.000000 0.000000 0.000000
0.000000 0.000000 0.000000
0.000000 0.000000 0.000000
0.000000 0.000000 0.000000
0.000000 0.000000 0.000000
0.000000 0.000000 0.000000
0.000000 0.000000 0.000000
0.594700 0.174890 -0.098581
0.000000 0.000000 0.000000
0.000000 0.000000 0.000000
0.000000 0.000000 0.000000
0.000000 0.000000 0.000000
0.000000 0.000000 0.000000
0.000000 0.000000 0.000000
0.292451 0.031422 -0.111439
0.830198 -0.421715 0.052307
0.000000 0.000000 0.000000
0.000000 0.000000 0.000000
0.000000 0.000000 0.000000
0.000000 0.000000 0.000000
0.537318 -0.072647 -0.017014
0.000000 0.000000 0.000000
0.000000 0.000000 0.000000
0.000000 0.000000 0.000000
0.000000 0.000000 0.000000
0.581898 -0.072647 -0.079140
0.000000 0.000000 0.000000
0.000000 0.000000 0.000000
0.000000 0.000000 0.000000
0.000000 0.000000 0.000000
0.000000 0.000000 0.000000
0.000000 0.000000 0.000000
0.000000 0.000000 0.000000
0.000000 0.000000 0.000000
0.000000 0.000000 0.000000
0.000000 0.000000 0.000000
0.000000 0.000000 0.000000
0.000000 0.000000 0.000000
0.000000 0.000000 0.000000
0.000000 0.000000 0.000000
0.000000 0.000000 0.000000
0.000000 0.000000 0.000000
0.000000 0.000000 0.000000
0.000000 0.000000 0.000000
0.000000 0.000000 0.000000
0.815961 -0.138488 0.309506
0.000000 0.000000 0.000000
0.000000 0.000000 0.000000
0.854005 -0.128150 0.000987
0.000000 0.000000 0.000000
0.626741 0.060327 -0.011689
0.000000 0.000000 0.000000
0.000000 0.000000 0.000000
0.000000 0.000000 0.000000
0.000000 0.000000 0.000000
0.000000 0.000000 0.000000
0.455264 -0.072647 -0.061222
0.000000 0.000000 0.000000
0.660832 -0.072647 -0.107845
0.809152 -0.178138 -0.119704
0.000000 0.000000 0.000000
0.830198 -0.170431 -0.046389
0.000000 0.000000 0.000000
0.000000 0.000000 0.000000
0.000000 0.000000 0.000000
0.000000 0.000000 0.000000
0.000000 0.000000 0.000000
0.000000 0.000000 0.000000
0.000000 0.000000 0.000000
0.000000 0.000000 0.000000
0.000000 0.000000 0.000000
0.000000 0.000000 0.000000
0.000000 0.000000 0.000000
0.710037 0.129825 -0.111420
0.000000 0.000000 0.000000
0.340491 -0.072647 -0.131283
0.000000 0.000000 0.000000
0.000000 0.000000 0.000000
0.000000 0.000000 0.000000
0.000000 0.000000 0.000000
0.000000 0.000000 0.000000
0.000000 0.000000 0.000000
0.000000 0.000000 0.000000
0.000000 0.000000 0.000000
0.788964 -0.072647 -0.148966
0.000000 0.000000 0.000000
0.000000 0.000000 0.000000
0.678338 -0.072647 0.013239
0.000000 0.000000 0.000000
0.407145 0.182411 -0.059696
0.000000 0.000000 0.000000
0.000000 0.000000 0.000000
0.000000 0.000000 0.000000
0.000000 0.000000 0.000000
0.000000 0.000000 0.000000
0.000000 0.000000 0.000000
0.000000 0.000000 0.000000
0.000000 0.000000 0.000000
0.741228 -0.072619 -0.041720
0.000000 0.000000 0.000000
0.000000 0.000000 0.000000
0.000000 0.000000 0.000000
0.000000 0.000000 0.000000
0.000000 0.000000 0.000000
0.000000 0.000000 0.000000
0.000000 0.000000 0.000000
0.000000 0.000000 0.000000
0.000000 0.000000 0.000000
0.000000 0.000000 0.000000
0.000000 0.000000 0.000000
0.000000 0.000000 0.000000
0.000000 0.000000 0.000000
0.178900 -0.072647 -0.142438
0.000000 0.000000 0.000000
0.000000 0.000000 0.000000
0.000000 0.000000 0.000000
0.000000 0.000000 0.000000
0.000000 0.000000 0.000000
0.000000 0.000000 0.000000
0.337017 -0.072619 -0.077451
0.518666 -0.048705 -0.111439
