0.000000 0.000000 0.000000
0.000000 0.000000 0.000000
0.000000 0.000000 0.000000
0.191764 0.241766 -0.560872
-0.058714 0.352712 0.679158
-0.712596 0.352712 -0.599535
0.000000 0.000000 0.000000
0.713331 0.352712 -0.115551
0.000000 0.000000 0.000000
0.000000 0.000000 0.000000
0.592605 0.352712 -0.672563
-0.706380 0.352712 -0.040071
-0.644985 0.352712 0.672566
0.000000 0.000000 0.000000
0.513571 0.289981 -0.519327
-0.230508 0.352712 -0.676309
0.000000 0.000000 0.000000
0.000000 0.000000 0.000000
0.000000 0.000000 0.000000
0.000000 0.000000 0.000000
0.370596 0.352712 0.684756
0.000000 0.000000 0.000000
-0.724718 0.352712 0.015760
-0.729393 0.352712 0.271721
0.000000 0.000000 0.000000
0.000000 0.000000 0.000000
-0.620631 0.274277 -0.092171
-0.074742 0.352712 -0.676592
0.245091 0.352712 -0.597003
0.000000 0.000000 0.000000
0.000000 0.000000 0.000000
-0.530100 0.240550 0.533430
0.166975 0.253751 0.575093
-0.363684 0.352712 0.619544
0.000000 0.000000 0.000000
0.000000 0.000000 0.000000
-0.432904 0.352712 -0.637228
-0.121597 0.232577 -0.564523
0.000000 0.000000 0.000000
0.000000 0.000000 0.000000
-0.735375 0.352712 -0.331381
0.000000 0.000000 0.000000
0.705556 0.352712 -0.392900
0.000000 0.000000 0.000000
0.000000 0.000000 0.000000
0.000000 0.000000 0.000000
0.608747 0.290498 0.007769
0.000000 0.000000 0.000000
0.000000 0.000000 0.000000
-0.124446 0.264902 0.577454
0.000000 0.000000 0.000000
0.000000 0.000000 0.000000
0.598904 0.266804 -0.236124
0.000000 0.000000 0.000000
0.000000 0.000000 0.000000
0.000000 0.000000 0.000000
-0.620554 0.284315 0.107619
0.000000 0.000000 0.000000
0.000000 0.000000 0.000000
0.000000 0.000000 0.000000
0.000000 0.000000 0.000000
0.000000 0.000000 0.000000
0.000000 0.000000 0.000000
0.000000 0.000000 0.000000
0.408133 0.337436 0.555977
0.586341 0.333875 0.376213
0.706236 0.352712 -0.016522
0.000000 0.000000 0.000000
0.000000 0.000000 0.000000
0.000000 0.000000 0.000000
0.000000 0.000000 0.000000
-0.697461 0.352712 0.486763
0.000000 0.000000 0.000000
0.000000 0.000000 0.000000
0.000000 0.000000 0.000000
0.000000 0.000000 0.000000
0.000000 0.000000 0.000000
0.000000 0.000000 0.000000
0.123099 0.352712 0.684719
0.000000 0.000000 0.000000
0.000000 0.000000 0.000000
-0.571642 0.344131 -0.477919
-0.314159 0.225752 -0.553216
0.000000 0.000000 0.000000
0.127270 0.352712 -0.671888
-0.607994 0.290938 0.300768
0.000000 0.000000 0.000000
-0.515637 0.343935 0.541118
0.000000 0.000000 0.000000
-0.368794 0.352712 -0.669153
0.000000 0.000000 0.000000
0.033337 0.301000 -0.565320
0.000000 0.000000 0.000000
0.592597 0.352712 0.504864
0.000000 0.000000 0.000000
0.000000 0.000000 0.000000
0.000000 0.000000 0.000000
-0.598639 0.291892 0.385821
0.000000 0.000000 0.000000
0.000000 0.000000 0.000000
0.401812 0.352712 -0.674014
0.000000 0.000000 0.000000
0.608680 0.227079 0.011782
0.000000 0.000000 0.000000
-0.153035 0.290040 -0.562669
0.000000 0.000000 0.000000
-0.633281 0.352712 0.137299
-0.376172 0.234417 0.560077
0.000000 0.000000 0.000000
0.000000 0.000000 0.000000
0.714406 0.352712 -0.225741
-0.731279 0.352712 -0.191448
0.583629 0.303363 -0.382569
-0.190434 0.352712 0.690211
0.000000 0.000000 0.000000
0.388638 0.321610 -0.543598
0.000000 0.000000 0.000000
0.000000 0.000000 0.000000
0.000000 0.000000 0.000000
0.000000 0.000000 0.000000
0.622168 0.352712 -0.510709
0.000000 0.000000 0.000000
0.604994 0.303088 0.153126
0.000000 0.000000 0.000000
0.000000 0.000000 0.000000
0.000000 0.000000 0.000000
0.000000 0.000000 0.000000
0.000000 0.000000 0.000000
0.000000 0.000000 0.000000
0.012117 0.311798 0.579848
0.000000 0.000000 0.000000
-0.577722 0.352712 -0.647535
-0.607806 0.351217 -0.288081
0.000000 0.000000 0.000000
0.000000 0.000000 0.000000
0.714089 0.352712 -0.537170
0.000000 0.000000 0.000000
0.000000 0.000000 0.000000
-0.708087 0.352712 -0.465658
0.000000 0.000000 0.000000
0.000000 0.000000 0.000000
-0.458068 0.282906 -0.537285
-0.612901 0.300177 -0.230342
0.000000 0.000000 0.000000
0.000000 0.000000 0.000000
-0.251895 0.321766 0.571504
-0.499450 0.352712 0.675263
0.000000 0.000000 0.000000
0.000000 0.000000 0.000000
0.000000 0.000000 0.000000
0.000000 0.000000 0.000000
0.651007 0.352712 0.114281
0.278849 0.312625 0.568708
0.000000 0.000000 0.000000
0.589145 0.178559 -0.339942
0.122334 0.351595 -0.562710
0.000000 0.000000 0.000000
-0.307458 0.348427 -0.552564
0.371690 0.217767 0.559052
0.000000 0.000000 0.000000
0.000000 0.000000 0.000000
0.000000 0.000000 0.000000
0.608708 0.352712 -0.095745
0.597450 0.326372 0.270348
0.000000 0.000000 0.000000
0.000000 0.000000 0.000000
-0.639491 0.352712 0.000380
0.000000 0.000000 0.000000
0.000000 0.000000 0.000000
0.000000 0.000000 0.000000
0.111327 0.319958 0.578007
0.000000 0.000000 0.000000
-0.636516 0.352712 0.396724
0.000000 0.000000 0.000000
0.000000 0.000000 0.000000
0.000000 0.000000 0.000000
0.000000 0.000000 0.000000
0.000000 0.000000 0.000000
-0.625259 0.352712 -0.135398
0.000000 0.000000 0.000000
0.000000 0.000000 0.000000
0.534593 0.181457 -0.505907
0.509557 0.352712 -0.573550
0.000000 0.000000 0.000000
0.000000 0.000000 0.000000
0.000000 0.000000 0.000000
0.514643 0.352712 0.627964
0.000000 0.000000 0.000000
0.248585 0.352712 0.676863
0.000000 0.000000 0.000000
0.000000 0.000000 0.000000
0.000000 0.000000 0.000000
0.000000 0.000000 0.000000
0.609686 0.352712 -0.193364
0.000000 0.000000 0.000000
0.000000 0.000000 0.000000
0.000000 0.000000 0.000000
0.000000 0.000000 0.000000
0.000000 0.000000 0.000000
0.000000 0.000000 0.000000
0.000000 0.000000 0.000000
-0.731716 0.352712 0.372723
0.000000 0.000000 0.000000
0.000000 0.000000 0.000000
0.000000 0.000000 0.000000
0.000000 0.000000 0.000000
-0.601700 0.352712 0.600813
0.000000 0.000000 0.000000
0.000000 0.000000 0.000000
0.000000 0.000000 0.000000
0.009177 0.352712 0.693597
0.000000 0.000000 0.000000
-0.086360 0.269209 -0.565127
0.000000 0.000000 0.000000
0.000000 0.000000 0.000000
0.299545 0.268483 -0.552865
0.000000 0.000000 0.000000
0.000000 0.000000 0.000000
0.000000 0.000000 0.000000
0.000000 0.000000 0.000000
0.000000 0.000000 0.000000
-0.436235 0.352712 0.581593
0.000000 0.000000 0.000000
0.604466 0.352712 0.421747
-0.576801 0.332168 0.488100
0.000000 0.000000 0.000000
0.000000 0.000000 0.000000
0.000000 0.000000 0.000000
0.000000 0.000000 0.000000
0.000000 0.000000 0.000000
0.000000 0.000000 0.000000
0.000000 0.000000 0.000000
-0.613024 0.308786 0.242830
0.000000 0.000000 0.000000
0.000000 0.000000 0.000000
-0.294151 0.352712 0.692052
0.000000 0.000000 0.000000
-0.136629 0.352712 -0.594808
0.651499 0.352712 -0.312522
0.000000 0.000000 0.000000
-0.512886 0.352712 -0.565008
0.000000 0.000000 0.000000
0.000000 0.000000 0.000000
0.403163 0.263059 0.555800
0.000000 0.000000 0.000000
0.000000 0.000000 0.000000
0.598678 0.201673 -0.239941
-0.711902 0.352712 0.586029
-0.064694 0.352712 0.612622
0.000000 0.000000 0.000000
0.032029 0.352712 -0.608871
-0.202623 0.352712 0.598896
0.000000 0.000000 0.000000
0.000000 0.000000 0.000000
0.000000 0.000000 0.000000
0.000000 0.000000 0.000000
0.000000 0.000000 0.000000
0.000000 0.000000 0.000000
0.000000 0.000000 0.000000
0.000000 0.000000 0.000000
0.613741 0.352712 0.008488
0.000000 0.000000 0.000000
-0.650638 0.352712 -0.375709
-0.374419 0.283710 -0.546984
-0.613109 0.346275 -0.226965
0.000000 0.000000 0.000000
0.000000 0.000000 0.000000
0.000000 0.000000 0.000000
0.000000 0.000000 0.000000
0.000000 0.000000 0.000000
0.000000 0.000000 0.000000
0.000000 0.000000 0.000000
0.000000 0.000000 0.000000
0.196209 0.352712 0.576792
0.000000 0.000000 0.000000
0.000000 0.000000 0.000000
-0.596426 0.285875 -0.388963
0.251525 0.220087 0.569563
0.676940 0.352712 -0.630548
-0.710609 0.352712 0.106001
0.483862 0.352712 -0.620356
0.606119 0.253883 -0.113369
-0.407827 0.352712 0.691936
0.000000 0.000000 0.000000
0.000000 0.000000 0.000000
0.000000 0.000000 0.000000
0.000000 0.000000 0.000000
0.560341 0.306443 -0.474655
0.000000 0.000000 0.000000
0.000000 0.000000 0.000000
0.455190 0.219201 -0.536657
0.000000 0.000000 0.000000
0.000000 0.000000 0.000000
0.000000 0.000000 0.000000
0.000000 0.000000 0.000000
0.000000 0.000000 0.000000
-0.493068 0.352712 -0.672806
-0.475878 0.276415 0.548825
-0.608938 0.246720 -0.277959
0.000000 0.000000 0.000000
0.000000 0.000000 0.000000
-0.397309 0.352712 -0.581053
0.000000 0.000000 0.000000
0.000000 0.000000 0.000000
-0.233411 0.322120 -0.558167
0.000000 0.000000 0.000000
0.513736 0.352712 0.541201
0.000000 0.000000 0.000000
-0.346577 0.302413 0.563551
0.000000 0.000000 0.000000
0.000000 0.000000 0.000000
0.425637 0.352712 0.609174
-0.134063 0.352712 0.630654
0.000000 0.000000 0.000000
0.310970 0.352712 0.616366
0.003431 0.220571 0.579014
0.000000 0.000000 0.000000
0.000000 0.000000 0.000000
-0.703665 0.352712 0.436676
0.000000 0.000000 0.000000
0.395310 0.352712 -0.580511
-0.058142 0.351624 -0.564644
0.100200 0.230623 -0.564855
0.000000 0.000000 0.000000
-0.162574 0.346900 0.576784
-0.230060 0.248065 -0.559162
0.283716 0.352712 -0.661762
0.000000 0.000000 0.000000
0.000000 0.000000 0.000000
0.000000 0.000000 0.000000
0.041482 0.352712 0.604484
0.000000 0.000000 0.000000
0.000000 0.000000 0.000000
-0.609948 0.352712 -0.554872
0.000000 0.000000 0.000000
-0.601392 0.245869 0.364179
0.577451 0.222895 -0.430916
0.000000 0.000000 0.000000
0.000000 0.000000 0.000000
-0.292147 0.352712 -0.623996
-0.622245 0.287010 0.014890
0.000000 0.000000 0.000000
0.000000 0.000000 0.000000
0.000000 0.000000 0.000000
0.163473 0.196961 0.574642
0.000000 0.000000 0.000000
-0.048333 0.284555 0.579264
0.000000 0.000000 0.000000
0.000000 0.000000 0.000000
0.634226 0.352712 0.182162
0.000000 0.000000 0.000000
-0.676442 0.352712 0.206966
0.000000 0.000000 0.000000
0.000000 0.000000 0.000000
-0.684809 0.352712 -0.263284
0.000000 0.000000 0.000000
-0.589098 0.245928 0.454350
0.607638 0.267214 0.084245
0.000000 0.000000 0.000000
0.000000 0.000000 0.000000
-0.618059 0.292797 0.165503
0.000000 0.000000 0.000000
0.000000 0.000000 0.000000
0.000000 0.000000 0.000000
0.000000 0.000000 0.000000
0.000000 0.000000 0.000000
0.000000 0.000000 0.000000
-0.643443 0.352712 -0.610401
0.000000 0.000000 0.000000
0.000000 0.000000 0.000000
0.355673 0.223558 -0.548090
0.000000 0.000000 0.000000
0.000000 0.000000 0.000000
0.000000 0.000000 0.000000
0.465100 0.352712 0.692216
0.591902 0.294566 -0.311431
0.000000 0.000000 0.000000
-0.661598 0.352712 0.331655
0.000000 0.000000 0.000000
0.000000 0.000000 0.000000
0.000000 0.000000 0.000000
0.000000 0.000000 0.000000
0.082491 0.290800 -0.564772
-0.581955 0.275783 -0.460078
0.614732 0.352712 -0.405332
-0.600858 0.324485 -0.354491
0.000000 0.000000 0.000000
0.000000 0.000000 0.000000
0.000000 0.000000 0.000000
0.000000 0.000000 0.000000
0.000000 0.000000 0.000000
0.000000 0.000000 0.000000
0.000000 0.000000 0.000000
0.000000 0.000000 0.000000
-0.618087 0.262617 -0.151224
0.179645 0.352712 -0.606823
0.000000 0.000000 0.000000
0.000000 0.000000 0.000000
0.000000 0.000000 0.000000
0.000000 0.000000 0.000000
0.000000 0.000000 0.000000
-0.294079 0.352712 0.613467
-0.200325 0.260537 0.574300
0.000000 0.000000 0.000000
-0.531237 0.293513 -0.517104
0.000000 0.000000 0.000000
0.000000 0.000000 0.000000
0.000000 0.000000 0.000000
0.651945 0.352712 -0.467710
0.647546 0.352712 0.335878
0.000000 0.000000 0.000000
0.000000 0.000000 0.000000
0.069270 0.255310 0.578501
0.000000 0.000000 0.000000
0.000000 0.000000 0.000000
0.000000 0.000000 0.000000
-0.620866 0.352712 0.514127
0.602782 0.221683 -0.182769
-0.682691 0.352712 -0.532524
0.313876 0.352712 -0.592003
0.709166 0.352712 0.072022
0.000000 0.000000 0.000000
0.000000 0.000000 0.000000
0.000000 0.000000 0.000000
0.000000 0.000000 0.000000
0.000000 0.000000 0.000000
0.000000 0.000000 0.000000
0.000000 0.000000 0.000000
0.000000 0.000000 0.000000
0.000000 0.000000 0.000000
0.000000 0.000000 0.000000
0.000000 0.000000 0.000000
0.000000 0.000000 0.000000
0.000000 0.000000 0.000000
0.204189 0.352712 -0.673521
-0.701070 0.352712 -0.109086
-0.160486 0.212637 0.575468
-0.290737 0.254112 0.568212
0.000000 0.000000 0.000000
0.000000 0.000000 0.000000
0.681378 0.352712 -0.177316
0.000000 0.000000 0.000000
0.304963 0.339856 -0.551616
0.000000 0.000000 0.000000
0.000000 0.000000 0.000000
0.718230 0.352712 -0.323094
-0.506819 0.352712 0.597323
0.601786 0.278313 0.209663
0.603847 0.281637 -0.165815
0.000000 0.000000 0.000000
0.000000 0.000000 0.000000
0.000000 0.000000 0.000000
-0.569453 0.352712 0.671515
0.000000 0.000000 0.000000
0.000000 0.000000 0.000000
0.000000 0.000000 0.000000
0.000000 0.000000 0.000000
0.000000 0.000000 0.000000
0.000000 0.000000 0.000000
-0.592312 0.221079 -0.421254
0.000000 0.000000 0.000000
0.521960 0.352712 -0.670834
0.239817 0.279518 -0.557278
0.000000 0.000000 0.000000
-0.294236 0.280270 -0.554509
-0.055840 0.215517 -0.566092
0.000000 0.000000 0.000000
0.561521 0.352712 -0.526818
0.450359 0.288915 -0.536513
0.000000 0.000000 0.000000
0.000000 0.000000 0.000000
0.000000 0.000000 0.000000
0.000000 0.000000 0.000000
0.000000 0.000000 0.000000
0.000000 0.000000 0.000000
0.000000 0.000000 0.000000
0.000000 0.000000 0.000000
0.584184 0.199179 -0.379397
0.000000 0.000000 0.000000
0.000000 0.000000 0.000000
0.000000 0.000000 0.000000
-0.621385 0.337342 -0.060310
0.339985 0.331281 0.563197
0.000000 0.000000 0.000000
0.313274 0.249921 0.564846
0.059331 0.352712 -0.663238
0.000000 0.000000 0.000000
0.000000 0.000000 0.000000
-0.124834 0.352712 0.690152
0.000000 0.000000 0.000000
0.000000 0.000000 0.000000
0.000000 0.000000 0.000000
-0.201875 0.352712 -0.614971
0.589377 0.344884 -0.335911
0.619228 0.352712 -0.578426
0.000000 0.000000 0.000000
0.000000 0.000000 0.000000
0.000000 0.000000 0.000000
0.000000 0.000000 0.000000
0.000000 0.000000 0.000000
0.000000 0.000000 0.000000
0.000000 0.000000 0.000000
-0.454866 0.325554 -0.537226
0.000000 0.000000 0.000000
0.663199 0.352712 0.257528
0.000000 0.000000 0.000000
0.000000 0.000000 0.000000
0.651160 0.352712 -0.245573
0.000000 0.000000 0.000000
0.607836 0.276592 -0.057039
0.000000 0.000000 0.000000
0.607901 0.344497 0.066837
0.000000 0.000000 0.000000
0.000000 0.000000 0.000000
-0.593544 0.339307 -0.410562
0.000000 0.000000 0.000000
0.000000 0.000000 0.000000
0.000000 0.000000 0.000000
-0.009135 0.352712 -0.669987
0.000000 0.000000 0.000000
0.000000 0.000000 0.000000
0.000000 0.000000 0.000000
0.056829 0.339253 -0.564609
0.000000 0.000000 0.000000
-0.014416 0.352712 0.627954
0.000000 0.000000 0.000000
-0.611457 0.352712 0.289222
0.000000 0.000000 0.000000
0.000000 0.000000 0.000000
0.158187 0.298268 -0.561834
0.000000 0.000000 0.000000
0.000000 0.000000 0.000000
0.000000 0.000000 0.000000
0.669112 0.352712 -0.043926
0.000000 0.000000 0.000000
0.000000 0.000000 0.000000
0.000000 0.000000 0.000000
0.000000 0.000000 0.000000
-0.110210 0.352712 0.579742
-0.417394 0.281696 0.555919
0.000000 0.000000 0.000000
0.435337 0.305054 0.552365
0.000000 0.000000 0.000000
0.000000 0.000000 0.000000
-0.613761 0.253300 0.232013
0.000000 0.000000 0.000000
0.000000 0.000000 0.000000
0.199852 0.352712 0.632319
-0.621329 0.341533 0.079187
0.000000 0.000000 0.000000
0.607858 0.229396 -0.055974
0.000000 0.000000 0.000000
0.000000 0.000000 0.000000
0.567111 0.352712 0.576655
0.000000 0.000000 0.000000
0.000000 0.000000 0.000000
0.000000 0.000000 0.000000
0.000000 0.000000 0.000000
0.000000 0.000000 0.000000
0.541483 0.238493 -0.499046
0.000000 0.000000 0.000000
0.000000 0.000000 0.000000
0.000000 0.000000 0.000000
0.000000 0.000000 0.000000
0.000000 0.000000 0.000000
0.000000 0.000000 0.000000
0.000000 0.000000 0.000000
0.000000 0.000000 0.000000
0.000000 0.000000 0.000000
0.000000 0.000000 0.000000
0.000000 0.000000 0.000000
-0.620939 0.226815 0.098098
0.000000 0.000000 0.000000
0.478730 0.352712 0.581501
0.000000 0.000000 0.000000
0.000000 0.000000 0.000000
0.593071 0.235063 -0.300470
0.000000 0.000000 0.000000
-0.029042 0.283812 -0.565737
0.597349 0.349406 -0.256848
0.087795 0.352712 0.646369
-0.602621 0.256558 -0.340421
0.358555 0.352712 -0.632043
0.000000 0.000000 0.000000
-0.613668 0.241292 -0.220291
0.000000 0.000000 0.000000
0.000000 0.000000 0.000000
0.029890 0.246351 -0.565935
0.000000 0.000000 0.000000
0.208867 0.275928 0.572985
0.000000 0.000000 0.000000
0.000000 0.000000 0.000000
-0.235531 0.352712 0.666682
0.495112 0.348324 -0.527211
0.000000 0.000000 0.000000
0.000000 0.000000 0.000000
0.353838 0.352712 0.622671
0.000000 0.000000 0.000000
0.148241 0.352712 0.631802
-0.027269 0.350869 0.580235
0.000000 0.000000 0.000000
-0.734704 0.352712 0.532093
0.000000 0.000000 0.000000
0.000000 0.000000 0.000000
-0.616187 0.340543 0.199232
0.000000 0.000000 0.000000
0.000000 0.000000 0.000000
0.000000 0.000000 0.000000
0.000000 0.000000 0.000000
0.605819 0.249406 0.133445
0.000000 0.000000 0.000000
0.000000 0.000000 0.000000
0.000000 0.000000 0.000000
-0.658038 0.352712 -0.191441
-0.449475 0.226340 0.551481
0.000000 0.000000 0.000000
0.451933 0.352712 -0.568915
0.000000 0.000000 0.000000
0.000000 0.000000 0.000000
-0.186628 0.352712 -0.566634
0.204553 0.337142 -0.559027
0.000000 0.000000 0.000000
0.000000 0.000000 0.000000
0.000000 0.000000 0.000000
0.409117 0.268263 -0.541690
-0.262209 0.216258 -0.557351
-0.733083 0.352712 0.208795
-0.562390 0.286791 0.508147
0.000000 0.000000 0.000000
0.000000 0.000000 0.000000
0.576736 0.352712 -0.462042
0.000000 0.000000 0.000000
0.592327 0.319044 0.321472
0.000000 0.000000 0.000000
-0.658224 0.352712 -0.310645
-0.707289 0.352712 -0.380844
0.000000 0.000000 0.000000
0.550691 0.352712 -0.612387
0.000000 0.000000 0.000000
-0.351892 0.349134 -0.548406
0.000000 0.000000 0.000000
0.000000 0.000000 0.000000
0.000000 0.000000 0.000000
-0.557426 0.352712 0.561996
-0.612058 0.352712 0.445624
-0.688667 0.352712 0.175405
0.000000 0.000000 0.000000
-0.609285 0.240243 0.287458
0.000000 0.000000 0.000000
0.000000 0.000000 0.000000
0.000000 0.000000 0.000000
0.000000 0.000000 0.000000
0.353877 0.280426 0.561369
-0.322870 0.352712 0.566727
0.573719 0.262498 -0.446341
0.585267 0.252490 -0.370510
0.700969 0.352712 -0.441404
0.608032 0.330216 -0.042931
0.543588 0.335157 0.514084
0.000000 0.000000 0.000000
0.000000 0.000000 0.000000
-0.571748 0.352712 -0.594465
0.000000 0.000000 0.000000
0.000000 0.000000 0.000000
0.000000 0.000000 0.000000
0.000000 0.000000 0.000000
0.000000 0.000000 0.000000
-0.729198 0.352712 -0.516060
0.099136 0.352712 -0.627252
-0.668361 0.352712 0.613356
0.636016 0.352712 -0.142447
-0.243894 0.276905 0.571569
0.000000 0.000000 0.000000
0.574799 0.347589 0.458830
0.000000 0.000000 0.000000
0.000000 0.000000 0.000000
0.000000 0.000000 0.000000
0.000000 0.000000 0.000000
0.622724 0.352712 -0.627463
0.000000 0.000000 0.000000
0.000000 0.000000 0.000000
-0.567428 0.243120 0.501377
0.000000 0.000000 0.000000
-0.616425 0.326556 -0.181114
0.000000 0.000000 0.000000
0.294483 0.184712 -0.554211
0.000000 0.000000 0.000000
-0.606299 0.294099 -0.303604
0.000000 0.000000 0.000000
-0.350827 0.352712 -0.595958
0.000000 0.000000 0.000000
0.414316 0.184756 -0.541934
-0.468637 0.352712 -0.599283
0.000000 0.000000 0.000000
0.000000 0.000000 0.000000
0.000000 0.000000 0.000000
-0.621493 0.234265 -0.053924
0.000000 0.000000 0.000000
0.606618 0.304410 -0.101283
0.000000 0.000000 0.000000
0.000000 0.000000 0.000000
-0.515694 0.352712 -0.617183
0.112257 0.245957 0.577200
0.000000 0.000000 0.000000
-0.596192 0.245506 0.404155
-0.430547 0.352712 0.633837
0.000000 0.000000 0.000000
-0.006486 0.352712 -0.569162
-0.203297 0.307328 0.574589
-0.098656 0.215840 0.577880
0.000000 0.000000 0.000000
0.000000 0.000000 0.000000
-0.670362 0.352712 -0.438081
0.000000 0.000000 0.000000
0.000000 0.000000 0.000000
0.000000 0.000000 0.000000
0.000000 0.000000 0.000000
