0.000000 0.000000 0.000000
0.000000 0.000000 0.000000
0.000000 0.000000 0.000000
0.000000 0.000000 0.000000
-0.335955 0.221370 0.057186
0.000000 0.000000 0.000000
0.000000 0.000000 0.000000
0.000000 0.000000 0.000000
0.000000 0.000000 0.000000
-0.385048 0.584813 0.090107
0.000000 0.000000 0.000000
0.000000 0.000000 0.000000
-0.298579 -0.010755 -0.086387
-0.193304 -0.248076 -0.005335
0.000000 0.000000 0.000000
0.000000 0.000000 0.000000
0.000000 0.000000 0.000000
0.000000 0.000000 0.000000
-0.358963 -0.052164 0.093113
-0.332567 0.818087 0.060831
0.000000 0.000000 0.000000
0.000000 0.000000 0.000000
0.000000 0.000000 0.000000
0.000000 0.000000 0.000000
0.000000 0.000000 0.000000
-0.341261 0.435732 -0.037718
0.000000 0.000000 0.000000
-0.236984 -0.052820 -0.005335
0.000000 0.000000 0.000000
0.000000 0.000000 0.000000
0.000000 0.000000 0.000000
-0.392832 -0.164605 -0.047516
0.000000 0.000000 0.000000
0.000000 0.000000 0.000000
0.000000 0.000000 0.000000
0.000000 0.000000 0.000000
0.000000 0.000000 0.000000
-0.378563 0.115891 0.017704
0.000000 0.000000 0.000000
0.000000 0.000000 0.000000
0.000000 0.000000 0.000000
0.000000 0.000000 0.000000
-0.377271 0.395074 0.103981
0.000000 0.000000 0.000000
0.000000 0.000000 0.000000
0.000000 0.000000 0.000000
0.000000 0.000000 0.000000
-0.283191 -0.049101 -0.005335
0.000000 0.000000 0.000000
0.000000 0.000000 0.000000
0.000000 0.000000 0.000000
0.000000 0.000000 0.000000
-0.335955 0.061671 0.020446
0.000000 0.000000 0.000000
0.000000 0.000000 0.000000
0.000000 0.000000 0.000000
0.000000 0.000000 0.000000
0.000000 0.000000 0.000000
0.000000 0.000000 0.000000
0.000000 0.000000 0.000000
0.000000 0.000000 0.000000
-0.338057 0.727547 0.076070
-0.378563 0.281430 -0.009506
-0.392742 -0.193855 0.090107
0.000000 0.000000 0.000000
-0.384396 0.631679 -0.054584
0.000000 0.000000 0.000000
0.000000 0.000000 0.000000
0.000000 0.000000 0.000000
0.000000 0.000000 0.000000
0.000000 0.000000 0.000000
0.000000 0.000000 0.000000
-0.335955 0.549414 0.051502
0.000000 0.000000 0.000000
0.000000 0.000000 0.000000
-0.263374 -0.194983 -0.037718
0.000000 0.000000 0.000000
0.000000 0.000000 0.000000
-0.252725 0.054854 -0.005335
0.000000 0.000000 0.000000
0.000000 0.000000 0.000000
0.000000 0.000000 0.000000
0.000000 0.000000 0.000000
0.000000 0.000000 0.000000
-0.378563 -0.014413 -0.020983
0.000000 0.000000 0.000000
0.000000 0.000000 0.000000
0.000000 0.000000 0.000000
0.000000 0.000000 0.000000
-0.335955 -0.234737 0.039530
-0.339445 -0.010647 0.079886
0.000000 0.000000 0.000000
0.000000 0.000000 0.000000
0.000000 0.000000 0.000000
0.000000 0.000000 0.000000
0.000000 0.000000 0.000000
0.000000 0.000000 0.000000
0.000000 0.000000 0.000000
0.000000 0.000000 0.000000
-0.281227 0.190158 -0.037718
-0.305468 0.357792 -0.005335
0.000000 0.000000 0.000000
0.000000 0.000000 0.000000
0.000000 0.000000 0.000000
0.000000 0.000000 0.000000
0.000000 0.000000 0.000000
0.000000 0.000000 0.000000
-0.378563 0.475557 0.014382
0.000000 0.000000 0.000000
0.000000 0.000000 0.000000
0.000000 0.000000 0.000000
-0.378563 -0.202297 0.055209
0.000000 0.000000 0.000000
0.000000 0.000000 0.000000
0.000000 0.000000 0.000000
0.000000 0.000000 0.000000
0.000000 0.000000 0.000000
0.000000 0.000000 0.000000
0.000000 0.000000 0.000000
0.000000 0.000000 0.000000
0.000000 0.000000 0.000000
0.000000 0.000000 0.000000
-0.390908 0.180831 -0.051359
0.000000 0.000000 0.000000
-0.335955 0.309839 0.009222
-0.350441 0.182112 0.088983
0.000000 0.000000 0.000000
-0.335955 0.446600 0.058802
-0.383860 0.300994 0.106968
0.000000 0.000000 0.000000
-0.378563 0.722392 0.018794
0.000000 0.000000 0.000000
-0.335955 -0.150432 0.042722
-0.378563 0.815812 0.033926
0.000000 0.000000 0.000000
0.000000 0.000000 0.000000
-0.316763 -0.121084 -0.037718
0.000000 0.000000 0.000000
0.000000 0.000000 0.000000
0.000000 0.000000 0.000000
0.000000 0.000000 0.000000
-0.376562 0.076812 -0.050628
0.000000 0.000000 0.000000
0.000000 0.000000 0.000000
0.000000 0.000000 0.000000
0.000000 0.000000 0.000000
0.000000 0.000000 0.000000
-0.383158 0.371902 -0.054518
0.000000 0.000000 0.000000
0.000000 0.000000 0.000000
0.000000 0.000000 0.000000
0.000000 0.000000 0.000000
0.000000 0.000000 0.000000
0.000000 0.000000 0.000000
0.000000 0.000000 0.000000
0.000000 0.000000 0.000000
0.000000 0.000000 0.000000
0.000000 0.000000 0.000000
0.000000 0.000000 0.000000
0.000000 0.000000 0.000000
0.000000 0.000000 0.000000
-0.378563 0.587804 -0.010686
0.000000 0.000000 0.000000
-0.378563 -0.087966 0.012898
0.000000 0.000000 0.000000
0.000000 0.000000 0.000000
0.000000 0.000000 0.000000
-0.335955 0.643244 0.004285
-0.388551 0.069702 0.090107
0.000000 0.000000 0.000000
0.000000 0.000000 0.000000
0.000000 0.000000 0.000000
0.000000 0.000000 0.000000
0.000000 0.000000 0.000000
0.000000 0.000000 0.000000
0.000000 0.000000 0.000000
-0.378563 0.387899 0.063684
0.000000 0.000000 0.000000
0.000000 0.000000 0.000000
0.000000 0.000000 0.000000
0.000000 0.000000 0.000000
0.000000 0.000000 0.000000
0.000000 0.000000 0.000000
0.000000 0.000000 0.000000
-0.378563 0.200055 0.045108
-0.378563 0.526282 0.058141
0.000000 0.000000 0.000000
0.000000 0.000000 0.000000
0.000000 0.000000 0.000000
0.000000 0.000000 0.000000
-0.308156 -0.016399 -0.005335
0.000000 0.000000 0.000000
-0.378563 0.785381 0.060536
0.000000 0.000000 0.000000
0.000000 0.000000 0.000000
0.000000 0.000000 0.000000
-0.387903 0.521579 -0.053705
0.000000 0.000000 0.000000
0.000000 0.000000 0.000000
-0.378563 0.641526 0.074669
0.000000 0.000000 0.000000
0.000000 0.000000 0.000000
0.000000 0.000000 0.000000
0.000000 0.000000 0.000000
0.000000 0.000000 0.000000
0.000000 0.000000 0.000000
0.000000 0.000000 0.000000
-0.282684 0.114149 -0.005335
-0.336613 0.305692 0.071359
0.000000 0.000000 0.000000
0.000000 0.000000 0.000000
0.000000 0.000000 0.000000
0.000000 0.000000 0.000000
-0.335955 0.651038 0.047243
0.000000 0.000000 0.000000
0.000000 0.000000 0.000000
0.000000 0.000000 0.000000
0.000000 0.000000 0.000000
0.000000 0.000000 0.000000
0.000000 0.000000 0.000000
0.000000 0.000000 0.000000
-0.342060 -0.219979 -0.037718
0.000000 0.000000 0.000000
0.000000 0.000000 0.000000
-0.338475 0.122597 0.077587
0.000000 0.000000 0.000000
0.000000 0.000000 0.000000
0.000000 0.000000 0.000000
0.000000 0.000000 0.000000
0.000000 0.000000 0.000000
0.000000 0.000000 0.000000
0.000000 0.000000 0.000000
0.000000 0.000000 0.000000
-0.344475 0.132314 -0.011470
0.000000 0.000000 0.000000
0.000000 0.000000 0.000000
0.000000 0.000000 0.000000
0.000000 0.000000 0.000000
0.000000 0.000000 0.000000
0.000000 0.000000 0.000000
0.000000 0.000000 0.000000
0.000000 0.000000 0.000000
0.000000 0.000000 0.000000
0.000000 0.000000 0.000000
-0.266323 -0.123151 -0.005335
0.000000 0.000000 0.000000
0.000000 0.000000 0.000000
0.000000 0.000000 0.000000
0.000000 0.000000 0.000000
0.000000 0.000000 0.000000
0.000000 0.000000 0.000000
0.000000 0.000000 0.000000
-0.333293 0.553625 -0.037718
0.000000 0.000000 0.000000
0.000000 0.000000 0.000000
-0.378563 -0.128658 0.085999
0.000000 0.000000 0.000000
0.000000 0.000000 0.000000
0.000000 0.000000 0.000000
0.000000 0.000000 0.000000
0.000000 0.000000 0.000000
0.000000 0.000000 0.000000
-0.388778 0.828303 -0.037746
0.000000 0.000000 0.000000
0.000000 0.000000 0.000000
-0.344475 0.270783 -0.024810
0.000000 0.000000 0.000000
0.000000 0.000000 0.000000
0.000000 0.000000 0.000000
0.000000 0.000000 0.000000
0.000000 0.000000 0.000000
0.000000 0.000000 0.000000
0.000000 0.000000 0.000000
0.000000 0.000000 0.000000
0.000000 0.000000 0.000000
0.000000 0.000000 0.000000
0.000000 0.000000 0.000000
0.000000 0.000000 0.000000
0.000000 0.000000 0.000000
0.000000 0.000000 0.000000
0.000000 0.000000 0.000000
-0.390828 0.710581 -0.051440
0.000000 0.000000 0.000000
0.000000 0.000000 0.000000
-0.310745 0.041996 -0.037718
0.000000 0.000000 0.000000
0.000000 0.000000 0.000000
0.000000 0.000000 0.000000
0.000000 0.000000 0.000000
0.000000 0.000000 0.000000
0.000000 0.000000 0.000000
0.000000 0.000000 0.000000
0.000000 0.000000 0.000000
0.000000 0.000000 0.000000
0.000000 0.000000 0.000000
0.000000 0.000000 0.000000
-0.286439 0.239102 -0.005335
0.000000 0.000000 0.000000
-0.387538 0.231255 0.106231
0.000000 0.000000 0.000000
0.000000 0.000000 0.000000
-0.378563 0.356188 0.008793
0.000000 0.000000 0.000000
-0.378563 0.017629 0.067353
0.000000 0.000000 0.000000
0.000000 0.000000 0.000000
0.000000 0.000000 0.000000
0.000000 0.000000 0.000000
0.000000 0.000000 0.000000
0.000000 0.000000 0.000000
0.000000 0.000000 0.000000
0.000000 0.000000 0.000000
0.000000 0.000000 0.000000
0.000000 0.000000 0.000000
0.000000 0.000000 0.000000
0.000000 0.000000 0.000000
0.000000 0.000000 0.000000
-0.378563 -0.152582 -0.001457
-0.344475 0.723541 -0.006570
0.000000 0.000000 0.000000
0.000000 0.000000 0.000000
0.000000 0.000000 0.000000
0.000000 0.000000 0.000000
0.000000 0.000000 0.000000
0.000000 0.000000 0.000000
0.000000 0.000000 0.000000
0.000000 0.000000 0.000000
-0.392318 0.472460 0.090107
0.000000 0.000000 0.000000
0.000000 0.000000 0.000000
-0.335955 -0.046080 0.019860
0.000000 0.000000 0.000000
0.000000 0.000000 0.000000
0.000000 0.000000 0.000000
0.000000 0.000000 0.000000
0.000000 0.000000 0.000000
-0.264592 -0.017542 -0.037718
0.000000 0.000000 0.000000
0.000000 0.000000 0.000000
0.000000 0.000000 0.000000
0.000000 0.000000 0.000000
0.000000 0.000000 0.000000
0.000000 0.000000 0.000000
0.000000 0.000000 0.000000
0.000000 0.000000 0.000000
0.000000 0.000000 0.000000
-0.251478 -0.096192 -0.037718
0.000000 0.000000 0.000000
-0.344475 0.205405 -0.008267
0.000000 0.000000 0.000000
0.000000 0.000000 0.000000
0.000000 0.000000 0.000000
-0.378563 0.296947 0.052290
0.000000 0.000000 0.000000
0.000000 0.000000 0.000000
0.000000 0.000000 0.000000
0.000000 0.000000 0.000000
-0.358562 0.828023 0.105752
-0.376971 -0.065951 -0.051227
-0.323543 0.399418 -0.037718
0.000000 0.000000 0.000000
0.000000 0.000000 0.000000
0.000000 0.000000 0.000000
0.000000 0.000000 0.000000
0.000000 0.000000 0.000000
0.000000 0.000000 0.000000
0.000000 0.000000 0.000000
0.000000 0.000000 0.000000
0.000000 0.000000 0.000000
0.000000 0.000000 0.000000
0.000000 0.000000 0.000000
0.000000 0.000000 0.000000
0.000000 0.000000 0.000000
0.000000 0.000000 0.000000
0.000000 0.000000 0.000000
0.000000 0.000000 0.000000
0.000000 0.000000 0.000000
0.000000 0.000000 0.000000
-0.340881 0.492916 0.082238
0.000000 0.000000 0.000000
-0.362211 0.768497 0.090107
0.000000 0.000000 0.000000
-0.235510 -0.231346 -0.037718
0.000000 0.000000 0.000000
0.000000 0.000000 0.000000
0.000000 0.000000 0.000000
0.000000 0.000000 0.000000
0.000000 0.000000 0.000000
0.000000 0.000000 0.000000
0.000000 0.000000 0.000000
0.000000 0.000000 0.000000
0.000000 0.000000 0.000000
0.000000 0.000000 0.000000
0.000000 0.000000 0.000000
0.000000 0.000000 0.000000
0.000000 0.000000 0.000000
-0.378563 0.032426 -0.013785
0.000000 0.000000 0.000000
0.000000 0.000000 0.000000
0.000000 0.000000 0.000000
-0.296200 -0.172882 -0.005335
0.000000 0.000000 0.000000
-0.388080 0.131624 0.106025
0.000000 0.000000 0.000000
0.000000 0.000000 0.000000
0.000000 0.000000 0.000000
0.000000 0.000000 0.000000
0.000000 0.000000 0.000000
-0.359197 0.669370 -0.037718
-0.392898 0.458665 -0.046928
0.000000 0.000000 0.000000
0.000000 0.000000 0.000000
0.000000 0.000000 0.000000
-0.335955 -0.092328 0.031295
-0.335955 0.155734 0.029783
0.000000 0.000000 0.000000
0.000000 0.000000 0.000000
-0.378563 -0.026168 0.030508
0.000000 0.000000 0.000000
-0.339825 0.597728 0.080641
-0.320209 -0.060855 -0.037718
-0.283953 -0.023538 0.034509
-0.220824 -0.156464 -0.005335
0.000000 0.000000 0.000000
0.000000 0.000000 0.000000
-0.393050 0.676412 0.095227
0.000000 0.000000 0.000000
0.000000 0.000000 0.000000
0.000000 0.000000 0.000000
0.000000 0.000000 0.000000
0.000000 0.000000 0.000000
0.000000 0.000000 0.000000
0.000000 0.000000 0.000000
0.000000 0.000000 0.000000
0.000000 0.000000 0.000000
-0.378563 0.642110 0.005872
0.000000 0.000000 0.000000
-0.372611 0.225915 -0.037718
0.000000 0.000000 0.000000
0.000000 0.000000 0.000000
0.000000 0.000000 0.000000
0.000000 0.000000 0.000000
0.000000 0.000000 0.000000
0.000000 0.000000 0.000000
-0.378563 0.067496 0.043602
-0.297485 -0.221992 -0.005335
0.000000 0.000000 0.000000
0.000000 0.000000 0.000000
0.000000 0.000000 0.000000
0.000000 0.000000 0.000000
0.000000 0.000000 0.000000
0.000000 0.000000 0.000000
0.000000 0.000000 0.000000
0.000000 0.000000 0.000000
0.000000 0.000000 0.000000
0.000000 0.000000 0.000000
0.000000 0.000000 0.000000
0.000000 0.000000 0.000000
-0.325090 0.094274 -0.037718
0.000000 0.000000 0.000000
0.000000 0.000000 0.000000
-0.378563 0.130907 -0.032524
0.000000 0.000000 0.000000
0.000000 0.000000 0.000000
0.000000 0.000000 0.000000
0.000000 0.000000 0.000000
0.000000 0.000000 0.000000
-0.326265 0.775479 0.069263
0.000000 0.000000 0.000000
0.000000 0.000000 0.000000
-0.344475 -0.000430 -0.027233
0.000000 0.000000 0.000000
-0.344060 0.359514 0.085413
0.000000 0.000000 0.000000
-0.344475 0.599980 -0.021377
0.000000 0.000000 0.000000
0.000000 0.000000 0.000000
0.000000 0.000000 0.000000
0.000000 0.000000 0.000000
-0.337136 0.498594 -0.037718
0.000000 0.000000 0.000000
0.000000 0.000000 0.000000
0.000000 0.000000 0.000000
-0.378563 0.782926 0.008694
0.000000 0.000000 0.000000
0.000000 0.000000 0.000000
-0.338285 0.042004 0.077052
0.000000 0.000000 0.000000
0.000000 0.000000 0.000000
0.000000 0.000000 0.000000
0.000000 0.000000 0.000000
0.000000 0.000000 0.000000
0.000000 0.000000 0.000000
0.000000 0.000000 0.000000
0.000000 0.000000 0.000000
-0.248904 -0.148079 -0.037718
-0.378563 0.560147 0.027659
0.000000 0.000000 0.000000
0.000000 0.000000 0.000000
0.000000 0.000000 0.000000
0.000000 0.000000 0.000000
0.000000 0.000000 0.000000
-0.336738 0.427554 -0.005335
0.000000 0.000000 0.000000
-0.344475 -0.156014 -0.027978
0.000000 0.000000 0.000000
0.000000 0.000000 0.000000
0.000000 0.000000 0.000000
-0.335955 0.471172 0.020081
-0.378563 0.229203 -0.001022
0.000000 0.000000 0.000000
0.000000 0.000000 0.000000
0.000000 0.000000 0.000000
0.000000 0.000000 0.000000
-0.304630 0.036453 -0.002779
0.000000 0.000000 0.000000
-0.344475 0.359264 -0.020795
0.000000 0.000000 0.000000
-0.378563 0.679573 0.047897
0.000000 0.000000 0.000000
0.000000 0.000000 0.000000
0.000000 0.000000 0.000000
-0.387850 0.512498 0.106114
-0.321031 0.162397 -0.037718
0.000000 0.000000 0.000000
0.000000 0.000000 0.000000
0.000000 0.000000 0.000000
0.000000 0.000000 0.000000
0.000000 0.000000 0.000000
0.000000 0.000000 0.000000
0.000000 0.000000 0.000000
0.000000 0.000000 0.000000
0.000000 0.000000 0.000000
0.000000 0.000000 0.000000
0.000000 0.000000 0.000000
0.000000 0.000000 0.000000
0.000000 0.000000 0.000000
0.000000 0.000000 0.000000
0.000000 0.000000 0.000000
-0.335955 -0.005696 0.027782
0.000000 0.000000 0.000000
0.000000 0.000000 0.000000
0.000000 0.000000 0.000000
0.000000 0.000000 0.000000
0.000000 0.000000 0.000000
0.000000 0.000000 0.000000
-0.362764 -0.122880 -0.037718
0.000000 0.000000 0.000000
0.000000 0.000000 0.000000
0.000000 0.000000 0.000000
-0.378563 0.425728 0.022195
0.000000 0.000000 0.000000
0.000000 0.000000 0.000000
0.000000 0.000000 0.000000
0.000000 0.000000 0.000000
0.000000 0.000000 0.000000
0.000000 0.000000 0.000000
0.000000 0.000000 0.000000
-0.264791 0.136337 -0.037718
0.000000 0.000000 0.000000
0.000000 0.000000 0.000000
0.000000 0.000000 0.000000
-0.360624 0.267480 0.097107
0.000000 0.000000 0.000000
0.000000 0.000000 0.000000
0.000000 0.000000 0.000000
-0.377035 0.317033 -0.037718
0.000000 0.000000 0.000000
0.000000 0.000000 0.000000
-0.335955 0.704384 0.031270
0.000000 0.000000 0.000000
-0.378563 -0.099899 0.054365
0.000000 0.000000 0.000000
-0.378563 0.398264 -0.018865
-0.378563 0.510361 -0.013214
0.000000 0.000000 0.000000
0.000000 0.000000 0.000000
0.000000 0.000000 0.000000
0.000000 0.000000 0.000000
-0.335955 0.107959 0.022525
0.000000 0.000000 0.000000
0.000000 0.000000 0.000000
-0.264385 -0.011412 -0.005335
0.000000 0.000000 0.000000
0.000000 0.000000 0.000000
0.000000 0.000000 0.000000
0.000000 0.000000 0.000000
0.000000 0.000000 0.000000
-0.359691 -0.158450 0.090107
0.000000 0.000000 0.000000
0.000000 0.000000 0.000000
0.000000 0.000000 0.000000
0.000000 0.000000 0.000000
0.000000 0.000000 0.000000
0.000000 0.000000 0.000000
0.000000 0.000000 0.000000
0.000000 0.000000 0.000000
0.000000 0.000000 0.000000
-0.335955 0.261144 0.041360
0.000000 0.000000 0.000000
0.000000 0.000000 0.000000
0.000000 0.000000 0.000000
0.000000 0.000000 0.000000
0.000000 0.000000 0.000000
-0.378563 0.605037 0.046334
0.000000 0.000000 0.000000
0.000000 0.000000 0.000000
0.000000 0.000000 0.000000
0.000000 0.000000 0.000000
-0.378563 0.428898 0.069416
0.000000 0.000000 0.000000
-0.378563 0.167284 -0.002510
0.000000 0.000000 0.000000
-0.378563 0.342534 0.065911
0.000000 0.000000 0.000000
0.000000 0.000000 0.000000
-0.392307 0.368197 0.101447
-0.378563 0.245402 0.058293
0.000000 0.000000 0.000000
0.000000 0.000000 0.000000
0.000000 0.000000 0.000000
-0.378563 0.106682 0.067854
0.000000 0.000000 0.000000
0.000000 0.000000 0.000000
-0.378563 0.156318 0.056017
0.000000 0.000000 0.000000
0.000000 0.000000 0.000000
0.000000 0.000000 0.000000
0.000000 0.000000 0.000000
0.000000 0.000000 0.000000
0.000000 0.000000 0.000000
0.000000 0.000000 0.000000
0.000000 0.000000 0.000000
-0.337910 -0.085787 0.075435
-0.305448 -0.005365 -0.054608
0.000000 0.000000 0.000000
0.000000 0.000000 0.000000
0.000000 0.000000 0.000000
0.000000 0.000000 0.000000
0.000000 0.000000 0.000000
0.000000 0.000000 0.000000
0.000000 0.000000 0.000000
0.000000 0.000000 0.000000
0.000000 0.000000 0.000000
-0.378563 0.548428 -0.024413
-0.378563 0.818071 0.004419
0.000000 0.000000 0.000000
0.000000 0.000000 0.000000
-0.335955 0.588496 0.029371
0.000000 0.000000 0.000000
-0.393050 0.603204 -0.039042
0.000000 0.000000 0.000000
0.000000 0.000000 0.000000
0.000000 0.000000 0.000000
0.000000 0.000000 0.000000
0.000000 0.000000 0.000000
-0.378563 0.686222 -0.006828
-0.354424 -0.203633 0.090107
0.000000 0.000000 0.000000
-0.377974 0.602961 0.104636
-0.393036 0.181513 0.098066
0.000000 0.000000 0.000000
0.000000 0.000000 0.000000
0.000000 0.000000 0.000000
0.000000 0.000000 0.000000
0.000000 0.000000 0.000000
0.000000 0.000000 0.000000
0.000000 0.000000 0.000000
-0.302206 -0.088997 -0.005335
0.000000 0.000000 0.000000
0.000000 0.000000 0.000000
0.000000 0.000000 0.000000
0.000000 0.000000 0.000000
0.000000 0.000000 0.000000
0.000000 0.000000 0.000000
-0.386974 0.550932 0.090107
-0.377737 -0.033523 0.104415
-0.352877 -0.047299 -0.018459
0.000000 0.000000 0.000000
0.000000 0.000000 0.000000
0.000000 0.000000 0.000000
-0.304785 0.283232 -0.005335
-0.344598 0.030072 -0.037718
0.000000 0.000000 0.000000
0.000000 0.000000 0.000000
-0.375566 0.015778 0.101519
0.000000 0.000000 0.000000
0.000000 0.000000 0.000000
0.000000 0.000000 0.000000
0.000000 0.000000 0.000000
0.000000 0.000000 0.000000
-0.378563 -0.029751 0.068495
0.000000 0.000000 0.000000
0.000000 0.000000 0.000000
0.000000 0.000000 0.000000
-0.378563 0.738652 0.068331
0.000000 0.000000 0.000000
-0.344475 0.682222 -0.012757
0.000000 0.000000 0.000000
0.000000 0.000000 0.000000
0.000000 0.000000 0.000000
0.000000 0.000000 0.000000
0.000000 0.000000 0.000000
0.000000 0.000000 0.000000
0.000000 0.000000 0.000000
0.000000 0.000000 0.000000
-0.313595 0.815817 0.102627
-0.344475 0.057649 -0.019063
0.000000 0.000000 0.000000
0.000000 0.000000 0.000000
0.000000 0.000000 0.000000
0.000000 0.000000 0.000000
0.000000 0.000000 0.000000
0.000000 0.000000 0.000000
-0.382269 -0.086534 0.090107
0.000000 0.000000 0.000000
0.000000 0.000000 0.000000
