-0.234941 0.353183 -0.049057
0.297665 -0.425669 0.526781
-0.177057 0.367619 0.889075
0.367341 0.231334 -0.571426
-0.176807 -0.119743 0.390885
0.437177 0.359037 0.365861
0.000000 0.000000 0.000000
-0.214697 0.410330 0.476166
0.437177 -0.169450 0.102668
0.194034 0.019305 0.668910
-0.028405 0.410330 -0.485927
-0.278647 0.148507 0.303348
0.343548 0.410330 -0.115779
-0.278647 0.142841 -0.088004
0.437177 -0.060838 -0.230676
-0.262771 -0.023570 0.712708
0.000000 0.000000 0.000000
0.103695 0.410330 0.658909
-0.171672 -0.025805 0.037671
0.085908 0.410330 0.251555
0.437177 0.022657 0.392008
-0.002054 0.410330 -0.764019
-0.102327 0.139691 0.496314
0.068689 -0.345939 0.775099
0.437177 0.148465 -0.177677
-0.141568 0.185983 -0.369543
-0.060405 0.024359 0.884466
-0.140966 -0.025805 0.261914
0.437177 0.354319 0.048741
0.340355 0.410330 -0.458778
0.000000 0.000000 0.000000
0.437177 -0.382843 -0.081635
0.409386 -0.425669 0.225746
-0.079844 0.410330 -0.149535
-0.171121 0.333226 -0.585972
-0.124215 0.351379 0.170022
0.321220 0.227112 0.561162
-0.230294 0.410330 0.615426
0.000000 0.000000 0.000000
0.437177 -0.258031 0.436442
-0.138199 0.089376 0.739252
0.311479 -0.168545 0.569414
-0.127052 0.141395 -0.151425
0.000000 0.000000 0.000000
-0.245825 0.410330 -0.531002
0.000000 0.000000 0.000000
0.183285 0.406458 -0.693582
0.103778 0.238222 0.745374
-0.199481 0.141395 0.096586
-0.178857 0.353183 -0.269663
0.000000 0.000000 0.000000
0.437177 -0.175635 0.039078
0.119405 0.410330 -0.335440
0.437177 0.088034 0.113777
-0.232933 0.159461 0.827414
-0.267650 0.218907 0.584214
0.145717 -0.425669 0.483984
0.437177 0.067209 -0.448077
0.437177 -0.265335 -0.382352
-0.232418 -0.025805 0.513707
0.102442 0.410330 -0.003964
0.000000 0.000000 0.000000
0.000000 0.000000 0.000000
-0.015289 0.410330 0.529865
-0.102327 0.093050 -0.249014
0.206947 0.166620 -0.677878
0.258805 0.410330 0.424791
-0.216026 0.410330 -0.710763
-0.138199 0.284065 0.668623
0.000000 0.000000 0.000000
0.000000 0.000000 0.000000
-0.278647 0.359597 0.142055
-0.230962 -0.113950 0.889075
0.437177 -0.016043 -0.035513
0.437177 0.296212 -0.360493
-0.124215 0.264689 0.368102
-0.080321 0.410330 0.781369
-0.124215 0.289254 -0.456471
0.266740 0.410330 0.148943
0.327091 -0.001327 0.556187
0.437177 0.157818 0.446682
0.222590 -0.425669 0.282808
-0.009651 0.410330 0.815088
-0.099089 0.356096 -0.858929
0.373833 0.410330 0.269115
-0.085619 0.410330 0.297153
0.000000 0.000000 0.000000
0.107978 -0.425669 0.661954
-0.032119 -0.222491 0.860501
-0.124215 0.303751 -0.071000
0.359597 -0.251980 0.528651
0.398299 -0.006173 -0.550879
-0.268045 0.410330 0.283963
0.144211 -0.152069 0.711119
-0.227382 0.185983 -0.507097
0.437177 0.227504 0.249245
0.404617 -0.211963 0.490511
-0.170105 0.141395 0.459981
-0.102327 0.085264 -0.437005
-0.102327 -0.009491 0.424085
0.437177 -0.334914 0.108778
0.437177 -0.034880 0.240321
0.132235 0.205441 -0.727464
-0.017776 0.410330 0.116236
-0.102327 0.063566 0.087882
-0.102327 0.139224 0.265032
-0.112857 0.169261 0.889075
-0.256607 0.346245 0.736712
0.000000 0.000000 0.000000
0.000000 0.000000 0.000000
0.283177 0.342491 -0.627285
-0.269170 0.185983 0.170812
-0.278647 0.386738 -0.358493
-0.278647 0.157130 -0.275348
0.384884 0.410330 -0.285780
0.000000 0.000000 0.000000
-0.133189 -0.025805 -0.125985
0.217050 -0.319972 0.649412
0.000000 0.000000 0.000000
0.437177 -0.224144 -0.194429
0.390418 0.386175 0.502540
0.321454 -0.425669 0.069423
-0.185759 -0.082512 0.525389
-0.278647 0.112988 0.830732
-0.278647 0.069065 0.544315
0.437177 0.302704 -0.145129
-0.102327 0.050544 0.376165
0.437177 -0.249444 0.247454
0.266493 0.399963 0.607526
0.437177 -0.119329 -0.442144
0.132238 0.410330 -0.184107
0.437177 0.204309 0.027044
0.000000 0.000000 0.000000
-0.163470 0.410330 -0.301542
0.043648 0.410330 -0.705089
0.437177 -0.076733 0.268943
-0.124215 0.278404 0.058715
0.003888 -0.365785 0.710915
0.067027 0.009008 0.776508
-0.014577 0.258313 0.845640
0.437177 0.344455 -0.487067
-0.154080 0.353183 0.536425
-0.194564 0.410330 0.071087
0.429886 -0.422863 0.469103
0.064176 0.081714 0.778923
-0.122559 0.410330 0.019601
0.107410 0.410330 0.429825
0.003888 -0.377212 0.511842
0.230162 0.093120 0.638304
0.000000 0.000000 0.000000
0.139551 0.410330 -0.512396
-0.171488 -0.101136 0.714615
0.000000 0.000000 0.000000
0.186564 0.317747 0.675240
0.437177 0.173030 -0.455428
0.000000 0.000000 0.000000
-0.231909 -0.053253 0.825044
-0.278647 0.165335 0.443203
-0.073762 0.410330 0.629593
0.437177 -0.023700 0.015554
-0.258545 0.410330 -0.202147
-0.138199 0.067241 0.597551
-0.184594 0.353183 0.368948
-0.124215 0.243312 -0.247573
0.270707 0.030654 -0.635561
0.306469 -0.425669 0.373915
-0.073905 0.410330 -0.336966
-0.201863 0.410330 0.806925
0.000000 0.000000 0.000000
0.000000 0.000000 0.000000
0.437177 -0.364624 -0.243977
0.437177 0.121324 0.265514
-0.102327 0.036860 -0.062082
0.407387 0.113230 0.488163
0.035103 -0.103786 0.803553
-0.150933 0.410330 0.343639
-0.216952 0.410330 -0.122958
0.205853 0.410330 0.314871
0.209916 -0.078416 0.655455
0.000000 0.000000 0.000000
-0.138199 0.163742 0.593620
-0.244598 0.249160 0.889075
-0.134650 -0.083338 -0.020879
0.000000 0.000000 0.000000
-0.176418 0.044466 0.889075
0.437177 0.056212 -0.299158
0.206431 -0.425669 0.140574
-0.211572 0.333226 -0.752329
0.253362 0.410330 -0.294359
-0.061293 0.410330 -0.653367
0.237929 0.410330 -0.013970
0.102561 0.308941 -0.747158
0.000000 0.000000 0.000000
-0.032706 -0.350048 0.860999
-0.118509 0.141395 -0.016135
-0.162807 -0.025805 0.115355
0.437177 0.323528 0.168706
-0.263354 0.185983 -0.204219
0.396091 0.410330 0.148510
-0.249734 -0.056192 0.581840
-0.250679 0.185983 0.017734
0.437177 -0.387716 0.325951
0.000000 0.000000 0.000000
-0.263607 0.185983 -0.413973
0.006452 0.252518 -0.810944
-0.235455 0.410330 -0.836692
0.076097 0.410330 -0.625561
-0.138199 0.230803 0.766470
0.000000 0.000000 0.000000
0.437177 -0.290553 -0.021982
0.437177 -0.104209 0.412994
-0.180785 0.353183 -0.383298
-0.216356 0.315966 0.827414
-0.160562 0.410330 -0.404713
0.272825 0.410330 -0.583599
0.000000 0.000000 0.000000
0.437177 -0.094611 -0.356597
0.179046 -0.425669 0.617212
0.000000 0.000000 0.000000
-0.277823 0.353183 0.530169
-0.102327 0.076139 0.215504
-0.260396 0.333226 -0.684603
0.155697 0.410330 0.539114
0.300960 0.172836 -0.615482
0.050557 0.410330 -0.117314
0.384980 -0.117453 0.507146
0.417257 -0.175218 -0.538297
-0.177316 0.353183 -0.516019
-0.124215 0.193213 0.391228
0.285985 -0.355883 0.591012
0.000000 0.000000 0.000000
0.361595 0.410330 0.018707
-0.183396 0.346245 0.625081
0.084193 0.408859 0.761964
0.437177 -0.034595 0.115772
-0.132599 -0.025805 -0.255870
0.437177 0.205329 -0.275327
0.000000 0.000000 0.000000
0.022538 0.410330 0.380911
0.000000 0.000000 0.000000
0.000000 0.000000 0.000000
-0.145434 0.044078 0.542390
0.227391 0.206198 0.640652
-0.198490 0.044571 0.827414
-0.147596 0.141395 0.382561
0.020566 0.410330 -0.251588
0.337898 -0.425669 0.249230
-0.124215 0.205930 0.150880
0.104140 -0.425669 0.384737
-0.173876 0.185983 -0.077362
0.437177 0.016592 -0.144771
-0.094089 -0.100952 0.889075
-0.134840 0.353183 -0.189390
-0.016838 0.145598 0.847555
-0.195959 0.251185 0.544656
0.402935 0.410330 -0.542798
-0.138199 0.201905 0.706379
0.220476 0.410330 -0.421396
-0.102327 -0.006637 -0.313009
0.367345 0.410330 0.402219
0.006156 0.410330 0.710790
-0.278647 -0.005358 0.866366
0.120943 0.410330 0.133713
-0.278647 0.358560 0.058026
0.204411 0.283402 -0.679561
-0.149287 -0.024412 0.889075
-0.126046 0.141395 -0.339351
-0.190579 0.410330 0.211541
0.000000 0.000000 0.000000
0.000000 0.000000 0.000000
0.038400 -0.425669 0.604360
0.437177 0.236814 -0.088458
0.278960 0.316041 0.596964
-0.190160 0.185983 0.234637
-0.022074 0.410330 -0.017093
-0.087159 0.382295 0.889075
-0.112547 0.282237 0.889075
0.046967 -0.263786 0.793503
-0.278647 0.393754 0.375509
-0.239936 0.353183 0.205894
-0.124215 0.319042 -0.341101
-0.067508 0.410330 -0.783312
0.189525 0.102672 -0.689441
0.379484 -0.356758 0.511803
0.430853 0.277785 0.468284
0.437177 0.379689 -0.346220
0.012525 0.410330 0.234540
-0.192935 -0.023570 0.633010
-0.169900 0.346245 0.752876
-0.245009 0.042245 0.646613
-0.161467 -0.025805 -0.067119
0.437177 -0.419326 -0.001977
-0.135038 0.410330 0.535229
0.228501 0.410330 0.205079
0.437177 0.201851 0.116965
0.144320 -0.274049 0.711027
-0.128772 0.353183 0.076353
-0.138199 0.105741 0.816833
0.437177 0.382584 -0.067989
-0.278647 0.404589 0.859437
-0.258875 0.410330 -0.631905
0.000000 0.000000 0.000000
0.437177 -0.114317 -0.131789
-0.179706 0.141395 -0.213134
0.245726 -0.425669 0.474092
0.044616 0.410330 0.559263
0.223684 0.410330 -0.473008
0.066094 0.410330 -0.439021
0.336058 0.160120 0.548592
0.389539 0.135044 -0.556694
0.437177 -0.205555 -0.414924
0.257068 0.410330 -0.179736
0.437177 0.068171 -0.026163
-0.193158 -0.025805 0.452102
0.133334 -0.425669 0.246441
-0.228094 0.138967 0.542390
0.000000 0.000000 0.000000
0.437177 -0.066688 0.379753
0.437177 0.260368 0.350946
-0.124215 0.189752 -0.503171
0.437177 -0.198577 -0.091451
0.000000 0.000000 0.000000
-0.248719 0.410330 -0.014242
0.152728 0.131468 0.703904
0.209463 -0.218692 0.655839
0.012224 -0.425669 0.794274
0.000000 0.000000 0.000000
0.437177 -0.152379 -0.270300
-0.124215 0.290748 0.486590
0.437177 -0.348208 0.227646
0.118472 -0.070223 0.732925
-0.223855 0.141395 -0.017751
-0.186163 0.141395 -0.427358
0.437177 -0.204840 0.358607
0.000000 0.000000 0.000000
-0.244614 0.305693 0.889075
0.000000 0.000000 0.000000
-0.124215 0.242092 0.267588
0.403636 -0.425669 0.085229
-0.124215 0.232979 0.495204
-0.199635 0.141395 0.166654
0.427219 -0.425669 -0.158993
-0.248188 0.291290 -0.519347
-0.192441 0.410330 -0.194188
0.437177 0.303555 -0.254199
0.437177 0.139759 -0.351329
0.022152 0.199367 0.814526
-0.255459 0.042245 0.753610
-0.215079 0.141395 0.373945
-0.161628 0.410330 -0.623826
-0.157029 0.353183 0.272307
0.401009 -0.014146 0.493568
0.437177 -0.030983 -0.455955
-0.008657 0.015299 0.840626
0.265253 -0.115692 0.608575
0.437177 0.273225 -0.478481
0.000000 0.000000 0.000000
0.332867 0.084212 -0.594306
0.381053 0.292521 -0.562325
0.000000 0.000000 0.000000
0.214617 0.410330 0.638772
-0.134302 0.141395 -0.510827
0.000000 0.000000 0.000000
0.342519 -0.425669 -0.021934
-0.183387 0.410330 0.708853
-0.224711 0.353183 -0.158656
-0.102327 0.014682 -0.164654
-0.152640 0.234082 -0.594216
0.067085 0.410330 0.057188
-0.124215 0.198423 0.216060
0.437177 0.174688 0.339254
0.437177 -0.301902 0.333849
0.437177 -0.264712 0.151141
0.437177 0.100844 0.422643
-0.077131 0.410330 -0.570409
0.437177 0.024173 0.300360
-0.102327 0.137144 0.125067
-0.171488 -0.123371 0.819926
0.437177 -0.126681 0.186958
0.437177 0.109822 0.058136
-0.138313 -0.025805 0.347640
-0.202686 0.185983 -0.298719
-0.275162 0.410330 -0.461135
-0.186988 0.238375 -0.519347
-0.079323 0.410330 0.201057
0.381418 -0.080994 -0.562084
0.000000 0.000000 0.000000
-0.092604 0.410330 0.412103
0.437177 0.379062 -0.190472
0.000000 0.000000 0.000000
0.389614 0.410330 -0.191753
0.000000 0.000000 0.000000
-0.278647 0.392196 -0.285359
-0.109441 -0.025805 0.034068
0.000000 0.000000 0.000000
0.065589 -0.170078 0.777725
-0.124215 0.228469 -0.156904
0.436252 0.054078 -0.525690
0.154452 0.410330 -0.089435
-0.141938 0.185983 0.062202
-0.139579 -0.222520 0.889075
-0.278647 0.395930 0.669205
0.300386 -0.425669 0.157789
0.437177 0.146516 -0.051571
0.198046 0.410330 0.076416
0.135992 -0.369893 0.718081
0.437177 0.219347 0.398090
0.047198 0.298801 0.793307
0.437177 -0.150529 0.287623
-0.191038 0.353183 0.493648
0.040684 0.410330 -0.334941
0.000000 0.000000 0.000000
-0.138199 0.335741 0.822930
0.000000 0.000000 0.000000
0.018033 0.334383 -0.803258
-0.127188 0.410330 -0.080783
0.000000 0.000000 0.000000
0.326678 0.410330 -0.564164
0.000000 0.000000 0.000000
0.192141 -0.425669 0.392435
0.437177 0.362700 0.250425
-0.113859 0.084679 0.889075
-0.278647 0.141687 0.083981
0.433517 -0.336741 0.466027
0.055108 0.410330 -0.533069
0.312916 0.410330 0.537733
0.382440 0.298648 0.509298
0.000000 0.000000 0.000000
0.167928 0.410330 -0.255219
0.429465 0.410330 0.461027
0.000000 0.000000 0.000000
-0.164399 0.141395 0.283448
-0.176807 -0.124352 0.456242
-0.209590 0.300542 0.584214
-0.278647 0.400038 0.451869
-0.138199 0.188272 0.813538
-0.102327 0.050329 0.478519
0.250697 -0.011102 0.620907
0.378510 0.213038 0.512629
0.309423 0.084099 0.571156
-0.232743 -0.025805 0.330647
0.000000 0.000000 0.000000
-0.126725 0.410330 -0.720195
-0.278647 0.402778 -0.109268
0.297187 -0.246790 0.581521
0.052789 -0.425669 0.723823
0.210397 0.410330 -0.094428
0.000000 0.000000 0.000000
0.299583 0.410330 -0.378830
0.210236 0.410330 -0.631470
0.007283 0.410330 0.599793
0.298264 0.410330 0.345140
-0.124144 0.410330 0.130235
0.437177 0.023102 -0.376414
-0.171488 -0.094776 0.593904
0.437177 0.055365 -0.219375
0.437177 -0.316265 -0.140768
-0.278647 0.350642 -0.566696
0.437177 -0.154007 0.435783
-0.111676 0.410330 -0.226144
-0.205883 -0.023570 0.729832
0.360551 -0.425669 0.464987
-0.124215 0.230876 -0.354422
-0.102327 -0.005247 0.184349
0.000000 0.000000 0.000000
0.437177 -0.292399 -0.298683
0.437177 0.276535 -0.020642
0.277162 0.410330 0.057517
-0.123078 -0.025805 0.506218
0.379537 0.410330 -0.373185
0.000000 0.000000 0.000000
0.089522 -0.425669 0.550850
0.000000 0.000000 0.000000
0.268905 -0.425669 0.200849
-0.075526 0.410330 -0.419875
-0.168966 0.353183 -0.038276
0.039362 0.410330 0.472825
0.132681 0.410330 0.300706
-0.152640 0.326319 -0.688441
0.000000 0.000000 0.000000
-0.033093 0.318809 0.861327
-0.193537 0.141395 -0.119868
-0.236319 0.410330 0.176739
-0.244684 0.293954 0.544656
-0.138199 0.248921 0.598356
-0.153478 0.042245 0.676065
-0.238322 0.353183 -0.442694
0.000000 0.000000 0.000000
0.437177 0.037010 0.194119
-0.102327 0.039333 0.277111
0.309711 0.266364 -0.609674
0.437177 0.277704 0.081619
0.000000 0.000000 0.000000
0.088022 0.158554 0.758722
-0.209320 0.106177 0.584214
-0.093049 0.410330 0.715215
-0.222294 0.410330 0.337876
0.181563 0.410330 0.404429
-0.255203 0.142795 0.889075
0.437177 -0.416812 0.123423
-0.124215 0.328259 0.338267
0.245063 -0.425669 0.064954
-0.201478 0.353183 -0.329588
-0.179578 0.185983 0.529795
-0.148258 0.353183 0.444921
-0.198417 0.185710 0.889075
0.000000 0.000000 0.000000
0.437177 -0.178397 -0.339731
0.401599 0.041074 0.493068
-0.071990 0.410330 0.472889
0.000000 0.000000 0.000000
0.000000 0.000000 0.000000
0.000000 0.000000 0.000000
0.146481 0.391732 0.709197
0.000000 0.000000 0.000000
0.437177 -0.247699 0.075072
-0.261311 0.072914 0.889075
-0.102327 -0.003729 0.109881
0.288646 -0.425669 0.297344
0.336885 -0.071881 0.547891
0.296528 0.410330 0.239235
0.000000 0.000000 0.000000
0.084237 0.410330 -0.243008
-0.168681 0.410330 -0.818687
0.437177 -0.100258 0.063490
-0.190002 0.117724 0.889075
-0.102327 0.119386 0.332154
0.125091 0.410330 -0.710402
0.132728 0.410330 -0.437641
-0.200334 0.055268 0.542390
-0.124215 0.250757 -0.009866
-0.278647 0.237619 0.843151
-0.278647 0.398573 -0.771470
0.437177 -0.015077 -0.273990
-0.203865 0.353183 0.112969
0.000000 0.000000 0.000000
0.437177 -0.344936 -0.013429
0.153711 -0.425669 0.324269
0.000000 0.000000 0.000000
0.000000 0.000000 0.000000
0.000000 0.000000 0.000000
-0.129823 0.353183 -0.289305
-0.102327 0.099187 -0.093386
0.326782 -0.007128 -0.598344
-0.203525 0.185983 -0.151279
-0.096607 0.410330 -0.831684
-0.133698 0.185983 -0.280394
-0.278647 -0.018617 0.651272
0.437177 0.230327 -0.400471
0.000000 0.000000 0.000000
-0.171488 -0.122247 0.645359
-0.252595 0.353183 -0.242620
0.024700 0.410330 0.181704
0.000000 0.000000 0.000000
0.215013 -0.383308 0.651138
0.254203 0.273285 -0.646515
0.437177 0.124276 -0.272349
-0.278647 -0.004006 0.791399
0.255657 0.115993 -0.645550
0.199230 -0.425669 0.541537
0.373184 -0.425669 0.141264
0.000000 0.000000 0.000000
-0.181609 -0.080848 0.242529
0.258634 -0.425669 0.613122
-0.236243 0.185983 -0.061537
0.000000 0.000000 0.000000
-0.263194 0.141395 0.222595
-0.156506 0.410330 0.637864
0.151133 0.410330 0.215555
-0.258297 0.353183 -0.479752
0.000000 0.000000 0.000000
0.437177 0.153975 0.197515
0.340847 0.410330 0.104036
0.225989 0.410330 0.472435
-0.246802 0.141395 -0.382150
0.043523 0.410330 -0.045111
0.120507 0.036014 0.731201
-0.250674 0.185983 0.097488
-0.152640 0.269293 -0.632007
-0.210551 0.185983 0.441843
0.318981 0.410330 -0.250272
-0.161087 0.121658 0.542390
-0.042987 0.410330 -0.703556
0.437177 0.402267 -0.002412
-0.029854 -0.364870 0.812974
0.060473 0.373436 -0.775092
-0.124215 0.210213 -0.434023
0.000000 0.000000 0.000000
0.000000 0.000000 0.000000
0.000000 0.000000 0.000000
-0.102327 0.043734 0.004233
0.000000 0.000000 0.000000
-0.185906 0.141395 -0.341122
0.423624 -0.061747 0.474409
0.004260 -0.311660 0.829682
-0.051541 0.410330 0.378983
-0.171488 -0.055351 0.795286
-0.207221 0.410330 -0.466092
-0.249656 0.185983 0.504207
0.170912 0.202128 0.688500
0.038695 -0.024268 0.800510
-0.233896 0.353183 0.434704
0.349592 0.335834 -0.583206
0.000000 0.000000 0.000000
-0.182347 0.107075 0.827414
0.414375 0.410330 -0.437933
-0.177075 0.410330 -0.547536
0.134582 0.410330 0.057270
-0.102327 0.094562 -0.358580
-0.273790 0.225451 -0.519347
-0.044438 0.410330 -0.246402
-0.256070 0.141395 -0.157216
-0.013204 0.410330 -0.388632
-0.124215 0.325300 0.009681
0.165234 -0.104554 0.693309
-0.127744 0.141395 -0.216487
-0.240281 0.293783 -0.582375
0.202692 0.410330 -0.365852
-0.187648 0.206093 0.827414
0.000000 0.000000 0.000000
0.437177 0.391006 0.100855
0.437177 -0.136119 -0.200072
-0.054902 0.410330 -0.079034
0.261714 -0.425669 0.404071
-0.278647 0.357215 0.799302
0.166400 -0.413684 0.692320
0.437177 -0.368774 0.403425
-0.139610 0.353183 -0.108335
0.000000 0.000000 0.000000
0.273176 0.133495 0.601864
-0.193922 0.410330 -0.007497
0.353141 0.347241 0.534120
0.055608 0.410330 -0.185827
-0.166695 0.346245 0.681520
0.006361 -0.161601 0.827902
-0.241989 0.042245 0.826691
-0.124215 0.237244 -0.088457
0.000000 0.000000 0.000000
-0.138199 0.142776 0.667684
-0.102327 0.082200 -0.172193
0.092798 -0.225664 0.754674
0.000000 0.000000 0.000000
0.000000 0.000000 0.000000
0.437177 0.057588 -0.094161
-0.278647 0.290803 0.830927
-0.191959 0.185983 -0.244470
-0.133594 0.141395 -0.401582
-0.003617 0.410330 -0.631834
0.437177 0.315553 0.311242
0.372574 0.410330 -0.047215
-0.278647 0.406712 0.754583
-0.072821 0.410330 0.054638
-0.241516 0.251180 0.584214
-0.159023 0.141395 0.036567
-0.171488 -0.034351 0.588116
-0.171488 -0.177115 0.785731
0.161759 0.062752 0.696253
0.321999 0.410330 0.449425
-0.034330 -0.291460 0.862375
-0.151851 0.410330 0.448485
-0.021005 -0.052296 0.851085
0.119680 0.410330 -0.558400
0.219695 -0.266996 0.647171
-0.057752 0.247565 0.882217
-0.233844 0.185983 0.341097
-0.022768 0.084015 0.852579
0.437177 -0.093011 -0.003703
0.437177 0.085924 0.329662
0.437177 -0.267162 -0.095820
0.379705 -0.425669 0.328191
0.437177 0.220243 -0.519832
0.437177 0.201068 0.168700
0.188004 0.410330 -0.548314
-0.010673 0.410330 -0.552740
0.189499 0.217333 -0.689457
-0.170406 -0.025805 -0.201855
-0.102327 0.078033 -0.030691
0.014272 0.345087 0.821201
0.136396 -0.217987 0.717739
-0.234519 0.346245 0.670382
0.437177 -0.223331 -0.023413
-0.032519 -0.108617 0.860840
0.437177 -0.032029 -0.097388
-0.236707 0.410330 -0.398819
-0.102327 0.061603 -0.300769
-0.208413 0.333226 -0.625878
0.158801 0.410330 0.464342
-0.102572 0.410330 -0.507727
0.033284 0.410330 0.314139
-0.045575 0.391482 -0.845475
0.361987 -0.160601 0.526625
-0.124215 0.281322 -0.300279
-0.174768 0.262131 0.889075
0.437177 -0.315217 0.172914
0.206526 0.410330 0.561842
0.437177 -0.111514 -0.501630
-0.227103 0.353183 0.318678
-0.024081 0.308161 -0.831209
-0.270293 0.410330 0.558454
0.437177 -0.034908 -0.326651
-0.275866 0.185983 -0.121963
0.437177 -0.387653 0.194181
-0.256794 0.361311 0.889075
0.060015 0.268822 -0.775395
-0.266488 0.148949 0.584214
-0.152721 0.410330 -0.140394
0.000000 0.000000 0.000000
-0.278647 0.153403 -0.018218
-0.278647 0.021543 0.573296
0.437177 0.310943 -0.107882
0.031155 0.131453 0.806897
-0.251838 0.185983 -0.317445
0.000000 0.000000 0.000000
-0.012943 0.410330 -0.128378
0.066144 -0.411467 0.777255
-0.110259 -0.025805 -0.026411
0.133468 0.336175 0.720221
