0.000000 0.000000 0.000000
0.123351 -0.137193 -0.140103
0.000000 0.000000 0.000000
-0.280375 0.336453 0.628965
-0.545575 0.066397 -0.417618
0.000000 0.000000 0.000000
0.313900 0.092034 -0.710072
0.476886 0.118129 -0.708105
0.000000 0.000000 0.000000
0.060732 0.174705 0.049055
0.000000 0.000000 0.000000
0.000000 0.000000 0.000000
0.000000 0.000000 0.000000
-0.483555 0.155982 0.307227
0.259026 -0.137193 -0.602144
-0.187716 0.024080 0.259491
0.068132 0.212380 0.360933
-0.095072 0.235620 -0.436682
-0.064801 0.007620 -0.418635
0.000000 0.000000 0.000000
0.000000 0.000000 0.000000
0.000000 0.000000 0.000000
0.000000 0.000000 0.000000
-0.631133 0.085047 0.576294
0.112902 0.485795 0.589932
0.000000 0.000000 0.000000
0.000000 0.000000 0.000000
0.000000 0.000000 0.000000
0.346901 0.155982 -0.354527
-0.590065 0.150692 -0.105773
0.334361 0.024080 -0.268830
0.000000 0.000000 0.000000
-0.451985 0.087424 -0.710026
-0.615431 0.486382 0.605941
0.000000 0.000000 0.000000
-0.274750 0.165471 -0.119794
0.709752 0.061140 -0.479203
0.000000 0.000000 0.000000
0.000000 0.000000 0.000000
0.416809 0.225654 0.025519
-0.203476 0.145469 -0.700458
-0.276658 0.024073 -0.147673
-0.204550 0.266779 0.426158
0.042305 -0.073485 -0.720721
0.640546 -0.055326 -0.720724
-0.476624 0.007620 0.121067
0.000000 0.000000 0.000000
-0.713380 0.029417 -0.602684
0.440182 -0.137193 -0.643780
-0.201156 0.155982 0.194488
0.000000 0.000000 0.000000
0.000000 0.000000 0.000000
-0.546705 0.094643 -0.044639
0.000000 0.000000 0.000000
0.000000 0.000000 0.000000
-0.043115 0.024080 -0.026612
-0.365958 0.256149 -0.407933
-0.017814 0.163914 -0.251546
0.058606 0.172414 -0.601271
-0.451601 0.231712 0.628965
-0.270010 0.147414 0.628965
0.117210 0.024073 -0.195524
0.242087 -0.137193 -0.297461
-0.439140 0.024073 0.474376
-0.325681 0.024080 -0.441655
0.182464 0.024080 -0.524044
0.000000 0.000000 0.000000
0.095463 -0.137193 -0.612872
-0.546312 0.101256 -0.323767
0.000000 0.000000 0.000000
0.473868 0.024080 -0.493260
0.000000 0.000000 0.000000
-0.136247 0.150366 0.576294
0.000000 0.000000 0.000000
0.572501 0.172284 -0.329253
0.203996 0.155982 -0.175617
0.000000 0.000000 0.000000
-0.153284 0.485807 0.590125
-0.326097 0.174377 -0.478771
-0.251610 0.007620 0.007965
0.000000 0.000000 0.000000
0.000000 0.000000 0.000000
-0.099644 0.155982 0.258724
0.000000 0.000000 0.000000
0.000000 0.000000 0.000000
-0.348570 0.485813 0.590215
-0.487065 -0.022019 0.628965
-0.086881 0.355410 0.628965
0.151482 0.235506 -0.466861
0.000000 0.000000 0.000000
-0.393896 0.155982 -0.197599
-0.541748 0.109594 -0.695135
-0.269198 0.007620 0.486935
0.000000 0.000000 0.000000
-0.652889 -0.013417 0.051790
0.000000 0.000000 0.000000
-0.201908 -0.059277 -0.704264
0.000000 0.000000 0.000000
0.464724 0.206064 -0.520913
0.045059 0.007620 0.278792
0.000000 0.000000 0.000000
0.000000 0.000000 0.000000
0.000000 0.000000 0.000000
0.462956 -0.137193 -0.386167
-0.258187 0.007620 -0.397997
-0.208670 0.192513 -0.289270
0.282006 0.156688 -0.529539
-0.605252 0.007620 0.247337
0.000000 0.000000 0.000000
-0.497320 -0.051302 -0.080191
-0.374311 0.024073 0.257530
0.000000 0.000000 0.000000
-0.446742 0.024080 -0.258169
0.288450 0.203134 -0.215574
0.000000 0.000000 0.000000
-0.420992 0.161057 0.071103
0.178345 -0.040344 -0.704264
-0.152526 0.174565 -0.063729
-0.566385 0.296680 0.576294
-0.221806 0.155982 0.454230
-0.123680 0.007620 -0.600790
0.094238 0.155982 0.205305
-0.513461 0.024080 -0.554519
0.428953 0.024073 -0.712673
0.546767 0.054460 -0.368703
-0.014573 0.169159 0.454565
0.000000 0.000000 0.000000
0.000000 0.000000 0.000000
0.250104 0.024080 -0.004895
-0.286613 0.155982 0.231189
0.000000 0.000000 0.000000
0.081662 0.007620 0.063251
0.000000 0.000000 0.000000
-0.568599 0.206453 -0.527543
0.230284 0.161721 0.001532
0.000000 0.000000 0.000000
0.000000 0.000000 0.000000
-0.545330 0.117778 0.208941
0.000000 0.000000 0.000000
-0.652889 -0.046757 -0.711612
-0.428892 0.319752 0.576294
-0.532231 0.068444 0.576294
-0.145235 0.300280 0.572376
0.016842 0.155982 -0.380277
0.000000 0.000000 0.000000
0.000000 0.000000 0.000000
0.180118 0.024073 -0.323466
-0.362337 -0.058848 -0.720721
-0.345325 0.024073 0.328252
-0.610285 0.225211 0.628965
-0.312874 0.126867 -0.707446
0.000000 0.000000 0.000000
-0.384698 0.080817 0.628965
0.000000 0.000000 0.000000
0.575345 0.095232 -0.606926
0.000000 0.000000 0.000000
0.000000 0.000000 0.000000
-0.102218 0.024080 -0.256067
0.000000 0.000000 0.000000
0.013954 0.007620 -0.613797
0.499719 -0.137193 -0.608278
0.192106 0.155982 -0.488483
-0.579839 0.165168 -0.367913
0.000000 0.000000 0.000000
0.275590 0.220321 0.144140
0.402407 0.185698 -0.102155
-0.218903 0.018662 0.628965
-0.010553 -0.083084 -0.080191
0.000000 0.000000 0.000000
0.000000 0.000000 0.000000
0.000000 0.000000 0.000000
0.131354 0.194540 -0.317982
-0.585690 0.024080 -0.226664
0.644210 -0.197011 -0.620599
0.000000 0.000000 0.000000
-0.336234 0.215926 0.495549
-0.642882 0.146648 -0.590902
0.000000 0.000000 0.000000
0.000000 0.000000 0.000000
-0.265234 0.024080 -0.473644
0.004909 0.091153 -0.710138
-0.664746 0.090021 -0.431017
-0.033967 0.290027 0.495602
-0.103559 0.180844 0.102493
-0.160376 0.007620 -0.107324
-0.214597 0.382963 0.628965
-0.433634 0.155982 0.502075
-0.166012 0.175501 -0.536560
0.000000 0.000000 0.000000
-0.395444 0.024073 -0.008863
-0.058072 0.007620 0.148677
0.000000 0.000000 0.000000
0.329961 0.024073 -0.445384
-0.371145 0.215835 -0.309537
-0.597046 0.007620 0.491822
0.098590 -0.137193 -0.492134
0.000000 0.000000 0.000000
0.000000 0.000000 0.000000
0.000000 0.000000 0.000000
-0.589209 0.013283 -0.704238
0.000000 0.000000 0.000000
-0.373048 0.007620 -0.610758
-0.459410 0.176767 -0.569726
0.278251 -0.068307 -0.720722
0.000000 0.000000 0.000000
-0.570503 0.112068 0.092256
0.000000 0.000000 0.000000
0.083807 0.188293 -0.106711
0.440037 -0.137193 -0.520321
0.000000 0.000000 0.000000
0.000000 0.000000 0.000000
0.331090 0.224645 -0.492572
-0.652798 0.011106 -0.311002
-0.093250 0.007620 0.410869
0.000000 0.000000 0.000000
0.507272 0.180217 -0.196563
0.000000 0.000000 0.000000
0.269308 0.024080 -0.140325
0.000000 0.000000 0.000000
0.583640 0.149445 -0.488845
0.000000 0.000000 0.000000
0.000000 0.000000 0.000000
-0.307813 0.155982 -0.371012
-0.059214 0.191772 -0.124955
-0.606597 0.159982 -0.198351
-0.545370 0.062941 0.509998
0.000000 0.000000 0.000000
0.500353 0.163757 -0.314027
0.000000 0.000000 0.000000
0.045663 0.007620 -0.315839
0.419852 0.024080 -0.147463
0.000000 0.000000 0.000000
-0.474555 0.431959 0.616532
-0.188290 0.024073 0.106056
-0.533511 0.024080 0.375239
-0.042817 0.155982 -0.494912
-0.578686 0.202401 0.576294
-0.471190 0.177427 -0.106711
-0.004838 0.024080 -0.149170
0.000000 0.000000 0.000000
0.000000 0.000000 0.000000
0.228941 -0.137193 -0.157438
0.000000 0.000000 0.000000
0.000000 0.000000 0.000000
0.000000 0.000000 0.000000
-0.176398 0.217923 -0.197376
0.000000 0.000000 0.000000
0.295812 0.024080 -0.618355
-0.199095 0.218049 -0.401933
0.000000 0.000000 0.000000
0.000000 0.000000 0.000000
0.536260 -0.074287 -0.720724
0.211007 0.169865 -0.662601
0.126012 -0.137193 -0.324665
0.148940 -0.054723 -0.080191
-0.287248 0.173803 0.036550
-0.472438 0.155982 -0.411883
0.000000 0.000000 0.000000
-0.521309 -0.035075 0.274326
-0.464280 0.216819 -0.335218
0.100358 0.213094 -0.216602
-0.396468 0.155982 -0.067094
-0.090719 0.246264 -0.337078
0.303490 0.205980 -0.096114
0.000000 0.000000 0.000000
-0.498677 0.024073 -0.138216
0.000000 0.000000 0.000000
-0.309917 0.024073 0.149644
-0.138820 0.081349 0.571085
0.000000 0.000000 0.000000
0.616974 0.007620 -0.563044
0.000000 0.000000 0.000000
0.142048 0.229885 0.115372
-0.127634 0.007620 -0.410585
0.036080 0.266391 0.453472
-0.284248 0.024080 -0.271796
-0.367095 -0.033742 0.559684
-0.010736 0.161087 -0.721016
0.552933 0.049662 -0.485316
0.094810 0.024073 -0.430421
-0.222607 0.486272 0.597562
-0.420616 0.024073 -0.438549
0.324905 0.155982 0.064839
-0.318304 0.198623 0.410674
-0.019095 0.474120 0.618212
-0.302096 0.155982 0.103405
0.388099 -0.086791 -0.704264
-0.218722 0.164971 0.335556
0.000000 0.000000 0.000000
0.000000 0.000000 0.000000
0.464041 0.024080 -0.292601
0.129879 0.143681 -0.701699
0.000000 0.000000 0.000000
0.207347 -0.137193 -0.434189
0.365699 0.171756 -0.620598
0.032194 0.250455 -0.452259
0.115347 0.024080 0.169944
-0.521309 -0.050665 -0.634769
-0.632581 0.007620 -0.023769
-0.323246 -0.037801 -0.080191
0.000000 0.000000 0.000000
0.152791 0.024073 0.061611
0.000000 0.000000 0.000000
0.430706 0.206553 -0.399246
-0.077885 0.024073 0.294410
0.000000 0.000000 0.000000
0.003382 0.155982 0.141246
0.000000 0.000000 0.000000
0.137775 0.155982 0.269797
0.000000 0.000000 0.000000
-0.274089 0.155982 -0.590103
-0.155917 0.007620 -0.694097
0.200543 -0.137193 -0.029233
0.379102 0.024080 -0.566712
-0.315958 0.155982 -0.241057
0.000000 0.000000 0.000000
-0.564056 0.083219 -0.541091
0.000000 0.000000 0.000000
0.221548 0.024073 -0.442961
0.000000 0.000000 0.000000
0.000000 0.000000 0.000000
0.645942 -0.016247 -0.499271
-0.539755 0.142672 0.420704
0.000000 0.000000 0.000000
0.000000 0.000000 0.000000
0.028148 0.024080 -0.040847
-0.418715 0.024080 0.374757
-0.100983 -0.053674 -0.080191
0.426196 0.007620 -0.377356
0.000000 0.000000 0.000000
-0.107452 0.219009 0.406912
0.000000 0.000000 0.000000
-0.302683 0.212209 -0.200127
-0.329851 0.007620 0.395145
-0.583683 0.007620 0.333203
-0.062574 0.155982 -0.605262
0.000000 0.000000 0.000000
-0.083953 0.012178 -0.704238
-0.521309 -0.042307 -0.462002
0.000000 0.000000 0.000000
-0.358653 0.316486 0.628965
0.233198 0.155999 -0.350555
-0.509767 0.024080 0.000880
0.000000 0.000000 0.000000
-0.267989 0.024073 -0.664847
-0.022319 0.155982 -0.313619
0.000000 0.000000 0.000000
-0.100316 0.404259 0.547274
-0.312185 0.225903 0.581869
-0.279328 0.289421 0.492947
0.545594 0.022277 -0.720724
0.000000 0.000000 0.000000
-0.429292 0.212817 -0.480389
0.000000 0.000000 0.000000
-0.582619 0.007620 0.132626
-0.132569 0.155982 -0.467036
0.000000 0.000000 0.000000
0.415769 0.204198 -0.197043
0.000000 0.000000 0.000000
0.000000 0.000000 0.000000
0.000000 0.000000 0.000000
-0.195492 0.172925 0.576294
-0.212847 0.101772 0.570854
-0.210370 -0.065467 -0.064389
-0.646617 0.320293 0.623309
-0.057239 0.155982 0.017514
-0.470296 0.024080 -0.343551
-0.585723 0.024080 -0.118822
0.038194 0.347944 0.566953
-0.343174 0.007620 0.515319
0.000000 0.000000 0.000000
-0.098856 0.007620 0.524035
-0.074254 -0.059358 -0.704264
0.497813 -0.020038 -0.596099
0.223475 0.063854 -0.708250
-0.390333 0.155982 0.177560
-0.212528 0.155982 -0.441936
0.509916 0.178075 -0.419891
-0.473484 0.004177 -0.720723
0.339310 -0.137193 -0.488530
0.000000 0.000000 0.000000
0.000000 0.000000 0.000000
0.238868 0.207577 -0.439446
0.134918 0.155982 0.099482
0.000000 0.000000 0.000000
-0.361284 0.161461 0.314088
-0.606787 0.007620 -0.521746
0.056557 0.155982 -0.522656
0.177677 -0.160788 -0.704238
-0.474821 0.158506 -0.249897
0.112268 0.024080 -0.661316
0.000000 0.000000 0.000000
0.000000 0.000000 0.000000
-0.657108 0.080505 -0.175744
0.197311 0.007620 -0.595733
-0.179023 0.240003 0.628965
-0.164675 0.007620 0.461689
0.497813 -0.049977 -0.382412
0.000000 0.000000 0.000000
-0.521598 0.178550 -0.016938
-0.474834 0.024073 -0.652789
-0.112586 0.204547 -0.153555
0.120223 0.171190 -0.019878
0.051218 0.431146 0.628965
0.000000 0.000000 0.000000
-0.468096 0.007620 0.226765
0.268176 0.024073 -0.259775
0.000000 0.000000 0.000000
0.017020 0.209042 -0.154905
0.396037 0.173608 -0.267254
-0.242815 0.024080 -0.571173
-0.087937 0.192130 0.506782
-0.039282 0.024080 -0.519793
0.000000 0.000000 0.000000
0.000000 0.000000 0.000000
0.645008 -0.055377 -0.609832
-0.712243 0.089930 -0.529130
0.013071 0.173861 -0.049730
0.000000 0.000000 0.000000
0.001980 0.155982 0.292779
0.000000 0.000000 0.000000
0.172309 0.209507 -0.217786
-0.409139 0.019529 0.575154
-0.519712 0.155966 -0.475558
0.000000 0.000000 0.000000
0.000000 0.000000 0.000000
0.000000 0.000000 0.000000
-0.420973 0.189534 -0.383766
0.000000 0.000000 0.000000
0.000000 0.000000 0.000000
-0.404945 0.024080 -0.129890
0.644210 0.022157 -0.682128
0.000000 0.000000 0.000000
0.471412 0.177919 -0.622210
0.012874 0.024080 -0.224227
-0.240160 0.007620 0.352650
-0.331040 0.379879 0.576294
-0.333578 0.024080 -0.535686
-0.250808 0.155398 0.544871
0.251475 -0.039989 -0.064389
-0.546695 0.094824 -0.200385
0.575600 0.079025 -0.305447
-0.107937 0.024080 0.086809
-0.547486 0.418096 0.576294
-0.345526 0.024080 -0.210986
0.283505 0.024073 -0.359094
0.000000 0.000000 0.000000
0.032243 0.024073 -0.484961
-0.262886 -0.024481 0.559684
-0.118000 0.155982 -0.380060
0.000000 0.000000 0.000000
-0.521309 -0.026603 -0.223116
-0.190485 0.007620 -0.289601
0.139710 0.183427 -0.399294
0.000000 0.000000 0.000000
0.166938 0.205275 -0.112138
0.000000 0.000000 0.000000
-0.104108 0.164760 -0.715182
-0.199163 0.166478 0.089014
-0.353456 0.020763 -0.720724
0.635071 0.048397 -0.427304
-0.317921 0.024073 -0.347975
-0.119893 0.334751 0.511882
0.121067 0.024073 -0.097545
0.000000 0.000000 0.000000
-0.082726 0.217936 -0.210283
0.217052 0.221682 0.051234
-0.417699 0.171061 -0.664673
0.000000 0.000000 0.000000
0.000000 0.000000 0.000000
-0.156262 0.007620 -0.003578
0.000000 0.000000 0.000000
0.000000 0.000000 0.000000
0.000000 0.000000 0.000000
-0.128836 0.155982 -0.273124
0.000000 0.000000 0.000000
0.000000 0.000000 0.000000
-0.506550 -0.039678 0.029107
0.459283 0.174360 -0.126374
0.597070 -0.132030 -0.720724
0.000000 0.000000 0.000000
-0.579049 0.103805 0.628965
-0.370759 0.175317 0.576294
-0.483086 0.155982 0.150561
0.000000 0.000000 0.000000
0.000000 0.000000 0.000000
0.000000 0.000000 0.000000
0.000000 0.000000 0.000000
0.000000 0.000000 0.000000
-0.652237 0.151171 0.580158
-0.184658 0.007620 -0.176473
0.000000 0.000000 0.000000
-0.490558 0.272797 0.576294
0.000000 0.000000 0.000000
0.000000 0.000000 0.000000
0.000000 0.000000 0.000000
0.000000 0.000000 0.000000
0.000000 0.000000 0.000000
0.000000 0.000000 0.000000
-0.586819 0.007620 -0.616580
-0.171964 0.024073 -0.506080
-0.497464 0.016149 0.576294
-0.596772 0.024080 -0.427862
-0.139287 0.153512 0.441587
-0.267189 0.071691 -0.708840
-0.545777 0.110268 -0.603009
-0.489954 0.024080 -0.471924
-0.306395 0.072362 0.570408
-0.214246 0.155982 -0.345095
-0.585148 0.163180 -0.264529
0.000000 0.000000 0.000000
-0.507135 0.341154 0.628965
-0.059708 0.155982 0.363816
-0.755598 0.041619 -0.527234
-0.559252 0.024080 -0.332937
0.000000 0.000000 0.000000
0.000000 0.000000 0.000000
0.000000 0.000000 0.000000
0.000000 0.000000 0.000000
-0.278593 0.254536 -0.394699
0.000000 0.000000 0.000000
0.533274 0.147466 -0.542768
0.021471 0.007620 0.188289
-0.641146 0.062182 -0.085642
-0.315100 0.141907 0.480227
0.000000 0.000000 0.000000
-0.277106 0.169904 -0.660196
0.360509 0.209697 -0.410815
0.084475 0.024080 -0.541113
0.000000 0.000000 0.000000
-0.652889 -0.007530 0.567122
0.000000 0.000000 0.000000
-0.203644 0.172584 -0.016472
-0.170885 0.155982 -0.621616
-0.281459 -0.032437 -0.720722
-0.122770 0.418992 0.628965
0.049593 0.200194 -0.295557
0.180789 0.172537 -0.583212
-0.437525 -0.023419 -0.080191
0.497813 -0.062599 -0.512871
-0.606384 0.152858 -0.458874
-0.410716 0.024080 -0.525323
-0.023470 0.154792 0.546417
-0.358827 0.002362 0.628965
-0.337515 0.024080 0.065247
0.271612 -0.000547 -0.704264
0.339308 0.157792 -0.156630
0.305101 0.007620 -0.523331
0.192449 0.155982 0.237881
-0.534707 0.189200 -0.217900
-0.074931 0.024080 -0.099754
0.551749 0.034071 -0.540114
-0.685292 0.081828 -0.276614
0.622446 0.079976 -0.514950
0.256221 0.155982 0.132611
0.000000 0.000000 0.000000
-0.506550 -0.001980 0.459144
0.027154 0.155982 0.386461
0.290246 -0.137193 -0.375630
0.000000 0.000000 0.000000
0.072075 -0.137193 -0.398347
-0.356391 0.158300 -0.561545
-0.182465 0.379731 0.564142
0.180311 0.007620 -0.228965
-0.642282 0.394717 0.583016
0.394342 0.168355 -0.476763
-0.644393 0.007620 -0.659971
0.000000 0.000000 0.000000
0.000000 0.000000 0.000000
0.019742 0.015275 -0.704238
0.000000 0.000000 0.000000
-0.246631 0.274293 0.587739
0.000000 0.000000 0.000000
0.125471 0.155982 -0.255466
-0.572412 0.007620 0.009993
0.000000 0.000000 0.000000
0.439087 0.024080 -0.623713
0.000000 0.000000 0.000000
0.038219 0.024080 -0.380748
0.000000 0.000000 0.000000
0.000000 0.000000 0.000000
0.175110 0.007620 -0.034012
-0.233635 0.170280 -0.185916
0.000000 0.000000 0.000000
-0.172600 0.007620 0.548605
0.110756 -0.089035 -0.720722
-0.017443 -0.127572 -0.720721
-0.159645 0.024080 0.363082
0.000000 0.000000 0.000000
-0.603430 0.036641 0.628965
0.316186 -0.137193 -0.249790
0.000000 0.000000 0.000000
0.218245 0.176806 -0.268826
0.312793 0.154343 -0.255698
0.000000 0.000000 0.000000
0.008726 0.357565 0.628965
0.000000 0.000000 0.000000
-0.181418 0.024080 0.175899
-0.645748 0.077441 -0.351414
0.000000 0.000000 0.000000
0.000000 0.000000 0.000000
-0.485802 0.151892 0.628965
0.000000 0.000000 0.000000
0.000000 0.000000 0.000000
0.000000 0.000000 0.000000
0.320223 -0.139070 -0.704264
-0.396270 0.024073 0.105509
0.003670 0.224236 -0.358381
0.094623 0.024073 -0.261985
-0.491100 0.155982 0.215993
0.387476 0.024073 -0.205257
-0.249555 0.155982 -0.520409
-0.083857 0.182300 0.172764
0.558087 0.166967 -0.645223
-0.253186 0.192152 0.144194
0.584356 0.154406 -0.402703
-0.504067 0.155982 -0.637359
-0.102560 0.265828 0.628965
-0.031961 0.393095 0.576294
-0.462572 0.246795 -0.403734
-0.535814 -0.067031 -0.720721
0.320812 0.169784 -0.680178
-0.506550 -0.023880 0.351855
-0.011737 0.024080 0.401563
-0.351531 0.201177 -0.170339
0.000000 0.000000 0.000000
0.396432 0.218923 -0.524219
0.000000 0.000000 0.000000
0.586944 0.007620 -0.623266
0.000000 0.000000 0.000000
0.382541 -0.026884 -0.704264
0.000000 0.000000 0.000000
-0.210616 0.182776 -0.120568
-0.082774 0.155982 -0.196957
-0.142130 0.007620 -0.336010
0.008179 0.170486 -0.643546
-0.491513 0.231221 -0.464316
-0.044219 0.024073 0.233502
-0.171995 0.253561 -0.325600
0.000000 0.000000 0.000000
0.000000 0.000000 0.000000
0.419641 0.157712 -0.554280
0.000000 0.000000 0.000000
0.000000 0.000000 0.000000
-0.506550 -0.019928 -0.384621
0.000000 0.000000 0.000000
-0.652889 -0.031520 -0.542441
-0.087023 0.024080 -0.188303
0.044401 0.192291 -0.212832
-0.142845 0.091117 -0.710140
0.000000 0.000000 0.000000
-0.326705 0.158646 -0.044802
-0.130184 0.007620 0.209049
0.025114 0.314584 0.519407
0.074364 0.024080 -0.122465
0.000000 0.000000 0.000000
0.000000 0.000000 0.000000
-0.511018 0.155982 -0.528627
0.469712 -0.153648 -0.719776
-0.421020 0.362537 0.628965
0.000000 0.000000 0.000000
0.480655 0.024080 -0.420820
0.413048 0.164062 -0.687753
0.000000 0.000000 0.000000
0.317511 0.170759 -0.461395
-0.256116 0.339394 0.554906
-0.287443 0.402129 0.628965
0.454565 -0.047540 -0.720723
0.122633 0.172022 -0.616250
-0.416063 0.155982 0.255009
0.000000 0.000000 0.000000
-0.378823 0.155982 0.437126
-0.518717 0.007613 -0.286654
-0.650438 0.093612 -0.557067
0.058518 0.155982 -0.448311
-0.657735 0.030735 -0.230254
0.071062 0.191160 -0.358027
-0.652251 0.008060 0.308330
0.000000 0.000000 0.000000
-0.402421 0.244006 0.576294
0.000000 0.000000 0.000000
-0.259004 0.024080 0.091990
0.644646 -0.123741 -0.652624
0.000000 0.000000 0.000000
0.104285 -0.121139 -0.064389
0.000000 0.000000 0.000000
0.000000 0.000000 0.000000
-0.335436 0.007620 -0.024649
0.000000 0.000000 0.000000
0.000000 0.000000 0.000000
0.000000 0.000000 0.000000
0.341177 0.007620 -0.140059
-0.261056 0.024080 0.284274
0.217079 0.024073 -0.092256
0.104546 0.264937 0.410998
-0.419719 0.151504 0.628965
0.286007 0.155982 -0.304251
0.129329 0.193537 0.344146
-0.383005 0.024073 -0.305701
-0.656551 0.133022 -0.501391
-0.486630 0.200509 0.576294
-0.522364 0.024080 0.065513
-0.278679 0.214587 -0.290100
-0.055355 0.024080 -0.343791
-0.146652 0.157542 0.305326
-0.416419 0.474120 0.627705
0.000000 0.000000 0.000000
0.108500 0.407411 0.599268
0.354657 0.182194 -0.048833
-0.090888 0.163214 -0.106259
-0.114706 0.007620 -0.050966
0.397420 0.024080 -0.444358
-0.075561 0.207473 -0.293486
0.262792 0.188291 -0.153905
-0.551698 0.024080 0.199209
0.000000 0.000000 0.000000
-0.018659 0.024073 0.344511
