0.509410 -0.108586 0.417270
0.432203 -0.027706 0.624849
0.000000 0.000000 0.000000
-0.272685 0.341281 0.635780
0.000000 0.000000 0.000000
0.000000 0.000000 0.000000
0.000000 0.000000 0.000000
0.000000 0.000000 0.000000
0.027911 0.105526 0.427209
0.000000 0.000000 0.000000
0.000000 0.000000 0.000000
0.000000 0.000000 0.000000
0.000000 0.000000 0.000000
0.000000 0.000000 0.000000
0.188857 0.389806 0.628648
0.000000 0.000000 0.000000
0.353197 0.064922 0.161394
0.000000 0.000000 0.000000
0.000000 0.000000 0.000000
0.000000 0.000000 0.000000
0.302229 0.125626 0.503364
0.000000 0.000000 0.000000
0.000000 0.000000 0.000000
0.000000 0.000000 0.000000
0.000000 0.000000 0.000000
0.000000 0.000000 0.000000
0.000000 0.000000 0.000000
0.000000 0.000000 0.000000
0.000000 0.000000 0.000000
0.000000 0.000000 0.000000
0.049512 0.121000 0.624849
0.000000 0.000000 0.000000
0.547059 -0.100597 0.140187
0.000000 0.000000 0.000000
0.437221 0.043992 0.432862
0.000000 0.000000 0.000000
0.000000 0.000000 0.000000
0.000000 0.000000 0.000000
0.000000 0.000000 0.000000
0.413448 0.240496 0.633605
0.000000 0.000000 0.000000
0.000000 0.000000 0.000000
-0.050684 0.422009 0.635780
0.000000 0.000000 0.000000
0.000000 0.000000 0.000000
0.203750 0.043992 0.555684
0.000000 0.000000 0.000000
0.000000 0.000000 0.000000
0.000000 0.000000 0.000000
0.369164 -0.077195 0.265718
0.000000 0.000000 0.000000
0.000000 0.000000 0.000000
0.000000 0.000000 0.000000
0.537538 -0.107581 0.035195
0.000000 0.000000 0.000000
0.352378 -0.000275 0.624849
0.000000 0.000000 0.000000
0.554165 -0.088806 0.272477
0.215061 0.075930 0.292814
0.000000 0.000000 0.000000
0.000000 0.000000 0.000000
0.000000 0.000000 0.000000
0.521800 0.043992 0.530260
0.000000 0.000000 0.000000
0.000000 0.000000 0.000000
0.000000 0.000000 0.000000
0.000000 0.000000 0.000000
0.000000 0.000000 0.000000
0.000000 0.000000 0.000000
0.000000 0.000000 0.000000
0.000000 0.000000 0.000000
0.000000 0.000000 0.000000
0.000000 0.000000 0.000000
0.217316 0.188439 0.624849
-0.098146 0.249916 0.624849
0.000000 0.000000 0.000000
0.000000 0.000000 0.000000
0.556289 -0.109467 0.623462
0.522256 0.038991 0.281815
0.227402 -0.023905 0.624849
0.000000 0.000000 0.000000
0.097665 0.118444 0.571438
0.292916 0.043992 0.450328
0.000000 0.000000 0.000000
0.000000 0.000000 0.000000
0.411080 0.103002 0.585863
0.059445 0.266752 0.624849
0.000000 0.000000 0.000000
0.000000 0.000000 0.000000
-0.240558 0.222364 0.624849
0.000000 0.000000 0.000000
0.263638 0.232854 0.624849
0.000000 0.000000 0.000000
0.371562 -0.077195 0.421186
0.000000 0.000000 0.000000
0.000000 0.000000 0.000000
0.000000 0.000000 0.000000
0.000000 0.000000 0.000000
0.000000 0.000000 0.000000
0.000000 0.000000 0.000000
0.000000 0.000000 0.000000
0.000000 0.000000 0.000000
0.000000 0.000000 0.000000
0.524803 -0.111072 -0.048130
0.000000 0.000000 0.000000
0.244545 0.079610 0.589119
0.000000 0.000000 0.000000
0.000000 0.000000 0.000000
0.000000 0.000000 0.000000
0.000000 0.000000 0.000000
0.000000 0.000000 0.000000
0.000000 0.000000 0.000000
0.000000 0.000000 0.000000
0.178508 0.104746 0.446394
0.000000 0.000000 0.000000
0.361949 0.063952 0.309209
0.000000 0.000000 0.000000
0.000000 0.000000 0.000000
-0.086104 0.103847 0.481937
0.000000 0.000000 0.000000
0.000000 0.000000 0.000000
0.000000 0.000000 0.000000
0.000000 0.000000 0.000000
0.000000 0.000000 0.000000
0.000000 0.000000 0.000000
0.345292 -0.077195 0.532591
0.000000 0.000000 0.000000
0.163026 0.078971 0.154279
0.000000 0.000000 0.000000
0.000000 0.000000 0.000000
0.000000 0.000000 0.000000
0.000000 0.000000 0.000000
0.000000 0.000000 0.000000
0.000000 0.000000 0.000000
0.000000 0.000000 0.000000
-0.096836 0.127084 0.624849
0.000000 0.000000 0.000000
0.000000 0.000000 0.000000
0.059156 0.043992 0.524939
0.000000 0.000000 0.000000
0.120565 0.080534 -0.050886
0.000000 0.000000 0.000000
0.000000 0.000000 0.000000
0.000000 0.000000 0.000000
0.000000 0.000000 0.000000
0.000000 0.000000 0.000000
0.000000 0.000000 0.000000
0.000000 0.000000 0.000000
0.000000 0.000000 0.000000
0.338004 -0.077195 0.328397
0.000000 0.000000 0.000000
0.490669 -0.077195 0.530044
0.000000 0.000000 0.000000
0.000000 0.000000 0.000000
0.000000 0.000000 0.000000
0.000000 0.000000 0.000000
0.000000 0.000000 0.000000
0.460718 0.043992 0.484654
0.000000 0.000000 0.000000
0.000000 0.000000 0.000000
0.000000 0.000000 0.000000
0.000000 0.000000 0.000000
0.000000 0.000000 0.000000
0.489374 -0.067961 0.214239
0.148402 0.049540 0.388749
0.000000 0.000000 0.000000
0.275751 0.071762 0.347546
0.000000 0.000000 0.000000
0.522256 -0.000919 0.597156
0.374716 0.123411 0.448768
-0.338641 0.243835 0.624849
0.495763 0.047588 0.198577
0.000000 0.000000 0.000000
0.067180 0.400320 0.624849
0.000000 0.000000 0.000000
0.305589 -0.077195 0.568043
0.000000 0.000000 0.000000
0.000000 0.000000 0.000000
0.434740 -0.077195 0.064692
0.000000 0.000000 0.000000
0.000000 0.000000 0.000000
0.000000 0.000000 0.000000
0.000000 0.000000 0.000000
-0.142158 0.359514 0.620184
0.298570 0.335272 0.613599
0.341625 0.046417 0.514718
0.000000 0.000000 0.000000
0.111827 0.019531 0.624849
0.000000 0.000000 0.000000
0.522256 0.001418 0.386781
0.000000 0.000000 0.000000
0.493946 -0.153398 0.606032
0.499637 0.074572 0.624849
0.000000 0.000000 0.000000
0.000000 0.000000 0.000000
0.000000 0.000000 0.000000
0.000000 0.000000 0.000000
0.000000 0.000000 0.000000
0.461679 -0.077195 0.349646
0.000000 0.000000 0.000000
0.243240 0.074200 0.179946
0.111575 0.080866 0.303073
0.317038 0.122635 0.624849
0.000000 0.000000 0.000000
0.555720 -0.071489 0.528328
0.000000 0.000000 0.000000
-0.012407 0.092567 0.562746
0.000000 0.000000 0.000000
0.109268 0.214726 0.624849
0.000000 0.000000 0.000000
0.000000 0.000000 0.000000
0.332258 0.127036 0.546362
0.000000 0.000000 0.000000
0.000000 0.000000 0.000000
0.000000 0.000000 0.000000
0.317108 0.068202 0.243254
0.000000 0.000000 0.000000
0.000000 0.000000 0.000000
0.000000 0.000000 0.000000
0.000000 0.000000 0.000000
0.000000 0.000000 0.000000
0.000000 0.000000 0.000000
0.000000 0.000000 0.000000
0.000000 0.000000 0.000000
0.000000 0.000000 0.000000
0.109637 0.080937 0.242107
0.000000 0.000000 0.000000
0.000000 0.000000 0.000000
0.000000 0.000000 0.000000
0.555935 -0.081269 0.325467
0.000000 0.000000 0.000000
0.000000 0.000000 0.000000
0.183744 0.077853 0.382678
0.440105 0.055144 0.330587
0.000000 0.000000 0.000000
0.000000 0.000000 0.000000
0.000000 0.000000 0.000000
0.000000 0.000000 0.000000
-0.017823 0.308492 0.624849
0.102166 0.125777 0.507598
0.000000 0.000000 0.000000
0.000000 0.000000 0.000000
0.168432 0.087992 0.624849
0.455057 -0.077195 0.156322
0.000000 0.000000 0.000000
0.000000 0.000000 0.000000
0.000000 0.000000 0.000000
0.000000 0.000000 0.000000
0.522256 -0.032281 0.094608
-0.040414 0.084233 0.629146
0.000000 0.000000 0.000000
0.540583 -0.207512 0.653544
0.405362 -0.077195 0.183592
0.000000 0.000000 0.000000
0.328290 0.067239 0.079972
0.000000 0.000000 0.000000
0.000000 0.000000 0.000000
0.000000 0.000000 0.000000
0.167915 0.078791 0.065049
0.000000 0.000000 0.000000
0.000000 0.000000 0.000000
0.000000 0.000000 0.000000
0.556070 -0.074150 0.415682
0.000000 0.000000 0.000000
0.000000 0.000000 0.000000
0.000000 0.000000 0.000000
0.181865 0.281257 0.624849
0.000000 0.000000 0.000000
0.467801 0.043992 0.572722
0.000000 0.000000 0.000000
0.000000 0.000000 0.000000
0.000000 0.000000 0.000000
0.000000 0.000000 0.000000
0.000000 0.000000 0.000000
0.000000 0.000000 0.000000
0.000000 0.000000 0.000000
0.000000 0.000000 0.000000
0.000000 0.000000 0.000000
0.000000 0.000000 0.000000
0.000000 0.000000 0.000000
0.045813 0.043992 0.580595
0.000000 0.000000 0.000000
0.522256 -0.034004 0.178847
0.000000 0.000000 0.000000
0.000000 0.000000 0.000000
0.000000 0.000000 0.000000
0.080909 0.044018 0.464087
0.460235 -0.077195 -0.028363
0.000000 0.000000 0.000000
0.428726 0.074703 0.536487
0.000000 0.000000 0.000000
0.000000 0.000000 0.000000
0.000000 0.000000 0.000000
0.000000 0.000000 0.000000
0.000000 0.000000 0.000000
0.000000 0.000000 0.000000
-0.196695 0.306422 0.624849
0.000000 0.000000 0.000000
0.000000 0.000000 0.000000
0.000000 0.000000 0.000000
0.235138 0.043992 0.516734
0.418171 -0.077195 0.492061
0.166776 0.085729 0.552256
0.465909 0.155689 0.624849
0.000000 0.000000 0.000000
0.000000 0.000000 0.000000
0.000000 0.000000 0.000000
0.235025 0.074704 0.090906
0.378671 -0.077195 0.615652
0.000000 0.000000 0.000000
0.000000 0.000000 0.000000
0.000000 0.000000 0.000000
0.501828 -0.104271 0.095371
-0.006387 0.229381 0.624849
0.000000 0.000000 0.000000
0.150000 -0.011023 0.624849
0.000000 0.000000 0.000000
0.000000 0.000000 0.000000
0.283326 -0.077195 0.474748
0.000000 0.000000 0.000000
0.000000 0.000000 0.000000
0.000000 0.000000 0.000000
0.098576 0.081345 0.102502
0.000000 0.000000 0.000000
0.000000 0.000000 0.000000
0.000000 0.000000 0.000000
0.000000 0.000000 0.000000
0.000000 0.000000 0.000000
0.399907 0.043617 0.624849
0.000000 0.000000 0.000000
0.522256 -0.032063 0.460986
0.000000 0.000000 0.000000
0.143157 0.043992 0.464271
0.000000 0.000000 0.000000
0.000000 0.000000 0.000000
0.000000 0.000000 0.000000
0.349806 0.272416 0.613599
0.000000 0.000000 0.000000
0.489185 -0.068579 0.609760
-0.160760 0.225533 0.624849
0.000000 0.000000 0.000000
0.119315 0.320255 0.624849
0.000000 0.000000 0.000000
0.000000 0.000000 0.000000
0.000000 0.000000 0.000000
0.000000 0.000000 0.000000
0.000000 0.000000 0.000000
0.000000 0.000000 0.000000
-0.174347 0.142994 0.624849
0.287009 0.010071 0.624849
0.000000 0.000000 0.000000
0.000000 0.000000 0.000000
-0.211346 0.387756 0.634736
0.000000 0.000000 0.000000
0.000000 0.000000 0.000000
0.445282 -0.077195 0.279007
0.000000 0.000000 0.000000
0.000000 0.000000 0.000000
0.348340 0.194605 0.624849
0.261795 0.105157 0.439241
0.522256 -0.015707 0.245689
0.021933 0.120247 0.508216
-0.291649 0.229028 0.624849
0.000000 0.000000 0.000000
0.066531 0.082177 0.352590
0.000000 0.000000 0.000000
0.396251 0.060149 0.240928
0.522256 0.034453 0.434961
0.000000 0.000000 0.000000
0.000000 0.000000 0.000000
0.000000 0.000000 0.000000
0.000000 0.000000 0.000000
0.000000 0.000000 0.000000
0.000000 0.000000 0.000000
0.000000 0.000000 0.000000
0.341405 0.045500 0.388749
0.000000 0.000000 0.000000
0.000000 0.000000 0.000000
0.000000 0.000000 0.000000
0.000000 0.000000 0.000000
0.155294 0.152156 0.624849
0.000000 0.000000 0.000000
0.000000 0.000000 0.000000
0.000000 0.000000 0.000000
-0.371467 0.292977 0.632258
-0.008301 0.170716 0.624849
0.000000 0.000000 0.000000
0.000000 0.000000 0.000000
0.502676 -0.049468 0.033510
0.000000 0.000000 0.000000
0.000000 0.000000 0.000000
0.000000 0.000000 0.000000
0.000000 0.000000 0.000000
0.000000 0.000000 0.000000
0.000000 0.000000 0.000000
0.000000 0.000000 0.000000
0.125165 0.049739 0.575724
0.337073 0.062678 0.577220
0.000000 0.000000 0.000000
0.000000 0.000000 0.000000
0.000000 0.000000 0.000000
0.000000 0.000000 0.000000
0.000000 0.000000 0.000000
0.000000 0.000000 0.000000
0.223685 0.043992 0.424852
0.000000 0.000000 0.000000
0.000000 0.000000 0.000000
0.000000 0.000000 0.000000
0.000000 0.000000 0.000000
0.000000 0.000000 0.000000
0.000000 0.000000 0.000000
0.000000 0.000000 0.000000
0.000000 0.000000 0.000000
0.000000 0.000000 0.000000
0.361133 0.070742 0.624849
0.000000 0.000000 0.000000
0.000000 0.000000 0.000000
0.000000 0.000000 0.000000
0.000000 0.000000 0.000000
0.000000 0.000000 0.000000
0.000000 0.000000 0.000000
-0.068777 0.196915 0.624849
0.379382 -0.077195 0.361337
0.092853 0.107466 0.429128
0.039617 0.334689 0.624849
0.000000 0.000000 0.000000
0.000000 0.000000 0.000000
0.000000 0.000000 0.000000
0.370083 0.043992 0.425452
0.000000 0.000000 0.000000
0.000000 0.000000 0.000000
0.000000 0.000000 0.000000
0.000000 0.000000 0.000000
0.000000 0.000000 0.000000
0.248698 0.363654 0.619998
0.000000 0.000000 0.000000
-0.144422 0.302847 0.624849
0.000000 0.000000 0.000000
0.000000 0.000000 0.000000
0.000000 0.000000 0.000000
0.000000 0.000000 0.000000
0.508846 -0.108352 0.479224
0.000000 0.000000 0.000000
0.000000 0.000000 0.000000
0.522256 0.038725 0.331617
0.006460 0.035819 0.631809
0.000000 0.000000 0.000000
0.177824 0.078217 0.225619
0.000000 0.000000 0.000000
0.543072 -0.103982 0.201735
0.000000 0.000000 0.000000
0.522256 -0.029701 0.329249
0.000000 0.000000 0.000000
0.000000 0.000000 0.000000
0.437303 -0.077195 0.396358
-0.072690 0.096892 0.534368
0.000000 0.000000 0.000000
0.000000 0.000000 0.000000
0.000000 0.000000 0.000000
0.000000 0.000000 0.000000
0.000000 0.000000 0.000000
0.516064 -0.110591 0.290420
0.000000 0.000000 0.000000
0.000000 0.000000 0.000000
0.000000 0.000000 0.000000
0.000000 0.000000 0.000000
0.000000 0.000000 0.000000
0.000000 0.000000 0.000000
0.000000 0.000000 0.000000
-0.062170 0.362475 0.624849
0.508494 0.043992 0.598066
0.000000 0.000000 0.000000
0.000000 0.000000 0.000000
0.007644 0.425251 0.635780
0.197604 0.035819 0.628504
0.000000 0.000000 0.000000
0.000000 0.000000 0.000000
0.000000 0.000000 0.000000
0.000000 0.000000 0.000000
0.000000 0.000000 0.000000
0.000000 0.000000 0.000000
0.000000 0.000000 0.000000
0.093663 0.091242 0.624849
0.000000 0.000000 0.000000
0.000000 0.000000 0.000000
0.000000 0.000000 0.000000
0.305025 0.069242 0.120780
0.000000 0.000000 0.000000
0.556005 -0.073653 0.061448
0.000000 0.000000 0.000000
0.000000 0.000000 0.000000
0.000000 0.000000 0.000000
0.000000 0.000000 0.000000
0.257406 0.103928 0.544026
0.000000 0.000000 0.000000
0.000000 0.000000 0.000000
0.000000 0.000000 0.000000
-0.004684 0.376783 0.625456
0.454668 0.053167 0.163987
0.000000 0.000000 0.000000
0.000000 0.000000 0.000000
0.000000 0.000000 0.000000
0.258544 0.102878 0.624849
0.427228 0.101189 0.478205
0.097941 0.081368 0.182517
0.000000 0.000000 0.000000
0.061707 0.174006 0.624849
0.000000 0.000000 0.000000
0.167294 0.078814 0.319916
0.000000 0.000000 0.000000
0.000000 0.000000 0.000000
0.000000 0.000000 0.000000
0.000000 0.000000 0.000000
0.000000 0.000000 0.000000
0.000000 0.000000 0.000000
0.000000 0.000000 0.000000
0.398871 0.059859 0.386838
0.000000 0.000000 0.000000
-0.101005 0.417834 0.621837
0.000000 0.000000 0.000000
0.000000 0.000000 0.000000
0.000000 0.000000 0.000000
0.472668 0.050724 0.249224
0.000000 0.000000 0.000000
0.000000 0.000000 0.000000
0.000000 0.000000 0.000000
0.000000 0.000000 0.000000
0.000000 0.000000 0.000000
0.000000 0.000000 0.000000
0.000000 0.000000 0.000000
-0.292978 0.297448 0.624849
0.000000 0.000000 0.000000
0.000000 0.000000 0.000000
0.000000 0.000000 0.000000
0.000000 0.000000 0.000000
0.403945 0.122283 0.511736
0.000000 0.000000 0.000000
0.000000 0.000000 0.000000
0.000000 0.000000 0.000000
0.000000 0.000000 0.000000
0.000000 0.000000 0.000000
0.000000 0.000000 0.000000
0.000000 0.000000 0.000000
0.000000 0.000000 0.000000
0.000000 0.000000 0.000000
0.000000 0.000000 0.000000
0.503844 -0.048571 0.409001
0.000000 0.000000 0.000000
0.000000 0.000000 0.000000
0.000000 0.000000 0.000000
0.000000 0.000000 0.000000
0.000000 0.000000 0.000000
0.000000 0.000000 0.000000
0.410599 0.165773 0.619797
0.323992 -0.054558 0.624849
0.000000 0.000000 0.000000
0.000000 0.000000 0.000000
0.522256 -0.069971 0.561015
0.000000 0.000000 0.000000
0.524809 -0.111071 0.574309
0.000000 0.000000 0.000000
0.284019 0.043992 0.557202
0.522256 -0.027123 0.511509
0.335444 -0.077195 0.460268
0.000000 0.000000 0.000000
0.460564 -0.077195 0.454728
0.502625 -0.104883 0.371738
0.000000 0.000000 0.000000
0.000000 0.000000 0.000000
0.000000 0.000000 0.000000
0.130476 0.376104 0.624849
0.545164 -0.198220 0.599668
0.000000 0.000000 0.000000
0.000000 0.000000 0.000000
0.000000 0.000000 0.000000
0.000000 0.000000 0.000000
0.311214 -0.077195 0.389871
0.000000 0.000000 0.000000
0.000000 0.000000 0.000000
0.000000 0.000000 0.000000
0.000000 0.000000 0.000000
0.000000 0.000000 0.000000
0.303123 0.069405 0.185080
0.000000 0.000000 0.000000
0.000000 0.000000 0.000000
0.000000 0.000000 0.000000
0.000000 0.000000 0.000000
0.000000 0.000000 0.000000
0.465381 0.035819 0.633518
0.490501 -0.065240 0.258890
0.315219 0.253299 0.624849
-0.141772 0.122362 0.546446
0.000000 0.000000 0.000000
0.000000 0.000000 0.000000
0.000000 0.000000 0.000000
0.174652 0.068673 0.508172
0.493265 -0.095124 0.019028
0.000000 0.000000 0.000000
0.471320 0.050907 0.379876
0.000000 0.000000 0.000000
0.000000 0.000000 0.000000
0.000000 0.000000 0.000000
0.000000 0.000000 0.000000
0.000000 0.000000 0.000000
-0.418167 0.252150 0.614283
0.246527 0.306443 0.624849
0.000000 0.000000 0.000000
0.165127 0.212461 0.624849
0.000000 0.000000 0.000000
0.000000 0.000000 0.000000
0.000000 0.000000 0.000000
0.000000 0.000000 0.000000
0.167183 0.078818 -0.016938
0.000000 0.000000 0.000000
0.000000 0.000000 0.000000
0.000000 0.000000 0.000000
0.000000 0.000000 0.000000
0.000000 0.000000 0.000000
0.000000 0.000000 0.000000
0.499202 -0.116954 0.649909
0.000000 0.000000 0.000000
0.271786 -0.077195 0.609930
0.000000 0.000000 0.000000
0.000000 0.000000 0.000000
0.000000 0.000000 0.000000
0.000000 0.000000 0.000000
0.056292 0.058656 0.414132
0.000000 0.000000 0.000000
0.000000 0.000000 0.000000
0.205551 0.134719 0.624849
0.000000 0.000000 0.000000
0.000000 0.000000 0.000000
0.000000 0.000000 0.000000
0.121980 0.080483 0.033028
0.000000 0.000000 0.000000
0.000000 0.000000 0.000000
0.000000 0.000000 0.000000
0.000000 0.000000 0.000000
0.000000 0.000000 0.000000
-0.091085 0.319197 0.624849
0.000000 0.000000 0.000000
0.000000 0.000000 0.000000
0.308112 0.061473 0.624849
0.000000 0.000000 0.000000
0.156769 0.079201 0.271332
-0.112883 0.180023 0.624849
0.495661 0.119334 0.630393
0.242177 0.035819 0.622267
0.000000 0.000000 0.000000
0.000000 0.000000 0.000000
0.000000 0.000000 0.000000
0.000000 0.000000 0.000000
0.000000 0.000000 0.000000
0.000000 0.000000 0.000000
0.000000 0.000000 0.000000
0.000000 0.000000 0.000000
0.000000 0.000000 0.000000
0.415010 0.105411 0.426092
0.000000 0.000000 0.000000
0.404535 0.043992 0.476133
0.000000 0.000000 0.000000
0.000000 0.000000 0.000000
0.000000 0.000000 0.000000
0.380031 0.061948 0.093310
0.000000 0.000000 0.000000
0.000000 0.000000 0.000000
0.000000 0.000000 0.000000
0.000000 0.000000 0.000000
0.540303 -0.067958 0.653759
0.000000 0.000000 0.000000
0.444323 0.084559 0.620773
0.000000 0.000000 0.000000
0.402410 0.059466 0.187524
0.288283 0.095770 0.583223
0.179618 0.338090 0.624849
0.000000 0.000000 0.000000
0.000000 0.000000 0.000000
0.284025 0.071049 0.059496
0.538615 -0.107135 0.088684
0.000000 0.000000 0.000000
0.325700 0.110843 0.432907
0.000000 0.000000 0.000000
0.000000 0.000000 0.000000
0.000000 0.000000 0.000000
0.000000 0.000000 0.000000
0.000000 0.000000 0.000000
0.000000 0.000000 0.000000
0.000000 0.000000 0.000000
0.000000 0.000000 0.000000
0.000000 0.000000 0.000000
0.000000 0.000000 0.000000
0.000000 0.000000 0.000000
0.450603 -0.077195 0.522682
0.315804 0.165547 0.624849
0.000000 0.000000 0.000000
0.102128 0.081213 0.385254
0.000000 0.000000 0.000000
0.546617 -0.053217 0.236883
0.000000 0.000000 0.000000
0.256267 -0.077195 0.540102
0.130112 0.255101 0.624849
0.000000 0.000000 0.000000
0.000000 0.000000 0.000000
0.000000 0.000000 0.000000
0.499628 -0.102584 0.142760
0.000000 0.000000 0.000000
0.000000 0.000000 0.000000
0.000000 0.000000 0.000000
0.000000 0.000000 0.000000
0.000000 0.000000 0.000000
0.000000 0.000000 0.000000
0.037108 0.216859 0.624849
0.000000 0.000000 0.000000
0.000000 0.000000 0.000000
0.000000 0.000000 0.000000
0.292265 -0.077195 0.429584
0.003172 0.113992 0.624849
