0.000000 0.000000 0.000000
-0.410287 0.031322 -0.138577
-0.215986 0.017503 0.280857
-0.156926 -0.068585 -0.011696
0.038207 0.059830 0.104318
-0.411233 -0.051148 0.135807
-0.206456 0.053020 0.030024
-0.040198 -0.075395 0.170549
0.040088 -0.075395 -0.052934
-0.366650 -0.075395 -0.066437
-0.240524 -0.068585 0.174227
-0.270021 0.059830 -0.163188
-0.303174 -0.075395 -0.239013
-0.345063 0.053020 0.168322
0.212515 0.053020 0.126989
-0.075423 0.059830 -0.109110
-0.450533 0.030268 -0.000907
0.000000 0.000000 0.000000
-0.115073 0.053020 0.169175
0.133618 -0.068585 0.061192
0.114748 0.061289 -0.022358
0.000000 0.000000 0.000000
0.263850 -0.047236 -0.016814
0.423764 0.058884 0.030401
-0.346121 0.059830 0.038515
-0.357892 -0.040300 0.231806
0.050324 0.003060 0.181505
-0.226513 -0.068585 -0.131848
-0.353155 0.006663 -0.236547
-0.286356 -0.068585 0.030442
-0.063496 0.059830 0.076882
-0.050512 -0.075395 0.038315
-0.395118 -0.075395 -0.160787
0.163806 -0.068585 -0.097921
-0.223942 0.059830 0.185094
0.276983 0.002009 0.071244
-0.165707 0.053020 -0.169025
-0.426919 -0.068585 0.038285
0.000000 0.000000 0.000000
-0.047523 0.035456 0.209220
-0.322339 0.059830 -0.069159
0.093668 -0.068585 0.158871
0.000000 0.000000 0.000000
-0.400873 -0.003190 0.181396
-0.076819 0.059830 0.027981
-0.068984 -0.068585 -0.100956
-0.159191 0.063235 -0.050892
-0.307248 0.037644 0.253852
-0.434055 0.053020 0.106968
0.032770 0.061289 -0.074032
-0.144023 -0.075395 0.139301
-0.226971 0.059830 0.117934
0.119496 0.059830 0.157381
-0.267537 -0.054386 0.270604
0.000000 0.000000 0.000000
-0.341488 -0.075395 0.137364
0.000000 0.000000 0.000000
-0.442398 -0.049757 -0.085642
0.018564 -0.068585 -0.124586
-0.358919 -0.014806 -0.213062
0.224099 0.071388 0.034774
0.210380 -0.075395 0.055573
-0.072242 -0.028541 0.231663
-0.433972 0.035371 -0.064212
-0.320743 -0.068585 -0.140665
-0.117250 0.063235 0.006980
-0.229842 0.053020 -0.083017
-0.204125 -0.075395 0.058220
0.190476 -0.068585 -0.036391
0.032071 -0.075395 0.097502
-0.148856 -0.068585 -0.085534
-0.013962 0.059830 0.123661
-0.251391 -0.068585 -0.049624
0.093570 -0.075395 0.006808
-0.132632 0.053020 0.086340
0.097986 0.060802 0.059144
-0.351595 0.053020 -0.171066
0.000000 0.000000 0.000000
0.143144 -0.075395 0.109178
0.000000 0.000000 0.000000
-0.136156 0.063235 -0.052857
-0.291075 -0.075395 0.238644
-0.022192 0.053020 -0.024060
-0.069492 -0.075395 -0.042180
0.026149 -0.046942 0.177408
-0.123966 -0.068585 0.057928
-0.180760 -0.075395 0.228488
-0.271114 -0.075395 0.098145
0.298189 0.050578 0.035639
-0.385062 -0.068585 0.108179
-0.279377 -0.075395 -0.067738
-0.285795 0.059830 0.004888
-0.408387 -0.010728 -0.169535
-0.340463 -0.068585 -0.025326
-0.398305 0.053020 -0.020127
-0.260035 0.059830 0.237347
0.000000 0.000000 0.000000
-0.393871 -0.064908 0.192804
0.263850 0.015755 -0.001237
0.272695 0.059830 0.112032
0.000000 0.000000 0.000000
-0.450534 -0.032038 -0.014073
0.263850 -0.041606 0.025782
0.153315 0.059830 0.050135
0.149072 0.059830 0.081969
0.354521 0.060768 0.033842
-0.170305 0.059830 0.217859
-0.215555 -0.068585 0.259219
-0.355752 0.053020 0.108525
0.002463 0.053939 0.052097
-0.444123 -0.010930 0.077970
-0.387819 -0.068585 -0.084522
0.016461 -0.075395 0.051870
-0.363990 -0.075395 0.044274
-0.240608 -0.075395 -0.192851
-0.154424 -0.068585 -0.157658
-0.191127 -0.075395 0.146483
-0.291094 0.059830 0.102266
-0.341502 -0.068585 -0.199642
-0.012776 -0.075395 -0.140002
0.026493 0.058037 0.177408
-0.365172 -0.048509 -0.206418
-0.072801 -0.075395 0.104967
-0.010725 -0.034634 0.194681
-0.391912 0.059830 -0.085052
-0.123199 -0.068585 0.208526
-0.146226 0.063235 -0.111517
0.103901 -0.068585 -0.067712
-0.055698 0.053020 0.148413
0.082590 0.010968 0.198021
-0.036098 -0.075395 0.093961
-0.365681 0.023698 0.224636
-0.406293 0.059830 0.158343
0.000000 0.000000 0.000000
-0.077348 -0.075395 0.220744
-0.281373 0.059830 0.069855
0.000000 0.000000 0.000000
-0.311127 0.053020 -0.118304
-0.014247 -0.068585 -0.008973
-0.103454 0.053020 0.232145
-0.083419 -0.075395 -0.159741
-0.402404 -0.022992 0.153794
0.149724 -0.068585 -0.007019
-0.302157 0.053020 0.189191
0.000000 0.000000 0.000000
0.000000 0.000000 0.000000
-0.399800 -0.075395 -0.016127
-0.438896 0.053020 0.056237
-0.391866 0.059830 0.053761
-0.340950 0.059830 -0.027992
-0.033445 -0.075395 -0.158684
0.301734 -0.001329 0.003136
-0.222188 -0.068585 -0.005816
-0.202641 0.053020 -0.144346
-0.327492 -0.010827 -0.241162
-0.000856 0.026237 0.170597
-0.265772 0.059830 -0.041201
0.177424 0.053020 -0.055745
-0.080918 0.053020 -0.032103
0.062795 -0.068585 0.174900
-0.100694 -0.068585 -0.018456
0.266971 0.059830 0.058605
-0.357368 -0.075395 0.098010
0.171606 0.071197 -0.002150
-0.274325 0.010879 0.268785
-0.172994 0.053020 0.164305
-0.301855 -0.075395 0.179031
-0.236658 0.053020 0.082473
-0.424321 0.004804 0.138430
-0.089049 0.024676 0.243897
-0.413101 -0.053635 -0.131469
0.000000 0.000000 0.000000
-0.309775 -0.021716 0.252494
-0.194796 -0.068585 -0.062508
-0.316660 0.053020 0.125522
-0.351923 0.059830 -0.218458
-0.437399 -0.026887 0.026373
0.085247 0.060802 -0.070073
-0.014176 -0.075395 -0.079569
0.000000 0.000000 0.000000
0.263927 0.071265 0.010955
-0.179765 0.059830 0.275446
-0.438221 -0.002539 -0.103294
0.170961 0.059830 0.146801
-0.178383 0.053020 0.080549
-0.437991 -0.068585 0.090011
0.207293 0.053020 0.074494
0.000000 0.000000 0.000000
0.037499 -0.068585 0.000002
0.239785 0.053020 -0.014410
-0.094775 -0.068585 0.154366
0.191413 -0.075395 -0.094077
0.096272 0.059830 0.111105
-0.450533 0.033847 -0.037614
-0.207499 0.059830 -0.033622
0.000000 0.000000 0.000000
0.085825 -0.068585 0.084270
-0.243936 -0.068585 0.044208
-0.172486 -0.075395 0.180276
-0.345763 -0.015731 0.225119
0.066549 0.053020 0.152418
-0.279575 0.053020 -0.098266
-0.102071 0.059830 0.084728
-0.087954 0.059830 -0.057395
-0.262875 -0.016349 0.285450
-0.286380 -0.068585 -0.184659
0.055901 -0.068585 -0.098433
0.005152 -0.068585 0.137625
-0.219650 -0.075395 0.102804
-0.445474 -0.075395 -0.043631
-0.446237 -0.012013 -0.069420
0.175255 -0.068585 0.034348
-0.313527 -0.075395 0.262545
-0.254597 0.052742 0.287668
0.225610 -0.075395 -0.000290
0.000000 0.000000 0.000000
-0.210770 -0.075395 -0.176251
-0.401389 0.057175 -0.180936
0.250571 -0.068585 0.087943
-0.246153 -0.075395 0.218644
-0.020149 0.059830 -0.078019
0.000000 0.000000 0.000000
-0.296320 -0.075395 -0.010895
-0.102631 0.059830 0.040479
-0.360155 -0.068585 -0.154056
-0.392419 0.053020 0.123715
0.000000 0.000000 0.000000
-0.165787 -0.075395 0.090757
-0.178910 0.063235 -0.098404
-0.164583 0.063235 0.003408
-0.270400 -0.075395 -0.115730
0.283359 -0.001307 0.035750
-0.344702 -0.055165 -0.244329
-0.044312 -0.052133 0.206304
-0.407489 0.059830 0.097010
0.104750 -0.075395 0.031195
-0.342073 0.059830 0.232150
-0.214656 0.059830 0.243869
-0.379063 0.053020 -0.130185
-0.258888 0.059830 0.155245
-0.320028 0.053020 -0.171820
0.000000 0.000000 0.000000
-0.432589 0.059830 -0.103042
-0.308713 -0.068585 0.073304
-0.334322 -0.075395 -0.095220
0.199284 -0.068585 0.106066
0.052550 0.037224 0.182641
-0.176820 -0.075395 -0.203103
-0.329330 0.053020 0.082484
0.000000 0.000000 0.000000
-0.355911 -0.075395 -0.110322
-0.278613 -0.068585 0.142474
-0.240616 -0.068585 0.125361
-0.143871 0.063235 0.044443
0.276983 -0.073553 -0.046336
-0.379833 0.021326 -0.190841
0.000000 0.000000 0.000000
-0.110378 0.053020 0.118289
0.131625 -0.068585 0.153337
-0.374907 0.059830 0.208286
0.005103 -0.008856 0.182311
-0.024054 0.053020 0.017045
0.260937 -0.075395 0.015589
-0.210622 -0.075395 -0.102956
0.000000 0.000000 0.000000
0.262308 0.009482 0.102025
-0.189618 -0.068585 0.019587
0.000000 0.000000 0.000000
0.000000 0.000000 0.000000
-0.022799 0.053020 0.196306
-0.108497 -0.068585 -0.058177
-0.285950 -0.068585 0.204244
-0.031405 -0.075395 -0.056505
-0.356840 -0.075395 0.208859
0.000000 0.000000 0.000000
0.149360 -0.075395 -0.055040
-0.436721 0.021902 0.052216
0.201536 0.071135 -0.014267
-0.220981 0.059830 -0.185367
-0.390306 -0.068585 0.152725
-0.072478 0.059830 0.188521
-0.409428 -0.075395 -0.043849
-0.450171 -0.075395 -0.000317
0.065751 -0.068585 0.126299
0.263850 0.023677 0.033384
-0.300238 0.059830 0.027993
-0.218820 -0.075395 0.208300
-0.236258 -0.075395 0.015083
-0.123328 -0.068585 0.026716
-0.242130 0.059830 0.000975
0.150706 0.053020 0.000928
-0.360944 -0.075395 0.009273
-0.378148 0.059830 0.167536
0.294245 -0.027678 0.011682
-0.166452 0.053020 0.114838
-0.382672 0.031259 0.185945
-0.132584 0.053020 -0.014785
0.393130 0.069504 0.034603
-0.053389 -0.068585 -0.005547
-0.013883 -0.074457 0.197204
-0.391757 -0.075395 0.067785
-0.249978 0.053020 0.028344
-0.325731 -0.046911 0.257689
0.082516 -0.075395 -0.030744
-0.036449 -0.013854 0.216904
0.276983 0.044262 -0.019680
0.240112 -0.068585 -0.041770
0.221073 -0.068585 -0.075067
0.056496 -0.075395 -0.139314
0.000000 0.000000 0.000000
-0.107073 -0.075395 -0.126298
-0.242009 0.059830 -0.130522
-0.385394 -0.017210 -0.181889
-0.052846 0.059830 -0.010909
0.125824 0.059830 0.113914
-0.079854 -0.075395 0.065614
-0.063922 0.059830 0.236032
-0.109378 0.059830 -0.085808
0.178963 0.053020 0.025817
-0.178119 -0.075395 -0.129290
0.085110 0.059830 0.188274
0.000000 0.000000 0.000000
-0.260990 -0.075395 -0.151563
0.055670 -0.034225 0.169453
0.276983 -0.026334 0.076764
0.373402 0.049209 0.007633
-0.201813 0.059830 0.066339
0.152783 0.059830 0.189307
-0.432498 -0.027684 0.117769
-0.126919 0.053020 0.197901
0.026209 0.053020 0.120426
-0.437399 0.003160 -0.005050
0.000000 0.000000 0.000000
-0.450534 0.052037 0.017272
0.107531 -0.075395 0.122176
0.000000 0.000000 0.000000
-0.150649 0.059830 0.250290
-0.118030 -0.068585 -0.168658
-0.018835 -0.075395 0.027316
-0.364846 0.053020 -0.056095
-0.264724 0.059830 0.201796
0.292725 -0.047283 0.015269
-0.186758 -0.075395 -0.026013
0.000000 0.000000 0.000000
-0.422311 -0.005653 -0.143890
-0.227475 0.053020 0.272248
-0.433522 -0.075395 -0.109253
-0.380021 -0.032884 0.209422
0.263850 -0.060753 0.057383
0.019131 -0.075395 -0.096018
-0.405098 0.034350 0.174513
0.006319 0.053020 0.082796
0.000000 0.000000 0.000000
0.122468 -0.075395 -0.033933
0.302982 0.071273 0.012650
-0.410588 -0.075395 0.020622
-0.032267 -0.068585 0.138590
-0.134222 0.059830 0.146880
-0.091278 0.059830 0.260484
-0.026203 -0.075395 0.064688
0.000000 0.000000 0.000000
-0.201718 0.053020 0.152315
0.113949 0.053020 -0.048931
-0.084372 -0.068585 0.184129
-0.426034 0.013483 0.097372
-0.289126 0.053020 0.151230
-0.165786 0.059830 -0.136131
-0.419348 0.053020 0.001022
0.150226 0.071016 -0.037534
-0.321618 -0.075395 0.016767
0.240078 0.053020 0.100445
-0.314487 -0.068585 -0.205043
-0.391061 -0.075395 -0.128124
-0.230587 0.059830 -0.163771
0.339234 0.044714 -0.003775
0.276983 0.035088 0.063633
-0.055308 0.053020 0.113522
-0.402379 0.053020 0.018277
-0.292172 0.059830 -0.027021
0.237429 0.071050 -0.030898
-0.045895 0.053020 -0.050929
-0.282092 0.053020 -0.198671
-0.450533 -0.044205 -0.048881
-0.369430 0.059830 0.002802
0.263850 -0.002642 0.033580
-0.417298 0.059830 -0.057544
-0.349496 0.059830 -0.094243
0.262066 -0.034588 0.103864
0.240823 0.071315 0.020648
0.067874 -0.075395 0.034504
0.024816 -0.075395 0.174796
0.186963 0.053020 0.172603
-0.156645 -0.075395 0.027583
-0.302079 0.059830 0.230240
0.113198 0.061289 0.025301
-0.320796 -0.068585 0.157762
-0.133177 -0.075395 -0.111046
-0.313663 -0.075395 0.209967
-0.052223 0.059830 0.029792
0.260649 0.037234 0.114160
-0.150484 0.059830 0.282581
-0.263460 0.053020 0.115396
0.000000 0.000000 0.000000
0.000000 0.000000 0.000000
-0.103038 -0.075395 0.084089
-0.251513 -0.068585 0.076726
-0.259390 0.028685 0.286384
-0.114759 0.053020 -0.129065
-0.194996 0.053020 0.187039
0.000000 0.000000 0.000000
-0.321572 -0.075395 -0.170442
0.187148 -0.075395 -0.001402
-0.062364 0.053020 -0.080614
-0.234405 -0.068585 -0.077428
-0.123211 -0.068585 0.174883
-0.422687 0.053020 -0.133622
-0.347011 -0.075395 0.071795
0.284195 0.071368 0.030918
-0.450533 -0.015396 0.047670
-0.320757 0.059830 0.160169
-0.301042 -0.075395 -0.092553
-0.202212 0.059830 0.292958
-0.036243 -0.075395 -0.122161
-0.432498 -0.041495 0.070061
0.065246 0.059830 0.096040
0.000000 0.000000 0.000000
-0.365182 0.053020 0.058870
-0.098361 0.059830 -0.004639
-0.250081 -0.068585 0.250680
0.164418 -0.075395 0.083260
0.000000 0.000000 0.000000
-0.450534 0.003962 -0.038194
0.000000 0.000000 0.000000
-0.148691 -0.075395 0.230469
-0.022219 0.059830 0.152572
-0.340252 -0.068691 0.248044
0.000000 0.000000 0.000000
-0.179885 -0.075395 0.206360
-0.364243 0.059830 0.137910
-0.401133 -0.038277 -0.156246
-0.422688 0.028098 -0.107245
-0.131395 -0.075395 0.089198
0.166461 -0.068585 0.141231
0.015552 0.059830 -0.108908
0.279937 -0.000350 -0.020606
0.000000 0.000000 0.000000
-0.166313 0.053020 0.046100
-0.261632 -0.075395 -0.013565
0.019698 0.053020 0.147227
-0.325399 -0.075395 0.104477
0.000000 0.000000 0.000000
-0.375365 -0.068585 -0.186100
-0.450534 -0.045185 0.049926
-0.220714 -0.075395 -0.216427
-0.426767 0.047882 0.132250
-0.253304 0.059830 -0.068176
-0.002815 -0.075395 0.097054
-0.369187 -0.075395 0.163130
-0.076503 0.059830 0.121746
-0.438916 -0.035124 -0.100353
0.064586 -0.075395 -0.071052
0.000000 0.000000 0.000000
-0.354087 -0.075395 -0.228343
0.051014 -0.068585 0.145974
-0.136534 0.059830 0.227733
-0.450533 0.057256 -0.016331
0.211569 0.060064 0.008417
-0.303633 -0.075395 -0.040635
0.323371 0.069593 0.035358
0.201287 0.059830 0.042967
-0.143543 -0.075395 -0.189460
-0.250457 0.053020 -0.196058
0.120379 0.053020 0.072193
-0.379453 0.059830 -0.206390
-0.269810 -0.075395 -0.215252
-0.132878 0.053020 0.114668
0.111408 -0.075395 0.078487
0.000000 0.000000 0.000000
-0.300368 0.002627 0.271588
0.146521 0.053020 0.155426
-0.334128 -0.075395 -0.252204
0.263850 0.027939 0.080107
-0.165417 0.053020 -0.026377
-0.294047 0.059830 -0.057304
-0.309455 -0.068585 -0.058898
0.000000 0.000000 0.000000
0.150659 0.059830 0.123766
0.267577 0.071121 -0.017044
-0.426234 -0.075395 -0.081204
-0.375685 -0.003689 0.214030
0.280915 -0.020292 -0.019442
-0.133694 -0.075395 -0.033246
-0.090799 -0.068585 0.043939
-0.432153 -0.061026 0.118638
0.000000 0.000000 0.000000
-0.100684 -0.068585 0.120531
-0.286175 0.041873 0.263741
-0.059397 -0.068585 -0.068031
-0.146233 -0.075395 0.170321
-0.123290 0.063235 0.059364
-0.063367 -0.075395 0.146326
-0.004474 0.053020 0.170731
0.232762 -0.068585 0.034786
0.313506 0.026541 0.015378
0.173786 0.059830 0.078641
0.010733 -0.068585 0.017901
0.000000 0.000000 0.000000
-0.379478 0.059830 0.086844
0.009198 -0.075395 -0.062187
0.000000 0.000000 0.000000
-0.010759 0.053020 -0.108282
-0.205015 0.059830 -0.001309
0.027179 0.017964 0.164274
-0.442041 0.033610 -0.087151
-0.237909 0.053020 0.216207
-0.154786 0.053020 0.197487
0.000000 0.000000 0.000000
-0.362404 0.035166 -0.228033
0.018114 -0.068585 -0.023708
-0.008650 0.060802 -0.052148
-0.083485 0.059830 0.152416
-0.332405 0.059830 0.192910
-0.391904 0.052249 0.196011
-0.114837 0.061194 -0.033719
0.135375 -0.068585 0.029855
0.282698 -0.043727 -0.035017
-0.216536 -0.075395 -0.035139
-0.077260 0.059830 0.215404
-0.036885 0.059830 0.171145
-0.152948 -0.068585 0.055542
-0.345857 0.012226 0.242885
0.061977 0.053020 -0.078406
0.271087 -0.075395 -0.014258
-0.412167 0.017067 -0.163376
-0.095826 -0.075395 0.016235
-0.241366 -0.000918 0.277171
-0.404343 0.030512 0.150633
0.053855 -0.075395 -0.014933
-0.213700 0.059830 -0.116938
0.000000 0.000000 0.000000
0.000000 0.000000 0.000000
-0.026891 0.060802 0.048988
-0.359892 -0.075395 -0.039570
0.126252 0.059830 0.184530
-0.437399 -0.060815 -0.027326
0.257509 0.065575 0.036091
-0.429691 -0.033546 -0.125244
-0.362958 0.053020 -0.147108
0.205825 -0.068585 0.026006
-0.417849 -0.013108 0.119089
0.106840 -0.075395 -0.096646
-0.024083 -0.004435 0.188542
-0.273472 0.059830 -0.132376
0.000000 0.000000 0.000000
-0.039762 -0.075395 -0.093743
-0.403734 -0.035852 0.176736
-0.437399 0.013563 0.023477
-0.450533 -0.054515 0.013071
-0.053706 0.003876 0.214834
-0.441776 0.036405 0.087887
-0.293058 -0.068585 -0.158099
-0.300095 -0.075395 0.123638
-0.340662 0.053020 -0.000325
-0.201128 0.059830 0.101372
-0.327262 -0.075395 -0.051168
-0.331329 0.059830 0.250737
-0.181146 0.059830 0.021970
0.276983 -0.020016 0.051076
-0.347225 -0.038195 -0.224155
-0.205751 0.059830 0.216456
-0.319466 -0.068585 0.044917
-0.032348 0.013587 0.195442
-0.178481 -0.075395 -0.087859
-0.158187 -0.075395 -0.039435
-0.125489 -0.068585 -0.001033
-0.172135 -0.075395 0.065336
-0.409729 -0.075395 0.128984
0.000000 0.000000 0.000000
-0.128810 0.063235 -0.097104
0.008533 0.053020 -0.080959
0.263850 -0.010954 -0.034604
-0.305661 0.056588 0.269104
-0.185616 0.059830 0.137685
-0.332617 0.053020 -0.139413
0.192616 0.059830 0.107207
0.239792 -0.075395 0.066979
-0.191826 -0.068585 0.105955
-0.288388 -0.075395 0.273571
0.146977 0.071337 0.024804
0.000000 0.000000 0.000000
-0.327143 0.059830 0.057876
-0.111594 -0.075395 -0.090524
-0.421692 0.059830 -0.028808
-0.232303 -0.068585 -0.158895
-0.430961 0.007247 -0.076937
-0.046867 0.059830 0.210008
-0.289456 -0.026305 0.276710
-0.389410 0.059830 -0.043513
-0.190078 0.053020 -0.054142
-0.079190 -0.068585 -0.130047
0.132762 -0.068585 -0.093850
-0.426271 -0.025030 0.096371
0.000000 0.000000 0.000000
-0.056229 -0.068585 -0.141405
-0.169254 0.053020 -0.078176
-0.318207 0.059830 -0.202144
-0.019511 0.059830 0.089977
0.263850 0.045497 0.015858
-0.353362 0.048768 0.218124
-0.211891 -0.068585 0.032087
0.199441 0.053020 -0.006190
-0.401845 0.006063 0.154705
-0.033263 -0.073619 0.214012
0.042532 0.059830 -0.098497
0.181512 0.071035 -0.033536
0.119809 -0.075395 -0.002464
0.000000 0.000000 0.000000
-0.344606 -0.075395 0.168991
-0.164848 -0.068585 0.117079
-0.302534 0.053020 -0.145781
-0.224012 0.053020 -0.053107
-0.359167 -0.068585 0.230096
-0.407446 -0.075395 -0.102357
0.334049 0.047631 0.020261
-0.181405 0.053020 -0.016708
0.104483 0.053020 0.137137
0.000000 0.000000 0.000000
-0.298925 -0.075395 -0.125653
0.140683 0.053020 -0.025517
0.223739 -0.075395 0.097190
0.000000 0.000000 0.000000
-0.374995 0.059830 -0.181383
-0.399733 -0.075395 0.170929
-0.270039 -0.075395 0.059129
-0.235555 0.036649 0.291369
0.300909 0.010179 -0.022365
-0.125180 0.072963 0.031972
0.000000 0.000000 0.000000
-0.024010 0.033757 0.188484
0.187477 -0.075395 0.053138
0.034265 0.060802 0.076892
-0.406642 0.053020 0.071543
-0.366631 -0.068585 0.189947
0.276983 0.034756 -0.000678
-0.153052 0.063235 0.072657
0.219788 0.053020 -0.035513
-0.246689 -0.068585 -0.101514
-0.220092 -0.068585 0.141855
-0.147548 0.053020 0.021226
-0.315405 0.053020 -0.049270
0.263850 0.017061 -0.022990
-0.170116 0.039779 0.277112
-0.424862 0.028626 0.137062
-0.373448 0.053020 -0.102373
-0.348946 0.053020 -0.066180
-0.389225 -0.075395 0.008058
0.276753 -0.068585 0.036508
-0.265597 -0.075395 0.013476
0.088899 -0.068585 0.060060
-0.152554 -0.075395 -0.130313
-0.335101 -0.068585 -0.004330
-0.065330 0.039573 0.225387
-0.014801 -0.068585 -0.035438
0.057404 -0.068585 0.090541
0.276983 -0.002295 -0.000516
-0.206218 -0.075395 0.085549
0.276983 0.059263 0.082913
-0.395775 0.043637 -0.164976
0.000000 0.000000 0.000000
-0.066290 -0.075395 0.015058
-0.413172 0.053020 -0.094448
-0.389009 -0.052651 -0.200254
0.188325 0.071253 0.008645
-0.295832 -0.043460 0.259209
0.224143 0.059830 0.053820
-0.413451 -0.075395 -0.147753
-0.154970 -0.068585 0.206189
-0.045679 0.059830 -0.095684
0.056400 0.053020 0.129228
0.218414 -0.075395 -0.025888
-0.450533 -0.005371 0.019242
-0.273386 -0.075395 0.166765
0.000000 0.000000 0.000000
0.230098 0.053020 0.144183
0.008848 -0.075395 -0.006982
-0.033547 -0.025768 0.196530
-0.432501 -0.034241 -0.070428
0.166082 -0.075395 0.013335
-0.230639 0.059830 0.038030
0.247901 -0.068585 -0.016811
0.203746 -0.068585 0.076728
-0.320454 -0.068585 -0.113981
0.239155 0.059830 0.075290
0.000000 0.000000 0.000000
-0.404844 -0.075395 -0.065273
0.078608 -0.068585 -0.125596
-0.342258 -0.068585 -0.072435
-0.275949 -0.068585 -0.237619
0.000000 0.000000 0.000000
0.000000 0.000000 0.000000
-0.084744 0.053020 0.101607
0.000000 0.000000 0.000000
0.178636 0.053020 0.050648
-0.410151 -0.068585 0.102046
-0.257670 0.053020 -0.111932
-0.231476 0.053020 -0.027299
0.000000 0.000000 0.000000
-0.210007 -0.075395 0.231282
0.000000 0.000000 0.000000
-0.255235 0.059830 0.180630
-0.415840 0.055684 -0.157393
-0.278397 0.053020 0.183114
0.000000 0.000000 0.000000
0.243084 0.071202 -0.001388
-0.423722 -0.024579 0.139944
0.135346 0.053020 0.035939
-0.073711 0.053020 -0.007721
