0.000000 0.000000 0.000000
-0.093630 -0.257052 -0.374811
-0.008479 -0.111544 -0.373871
0.403897 -0.216972 0.497468
-0.107831 0.162433 -0.115906
0.000000 0.000000 0.000000
0.364181 -0.020773 -0.682252
0.000000 0.000000 0.000000
0.403897 -0.199134 -0.109995
0.000000 0.000000 0.000000
-0.175596 -0.185815 -0.818409
0.000000 0.000000 0.000000
0.403897 -0.199832 -0.657916
0.000000 0.000000 0.000000
0.000000 0.000000 0.000000
0.000000 0.000000 0.000000
0.059535 -0.257052 0.126079
0.000000 0.000000 0.000000
0.025298 -0.257052 0.510956
0.172040 -0.111544 0.454785
0.000000 0.000000 0.000000
0.123031 -0.111544 0.116273
0.403897 0.109383 -0.337069
0.236674 -0.111544 -0.446354
-0.196881 -0.266754 -0.002360
0.302119 -0.257052 -0.422302
0.002963 -0.111544 -0.081311
0.013904 0.005421 -0.642960
0.000000 0.000000 0.000000
0.000000 0.000000 0.000000
0.401372 -0.266754 0.196213
0.182422 -0.193930 -0.818409
0.000000 0.000000 0.000000
0.000000 0.000000 0.000000
0.070330 -0.257052 -0.180602
0.000000 0.000000 0.000000
0.000000 0.000000 0.000000
0.000000 0.000000 0.000000
0.000000 0.000000 0.000000
0.000000 0.000000 0.000000
0.027042 -0.257052 -0.661572
0.000000 0.000000 0.000000
0.000000 0.000000 0.000000
0.117481 -0.111544 -0.621064
0.000000 0.000000 0.000000
-0.278391 -0.257052 -0.612094
0.204570 -0.111544 -0.141780
-0.258692 -0.203670 -0.818409
0.143281 0.152543 -0.422276
0.000000 0.000000 0.000000
0.000000 0.000000 0.000000
0.403897 0.039148 -0.437436
0.310566 -0.111544 0.229486
0.000000 0.000000 0.000000
-0.199761 -0.024044 -0.687158
0.082786 -0.257052 0.284426
0.402658 -0.231174 -0.818409
0.307758 -0.111544 0.476722
0.000000 0.000000 0.000000
0.000000 0.000000 0.000000
-0.028696 -0.111544 0.309443
0.403897 -0.204558 -0.514418
0.222712 -0.257052 0.651520
0.000000 0.000000 0.000000
0.000000 0.000000 0.000000
-0.131258 0.147134 -0.375409
0.000000 0.000000 0.000000
0.000000 0.000000 0.000000
-0.149218 -0.257052 0.241811
0.000000 0.000000 0.000000
-0.016044 -0.257052 -0.150664
0.000000 0.000000 0.000000
-0.086986 -0.111544 -0.644426
0.201094 0.078242 -0.533727
0.000000 0.000000 0.000000
0.000000 0.000000 0.000000
0.237790 -0.257052 -0.630191
0.000000 0.000000 0.000000
0.281899 -0.111544 -0.683829
0.255827 -0.266754 0.023288
0.227390 -0.257052 0.409052
0.187561 -0.111544 -0.338599
0.403897 -0.228426 0.738585
0.000000 0.000000 0.000000
0.000000 0.000000 0.000000
0.403897 -0.132303 -0.330483
0.000000 0.000000 0.000000
0.000000 0.000000 0.000000
0.403897 -0.068368 0.051055
0.002908 -0.111544 0.589631
-0.256960 -0.257052 -0.481423
0.030938 -0.264481 0.772488
0.000000 0.000000 0.000000
0.158021 -0.053403 -0.731197
0.129348 -0.111544 -0.091028
-0.203513 -0.111544 -0.438523
0.309170 -0.257052 -0.214004
0.000000 0.000000 0.000000
0.146091 -0.111544 0.249371
0.403897 -0.039522 0.238659
0.107745 -0.257052 -0.367159
0.000000 0.000000 0.000000
-0.109662 -0.266754 0.026284
0.141970 -0.266754 -0.805176
-0.055178 0.153720 -0.420511
0.000000 0.000000 0.000000
-0.029820 -0.111544 -0.756335
0.000000 0.000000 0.000000
0.107530 0.107571 -0.489734
0.000000 0.000000 0.000000
0.053867 -0.257052 0.717127
0.000000 0.000000 0.000000
0.033906 -0.257052 -0.485216
-0.144154 -0.257052 0.428864
0.018127 -0.240022 -0.818409
0.403897 -0.000587 -0.210441
-0.200855 -0.257052 -0.195537
0.303493 -0.111544 0.324586
-0.056705 -0.111544 0.087462
0.257462 -0.257052 0.264580
0.403897 -0.214388 0.345263
0.363403 -0.134874 -0.818409
0.000000 0.000000 0.000000
0.000000 0.000000 0.000000
0.000000 0.000000 0.000000
0.000000 0.000000 0.000000
0.000000 0.000000 0.000000
-0.095606 0.081458 -0.528904
0.000000 0.000000 0.000000
0.000000 0.000000 0.000000
0.303694 0.123511 -0.465824
0.000000 0.000000 0.000000
-0.131953 -0.257052 -0.723307
0.000000 0.000000 0.000000
0.137527 -0.266754 -0.040826
0.298245 -0.257052 -0.738247
0.000000 0.000000 0.000000
0.000000 0.000000 0.000000
-0.123187 -0.257052 0.595171
-0.087087 -0.111544 -0.249209
0.280165 -0.111544 0.064070
0.000000 0.000000 0.000000
-0.090795 -0.111544 0.380222
0.000000 0.000000 0.000000
-0.124112 -0.257052 -0.569816
0.000000 0.000000 0.000000
-0.056663 -0.157146 0.811291
0.000000 0.000000 0.000000
0.000000 0.000000 0.000000
0.000000 0.000000 0.000000
0.000000 0.000000 0.000000
0.000000 0.000000 0.000000
0.223128 -0.261382 0.811291
0.000000 0.000000 0.000000
0.137453 -0.111544 -0.269231
0.368621 -0.111544 -0.189459
0.023622 -0.111544 -0.518601
0.000000 0.000000 0.000000
-0.080732 -0.257052 0.168393
0.000000 0.000000 0.000000
-0.030126 -0.130076 -0.818409
-0.230638 -0.257052 -0.333171
0.000000 0.000000 0.000000
0.142079 -0.111544 0.326714
0.339121 -0.111544 -0.549736
0.369747 0.056426 -0.566453
0.000000 0.000000 0.000000
0.338998 -0.257052 -0.537906
0.306599 -0.111544 -0.049921
0.000000 0.000000 0.000000
0.000000 0.000000 0.000000
0.121534 -0.257052 0.505075
0.000000 0.000000 0.000000
0.000000 0.000000 0.000000
0.000000 0.000000 0.000000
0.000000 0.000000 0.000000
0.000000 0.000000 0.000000
-0.264372 -0.257052 -0.773634
0.186505 -0.257052 -0.263114
0.000000 0.000000 0.000000
0.000000 0.000000 0.000000
0.000000 0.000000 0.000000
0.155584 0.017195 -0.625298
0.338076 -0.257052 0.077781
0.380352 -0.266754 -0.316493
0.000000 0.000000 0.000000
0.000000 0.000000 0.000000
0.403897 -0.179416 0.051041
0.124614 -0.111544 -0.536669
-0.031984 -0.111544 0.183195
0.000000 0.000000 0.000000
0.403897 0.009757 -0.073251
-0.020428 -0.257052 0.392306
0.356972 -0.257052 0.630352
-0.203523 -0.111544 -0.796236
-0.087841 -0.237296 0.811291
-0.060353 -0.266754 -0.808621
0.148751 -0.257052 -0.524180
0.000000 0.000000 0.000000
-0.066420 -0.040499 -0.711841
0.000000 0.000000 0.000000
0.000000 0.000000 0.000000
0.029592 -0.111544 0.456385
0.116404 -0.257052 -0.661614
0.268895 -0.257052 0.530248
-0.215981 -0.111544 -0.600583
0.000000 0.000000 0.000000
0.047081 0.043338 -0.586084
-0.052030 0.250689 -0.226468
0.403897 -0.099669 -0.636738
0.000000 0.000000 0.000000
0.000000 0.000000 0.000000
0.048808 -0.111544 0.010791
0.000000 0.000000 0.000000
-0.052030 0.206556 -0.296935
0.280536 0.169749 -0.396468
-0.113154 -0.111544 -0.523154
-0.085179 -0.257052 -0.261303
0.116212 -0.257052 0.342091
0.403897 -0.054447 -0.525955
0.000000 0.000000 0.000000
0.109582 -0.111544 0.563875
0.000000 0.000000 0.000000
0.000000 0.000000 0.000000
0.000000 0.000000 0.000000
0.403897 -0.128085 0.161900
0.000000 0.000000 0.000000
0.123909 0.246091 -0.352779
0.182047 -0.257052 0.133406
0.000000 0.000000 0.000000
-0.087385 -0.111544 0.613195
-0.209662 0.059340 -0.562082
0.267720 -0.111544 -0.265107
0.239802 -0.257052 -0.111323
-0.075153 -0.257052 0.702194
0.345002 -0.111544 -0.419833
0.062420 -0.111544 0.421222
0.000000 0.000000 0.000000
0.237928 -0.111544 -0.028441
0.000000 0.000000 0.000000
0.333442 -0.257052 0.362139
0.308711 -0.063720 -0.746673
0.000000 0.000000 0.000000
0.000000 0.000000 0.000000
0.403897 -0.142490 -0.730966
0.371590 -0.266754 -0.032005
0.000000 0.000000 0.000000
0.000000 0.000000 0.000000
0.344439 -0.249569 0.811291
-0.111455 -0.262589 -0.081164
0.000000 0.000000 0.000000
0.127192 -0.214749 0.811291
0.000000 0.000000 0.000000
0.000000 0.000000 0.000000
-0.130174 0.017625 -0.624654
0.203293 -0.111544 0.529537
0.122451 -0.257052 0.619753
0.062193 -0.266754 0.000259
-0.221120 -0.111544 -0.704133
0.403897 -0.210195 -0.228132
0.258014 0.021337 -0.619087
-0.165461 -0.111544 0.247460
0.376704 -0.266754 -0.438442
0.067879 -0.121223 -0.818409
0.000000 0.000000 0.000000
0.011981 -0.257052 -0.332712
0.000000 0.000000 0.000000
0.242268 -0.111544 -0.608643
-0.047675 -0.257052 0.292487
0.095093 -0.111544 -0.752342
0.000000 0.000000 0.000000
-0.133739 0.145514 -0.230994
0.403897 -0.055702 -0.369749
0.274208 -0.257052 0.158298
0.388918 -0.266754 -0.644267
-0.013848 -0.266754 -0.030301
-0.125109 -0.111544 -0.379306
0.000000 0.000000 0.000000
0.403897 0.090202 -0.155498
0.000000 0.000000 0.000000
0.000000 0.000000 0.000000
0.011314 0.099476 -0.501879
0.000000 0.000000 0.000000
0.403897 -0.087553 -0.071492
0.000000 0.000000 0.000000
0.000000 0.000000 0.000000
-0.098916 -0.111544 -0.139892
0.403897 -0.192210 -0.596275
0.100315 -0.111544 -0.378687
-0.185218 0.111894 -0.468972
0.000000 0.000000 0.000000
0.403897 -0.115722 0.287570
0.000000 0.000000 0.000000
0.000000 0.000000 0.000000
0.000000 0.000000 0.000000
0.000000 0.000000 0.000000
0.352927 -0.257052 0.474900
0.052758 -0.111544 0.198228
-0.147723 -0.257052 -0.451743
0.394887 0.138864 -0.442795
0.403897 -0.169747 0.395645
0.187158 -0.096515 -0.795865
0.006107 -0.111544 -0.218316
0.000000 0.000000 0.000000
-0.083199 -0.111544 -0.009636
0.000000 0.000000 0.000000
0.000000 0.000000 0.000000
0.000000 0.000000 0.000000
0.194477 -0.111544 0.165860
0.084864 -0.257052 -0.763338
0.000000 0.000000 0.000000
0.000000 0.000000 0.000000
0.000000 0.000000 0.000000
0.000000 0.000000 0.000000
0.000000 0.000000 0.000000
0.013527 -0.257052 -0.585078
0.295322 -0.222668 -0.818409
0.156745 -0.257052 0.735960
0.277649 -0.257052 -0.312229
0.000000 0.000000 0.000000
0.036998 -0.257052 -0.114669
0.401734 -0.266754 0.575681
0.197494 -0.257052 -0.385311
0.000000 0.000000 0.000000
0.000000 0.000000 0.000000
0.143612 -0.257052 0.081610
-0.235005 -0.111544 -0.339357
0.000000 0.000000 0.000000
0.021556 -0.257052 0.228978
0.100890 -0.257052 -0.280541
0.000000 0.000000 0.000000
0.278751 -0.257052 0.722345
0.000000 0.000000 0.000000
0.000000 0.000000 0.000000
0.296490 -0.026578 -0.690960
0.323431 -0.257052 -0.117186
0.000000 0.000000 0.000000
-0.156313 -0.257052 -0.279698
-0.007099 -0.257052 0.095957
0.225695 -0.257052 0.321085
0.164746 -0.257052 0.539569
0.000000 0.000000 0.000000
0.000000 0.000000 0.000000
0.058429 -0.257052 0.421295
0.027225 -0.257052 0.626612
0.201179 -0.257052 -0.723864
-0.158880 -0.266754 -0.793104
0.403897 0.056335 -0.245404
0.403897 -0.262229 -0.765645
0.085151 -0.111544 -0.179252
-0.038888 -0.257052 0.585481
0.000000 0.000000 0.000000
0.000000 0.000000 0.000000
0.000000 0.000000 0.000000
0.000000 0.000000 0.000000
-0.010619 -0.257052 -0.409517
0.244246 -0.257052 -0.478109
0.000000 0.000000 0.000000
-0.094508 -0.257052 -0.470636
-0.117509 -0.111544 -0.799713
0.034708 0.172779 -0.391921
0.157782 -0.257052 -0.153540
0.403897 -0.192476 -0.391147
0.000000 0.000000 0.000000
-0.158798 -0.257052 0.337694
0.000000 0.000000 0.000000
0.403897 -0.036885 0.139181
0.152621 -0.257052 0.219779
-0.002600 -0.111544 -0.602795
-0.077264 -0.111544 0.475097
0.000000 0.000000 0.000000
0.256451 -0.141037 -0.818409
0.000000 0.000000 0.000000
-0.066433 -0.257052 0.497288
0.392248 -0.266754 0.272536
0.000000 0.000000 0.000000
0.000000 0.000000 0.000000
0.085221 -0.224684 -0.818409
0.000000 0.000000 0.000000
0.236720 -0.111544 0.264575
0.000000 0.000000 0.000000
0.038944 -0.111544 0.664588
0.000000 0.000000 0.000000
-0.105093 -0.111544 0.261192
-0.074477 -0.257052 -0.654451
0.000000 0.000000 0.000000
0.000000 0.000000 0.000000
0.000000 0.000000 0.000000
0.140470 -0.111544 0.025160
0.403897 -0.176484 0.237107
0.010197 -0.257052 -0.249558
0.000000 0.000000 0.000000
-0.060525 -0.111544 -0.451985
0.403897 -0.188018 -0.016317
0.000000 0.000000 0.000000
0.000000 0.000000 0.000000
-0.192432 -0.257052 -0.624097
0.000000 0.000000 0.000000
0.218973 -0.111544 0.361486
0.000000 0.000000 0.000000
0.188938 -0.111544 -0.677717
0.000000 0.000000 0.000000
0.000000 0.000000 0.000000
0.326732 -0.111544 0.141437
0.403897 0.015478 0.019171
0.000000 0.000000 0.000000
0.000000 0.000000 0.000000
0.346129 -0.111544 -0.283503
-0.102168 -0.257052 -0.179537
0.000000 0.000000 0.000000
0.000000 0.000000 0.000000
0.000000 0.000000 0.000000
0.000000 0.000000 0.000000
0.282984 0.066870 -0.550787
0.403897 -0.235012 0.114608
0.023607 -0.111544 0.136306
-0.132012 -0.111544 0.125937
0.000000 0.000000 0.000000
-0.016188 0.243372 -0.352779
0.000000 0.000000 0.000000
0.027572 -0.111544 -0.454811
0.055150 -0.111544 -0.302502
0.000000 0.000000 0.000000
0.153124 -0.111544 -0.445368
0.000000 0.000000 0.000000
0.000000 0.000000 0.000000
0.403897 0.021562 -0.523200
0.065999 -0.265246 0.811291
-0.055759 -0.257052 -0.556113
-0.070525 0.186796 -0.195840
0.000000 0.000000 0.000000
0.000000 0.000000 0.000000
0.000000 0.000000 0.000000
0.207261 -0.014707 -0.673153
-0.298855 -0.257052 -0.690066
0.373747 -0.266754 -0.181738
0.308422 -0.257052 -0.676453
0.000000 0.000000 0.000000
0.241243 -0.257052 -0.546414
0.000000 0.000000 0.000000
0.000000 0.000000 0.000000
0.000000 0.000000 0.000000
0.262669 -0.111544 -0.185275
0.000000 0.000000 0.000000
-0.153137 -0.257052 0.157263
0.187098 -0.266754 0.012899
0.000000 0.000000 0.000000
-0.071387 -0.111544 0.699630
0.054687 -0.111544 0.320472
-0.275180 -0.257052 -0.553005
0.403897 -0.236667 0.429437
-0.049107 -0.257052 0.758589
0.000000 0.000000 0.000000
0.000000 0.000000 0.000000
0.389124 -0.070492 -0.756830
-0.148237 -0.111544 -0.303367
-0.152150 -0.111544 -0.702096
-0.029158 0.048945 -0.577674
0.403897 -0.000944 -0.602241
-0.018913 -0.111544 0.391557
0.231898 -0.266754 -0.789363
0.000000 0.000000 0.000000
-0.027936 -0.111544 -0.321884
0.000000 0.000000 0.000000
0.000000 0.000000 0.000000
0.000000 0.000000 0.000000
0.000000 0.000000 0.000000
-0.198543 -0.257052 -0.081586
0.000000 0.000000 0.000000
0.000000 0.000000 0.000000
-0.293259 -0.134946 -0.818409
0.330536 -0.111544 0.026792
-0.029164 -0.257052 -0.715252
0.000000 0.000000 0.000000
0.000000 0.000000 0.000000
0.000000 0.000000 0.000000
-0.154895 -0.257052 -0.353863
-0.208963 -0.257052 -0.703774
0.144756 -0.257052 0.299379
-0.012193 -0.058308 -0.738556
0.000000 0.000000 0.000000
0.000000 0.000000 0.000000
0.403897 -0.091005 0.342089
-0.088817 -0.182576 -0.818409
-0.155749 -0.111544 0.335858
0.000000 0.000000 0.000000
0.000000 0.000000 0.000000
0.000000 0.000000 0.000000
0.000000 0.000000 0.000000
-0.192992 -0.059266 -0.739991
0.118891 -0.257052 -0.442543
0.000000 0.000000 0.000000
0.158124 -0.257052 -0.595727
0.071171 -0.022998 -0.685589
0.012778 -0.111544 -0.158551
0.403897 0.020989 -0.357387
0.000000 0.000000 0.000000
0.000000 0.000000 0.000000
0.000000 0.000000 0.000000
0.195123 0.190927 -0.364699
0.000000 0.000000 0.000000
0.000000 0.000000 0.000000
-0.163765 -0.111544 -0.188696
-0.229842 0.015313 -0.628121
0.000000 0.000000 0.000000
0.195725 -0.111544 -0.222494
-0.189801 -0.257246 0.074045
0.188389 -0.111544 -0.510553
0.062304 -0.111544 0.068772
0.403897 -0.066643 -0.145292
0.126603 -0.111544 -0.685660
0.138703 -0.257052 0.402155
0.000000 0.000000 0.000000
-0.128708 -0.069116 -0.754767
0.394653 -0.266754 -0.557256
0.000000 0.000000 0.000000
0.403897 -0.018028 0.078476
0.324138 -0.257052 0.210596
0.000000 0.000000 0.000000
0.326576 0.029400 -0.606992
0.000000 0.000000 0.000000
0.403897 -0.132066 -0.502049
0.240691 -0.111544 -0.730874
0.000000 0.000000 0.000000
0.000000 0.000000 0.000000
0.402377 -0.266754 -0.106689
0.403897 0.001533 -0.291503
0.000000 0.000000 0.000000
0.000000 0.000000 0.000000
0.000000 0.000000 0.000000
0.000000 0.000000 0.000000
0.373675 -0.266754 0.695937
0.000000 0.000000 0.000000
0.000000 0.000000 0.000000
-0.080394 -0.257052 0.356968
0.282633 -0.111544 0.399561
0.107119 -0.111544 0.478100
0.403897 -0.063980 -0.434872
-0.014129 -0.198958 -0.818409
0.000000 0.000000 0.000000
0.000000 0.000000 0.000000
0.000000 0.000000 0.000000
0.296211 -0.111544 -0.338328
-0.112873 0.159140 -0.024910
0.229689 0.122124 -0.467905
0.328522 -0.257052 0.540227
-0.134123 0.145263 -0.307495
0.299841 -0.111544 -0.780683
-0.102402 -0.111544 0.194657
0.000000 0.000000 0.000000
-0.120556 -0.257052 -0.144189
0.105425 -0.257052 -0.116150
0.000000 0.000000 0.000000
-0.017314 -0.266754 0.040516
0.000000 0.000000 0.000000
0.000000 0.000000 0.000000
-0.184672 -0.111544 -0.013312
0.403897 -0.124528 -0.377074
0.000000 0.000000 0.000000
0.334411 -0.266754 -0.785272
0.213132 -0.111544 0.089630
-0.130649 -0.024276 -0.687506
0.000000 0.000000 0.000000
0.000000 0.000000 0.000000
0.070308 -0.257052 -0.618919
0.327420 -0.257052 -0.611288
0.203934 -0.257052 0.173369
0.000000 0.000000 0.000000
-0.143597 0.139076 -0.160073
0.145817 -0.257052 -0.725404
0.000000 0.000000 0.000000
0.000000 0.000000 0.000000
-0.120380 -0.257052 0.753730
0.000000 0.000000 0.000000
0.135623 -0.137661 -0.818409
-0.012059 -0.257052 0.144118
-0.132298 -0.111544 0.042061
-0.131186 -0.257052 0.505708
0.205540 -0.257052 -0.198645
0.270718 -0.111544 0.184005
0.000000 0.000000 0.000000
0.070514 -0.257052 -0.324328
0.000000 0.000000 0.000000
-0.190413 -0.111544 -0.535424
-0.095526 -0.257052 0.217093
-0.075884 -0.257052 0.101382
0.000000 0.000000 0.000000
0.000000 0.000000 0.000000
0.011230 -0.257052 0.333961
-0.214814 -0.257052 -0.245224
0.297495 -0.257052 0.410451
0.023372 -0.095543 -0.794407
0.000000 0.000000 0.000000
0.000000 0.000000 0.000000
0.051008 -0.257052 -0.402050
0.046906 -0.111544 -0.705964
0.403897 0.090775 -0.491106
0.176063 -0.257052 0.456682
0.000000 0.000000 0.000000
-0.131509 -0.257052 0.667172
0.000000 0.000000 0.000000
0.237703 -0.111544 -0.095558
0.000000 0.000000 0.000000
0.403897 -0.159363 -0.153161
0.403897 -0.118799 -0.569666
0.403897 -0.194087 0.153674
0.213529 -0.257052 0.077902
0.082681 -0.257052 0.516360
0.089187 -0.257052 -0.504955
0.359344 -0.111544 -0.723841
0.403897 -0.063622 -0.694076
0.329000 -0.257052 -0.369788
-0.196141 -0.257052 -0.555282
0.000000 0.000000 0.000000
0.226985 -0.257052 0.583851
0.000000 0.000000 0.000000
-0.031763 -0.111544 0.653595
0.314710 -0.111544 -0.628559
0.000000 0.000000 0.000000
-0.052030 0.283209 -0.305196
0.000000 0.000000 0.000000
-0.007349 -0.240761 0.811291
0.403897 -0.201417 -0.283061
0.367757 0.168870 -0.397786
0.000000 0.000000 0.000000
0.000000 0.000000 0.000000
-0.027132 -0.111544 0.251007
0.000000 0.000000 0.000000
0.224219 -0.257052 0.716285
-0.255302 -0.111544 -0.762680
0.117550 -0.111544 0.622728
0.000000 0.000000 0.000000
0.000000 0.000000 0.000000
-0.127500 -0.111544 -0.078825
0.060699 -0.257052 0.568090
0.000000 0.000000 0.000000
-0.125724 0.131976 -0.453127
0.047826 0.136368 -0.446540
0.159796 -0.257052 -0.312235
0.250809 -0.111544 -0.386158
0.239272 -0.257052 0.478000
0.000000 0.000000 0.000000
0.311937 -0.257052 -0.487191
0.000000 0.000000 0.000000
0.403897 -0.108116 -0.270271
0.000000 0.000000 0.000000
-0.149495 -0.111544 -0.597535
0.000000 0.000000 0.000000
0.000000 0.000000 0.000000
0.000000 0.000000 0.000000
0.100347 -0.266754 0.055259
0.264998 -0.266754 -0.052452
0.000000 0.000000 0.000000
0.347323 -0.111544 -0.126971
-0.039279 -0.111544 -0.507144
0.270179 -0.257052 -0.168873
0.191926 -0.213888 0.811291
-0.058187 -0.111544 -0.086515
0.078561 -0.257052 -0.699903
0.144754 0.053106 -0.571432
0.403897 0.062305 -0.096658
0.299290 -0.257052 0.658742
0.403897 -0.132245 0.091342
-0.207572 -0.111544 -0.651747
0.350659 -0.111544 0.369352
0.021267 -0.111544 0.529134
0.403897 -0.015715 -0.472273
0.002355 -0.180245 0.811291
0.335032 -0.111544 -0.483619
0.375473 -0.111544 0.216292
0.000000 0.000000 0.000000
0.403897 -0.250483 -0.382472
0.000000 0.000000 0.000000
0.403897 -0.198533 0.562424
-0.064530 -0.257052 0.435876
0.090744 -0.257052 0.668253
0.163904 -0.111544 0.590771
0.000000 0.000000 0.000000
0.000000 0.000000 0.000000
0.000000 0.000000 0.000000
0.094965 0.066571 -0.551235
0.403897 0.017889 -0.137046
-0.204999 -0.111544 -0.150909
0.000000 0.000000 0.000000
0.119607 -0.111544 -0.034439
0.334970 -0.257052 0.138743
-0.055362 -0.257052 -0.101863
0.206721 -0.257052 -0.317592
-0.059617 -0.091988 -0.789075
0.220812 0.158170 -0.413836
-0.082353 -0.257052 0.649618
0.000000 0.000000 0.000000
-0.035211 -0.257052 -0.490985
0.000000 0.000000 0.000000
0.130339 -0.111544 0.410110
0.230889 -0.111544 -0.549085
0.403897 -0.175096 -0.795686
0.000000 0.000000 0.000000
0.329497 -0.266754 0.018005
-0.196891 -0.257052 -0.398733
0.392346 -0.266754 0.372594
0.000000 0.000000 0.000000
0.000000 0.000000 0.000000
0.276182 -0.257052 0.085177
0.057159 -0.111544 -0.594963
0.048918 -0.257052 0.178132
-0.146839 0.072591 -0.542205
0.000000 0.000000 0.000000
0.000000 0.000000 0.000000
0.000000 0.000000 0.000000
0.208412 -0.072574 -0.759953
-0.190657 -0.257052 -0.496228
0.000000 0.000000 0.000000
0.000000 0.000000 0.000000
0.074880 -0.111544 -0.115148
0.000000 0.000000 0.000000
-0.032354 -0.111544 0.511338
