-0.196719 -0.009206 0.090807
-0.034584 0.003723 0.296447
0.035673 -0.001221 0.999363
0.168881 -0.000328 0.132153
-0.024577 -0.002555 0.641626
0.027308 -0.009988 -0.142999
0.012312 0.008596 0.042836
0.000000 0.000000 0.000000
-0.157319 0.008596 -0.094410
0.037061 0.008596 0.886677
-0.003411 -0.002555 0.455857
0.000000 0.000000 0.000000
-0.106796 -0.009988 -0.214976
-0.041647 -0.009988 0.086716
-0.111338 -0.009988 -0.014751
-0.051071 -0.004030 0.769846
0.036766 0.008596 0.183841
0.003017 0.008596 -0.099918
0.000000 0.000000 0.000000
-0.164961 0.008596 -0.176169
-0.073674 -0.009988 -0.175581
0.000000 0.000000 0.000000
-0.096186 0.008596 0.055217
-0.051464 0.008596 -0.048506
0.102978 0.008596 0.030777
0.031361 0.004206 0.562207
-0.033544 0.002666 0.408661
-0.111950 -0.007175 0.154412
0.049620 -0.009988 -0.044040
-0.006096 -0.009988 0.023643
0.000000 0.000000 0.000000
0.192640 -0.008108 0.033912
0.024801 -0.008130 0.761868
-0.036136 -0.009988 -0.110771
-0.005414 -0.008130 0.857009
0.034801 -0.002555 0.353833
0.005496 0.008596 0.115951
-0.146334 0.008596 -0.004044
-0.021714 0.008596 -0.178843
-0.184494 0.003860 0.019845
0.075698 0.008596 -0.054647
-0.085526 0.008596 -0.145966
-0.032856 0.008193 0.516813
-0.035349 0.001698 0.199594
0.031293 -0.002555 0.242641
0.000000 0.000000 0.000000
-0.143973 -0.009988 -0.144738
0.000000 0.000000 0.000000
0.025357 0.008596 0.694968
-0.128358 -0.009988 -0.054783
-0.004541 0.008596 0.917859
-0.217966 -0.000808 -0.215118
-0.090636 -0.009988 0.058777
0.000000 0.000000 0.000000
-0.154382 0.008596 0.062855
-0.025212 0.008596 0.780169
-0.082064 0.008596 -0.224370
0.145301 0.000157 0.079453
0.000000 0.000000 0.000000
-0.045152 0.008596 0.008378
-0.107306 -0.009988 -0.090461
0.013557 0.008596 -0.029888
0.039626 0.008596 0.824950
0.104346 -0.009988 -0.092494
0.000000 0.000000 0.000000
-0.152432 -0.009988 0.139543
0.029933 0.001661 0.637582
-0.079543 0.008596 0.106921
-0.019221 -0.009988 -0.193322
-0.025260 0.008596 0.580471
-0.035620 -0.009988 0.000314
0.113766 -0.009988 -0.007457
0.036242 0.008251 0.304632
-0.056303 -0.009988 -0.138939
0.053688 0.008596 0.034175
-0.055013 -0.009988 -0.240308
0.028446 0.008596 0.945752
-0.077270 0.008596 -0.090411
0.000000 0.000000 0.000000
-0.028977 -0.009988 0.069208
0.001083 0.008596 0.059073
-0.032871 0.008596 0.450424
0.040292 -0.009710 0.090865
0.013167 0.008596 0.513152
0.158338 0.008596 0.016819
-0.165902 -0.009988 -0.187808
0.027061 0.008596 0.419291
-0.031619 0.002540 0.712215
0.167453 -0.009988 0.006519
-0.088815 -0.009988 -0.070474
-0.013126 -0.009988 -0.057240
-0.025338 -0.002555 0.360221
-0.181982 0.008596 0.039923
-0.119552 0.008596 0.006739
0.027106 0.008596 -0.155214
0.185489 0.008596 0.085097
-0.032365 0.008596 0.255124
0.000000 0.000000 0.000000
-0.129479 0.008596 0.127155
-0.153373 -0.009988 0.112655
0.056255 0.008596 -0.003174
0.003547 -0.008130 0.756475
-0.111227 0.008596 -0.045714
0.130499 0.008596 -0.034432
-0.153887 -0.009988 -0.072190
0.048194 -0.009988 0.014457
-0.143813 -0.009988 -0.236657
0.056391 -0.009988 -0.089793
0.000000 0.000000 0.000000
-0.116514 -0.009988 0.090231
-0.108642 0.008596 -0.190793
0.040641 0.008596 -0.105664
-0.134140 -0.009988 0.028761
-0.178363 0.007402 0.004014
0.000000 0.000000 0.000000
-0.050235 0.008596 0.078304
-0.127811 0.008596 -0.112934
0.000000 0.000000 0.000000
0.012191 -0.008130 0.961246
0.000000 0.000000 0.000000
0.003572 0.008596 0.892438
0.000000 0.000000 0.000000
-0.023770 0.008596 0.154252
0.000000 0.000000 0.000000
-0.084085 -0.009988 0.117250
-0.011032 0.008596 0.838482
0.012142 -0.002555 0.598064
-0.024255 -0.009988 -0.153913
0.000583 -0.002555 0.158835
0.000000 0.000000 0.000000
0.025772 -0.009988 -0.069773
0.000000 0.000000 0.000000
0.000147 -0.002555 0.206362
0.055358 -0.000190 0.959714
-0.007138 0.008596 -0.028029
0.000489 -0.008130 0.807333
0.031571 -0.002555 0.475760
-0.036627 0.008596 -0.214730
-0.180036 -0.000938 -0.130752
0.000000 0.000000 0.000000
-0.039227 -0.009988 -0.066002
-0.006067 -0.002555 0.329423
0.149785 0.003824 0.097085
-0.095252 -0.009988 -0.136496
0.008964 0.008596 0.279868
0.006276 0.008596 0.725368
-0.079340 -0.009988 0.013046
0.000000 0.000000 0.000000
0.004863 0.008596 0.390266
-0.166968 0.008596 0.105769
-0.122627 -0.009988 -0.183405
0.084738 -0.009988 -0.009683
0.085796 0.008596 -0.093123
0.013181 -0.009988 -0.028670
-0.192742 0.008596 -0.206570
0.000000 0.000000 0.000000
-0.164095 0.004166 -0.042166
0.135053 -0.009988 0.047539
-0.011518 -0.002555 0.679806
0.007977 0.008596 -0.144667
0.026294 -0.008130 0.915627
-0.083610 0.008596 -0.016857
-0.196784 -0.006708 -0.173059
-0.006573 0.008596 0.489925
0.038435 -0.008130 0.853990
-0.005302 0.008596 0.009754
-0.045180 0.008596 -0.139026
-0.015277 0.008596 0.541713
-0.111773 0.008596 -0.089461
0.012841 0.008596 0.794883
-0.040000 -0.003915 0.808192
-0.156062 0.008596 -0.216246
-0.150428 -0.009988 -0.017292
0.036922 -0.002555 0.131117
-0.055516 -0.009988 0.043803
-0.041767 -0.009988 -0.207966
0.096262 0.008596 -0.012847
0.000000 0.000000 0.000000
0.035177 0.008596 0.212361
-0.133567 0.008596 -0.142509
0.110585 0.008596 -0.074832
-0.150128 0.008596 -0.122236
-0.062340 0.008596 -0.185607
0.029338 0.008596 -0.068307
-0.008761 0.008596 0.080310
0.002639 0.008596 0.632264
0.140665 -0.009988 -0.014472
0.092167 -0.009988 -0.054026
0.180126 -0.009988 0.082616
0.122608 -0.009988 -0.048165
-0.017219 -0.009988 0.126701
-0.147727 0.008596 -0.048939
0.168330 0.008596 -0.021030
0.000000 0.000000 0.000000
0.004332 -0.009988 -0.112237
-0.039481 0.008596 0.110828
0.000000 0.000000 0.000000
-0.029244 -0.002555 0.737105
-0.063592 -0.009988 0.082814
-0.140608 0.008596 0.037489
0.000000 0.000000 0.000000
0.001122 -0.002555 0.429190
0.000000 0.000000 0.000000
-0.104592 -0.009988 0.124201
-0.118273 -0.009988 -0.074828
0.000000 0.000000 0.000000
0.000000 0.000000 0.000000
-0.019933 0.008596 0.875964
0.154516 0.008596 0.044665
-0.077199 -0.009988 -0.030041
0.022369 -0.008130 0.977484
0.027340 -0.009988 0.038775
0.010726 0.008596 0.659181
0.024691 0.008596 0.859727
0.006089 -0.002555 0.571743
0.081858 -0.009988 0.023051
-0.008277 0.008596 0.183942
0.023401 -0.009988 0.128642
-0.046379 0.008596 0.045149
0.018684 -0.009988 -0.106027
-0.032309 0.008044 0.607681
0.000000 0.000000 0.000000
-0.022978 0.008596 0.229772
0.064663 -0.009988 -0.115956
-0.001538 -0.002555 0.252453
0.000000 0.000000 0.000000
-0.169216 -0.009988 0.074055
0.001692 0.008596 -0.060398
-0.136246 0.008596 0.094695
-0.043373 0.008596 -0.093691
-0.001693 -0.009988 0.091808
-0.024366 -0.009988 0.049627
-0.067321 0.008596 -0.066157
0.038821 0.008596 0.152300
-0.034459 0.002569 0.332344
0.005394 -0.002555 0.553248
-0.132741 -0.009988 -0.116988
-0.158821 -0.009988 0.011647
0.008183 -0.009988 -0.172813
-0.185065 -0.008576 0.122277
-0.187447 -0.000483 -0.147220
-0.071565 -0.009988 -0.108618
0.000000 0.000000 0.000000
0.000000 0.000000 0.000000
-0.086997 -0.009988 -0.244401
-0.099645 0.008596 0.036103
0.018018 -0.009988 0.003948
-0.135478 -0.009988 0.061594
-0.043023 -0.009988 -0.024730
-0.013707 0.008596 -0.125055
0.000766 0.008596 0.357020
0.000000 0.000000 0.000000
-0.156296 -0.009988 -0.170748
-0.147537 -0.009988 -0.120071
-0.033122 0.008596 -0.012082
0.000000 0.000000 0.000000
0.037245 -0.009988 0.056440
0.189692 0.008596 0.062248
0.019111 0.008596 0.092776
0.034713 -0.000073 0.385323
-0.196437 -0.009988 0.059776
-0.082666 0.008596 0.082063
0.033476 0.005354 0.450600
0.000000 0.000000 0.000000
0.161712 -0.009988 0.026117
0.000000 0.000000 0.000000
-0.156949 0.008596 0.144059
0.019268 0.008596 0.222002
0.131117 0.008596 0.014868
-0.094524 0.008596 -0.204786
-0.008050 -0.002555 0.608088
0.102527 -0.009988 0.025565
0.015899 -0.009988 -0.049004
0.027930 0.008596 0.001674
0.024534 0.008596 0.335091
0.033166 -0.008130 0.938033
-0.032535 -0.009988 -0.185428
0.077578 0.008596 0.014763
0.019094 0.008596 0.070700
-0.107595 -0.009988 0.030666
0.000000 0.000000 0.000000
-0.192952 -0.009988 -0.206180
-0.029356 0.008596 -0.054001
-0.012079 0.008596 0.754366
0.036139 0.008596 0.978327
0.000000 0.000000 0.000000
-0.005953 0.008596 -0.008231
-0.009266 -0.002555 0.558935
0.058666 0.008596 -0.077937
-0.043995 -0.009988 0.116356
0.156184 -0.009988 0.056237
0.000000 0.000000 0.000000
0.190464 0.003929 0.114158
-0.003426 0.008596 0.306823
-0.011144 -0.009988 -0.019577
-0.137389 -0.006795 0.156538
0.008848 -0.002555 0.412184
-0.015308 -0.002555 0.470283
0.017057 -0.008130 0.832348
0.000000 0.000000 0.000000
-0.014169 0.008596 0.817325
0.000000 0.000000 0.000000
0.000000 0.000000 0.000000
0.000000 0.000000 0.000000
-0.003799 0.008596 0.703223
-0.188627 0.008596 0.074115
-0.041072 0.008596 -0.190805
-0.093575 0.008596 0.141448
-0.006805 -0.008130 0.786931
0.028129 -0.002172 0.732735
0.011331 0.008596 0.774836
0.011085 0.008596 -0.178837
0.000000 0.000000 0.000000
0.183237 0.008596 0.006157
-0.027307 -0.008130 0.840093
0.042809 -0.008130 0.898308
-0.095370 -0.009988 0.094398
-0.077281 -0.009988 -0.208137
-0.173408 -0.009988 -0.223965
0.043891 -0.008130 0.871190
0.029792 -0.002555 0.533752
0.077853 -0.009988 -0.097234
0.000000 0.000000 0.000000
0.049622 0.008596 -0.028745
-0.122521 0.008596 0.072157
-0.014735 0.008596 -0.087558
-0.126976 0.008596 -0.014852
0.036958 0.007264 0.266843
-0.097590 0.008596 -0.119573
0.031580 -0.008130 0.801293
0.008008 0.008596 0.819729
-0.021530 -0.009988 -0.130688
-0.132202 0.008596 -0.081157
-0.010735 0.008596 0.139561
-0.155607 -0.009988 -0.100353
-0.141226 0.008596 -0.168839
0.000000 0.000000 0.000000
0.051698 0.008596 -0.130045
0.030506 0.002959 0.607319
-0.098002 0.008596 -0.066553
-0.124365 0.008596 -0.216046
0.000000 0.000000 0.000000
0.000000 0.000000 0.000000
-0.030189 -0.002555 0.274925
0.102576 0.008596 -0.025373
0.000000 0.000000 0.000000
-0.136168 -0.009988 -0.211649
0.075231 0.008596 -0.032281
0.000000 0.000000 0.000000
-0.016437 0.008596 0.619127
0.131511 0.008596 0.055946
0.017564 0.008596 0.919452
-0.027233 0.008596 0.663827
-0.029194 -0.002555 0.433366
-0.063940 -0.009988 -0.055522
0.025343 0.008596 -0.116789
0.000000 0.000000 0.000000
-0.215835 -0.009988 -0.231372
0.000000 0.000000 0.000000
-0.111296 -0.009988 -0.049100
-0.017555 -0.002555 0.386723
0.088350 -0.009988 -0.032561
0.021269 -0.002555 0.162338
-0.156560 -0.009988 0.040858
-0.000248 0.006855 0.945879
0.177849 0.008596 0.035748
-0.027738 -0.002555 0.488614
-0.021027 -0.008130 0.767657
-0.013813 0.008596 0.514109
0.000000 0.000000 0.000000
-0.084383 0.008596 -0.174984
0.003239 -0.008130 0.901765
0.051777 0.008596 0.852567
0.000000 0.000000 0.000000
-0.002900 0.008596 0.038094
-0.027095 0.008596 0.049079
-0.110343 0.008596 -0.164058
0.014564 -0.009988 0.101454
-0.053561 -0.009988 -0.013247
0.000000 0.000000 0.000000
0.010171 0.008596 0.175193
0.029091 -0.002555 0.287004
-0.088436 0.008596 0.012737
0.040584 0.008596 0.914222
-0.070366 0.008596 0.057707
-0.177295 0.008596 -0.202201
0.053377 -0.009988 -0.134421
-0.101890 -0.009988 -0.161088
-0.015518 0.008596 -0.158748
0.040233 -0.009988 -0.020047
-0.053548 -0.009988 -0.158599
-0.008713 -0.009988 -0.082781
-0.167263 -0.009988 0.101623
-0.151156 0.008596 0.012574
-0.139373 0.008596 -0.027517
0.195185 -0.009337 0.060457
-0.021623 0.008596 0.092352
-0.077922 0.008596 -0.045673
0.128399 -0.009988 0.017887
0.023536 -0.002555 0.714119
0.161092 -0.009988 -0.031637
0.004859 0.008596 0.679382
0.051217 -0.008130 0.983135
0.013130 0.008596 0.539629
-0.129253 -0.009988 -0.153220
-0.056149 0.008596 -0.162897
-0.062816 0.008596 -0.112475
0.018777 -0.002555 0.304347
-0.012009 0.008596 0.415563
0.007500 -0.002555 0.235508
0.054184 0.008404 0.874041
0.000000 0.000000 0.000000
0.000000 0.000000 0.000000
0.032518 0.002659 0.501157
0.005286 -0.002555 0.373961
-0.001746 -0.002555 0.642171
-0.124172 -0.009988 0.006414
0.000000 0.000000 0.000000
0.000000 0.000000 0.000000
0.016353 0.008596 0.749865
-0.172147 -0.003950 -0.019532
-0.021770 0.008596 0.118592
0.050559 -0.009988 -0.065061
0.146818 0.008596 -0.009557
-0.014665 0.008596 0.277230
0.000000 0.000000 0.000000
-0.030385 0.008596 0.019707
0.056681 -0.009988 0.028181
0.000000 0.000000 0.000000
-0.131490 -0.009988 0.125210
0.000897 0.008596 0.867443
0.067038 -0.009988 -0.060747
0.004948 -0.008130 0.926823
0.000000 0.000000 0.000000
0.022671 -0.002555 0.196156
-0.032318 -0.002555 0.543555
-0.160381 0.008596 -0.145606
-0.034851 -0.009988 -0.090970
-0.097745 0.008596 -0.036520
-0.085214 -0.009988 -0.100726
-0.018121 -0.002555 0.340560
0.029136 0.000834 0.784963
0.036439 0.008596 0.015765
-0.060772 -0.009988 -0.085688
-0.016645 -0.002555 0.199962
0.048595 0.008596 -0.055280
-0.177997 0.008596 0.129987
-0.061842 0.008596 -0.207331
-0.010070 -0.009988 -0.173620
0.021347 -0.008130 0.882198
-0.134895 -0.009988 -0.092795
0.006988 0.008596 0.190199
0.000000 0.000000 0.000000
0.164127 -0.009988 0.097841
0.013261 0.008596 0.488009
-0.078776 -0.009988 -0.154165
0.174013 0.008596 0.098665
0.000000 0.000000 0.000000
-0.005315 -0.002555 0.718909
-0.024070 0.008596 -0.145839
0.000000 0.000000 0.000000
0.000000 0.000000 0.000000
-0.012860 -0.008130 0.878964
-0.004538 -0.009988 0.066252
0.024463 0.008596 -0.092011
0.000000 0.000000 0.000000
0.028279 -0.002555 0.676628
-0.068301 0.008596 -0.024825
-0.106941 -0.009988 -0.114407
0.030909 0.008132 0.586039
-0.037757 0.008596 -0.118037
0.000000 0.000000 0.000000
-0.151643 -0.009988 -0.042028
-0.034915 -0.002337 0.177176
-0.117267 0.008596 0.041507
-0.029848 -0.009988 0.021467
0.021117 0.008596 0.837930
-0.026446 -0.009988 0.091548
-0.068159 0.008596 0.009858
-0.010255 0.008596 0.797494
0.013509 -0.008130 0.863066
-0.151148 -0.009988 0.083046
0.023586 0.008596 0.367396
0.142269 -0.009988 -0.039443
0.114987 0.008596 0.010370
0.000000 0.000000 0.000000
-0.114199 -0.009988 0.052867
0.023208 -0.002555 0.266028
0.011672 -0.007977 0.732649
-0.079366 -0.009988 0.038301
0.038681 -0.009988 -0.113891
-0.036195 0.008128 0.756190
-0.160631 -0.008172 -0.058094
0.000000 0.000000 0.000000
-0.167590 -0.009988 -0.150616
-0.194023 0.008596 0.097793
0.035774 -0.002555 0.324931
-0.068196 0.008596 -0.142260
-0.033890 0.006553 0.370985
-0.009553 -0.002555 0.659553
-0.002478 -0.002555 0.292880
0.004689 -0.002555 0.500703
-0.022593 0.008596 0.853927
-0.077819 -0.009988 -0.009584
-0.012105 -0.002555 0.168139
-0.012768 0.008596 0.437918
-0.147993 0.008596 -0.194457
-0.068492 0.008596 0.034757
-0.193208 0.008596 -0.184862
0.013848 0.008596 0.244288
0.169968 -0.009988 0.117449
0.060623 -0.009988 -0.003790
-0.014498 0.008596 0.244807
0.167398 0.008596 0.071506
-0.052085 -0.009988 0.016102
-0.030773 -0.009988 -0.046428
0.000000 0.000000 0.000000
0.042127 -0.008130 0.834432
-0.180307 0.008596 0.060792
-0.020453 -0.002555 0.698316
-0.073612 0.000714 0.130681
0.000000 0.000000 0.000000
-0.019411 -0.008130 0.817360
-0.017705 -0.002555 0.573007
0.000000 0.000000 0.000000
-0.010351 -0.002555 0.526693
-0.107046 0.008596 -0.133224
0.158181 0.008596 0.119526
0.038235 -0.009988 -0.094628
-0.102627 -0.009988 0.006437
0.001993 -0.009988 -0.072743
-0.036782 0.004913 0.819339
-0.092100 0.008596 0.116726
0.006264 -0.009988 0.046623
-0.101014 -0.009988 -0.231035
0.000000 0.000000 0.000000
-0.083632 -0.009988 0.075019
-0.045282 -0.000298 0.789897
0.008331 -0.002555 0.346711
0.008980 0.005217 0.980201
-0.000151 -0.002555 0.276255
-0.026087 0.008596 -0.075103
0.000000 0.000000 0.000000
0.000000 0.000000 0.000000
0.000000 0.000000 0.000000
0.000786 -0.006477 0.129861
0.039173 -0.008130 0.964584
0.000000 0.000000 0.000000
0.034030 0.008596 0.114469
0.030043 0.008596 -0.132585
-0.171108 -0.002978 -0.112494
0.014496 0.008596 0.586887
-0.122732 -0.009988 -0.238416
-0.129415 0.008596 0.054106
0.025192 0.008596 -0.048042
-0.127515 0.008596 -0.060062
0.129585 0.008596 -0.006895
0.117188 0.008596 -0.051118
0.014189 0.008596 0.436613
0.130737 0.008596 0.034590
-0.146763 0.008596 -0.071965
0.040354 0.008585 0.087624
0.000000 0.000000 0.000000
0.015800 0.008596 0.566496
0.013036 -0.002555 0.695305
0.014635 -0.002555 0.641423
-0.001657 0.008596 0.225388
0.016175 -0.002555 0.385963
-0.062453 -0.009988 0.104274
-0.141088 -0.009988 -0.194395
-0.034668 0.008596 0.131346
0.000000 0.000000 0.000000
-0.014860 -0.002555 0.588888
0.013916 -0.009988 0.022222
-0.115900 0.008596 0.101160
-0.022157 0.008596 0.725210
-0.096688 -0.009988 -0.201434
0.010381 0.008596 0.140353
0.098549 -0.009988 0.004870
0.001802 -0.009988 -0.193186
-0.034534 -0.001691 0.239081
0.066767 -0.009988 -0.032749
0.032474 -0.002555 0.405716
0.000000 0.000000 0.000000
0.039117 0.008596 -0.075739
0.040951 0.005984 0.064599
-0.075190 -0.009988 -0.132116
0.193745 -0.006330 0.096961
-0.125885 0.008596 -0.171448
-0.050413 0.008596 -0.023255
0.041551 0.008596 0.962007
-0.170988 -0.004692 0.143762
-0.068546 -0.009988 0.063587
-0.156367 0.008596 0.121359
0.000000 0.000000 0.000000
-0.111017 0.008596 0.130605
-0.100494 0.008596 -0.233531
-0.101731 0.008596 0.070793
0.100207 -0.009988 -0.074237
-0.026547 0.008596 0.315547
-0.045736 -0.009988 -0.172038
-0.096298 -0.009988 -0.027558
0.009186 0.008596 -0.124393
-0.044997 -0.009988 0.059120
-0.054867 0.002930 0.123373
-0.090971 -0.009988 0.142860
-0.128804 0.008596 -0.194100
-0.122909 -0.009988 -0.133819
0.017949 -0.008066 0.994163
0.091591 0.008596 -0.071360
0.000000 0.000000 0.000000
0.017068 0.008596 0.614104
0.153086 0.008596 0.062716
-0.014115 -0.002555 0.310760
0.000000 0.000000 0.000000
-0.184972 -0.009988 0.047435
0.004107 0.008596 -0.161649
-0.017728 -0.009988 -0.099534
0.091804 0.008596 -0.044297
-0.206749 -0.005069 -0.193812
0.026967 -0.009988 0.070413
-0.160992 0.008596 -0.019019
0.000000 0.000000 0.000000
0.038537 -0.009988 0.109430
0.000000 0.000000 0.000000
0.031052 -0.002555 0.227033
0.000000 0.000000 0.000000
0.000000 0.000000 0.000000
0.000000 0.000000 0.000000
-0.153581 -0.009988 -0.218126
0.011452 0.008596 0.454470
0.033993 -0.008130 0.821121
0.022161 -0.009988 -0.123850
-0.071769 0.008596 -0.236299
0.000000 0.000000 0.000000
0.000000 0.000000 0.000000
-0.178247 0.008596 0.089274
0.074708 0.008596 -0.002640
-0.000767 -0.008130 0.828058
-0.054629 -0.009988 -0.037441
0.029424 0.007952 0.664415
-0.189367 0.007391 0.113904
0.000000 0.000000 0.000000
0.000000 0.000000 0.000000
-0.027182 -0.002555 0.142249
-0.131949 -0.009988 0.046298
0.011161 0.008596 0.017801
-0.000339 0.008596 0.097193
-0.001503 0.008596 0.264477
0.119458 -0.003201 0.046372
0.000000 0.000000 0.000000
0.001081 -0.009988 0.111639
-0.009648 -0.002555 0.232373
0.000000 0.000000 0.000000
-0.108367 0.008596 -0.020653
0.169904 -0.009988 -0.015697
0.010213 0.008596 0.709009
-0.063168 -0.009988 -0.197664
0.113369 -0.009988 -0.025876
-0.020503 -0.009988 -0.033916
0.000000 0.000000 0.000000
-0.022303 0.008596 -0.195767
-0.033957 0.004212 0.391734
0.170717 -0.009988 0.043294
-0.064141 0.008596 0.095895
0.000000 0.000000 0.000000
0.147903 0.008596 -0.027079
-0.177573 -0.009988 -0.174324
0.187283 -0.009988 0.016056
0.000000 0.000000 0.000000
-0.007079 0.008596 0.771677
0.066924 0.008596 -0.096983
-0.191315 0.008596 -0.165455
-0.032161 -0.001671 0.624250
0.198304 0.000120 0.076480
-0.035058 0.003633 0.220680
-0.062951 -0.009988 0.002395
0.032767 -0.009988 -0.002232
-0.020283 -0.008130 0.801303
0.142821 -0.009988 0.027114
-0.114020 -0.009988 0.070460
0.142196 -0.009988 -0.063882
-0.034115 0.005453 0.349347
0.000000 0.000000 0.000000
0.037691 -0.009988 -0.050244
0.016437 -0.008130 0.797710
-0.038465 0.008596 0.062755
-0.047588 0.008596 -0.066922
-0.135153 -0.009988 0.087789
0.038806 0.000254 0.169284
0.024726 0.008596 0.389662
0.000000 0.000000 0.000000
0.011726 0.008596 0.956565
0.007810 0.008596 -0.081902
-0.078161 0.008596 -0.198504
0.039445 0.008350 0.934824
0.000000 0.000000 0.000000
-0.013163 0.008596 0.900510
-0.032543 -0.000303 0.562266
-0.036878 -0.009988 0.104129
-0.179000 0.008596 -0.218522
-0.026569 0.008596 -0.029359
-0.064121 -0.009988 -0.227698
-0.151708 -0.009988 0.067660
0.047617 -0.008130 0.948327
0.075227 0.008596 -0.076532
-0.170404 -0.009988 0.117295
0.002735 0.008596 -0.042038
-0.134277 0.008596 0.020248
-0.005644 0.008596 0.572387
-0.169826 -0.009988 -0.205713
0.000000 0.000000 0.000000
0.026822 -0.002555 0.620113
0.028299 0.008596 0.813016
0.000000 0.000000 0.000000
-0.168369 -0.009988 -0.007016
0.000000 0.000000 0.000000
