0.000000 0.000000 0.000000
0.000000 0.000000 0.000000
0.000000 0.000000 0.000000
0.698541 -0.499155 0.321848
0.661803 0.552384 0.220373
0.000000 0.000000 0.000000
0.000000 0.000000 0.000000
0.706125 0.066928 -0.317917
0.000000 0.000000 0.000000
0.000000 0.000000 0.000000
0.317136 0.058773 0.299591
0.000000 0.000000 0.000000
0.000000 0.000000 0.000000
0.000000 0.000000 0.000000
0.000000 0.000000 0.000000
0.124293 0.622243 0.256872
0.000000 0.000000 0.000000
0.661803 0.307953 0.071491
0.000000 0.000000 0.000000
0.000000 0.000000 0.000000
0.000000 0.000000 0.000000
0.661803 -0.124609 0.231441
0.000000 0.000000 0.000000
0.000000 0.000000 0.000000
0.000000 0.000000 0.000000
0.000000 0.000000 0.000000
0.000000 0.000000 0.000000
0.000000 0.000000 0.000000
0.451406 0.622243 0.123896
0.000000 0.000000 0.000000
0.000000 0.000000 0.000000
0.000000 0.000000 0.000000
0.416012 0.412989 0.299591
0.000000 0.000000 0.000000
0.000000 0.000000 0.000000
0.000000 0.000000 0.000000
0.543445 -0.213993 0.299591
0.000000 0.000000 0.000000
0.000000 0.000000 0.000000
0.235137 0.578791 0.008107
0.554916 0.295864 -0.057503
0.667456 -0.113456 -0.069687
0.086363 0.356856 0.299591
0.220683 -0.170378 0.299591
0.000000 0.000000 0.000000
0.000000 0.000000 0.000000
0.000000 0.000000 0.000000
0.000000 0.000000 0.000000
0.656381 0.172192 0.299591
0.000000 0.000000 0.000000
0.706125 -0.300118 0.066498
0.000000 0.000000 0.000000
0.426278 0.622243 0.211134
0.224425 -0.240351 0.299591
0.000000 0.000000 0.000000
0.000000 0.000000 0.000000
0.000000 0.000000 0.000000
0.000000 0.000000 0.000000
0.000000 0.000000 0.000000
0.675783 0.543963 -0.023119
0.321984 0.173462 0.299591
0.000000 0.000000 0.000000
0.000000 0.000000 0.000000
0.661803 0.170011 -0.038049
0.486656 -0.163504 0.299591
0.000000 0.000000 0.000000
0.000000 0.000000 0.000000
0.518216 -0.031413 -0.055222
0.661803 0.447498 0.222752
0.000000 0.000000 0.000000
0.000000 0.000000 0.000000
0.000000 0.000000 0.000000
0.419013 -0.447261 0.299591
0.000000 0.000000 0.000000
0.557316 0.622243 0.225281
0.706125 -0.536584 0.099854
0.458566 0.491910 -0.012040
0.000000 0.000000 0.000000
0.000000 0.000000 0.000000
0.000000 0.000000 0.000000
0.706125 -0.321260 0.313972
0.662457 0.252302 -0.237876
0.000000 0.000000 0.000000
-0.039285 0.622243 0.181962
0.000000 0.000000 0.000000
0.000000 0.000000 0.000000
0.661803 0.165107 0.184537
0.000000 0.000000 0.000000
0.000000 0.000000 0.000000
0.107893 0.135167 0.299591
0.307849 0.595226 0.299591
0.000000 0.000000 0.000000
0.000000 0.000000 0.000000
0.000000 0.000000 0.000000
0.569091 -0.314720 -0.027772
0.000000 0.000000 0.000000
0.000000 0.000000 0.000000
0.000000 0.000000 0.000000
0.000000 0.000000 0.000000
0.000000 0.000000 0.000000
0.661803 0.004264 0.073504
-0.028390 0.497385 0.299591
0.000000 0.000000 0.000000
0.444368 0.236816 -0.184240
0.000000 0.000000 0.000000
0.000000 0.000000 0.000000
0.576990 0.023081 -0.236101
0.567513 -0.527823 0.195483
0.000000 0.000000 0.000000
0.000000 0.000000 0.000000
0.000000 0.000000 0.000000
0.604863 0.355050 -0.043778
0.661803 0.145282 -0.166838
0.590563 0.183383 -0.321960
0.000000 0.000000 0.000000
0.000000 0.000000 0.000000
0.474115 0.237724 0.299591
0.000000 0.000000 0.000000
0.000000 0.000000 0.000000
0.261211 0.379162 0.299591
0.706125 -0.156555 0.069866
0.000000 0.000000 0.000000
0.000000 0.000000 0.000000
0.661803 -0.404041 0.209213
0.000000 0.000000 0.000000
0.368132 0.388633 -0.035990
0.500179 0.046882 0.299591
0.000000 0.000000 0.000000
0.000000 0.000000 0.000000
0.706125 0.308663 0.270103
-0.105614 0.622244 0.199201
0.000000 0.000000 0.000000
0.000000 0.000000 0.000000
0.000000 0.000000 0.000000
0.000000 0.000000 0.000000
0.000000 0.000000 0.000000
0.200968 0.622243 0.148175
0.661803 0.070422 -0.119028
0.706125 0.019499 0.253809
0.554390 0.501888 0.299591
0.208940 -0.078520 0.299591
0.541895 0.557099 0.003077
0.000000 0.000000 0.000000
0.000000 0.000000 0.000000
0.000000 0.000000 0.000000
0.000000 0.000000 0.000000
0.662183 0.649719 0.083115
0.000000 0.000000 0.000000
0.706125 -0.446298 0.011155
0.000000 0.000000 0.000000
0.000000 0.000000 0.000000
0.661803 0.472124 0.116714
0.000000 0.000000 0.000000
0.238716 0.189732 0.299591
0.000000 0.000000 0.000000
0.000000 0.000000 0.000000
0.706125 -0.551239 0.155156
0.118196 0.448398 0.299591
0.000000 0.000000 0.000000
0.000000 0.000000 0.000000
0.706125 0.144191 0.064061
0.000000 0.000000 0.000000
0.000000 0.000000 0.000000
0.647325 -0.165179 0.299591
0.000000 0.000000 0.000000
0.320213 0.301361 0.299591
0.000000 0.000000 0.000000
0.000000 0.000000 0.000000
0.000000 0.000000 0.000000
0.605310 -0.008176 0.299591
0.560379 -0.371446 0.299591
0.528596 -0.000800 0.299591
0.706125 -0.536320 -0.022952
0.000000 0.000000 0.000000
0.399383 0.257299 -0.083125
0.372256 -0.504551 0.299591
0.706125 0.261450 -0.107457
0.000000 0.000000 0.000000
0.679884 0.644227 0.321848
0.405609 0.622243 0.054919
0.417500 -0.527823 0.192358
0.000000 0.000000 0.000000
0.000000 0.000000 0.000000
0.000000 0.000000 0.000000
0.277049 -0.383951 0.299591
0.000000 0.000000 0.000000
0.000000 0.000000 0.000000
0.000000 0.000000 0.000000
0.000000 0.000000 0.000000
0.000000 0.000000 0.000000
0.359425 -0.093971 0.299591
0.000000 0.000000 0.000000
0.423796 -0.256362 0.299591
0.000000 0.000000 0.000000
0.706125 -0.004138 -0.034348
0.000000 0.000000 0.000000
0.246811 0.576945 0.299591
0.666699 -0.252932 -0.056173
0.000000 0.000000 0.000000
0.000000 0.000000 0.000000
0.661803 -0.241376 0.185569
0.000000 0.000000 0.000000
0.622220 0.342931 0.299591
0.706125 0.424330 -0.019867
0.000000 0.000000 0.000000
0.000000 0.000000 0.000000
0.000000 0.000000 0.000000
0.000000 0.000000 0.000000
0.000000 0.000000 0.000000
0.000000 0.000000 0.000000
0.000000 0.000000 0.000000
0.000000 0.000000 0.000000
0.233843 0.376512 -0.038801
0.552810 -0.516511 0.299591
0.000000 0.000000 0.000000
0.000000 0.000000 0.000000
0.000000 0.000000 0.000000
0.000000 0.000000 0.000000
0.000000 0.000000 0.000000
0.000000 0.000000 0.000000
0.620405 0.622243 0.167466
0.690036 0.220957 -0.347567
0.000000 0.000000 0.000000
0.706125 0.006807 -0.224104
0.000000 0.000000 0.000000
0.087621 0.622243 0.087051
0.013859 0.237669 0.299591
0.000000 0.000000 0.000000
0.000000 0.000000 0.000000
0.000000 0.000000 0.000000
0.000000 0.000000 0.000000
0.000000 0.000000 0.000000
0.571071 -0.167585 -0.042028
0.706125 -0.407793 0.317956
0.000000 0.000000 0.000000
0.000000 0.000000 0.000000
0.661803 0.234726 0.192004
0.176186 0.032586 0.299591
0.000000 0.000000 0.000000
0.000000 0.000000 0.000000
0.411380 0.571201 0.299591
0.000000 0.000000 0.000000
0.000000 0.000000 0.000000
0.000000 0.000000 0.000000
0.661803 0.392985 0.053336
0.000000 0.000000 0.000000
0.706125 -0.372711 0.044188
0.606437 0.406137 0.299591
0.000000 0.000000 0.000000
0.587265 0.245419 -0.141772
0.000000 0.000000 0.000000
0.000000 0.000000 0.000000
0.520266 0.347151 0.299591
0.000000 0.000000 0.000000
0.584826 -0.527823 0.058277
0.000000 0.000000 0.000000
0.000000 0.000000 0.000000
0.327507 0.509724 -0.007909
0.000000 0.000000 0.000000
0.000000 0.000000 0.000000
0.386921 0.165072 0.299591
0.661803 0.108129 0.262101
0.000000 0.000000 0.000000
0.000000 0.000000 0.000000
0.433205 0.301422 0.299591
0.706125 0.500101 0.295413
0.000000 0.000000 0.000000
0.525980 0.403915 -0.032446
0.000000 0.000000 0.000000
0.324555 0.622243 0.158805
0.000000 0.000000 0.000000
0.706125 0.540675 0.058997
0.069774 0.559019 0.299591
0.000000 0.000000 0.000000
0.675874 -0.586540 0.266855
0.000000 0.000000 0.000000
0.000000 0.000000 0.000000
0.000000 0.000000 0.000000
0.000000 0.000000 0.000000
0.000000 0.000000 0.000000
0.000000 0.000000 0.000000
0.000000 0.000000 0.000000
0.220786 0.483480 -0.013995
0.000000 0.000000 0.000000
0.706125 -0.358877 0.116645
0.311805 0.480967 0.299591
0.000000 0.000000 0.000000
0.706125 0.174415 -0.242767
0.000000 0.000000 0.000000
0.632564 -0.010995 -0.057200
0.000000 0.000000 0.000000
0.435450 -0.071673 -0.051321
0.000000 0.000000 0.000000
0.706125 -0.083358 0.031777
0.000000 0.000000 0.000000
0.000000 0.000000 0.000000
0.000000 0.000000 0.000000
0.000000 0.000000 0.000000
0.000000 0.000000 0.000000
0.661803 0.072307 -0.241462
0.139324 0.622243 0.058558
0.000000 0.000000 0.000000
0.449776 0.063422 -0.064411
0.000000 0.000000 0.000000
0.157828 0.273520 0.299591
0.000000 0.000000 0.000000
0.000000 0.000000 0.000000
0.000000 0.000000 0.000000
0.000000 0.000000 0.000000
0.000000 0.000000 0.000000
0.000000 0.000000 0.000000
0.706125 0.307652 -0.028784
0.661803 -0.061363 0.135687
0.000000 0.000000 0.000000
0.000000 0.000000 0.000000
0.000000 0.000000 0.000000
0.661803 0.341703 0.190632
0.000000 0.000000 0.000000
0.706125 0.054227 0.104939
0.000000 0.000000 0.000000
0.000000 0.000000 0.000000
0.000000 0.000000 0.000000
0.495398 -0.527823 0.106626
0.583605 0.122396 0.299591
0.512810 0.223208 -0.251415
0.000000 0.000000 0.000000
0.000000 0.000000 0.000000
0.000000 0.000000 0.000000
0.000000 0.000000 0.000000
0.000000 0.000000 0.000000
0.000000 0.000000 0.000000
0.614848 0.023081 -0.137124
0.006928 0.393746 0.299591
0.000000 0.000000 0.000000
0.661803 -0.020325 0.212519
0.661803 -0.420374 0.128358
0.000000 0.000000 0.000000
0.706125 0.146811 -0.117918
0.706125 -0.072904 0.293601
0.000000 0.000000 0.000000
0.000000 0.000000 0.000000
0.000000 0.000000 0.000000
0.000000 0.000000 0.000000
0.000000 0.000000 0.000000
0.000000 0.000000 0.000000
0.706125 -0.188637 0.252946
0.000000 0.000000 0.000000
0.586500 0.496587 -0.010956
0.000000 0.000000 0.000000
0.311550 0.622244 0.036199
0.677438 -0.365695 -0.045247
0.000000 0.000000 0.000000
0.000000 0.000000 0.000000
0.603120 -0.260749 0.299591
0.024754 0.622243 0.191643
0.706125 -0.496089 0.045396
0.000000 0.000000 0.000000
0.000000 0.000000 0.000000
0.394041 -0.334878 0.299591
0.000000 0.000000 0.000000
0.000000 0.000000 0.000000
0.000000 0.000000 0.000000
0.623126 -0.443012 0.299591
0.000000 0.000000 0.000000
0.000000 0.000000 0.000000
0.706125 0.638359 0.227117
0.603571 -0.104847 -0.048107
0.000000 0.000000 0.000000
0.661803 -0.501755 0.230727
0.000000 0.000000 0.000000
0.000000 0.000000 0.000000
0.000000 0.000000 0.000000
0.000000 0.000000 0.000000
0.626477 0.089632 -0.303601
0.000000 0.000000 0.000000
0.000000 0.000000 0.000000
0.000000 0.000000 0.000000
0.000000 0.000000 0.000000
0.000000 0.000000 0.000000
0.582093 0.223952 -0.247748
0.630357 0.257693 -0.081184
0.000000 0.000000 0.000000
0.061426 0.066189 0.299591
0.198634 0.455491 0.299591
0.574006 0.062227 -0.064295
0.301406 -0.178992 0.299591
0.661803 -0.317795 0.163254
0.504143 -0.316066 0.299591
0.706125 0.180923 0.236710
0.000000 0.000000 0.000000
0.467092 -0.527823 0.278823
0.661803 0.173509 0.075526
0.661803 -0.324537 0.241866
0.706125 0.400952 0.307689
0.661803 0.540452 0.164611
0.585839 0.598947 0.299591
0.000000 0.000000 0.000000
0.000000 0.000000 0.000000
0.000000 0.000000 0.000000
0.000000 0.000000 0.000000
0.000000 0.000000 0.000000
0.000000 0.000000 0.000000
0.661803 0.642534 0.001325
0.000000 0.000000 0.000000
0.000000 0.000000 0.000000
0.000000 0.000000 0.000000
0.661803 0.076605 -0.005642
0.458312 0.302838 -0.055886
0.000000 0.000000 0.000000
0.563855 0.622243 0.056802
-0.050133 0.311141 0.299591
0.000000 0.000000 0.000000
0.000000 0.000000 0.000000
0.488531 0.622243 0.288879
0.318720 -0.272665 0.299591
0.000000 0.000000 0.000000
0.000000 0.000000 0.000000
0.661803 -0.207512 0.115704
0.000000 0.000000 0.000000
0.000000 0.000000 0.000000
0.000000 0.000000 0.000000
0.000000 0.000000 0.000000
0.706125 0.239554 0.317227
0.000000 0.000000 0.000000
0.000000 0.000000 0.000000
0.548000 0.205405 0.299591
0.000000 0.000000 0.000000
0.465173 0.484931 0.299591
0.154417 0.544408 0.299591
0.511210 0.254322 -0.097822
0.706125 -0.465728 0.145945
0.000000 0.000000 0.000000
0.000000 0.000000 0.000000
0.000000 0.000000 0.000000
0.000000 0.000000 0.000000
0.000000 0.000000 0.000000
0.661803 -0.120800 0.117735
0.000000 0.000000 0.000000
0.668818 0.001603 -0.300187
0.000000 0.000000 0.000000
0.403458 0.084072 0.299591
0.000000 0.000000 0.000000
0.000000 0.000000 0.000000
0.000000 0.000000 0.000000
0.000000 0.000000 0.000000
0.139813 0.622243 0.192746
0.000000 0.000000 0.000000
0.706125 0.404721 0.126239
0.432541 0.576132 0.007491
0.000000 0.000000 0.000000
0.000000 0.000000 0.000000
0.000000 0.000000 0.000000
0.000000 0.000000 0.000000
0.000000 0.000000 0.000000
0.000000 0.000000 0.000000
0.661803 -0.186081 0.023808
0.000000 0.000000 0.000000
0.000000 0.000000 0.000000
0.694398 0.062841 0.321848
0.000000 0.000000 0.000000
0.000000 0.000000 0.000000
0.000000 0.000000 0.000000
0.000000 0.000000 0.000000
0.706125 0.183606 0.136672
0.000000 0.000000 0.000000
0.661803 0.090146 0.153978
0.000000 0.000000 0.000000
0.256102 0.622243 0.233063
0.000000 0.000000 0.000000
0.000000 0.000000 0.000000
0.626324 -0.344275 0.299591
0.217219 0.622243 0.062739
0.355310 0.389983 0.299591
0.000000 0.000000 0.000000
0.699556 0.001603 -0.141197
0.254648 -0.320780 0.299591
0.685772 0.342042 -0.069945
0.000000 0.000000 0.000000
0.000000 0.000000 0.000000
0.706125 0.210918 -0.020965
0.000000 0.000000 0.000000
0.661803 -0.003243 0.017760
0.000000 0.000000 0.000000
0.661803 -0.264926 0.027956
0.512808 -0.254019 -0.033653
0.000000 0.000000 0.000000
0.000000 0.000000 0.000000
0.658442 0.242128 -0.158020
0.000000 0.000000 0.000000
0.000000 0.000000 0.000000
0.706125 0.592143 0.088873
0.260121 0.098893 0.299591
0.000000 0.000000 0.000000
0.000000 0.000000 0.000000
0.000000 0.000000 0.000000
0.479571 -0.067148 0.299591
0.000000 0.000000 0.000000
0.000000 0.000000 0.000000
0.000000 0.000000 0.000000
0.000000 0.000000 0.000000
0.359027 -0.012237 0.299591
0.661803 -0.461830 0.094511
0.000000 0.000000 0.000000
0.496847 0.421350 0.299591
0.020851 0.619488 0.299591
0.381063 0.246712 0.299591
0.000000 0.000000 0.000000
0.000000 0.000000 0.000000
0.615081 -0.385814 -0.020883
0.139342 -0.167460 0.299591
0.000000 0.000000 0.000000
0.642168 0.501581 0.299591
0.000000 0.000000 0.000000
0.000000 0.000000 0.000000
0.000000 0.000000 0.000000
0.000000 0.000000 0.000000
0.184441 0.374359 0.299591
0.706125 0.466376 0.024465
0.000000 0.000000 0.000000
0.000000 0.000000 0.000000
0.277629 -0.081557 0.299591
0.529162 0.622243 0.142391
0.535460 -0.112299 -0.047385
0.000000 0.000000 0.000000
0.665611 0.144100 -0.338278
0.706125 0.576472 0.275385
0.000000 0.000000 0.000000
0.706125 -0.223885 -0.009906
0.000000 0.000000 0.000000
0.000000 0.000000 0.000000
0.186933 0.119541 0.299591
0.000000 0.000000 0.000000
0.000000 0.000000 0.000000
0.661803 -0.440551 -0.035362
0.000000 0.000000 0.000000
0.000000 0.000000 0.000000
0.000000 0.000000 0.000000
0.000000 0.000000 0.000000
0.000000 0.000000 0.000000
0.706125 0.244741 0.052279
0.619060 -0.527823 0.165807
0.000000 0.000000 0.000000
0.000000 0.000000 0.000000
0.000000 0.000000 0.000000
0.000000 0.000000 0.000000
0.000000 0.000000 0.000000
0.000000 0.000000 0.000000
0.000000 0.000000 0.000000
0.706125 -0.451594 0.227806
0.364649 -0.401545 0.299591
0.706125 -0.322365 -0.023210
0.000000 0.000000 0.000000
0.706125 -0.250354 0.294136
0.083881 0.612605 0.015949
0.000000 0.000000 0.000000
0.706125 0.113875 0.199465
0.568083 -0.076480 0.299591
0.000000 0.000000 0.000000
0.706125 -0.073581 0.222476
0.706125 -0.074045 -0.049189
0.567359 0.286132 0.299591
0.623677 -0.523057 -0.007586
0.000000 0.000000 0.000000
0.706125 -0.038260 0.087929
0.411897 -0.175956 0.299591
0.000000 0.000000 0.000000
0.674890 -0.555299 0.044623
-0.002694 0.622243 0.114137
0.000000 0.000000 0.000000
0.661803 0.575801 0.302135
0.426132 0.017044 0.299591
0.000000 0.000000 0.000000
0.624506 -0.527823 0.293158
0.000000 0.000000 0.000000
0.382119 0.491161 -0.012214
0.535177 0.236025 -0.188145
0.000000 0.000000 0.000000
0.661803 0.410170 -0.038646
0.000000 0.000000 0.000000
0.000000 0.000000 0.000000
0.706125 0.370613 0.236288
0.000000 0.000000 0.000000
0.000000 0.000000 0.000000
0.706125 0.097154 -0.084529
0.000000 0.000000 0.000000
0.634660 0.622243 0.263307
0.000000 0.000000 0.000000
0.000000 0.000000 0.000000
0.706125 0.012625 0.178730
0.667174 -0.184399 -0.062813
0.000000 0.000000 0.000000
0.000000 0.000000 0.000000
0.000000 0.000000 0.000000
0.706125 0.132874 -0.298345
0.000000 0.000000 0.000000
0.706125 -0.281535 0.136936
0.661803 0.232497 0.108356
0.000000 0.000000 0.000000
0.359812 0.622243 0.268399
0.000000 0.000000 0.000000
0.000000 0.000000 0.000000
0.625774 0.239870 0.299591
0.000000 0.000000 0.000000
0.000000 0.000000 0.000000
0.000000 0.000000 0.000000
0.000000 0.000000 0.000000
0.000000 0.000000 0.000000
0.000000 0.000000 0.000000
0.000000 0.000000 0.000000
0.661803 -0.050849 0.297607
0.000000 0.000000 0.000000
0.513846 0.143186 0.299591
0.706125 -0.137059 0.200626
0.454486 0.360837 -0.042436
0.000000 0.000000 0.000000
0.308613 0.397670 -0.033894
0.661803 -0.368358 0.078300
0.000000 0.000000 0.000000
0.000000 0.000000 0.000000
0.000000 0.000000 0.000000
0.000000 0.000000 0.000000
0.341052 0.549803 0.299591
0.000000 0.000000 0.000000
0.050086 0.313942 0.299591
0.000000 0.000000 0.000000
0.000000 0.000000 0.000000
0.437980 0.140326 0.299591
0.000000 0.000000 0.000000
0.000000 0.000000 0.000000
0.625371 0.045687 0.299591
0.706125 0.086549 -0.153891
0.661803 -0.087962 0.069060
0.042408 0.155664 0.299591
0.000000 0.000000 0.000000
0.706125 0.217504 -0.165551
0.000000 0.000000 0.000000
0.475183 -0.375262 0.299591
0.000000 0.000000 0.000000
0.000000 0.000000 0.000000
0.000000 0.000000 0.000000
0.000000 0.000000 0.000000
0.655904 0.045271 -0.065624
0.652933 0.213830 -0.297712
0.640753 -0.320547 -0.027207
0.000000 0.000000 0.000000
0.000000 0.000000 0.000000
0.706125 -0.539932 0.223803
0.620956 0.023081 -0.278172
0.487494 -0.527823 0.190165
0.000000 0.000000 0.000000
0.000000 0.000000 0.000000
0.661803 0.400452 0.272238
0.467337 0.622243 0.060493
0.000000 0.000000 0.000000
0.631761 0.023081 -0.203760
0.000000 0.000000 0.000000
0.000000 0.000000 0.000000
0.000000 0.000000 0.000000
0.587380 -0.149543 0.299591
0.000000 0.000000 0.000000
0.000000 0.000000 0.000000
0.000000 0.000000 0.000000
0.661803 0.361803 0.115734
0.706125 0.254216 0.142159
0.000000 0.000000 0.000000
0.000000 0.000000 0.000000
0.000000 0.000000 0.000000
0.706125 -0.382381 0.175989
0.703615 0.601900 -0.009683
0.092534 0.252379 0.299591
0.000000 0.000000 0.000000
0.000000 0.000000 0.000000
0.703946 -0.117038 0.321848
0.325210 0.622243 0.093823
0.000000 0.000000 0.000000
0.335387 0.119556 0.299591
0.000000 0.000000 0.000000
0.000000 0.000000 0.000000
0.661803 0.435708 0.314040
0.180400 0.622243 0.281466
0.000000 0.000000 0.000000
0.000000 0.000000 0.000000
0.706125 0.107956 -0.216186
0.080905 0.622243 0.161842
0.362706 0.551262 0.001723
0.236605 0.006363 0.299591
0.000000 0.000000 0.000000
0.000000 0.000000 0.000000
0.000000 0.000000 0.000000
0.000000 0.000000 0.000000
0.000000 0.000000 0.000000
-0.043318 0.622243 0.262070
0.000000 0.000000 0.000000
0.000000 0.000000 0.000000
0.107672 0.020286 0.299591
0.000000 0.000000 0.000000
0.000000 0.000000 0.000000
0.000000 0.000000 0.000000
0.398162 0.622243 0.150868
0.000000 0.000000 0.000000
0.165275 0.181705 0.299591
0.000000 0.000000 0.000000
0.000000 0.000000 0.000000
0.000000 0.000000 0.000000
0.028158 0.456636 0.299591
0.000000 0.000000 0.000000
0.000000 0.000000 0.000000
0.594560 0.589668 0.010629
0.000000 0.000000 0.000000
0.393887 0.244236 -0.147613
0.706125 -0.222309 0.071149
0.000000 0.000000 0.000000
0.000000 0.000000 0.000000
0.000000 0.000000 0.000000
0.000000 0.000000 0.000000
0.000000 0.000000 0.000000
0.000000 0.000000 0.000000
