0.000000 0.000000 0.000000
0.000000 0.000000 0.000000
0.000000 0.000000 0.000000
0.000000 0.000000 0.000000
0.000000 0.000000 0.000000
0.364642 0.368620 0.712567
0.000000 0.000000 0.000000
-0.097074 0.146593 0.410889
0.000000 0.000000 0.000000
0.560575 -0.107023 0.723479
0.250127 0.146593 0.315529
0.000000 0.000000 0.000000
0.000000 0.000000 0.000000
0.000000 0.000000 0.000000
0.000000 0.000000 0.000000
0.000000 0.000000 0.000000
0.079656 -0.078475 0.754602
0.000000 0.000000 0.000000
0.416999 0.031601 0.486334
0.489881 0.316874 0.754602
0.000000 0.000000 0.000000
0.000000 0.000000 0.000000
0.000000 0.000000 0.000000
0.000000 0.000000 0.000000
0.498217 0.154742 -0.044261
0.000000 0.000000 0.000000
-0.011070 0.295278 0.684560
0.000000 0.000000 0.000000
0.000000 0.000000 0.000000
0.090595 0.218578 0.643693
0.000000 0.000000 0.000000
0.000000 0.000000 0.000000
0.000000 0.000000 0.000000
0.077754 0.167657 -0.003361
0.379021 0.167657 -0.456076
0.501154 0.098012 0.464619
0.000000 0.000000 0.000000
0.168392 0.246958 0.534639
0.000000 0.000000 0.000000
0.000000 0.000000 0.000000
0.000000 0.000000 0.000000
0.406188 0.263140 0.754602
-0.155805 0.122257 0.754602
0.089201 0.031601 0.443496
0.445325 0.031601 0.168591
0.000000 0.000000 0.000000
0.000000 0.000000 0.000000
0.000000 0.000000 0.000000
-0.058627 0.146593 0.263001
0.000000 0.000000 0.000000
0.000000 0.000000 0.000000
0.000000 0.000000 0.000000
0.000000 0.000000 0.000000
0.000000 0.000000 0.000000
0.330024 0.079684 0.684560
0.000000 0.000000 0.000000
0.000000 0.000000 0.000000
0.308216 0.002079 0.754602
0.000000 0.000000 0.000000
0.000000 0.000000 0.000000
0.000000 0.000000 0.000000
0.146623 0.297642 0.754602
-0.120972 0.031601 0.569712
0.000000 0.000000 0.000000
0.000000 0.000000 0.000000
-0.133978 0.027014 0.754602
0.000000 0.000000 0.000000
0.501154 0.097167 0.304607
0.000000 0.000000 0.000000
0.000000 0.000000 0.000000
0.000000 0.000000 0.000000
0.000000 0.000000 0.000000
0.502137 0.138602 0.754602
0.501154 0.096252 -0.252866
0.281866 0.167657 0.069678
0.000000 0.000000 0.000000
0.000000 0.000000 0.000000
0.000000 0.000000 0.000000
0.490003 0.205960 0.422883
0.000000 0.000000 0.000000
0.000000 0.000000 0.000000
0.000000 0.000000 0.000000
0.000000 0.000000 0.000000
0.000000 0.000000 0.000000
0.303623 0.150350 -0.173845
0.000000 0.000000 0.000000
0.000000 0.000000 0.000000
0.000000 0.000000 0.000000
0.000000 0.000000 0.000000
0.224619 0.031601 0.300762
0.000000 0.000000 0.000000
0.000000 0.000000 0.000000
0.000000 0.000000 0.000000
0.023260 0.146593 0.607372
0.097994 0.031601 0.631351
-0.204936 0.146593 0.592988
0.453118 -0.123036 0.562939
0.000000 0.000000 0.000000
0.318723 0.146593 0.487456
0.000000 0.000000 0.000000
0.025935 0.213376 0.754602
0.000000 0.000000 0.000000
0.000000 0.000000 0.000000
0.000000 0.000000 0.000000
0.000000 0.000000 0.000000
0.000000 0.000000 0.000000
-0.134705 0.146593 0.619051
0.000000 0.000000 0.000000
0.000000 0.000000 0.000000
0.000000 0.000000 0.000000
0.000000 0.000000 0.000000
0.000000 0.000000 0.000000
0.000000 0.000000 0.000000
0.248789 -0.035719 0.684560
0.000000 0.000000 0.000000
0.000000 0.000000 0.000000
0.000000 0.000000 0.000000
0.501154 0.102568 -0.348177
0.000000 0.000000 0.000000
0.000000 0.000000 0.000000
0.000000 0.000000 0.000000
0.026165 0.031601 0.383774
0.000000 0.000000 0.000000
0.266761 0.122621 0.754602
0.477699 0.031601 0.644093
0.105752 0.150350 0.152766
0.000000 0.000000 0.000000
0.000000 0.000000 0.000000
0.000000 0.000000 0.000000
0.445142 0.170888 0.684560
0.000000 0.000000 0.000000
0.294207 0.258159 0.684560
0.000000 0.000000 0.000000
0.000000 0.000000 0.000000
0.000000 0.000000 0.000000
0.000000 0.000000 0.000000
0.000000 0.000000 0.000000
0.000000 0.000000 0.000000
0.021296 0.277439 0.754602
0.000000 0.000000 0.000000
0.000000 0.000000 0.000000
0.000000 0.000000 0.000000
0.000000 0.000000 0.000000
0.000000 0.000000 0.000000
0.033632 0.218815 0.408529
0.449694 0.167657 0.118245
0.000000 0.000000 0.000000
0.000000 0.000000 0.000000
0.000000 0.000000 0.000000
0.276974 0.031601 0.555928
0.000000 0.000000 0.000000
0.000000 0.000000 0.000000
0.265098 0.150350 -0.320496
0.285276 0.031601 0.115552
0.000000 0.000000 0.000000
0.000000 0.000000 0.000000
0.132505 0.031601 0.242062
0.000000 0.000000 0.000000
0.185733 0.146593 0.642096
0.000000 0.000000 0.000000
0.000000 0.000000 0.000000
0.000000 0.000000 0.000000
0.000000 0.000000 0.000000
0.000000 0.000000 0.000000
0.000000 0.000000 0.000000
0.000000 0.000000 0.000000
0.000000 0.000000 0.000000
0.140304 0.167657 -0.168889
0.000000 0.000000 0.000000
0.134633 -0.049619 0.684560
0.000000 0.000000 0.000000
0.000000 0.000000 0.000000
0.501154 0.119012 -0.441548
0.504405 -0.053305 0.535508
0.000000 0.000000 0.000000
0.000000 0.000000 0.000000
0.000000 0.000000 0.000000
0.000000 0.000000 0.000000
0.000000 0.000000 0.000000
0.346319 -0.050908 0.684560
0.314036 0.219931 0.639136
0.000000 0.000000 0.000000
0.000000 0.000000 0.000000
0.000000 0.000000 0.000000
0.138549 0.125224 0.754602
0.377939 0.031601 0.324770
0.000000 0.000000 0.000000
0.175659 0.198336 0.410923
0.000000 0.000000 0.000000
0.000000 0.000000 0.000000
0.000000 0.000000 0.000000
0.418883 0.031601 -0.026922
-0.254965 0.077388 0.684560
0.000000 0.000000 0.000000
0.000000 0.000000 0.000000
0.314159 0.031601 0.360803
0.000000 0.000000 0.000000
0.000000 0.000000 0.000000
0.000000 0.000000 0.000000
-0.367951 0.040642 0.684560
0.440103 -0.065877 0.754602
0.000000 0.000000 0.000000
0.000000 0.000000 0.000000
0.000000 0.000000 0.000000
0.377253 0.146593 -0.301413
0.344782 0.150350 0.000510
0.000000 0.000000 0.000000
0.000000 0.000000 0.000000
0.309880 0.250967 0.498020
0.000000 0.000000 0.000000
0.000000 0.000000 0.000000
0.000000 0.000000 0.000000
0.000000 0.000000 0.000000
0.537885 0.074262 0.076120
0.165937 0.033657 0.754602
0.000000 0.000000 0.000000
-0.034241 0.031601 0.539810
0.213473 0.150350 -0.058726
0.000000 0.000000 0.000000
0.000000 0.000000 0.000000
0.000000 0.000000 0.000000
0.484754 0.000679 0.754602
0.432127 0.178104 0.598388
0.000000 0.000000 0.000000
0.000000 0.000000 0.000000
0.000000 0.000000 0.000000
0.000000 0.000000 0.000000
0.560575 0.228662 0.686606
0.000000 0.000000 0.000000
0.000000 0.000000 0.000000
0.000000 0.000000 0.000000
0.000000 0.000000 0.000000
0.000000 0.000000 0.000000
0.118231 0.146593 0.247792
0.000000 0.000000 0.000000
0.000000 0.000000 0.000000
0.530627 0.348433 0.684560
0.000000 0.000000 0.000000
0.388466 0.146593 0.210122
-0.096107 0.031601 0.406205
0.000000 0.000000 0.000000
0.000000 0.000000 0.000000
0.254990 0.368620 0.753861
0.000000 0.000000 0.000000
-0.035205 0.221989 0.519083
0.000000 0.000000 0.000000
0.138878 0.150350 0.031142
0.504405 -0.033870 0.419373
0.000000 0.000000 0.000000
0.000000 0.000000 0.000000
0.000000 0.000000 0.000000
0.000000 0.000000 0.000000
-0.256810 -0.008503 0.754602
0.000000 0.000000 0.000000
0.000000 0.000000 0.000000
0.000000 0.000000 0.000000
0.000000 0.000000 0.000000
0.000000 0.000000 0.000000
0.012954 0.072347 0.754602
0.000000 0.000000 0.000000
0.000000 0.000000 0.000000
0.150485 0.031601 0.511353
0.000000 0.000000 0.000000
0.000000 0.000000 0.000000
0.000000 0.000000 0.000000
0.000000 0.000000 0.000000
0.219123 0.146593 0.539359
0.000000 0.000000 0.000000
0.000000 0.000000 0.000000
0.000000 0.000000 0.000000
0.385010 0.146593 0.325968
0.000000 0.000000 0.000000
-0.180431 0.170076 0.684560
0.000000 0.000000 0.000000
0.000000 0.000000 0.000000
0.439781 0.150350 -0.174865
0.000000 0.000000 0.000000
-0.020147 0.031601 0.672505
0.173751 0.167657 0.151547
0.000000 0.000000 0.000000
0.520423 0.085227 -0.138995
0.000000 0.000000 0.000000
-0.003061 -0.038234 0.684560
0.000000 0.000000 0.000000
0.000000 0.000000 0.000000
0.000000 0.000000 0.000000
-0.083010 0.224554 0.613375
0.000000 0.000000 0.000000
0.000000 0.000000 0.000000
0.000000 0.000000 0.000000
0.362605 0.192233 0.416741
0.000000 0.000000 0.000000
0.000000 0.000000 0.000000
0.000000 0.000000 0.000000
0.501154 0.106286 0.590707
0.000000 0.000000 0.000000
0.459845 -0.122587 0.652603
0.000000 0.000000 0.000000
0.000000 0.000000 0.000000
0.000000 0.000000 0.000000
0.000000 0.000000 0.000000
0.241345 0.031601 0.432053
0.000000 0.000000 0.000000
0.000000 0.000000 0.000000
0.000000 0.000000 0.000000
0.000000 0.000000 0.000000
0.291252 0.031601 0.202404
-0.143237 0.031601 0.678100
-0.033304 0.152399 0.684560
0.000000 0.000000 0.000000
0.501154 0.088332 0.162719
0.000000 0.000000 0.000000
0.504405 -0.008779 0.242691
0.000000 0.000000 0.000000
0.475804 0.031601 0.381485
0.537885 0.033157 -0.040353
0.000000 0.000000 0.000000
0.000000 0.000000 0.000000
0.000000 0.000000 0.000000
0.000000 0.000000 0.000000
0.301509 0.263676 0.754602
0.000000 0.000000 0.000000
0.077258 0.111341 0.684560
0.408817 0.150350 -0.099118
0.494289 0.157107 -0.275984
0.000000 0.000000 0.000000
0.000000 0.000000 0.000000
0.000000 0.000000 0.000000
0.105706 0.146593 0.570154
0.528538 -0.123036 0.460872
0.000000 0.000000 0.000000
0.000000 0.000000 0.000000
0.000000 0.000000 0.000000
0.000000 0.000000 0.000000
0.000000 0.000000 0.000000
0.433038 0.319282 0.684560
0.000000 0.000000 0.000000
0.000000 0.000000 0.000000
0.000000 0.000000 0.000000
0.000000 0.000000 0.000000
0.000000 0.000000 0.000000
0.000000 0.000000 0.000000
0.000000 0.000000 0.000000
0.000000 0.000000 0.000000
0.000000 0.000000 0.000000
0.081925 0.031601 0.354881
0.000000 0.000000 0.000000
0.000000 0.000000 0.000000
0.000000 0.000000 0.000000
0.000000 0.000000 0.000000
0.000000 0.000000 0.000000
0.000000 0.000000 0.000000
0.000000 0.000000 0.000000
0.000000 0.000000 0.000000
0.000000 0.000000 0.000000
0.000000 0.000000 0.000000
0.000000 0.000000 0.000000
-0.225081 0.031601 0.606408
-0.142590 0.159339 0.517769
0.116701 0.146593 0.466759
-0.009618 -0.013210 0.754602
0.000000 0.000000 0.000000
0.000000 0.000000 0.000000
0.267093 0.146593 0.201942
0.000000 0.000000 0.000000
0.407816 0.082825 0.754602
0.460871 0.167184 -0.366326
0.000000 0.000000 0.000000
0.000000 0.000000 0.000000
0.000000 0.000000 0.000000
0.000000 0.000000 0.000000
0.000000 0.000000 0.000000
0.173077 0.031601 0.641779
0.000000 0.000000 0.000000
0.000000 0.000000 0.000000
0.357908 0.174517 0.589205
0.000000 0.000000 0.000000
0.553927 0.109265 0.684560
0.000000 0.000000 0.000000
0.000000 0.000000 0.000000
0.319307 -0.123036 0.625931
0.000000 0.000000 0.000000
0.000000 0.000000 0.000000
0.230653 -0.121439 0.661313
0.000000 0.000000 0.000000
0.382749 0.031601 0.063427
0.045533 0.167657 0.072859
0.000000 0.000000 0.000000
0.000000 0.000000 0.000000
-0.211036 0.194349 0.754602
0.000000 0.000000 0.000000
0.000000 0.000000 0.000000
0.000000 0.000000 0.000000
0.485543 -0.176115 0.708698
0.000000 0.000000 0.000000
0.000000 0.000000 0.000000
0.000000 0.000000 0.000000
0.000000 0.000000 0.000000
0.000000 0.000000 0.000000
0.457922 -0.063726 0.684560
0.000000 0.000000 0.000000
0.000000 0.000000 0.000000
0.000000 0.000000 0.000000
0.000000 0.000000 0.000000
0.418412 0.031601 0.571864
0.000000 0.000000 0.000000
0.000000 0.000000 0.000000
0.267247 0.138174 0.663075
0.000000 0.000000 0.000000
0.000000 0.000000 0.000000
0.000000 0.000000 0.000000
0.000000 0.000000 0.000000
0.000000 0.000000 0.000000
0.000000 0.000000 0.000000
0.000000 0.000000 0.000000
0.000000 0.000000 0.000000
0.000000 0.000000 0.000000
0.000000 0.000000 0.000000
0.000000 0.000000 0.000000
-0.347903 0.049371 0.754602
0.326480 0.167657 0.145456
0.362234 0.150350 0.059240
0.201992 0.141301 0.754602
0.000000 0.000000 0.000000
0.520577 0.058906 0.020112
0.000000 0.000000 0.000000
0.000000 0.000000 0.000000
0.494632 0.146593 0.234849
0.000000 0.000000 0.000000
0.000000 0.000000 0.000000
0.000000 0.000000 0.000000
0.000000 0.000000 0.000000
0.000000 0.000000 0.000000
0.000000 0.000000 0.000000
0.492742 0.157870 0.038897
0.494980 0.207878 0.637505
0.000000 0.000000 0.000000
0.064333 0.257103 0.684560
0.181462 -0.124633 0.748566
0.000000 0.000000 0.000000
0.550163 0.004057 0.684560
0.000000 0.000000 0.000000
0.090716 0.146593 0.370327
0.000000 0.000000 0.000000
0.216444 0.307565 0.684560
0.000000 0.000000 0.000000
0.316177 0.031601 0.629063
0.000000 0.000000 0.000000
0.000000 0.000000 0.000000
0.000000 0.000000 0.000000
0.000000 0.000000 0.000000
-0.034520 0.031601 0.453693
0.000000 0.000000 0.000000
0.210745 0.150350 -0.249776
0.000000 0.000000 0.000000
0.174398 0.218338 0.684560
0.000000 0.000000 0.000000
0.000000 0.000000 0.000000
0.000000 0.000000 0.000000
0.504405 -0.040667 0.627619
0.000000 0.000000 0.000000
0.000000 0.000000 0.000000
0.331595 0.146593 -0.376038
0.000000 0.000000 0.000000
0.270957 0.198398 0.410800
0.000000 0.000000 0.000000
0.000000 0.000000 0.000000
0.000000 0.000000 0.000000
0.000000 0.000000 0.000000
0.218807 0.220753 0.637864
0.000000 0.000000 0.000000
0.000000 0.000000 0.000000
0.000000 0.000000 0.000000
0.000000 0.000000 0.000000
0.000000 0.000000 0.000000
0.000000 0.000000 0.000000
0.000000 0.000000 0.000000
0.000000 0.000000 0.000000
0.000000 0.000000 0.000000
0.000000 0.000000 0.000000
0.000000 0.000000 0.000000
0.000000 0.000000 0.000000
0.000000 0.000000 0.000000
0.000000 0.000000 0.000000
0.261060 0.146593 -0.099836
0.000000 0.000000 0.000000
0.320171 0.031601 0.476689
0.050508 0.150350 -0.165169
0.000000 0.000000 0.000000
0.386668 0.172044 0.754602
0.000000 0.000000 0.000000
0.000000 0.000000 0.000000
0.000000 0.000000 0.000000
0.000000 0.000000 0.000000
0.220132 0.243756 0.457739
0.000000 0.000000 0.000000
0.391453 0.146593 0.534011
0.000000 0.000000 0.000000
0.000000 0.000000 0.000000
-0.091453 0.247735 0.754602
0.175870 0.167657 -0.113198
0.000000 0.000000 0.000000
0.000000 0.000000 0.000000
0.000000 0.000000 0.000000
0.000000 0.000000 0.000000
-0.004759 0.146593 0.484784
0.205862 0.031601 0.192630
0.465123 0.031601 0.066031
0.000000 0.000000 0.000000
0.000000 0.000000 0.000000
0.000000 0.000000 0.000000
0.000000 0.000000 0.000000
0.000000 0.000000 0.000000
0.463168 0.031601 -0.088416
0.475701 0.196943 0.512213
0.000000 0.000000 0.000000
0.059412 0.031601 0.511606
0.000000 0.000000 0.000000
0.000000 0.000000 0.000000
0.218286 0.230639 0.754602
0.207256 0.146593 0.395174
0.000000 0.000000 0.000000
0.000000 0.000000 0.000000
0.000000 0.000000 0.000000
0.010177 0.102481 0.684560
0.000000 0.000000 0.000000
0.000000 0.000000 0.000000
0.000000 0.000000 0.000000
0.000000 0.000000 0.000000
0.000000 0.000000 0.000000
0.404272 -0.100614 0.682702
0.526450 -0.000785 0.140427
0.000000 0.000000 0.000000
0.000000 0.000000 0.000000
0.425286 0.242645 0.472293
0.402309 0.031601 0.242512
0.000000 0.000000 0.000000
0.000000 0.000000 0.000000
0.000000 0.000000 0.000000
-0.079762 0.105284 0.684560
0.000000 0.000000 0.000000
0.000000 0.000000 0.000000
0.000000 0.000000 0.000000
0.000000 0.000000 0.000000
0.000000 0.000000 0.000000
0.000000 0.000000 0.000000
0.245533 -0.086458 0.754602
0.000000 0.000000 0.000000
0.274536 0.172974 0.585252
0.485681 -0.034096 0.335425
0.000000 0.000000 0.000000
0.000000 0.000000 0.000000
0.000000 0.000000 0.000000
0.398255 0.018459 0.684560
0.000000 0.000000 0.000000
0.193609 0.031601 0.387634
0.105683 0.167657 -0.250670
0.560575 -0.184744 0.684956
0.373091 0.031601 0.412629
0.000000 0.000000 0.000000
-0.035088 0.142322 0.754602
0.225387 0.150350 0.047664
0.000000 0.000000 0.000000
0.246704 0.241554 0.568759
0.000000 0.000000 0.000000
0.320712 0.167657 -0.242062
0.044964 0.167657 -0.094525
0.087811 0.195988 0.754602
0.000000 0.000000 0.000000
0.000000 0.000000 0.000000
0.000000 0.000000 0.000000
0.023578 0.031601 0.590430
0.000000 0.000000 0.000000
0.385741 0.008876 0.754602
0.421516 -0.148866 0.736341
0.365930 0.144409 0.684560
0.000000 0.000000 0.000000
0.000000 0.000000 0.000000
0.000000 0.000000 0.000000
0.380764 0.167657 -0.181589
0.000000 0.000000 0.000000
0.233399 0.150350 -0.166980
0.000000 0.000000 0.000000
0.000000 0.000000 0.000000
-0.195323 0.031601 0.520931
0.000000 0.000000 0.000000
0.000000 0.000000 0.000000
0.000000 0.000000 0.000000
0.000000 0.000000 0.000000
0.000000 0.000000 0.000000
0.000000 0.000000 0.000000
0.000000 0.000000 0.000000
0.504405 0.031301 0.591272
0.151360 0.113715 0.684560
0.000000 0.000000 0.000000
0.000000 0.000000 0.000000
0.000000 0.000000 0.000000
0.000000 0.000000 0.000000
0.000000 0.000000 0.000000
0.312976 0.194507 0.754602
0.000000 0.000000 0.000000
0.000000 0.000000 0.000000
0.000000 0.000000 0.000000
0.000000 0.000000 0.000000
0.350339 0.031601 0.147582
0.000000 0.000000 0.000000
0.000000 0.000000 0.000000
0.000000 0.000000 0.000000
0.462507 0.079967 0.684560
0.000000 0.000000 0.000000
0.000000 0.000000 0.000000
0.000000 0.000000 0.000000
0.042226 0.167657 0.146873
0.000000 0.000000 0.000000
0.000000 0.000000 0.000000
0.000000 0.000000 0.000000
0.292102 0.337836 0.684560
0.000000 0.000000 0.000000
0.000000 0.000000 0.000000
0.000000 0.000000 0.000000
0.000000 0.000000 0.000000
0.000000 0.000000 0.000000
0.000000 0.000000 0.000000
-0.188678 0.106266 0.684560
0.162393 0.167657 0.075208
0.000000 0.000000 0.000000
0.235721 0.031601 0.623844
0.435580 0.146593 -0.414420
0.000000 0.000000 0.000000
0.000000 0.000000 0.000000
0.000000 0.000000 0.000000
0.108891 -0.004351 0.754602
0.000000 0.000000 0.000000
0.000000 0.000000 0.000000
0.000000 0.000000 0.000000
0.525639 -0.123036 0.591320
0.000000 0.000000 0.000000
0.122680 0.150350 -0.062798
0.000000 0.000000 0.000000
0.000000 0.000000 0.000000
0.000000 0.000000 0.000000
0.000000 0.000000 0.000000
0.000000 0.000000 0.000000
0.000000 0.000000 0.000000
0.173038 0.146593 0.319574
0.000000 0.000000 0.000000
0.488570 0.031601 0.515121
0.000000 0.000000 0.000000
0.000000 0.000000 0.000000
0.000000 0.000000 0.000000
0.378293 0.248865 0.684560
0.004514 0.202515 0.684560
0.000000 0.000000 0.000000
0.000000 0.000000 0.000000
0.000000 0.000000 0.000000
0.000000 0.000000 0.000000
0.560575 0.306231 0.728210
-0.296397 0.018775 0.684560
0.000000 0.000000 0.000000
0.000000 0.000000 0.000000
0.000000 0.000000 0.000000
0.000000 0.000000 0.000000
0.000000 0.000000 0.000000
0.000000 0.000000 0.000000
0.000000 0.000000 0.000000
0.560194 0.006758 0.754602
0.000000 0.000000 0.000000
0.000000 0.000000 0.000000
0.000000 0.000000 0.000000
0.000000 0.000000 0.000000
0.000000 0.000000 0.000000
0.334749 0.167657 -0.064323
0.000000 0.000000 0.000000
0.000000 0.000000 0.000000
0.520577 0.081779 -0.197059
0.000000 0.000000 0.000000
0.000000 0.000000 0.000000
0.159532 -0.048782 0.754602
0.486756 0.141523 -0.118369
0.000000 0.000000 0.000000
0.000000 0.000000 0.000000
0.062853 0.126880 0.754602
0.047602 0.024413 0.684560
0.050728 0.146593 0.204412
0.000000 0.000000 0.000000
0.000000 0.000000 0.000000
0.512897 0.283587 0.684560
0.000000 0.000000 0.000000
0.000000 0.000000 0.000000
0.219741 0.031601 0.513289
0.000000 0.000000 0.000000
0.522574 -0.123036 0.520931
0.000000 0.000000 0.000000
0.000000 0.000000 0.000000
0.000000 0.000000 0.000000
0.276829 0.150350 -0.024066
0.000000 0.000000 0.000000
0.000000 0.000000 0.000000
0.000000 0.000000 0.000000
0.000000 0.000000 0.000000
-0.004592 0.150350 -0.012840
0.335030 0.084139 0.754602
0.000000 0.000000 0.000000
0.000000 0.000000 0.000000
0.000000 0.000000 0.000000
0.000000 0.000000 0.000000
0.000000 0.000000 0.000000
0.525083 0.127819 0.110723
0.000000 0.000000 0.000000
-0.051650 0.244235 0.684560
0.000000 0.000000 0.000000
0.473063 0.031601 0.293599
0.395683 0.167657 -0.239194
0.000000 0.000000 0.000000
0.269399 0.043624 0.684560
-0.001326 0.031601 0.321247
0.000000 0.000000 0.000000
