0.000000 0.000000 0.000000
0.000000 0.000000 0.000000
0.625463 -0.180211 -0.474337
0.000000 0.000000 0.000000
0.000000 0.000000 0.000000
0.000000 0.000000 0.000000
0.400214 0.429951 -0.262645
0.000000 0.000000 0.000000
-0.707642 0.030261 -0.260266
0.000000 0.000000 0.000000
-0.128522 0.158733 -0.290946
0.000000 0.000000 0.000000
0.666954 -0.015635 0.047519
0.000000 0.000000 0.000000
0.000000 0.000000 0.000000
0.000000 0.000000 0.000000
-0.710022 -0.030885 0.245878
0.287219 -0.009778 -0.294668
0.000000 0.000000 0.000000
-0.705599 0.447306 -0.252189
0.000000 0.000000 0.000000
-0.440479 0.372879 -0.294668
0.000000 0.000000 0.000000
-0.005781 0.447306 -0.133132
-0.710022 -0.152160 0.018016
0.571500 0.081495 -0.294668
0.000000 0.000000 0.000000
0.297743 -0.150451 -0.469292
0.000000 0.000000 0.000000
0.000000 0.000000 0.000000
-0.702783 -0.206239 0.505898
-0.015356 -0.127481 -0.230624
-0.417437 0.080061 -0.230624
0.000000 0.000000 0.000000
0.000000 0.000000 0.000000
0.698977 -0.199711 -0.183306
0.000000 0.000000 0.000000
0.000000 0.000000 0.000000
0.698977 0.417019 -0.232271
0.164659 0.276518 -0.293396
0.000000 0.000000 0.000000
-0.710022 0.156580 0.015233
-0.631734 -0.150451 -0.353350
-0.710022 0.418350 0.008901
0.000000 0.000000 0.000000
0.000000 0.000000 0.000000
0.480938 -0.152441 -0.230624
0.000000 0.000000 0.000000
0.000000 0.000000 0.000000
0.000000 0.000000 0.000000
0.000000 0.000000 0.000000
-0.251214 0.428680 -0.262645
0.000000 0.000000 0.000000
0.690123 0.262941 -0.253791
0.000000 0.000000 0.000000
-0.645977 0.215023 -0.287674
0.698977 -0.144515 0.266397
0.453992 0.273318 -0.230624
0.000000 0.000000 0.000000
-0.021594 0.382842 -0.294668
0.000000 0.000000 0.000000
-0.288091 -0.102404 -0.262645
-0.708222 -0.220447 -0.262645
-0.710022 0.076605 0.215936
0.000000 0.000000 0.000000
0.485442 -0.215927 -0.230624
0.000000 0.000000 0.000000
0.078002 0.080455 -0.230624
0.666954 0.188797 0.034809
0.133879 -0.150451 -0.417547
0.000000 0.000000 0.000000
0.344444 0.221422 -0.294668
0.189335 0.404609 -0.289986
0.000000 0.000000 0.000000
-0.581649 0.130406 -0.294668
0.000000 0.000000 0.000000
0.420280 -0.060924 -0.294668
0.000000 0.000000 0.000000
-0.533017 -0.057871 -0.294668
-0.085129 0.447306 -0.072095
0.000000 0.000000 0.000000
-0.290802 0.251352 -0.262645
0.000000 0.000000 0.000000
0.000000 0.000000 0.000000
0.666955 0.106402 -0.128213
-0.675332 0.270863 -0.145924
-0.139413 -0.017157 -0.294668
-0.555921 0.447306 -0.095503
0.000000 0.000000 0.000000
0.000000 0.000000 0.000000
0.000000 0.000000 0.000000
-0.403632 -0.150493 -0.320570
0.000000 0.000000 0.000000
0.000000 0.000000 0.000000
0.000000 0.000000 0.000000
0.000000 0.000000 0.000000
0.000000 0.000000 0.000000
0.000000 0.000000 0.000000
-0.710022 -0.150319 0.317794
-0.675332 -0.093209 0.104606
0.000000 0.000000 0.000000
-0.675332 -0.116763 -0.172931
0.000000 0.000000 0.000000
0.000000 0.000000 0.000000
-0.436196 0.248114 -0.262645
0.424035 0.086292 -0.230624
0.093278 -0.010275 -0.294668
0.545094 0.401324 -0.262645
0.000000 0.000000 0.000000
0.000000 0.000000 0.000000
-0.637058 -0.151661 -0.497479
0.000000 0.000000 0.000000
0.000000 0.000000 0.000000
0.000000 0.000000 0.000000
-0.675332 0.020807 -0.039671
-0.557999 0.411793 -0.262645
-0.100321 0.335181 -0.262645
0.000000 0.000000 0.000000
-0.528006 -0.150493 -0.286716
0.698977 0.360915 -0.104359
0.000000 0.000000 0.000000
0.666955 -0.035476 -0.125374
-0.284395 0.447306 -0.124664
0.000000 0.000000 0.000000
0.186679 -0.127276 -0.227954
0.000000 0.000000 0.000000
-0.491687 0.277685 -0.294668
0.027556 0.222107 -0.230624
0.216549 0.136112 -0.230624
-0.183084 -0.150493 -0.276279
0.000000 0.000000 0.000000
-0.274973 0.050898 -0.294668
0.000000 0.000000 0.000000
-0.436535 -0.021811 -0.294668
0.451388 -0.173920 -0.401411
0.253225 0.447264 -0.173823
0.698977 -0.176463 -0.029390
0.593130 -0.065057 -0.274946
0.635791 -0.173156 -0.315275
0.000000 0.000000 0.000000
0.000000 0.000000 0.000000
-0.710022 0.210531 0.158381
0.000000 0.000000 0.000000
0.000000 0.000000 0.000000
0.000000 0.000000 0.000000
0.000000 0.000000 0.000000
0.366258 -0.104138 -0.262645
0.000000 0.000000 0.000000
0.664285 -0.166619 0.125050
0.614919 0.194891 -0.227954
0.000000 0.000000 0.000000
0.000000 0.000000 0.000000
0.257316 0.359980 -0.294668
0.698977 0.033513 -0.252691
0.000000 0.000000 0.000000
-0.677999 0.340952 0.075336
0.000000 0.000000 0.000000
0.000000 0.000000 0.000000
0.357450 0.296019 -0.230624
0.000000 0.000000 0.000000
0.000000 0.000000 0.000000
0.123991 -0.200933 -0.230624
0.000000 0.000000 0.000000
0.000000 0.000000 0.000000
-0.710022 -0.109883 0.426250
-0.015902 0.008138 -0.294668
-0.360410 0.378081 -0.227954
0.517916 0.145087 -0.294668
0.000000 0.000000 0.000000
0.521155 -0.008410 -0.227954
0.000000 0.000000 0.000000
0.000000 0.000000 0.000000
-0.710022 0.129822 -0.135156
0.000000 0.000000 0.000000
-0.675332 0.061066 0.083844
-0.320093 0.147054 -0.273320
-0.269263 0.325741 -0.294668
0.080196 0.407722 -0.227954
0.347072 0.030554 -0.230624
0.000000 0.000000 0.000000
0.000000 0.000000 0.000000
0.000000 0.000000 0.000000
0.000000 0.000000 0.000000
0.000000 0.000000 0.000000
0.003788 -0.150451 -0.360541
0.136098 0.447264 -0.086764
0.000000 0.000000 0.000000
0.000000 0.000000 0.000000
0.000000 0.000000 0.000000
-0.657169 0.337428 -0.262645
-0.326128 -0.150493 -0.300463
0.061808 0.286687 -0.227954
0.698977 -0.259896 -0.229577
-0.710022 0.430166 -0.093208
-0.710022 0.260659 -0.029738
-0.420847 0.447264 -0.122705
0.234751 -0.150493 -0.341901
0.294493 -0.150451 -0.297212
0.000000 0.000000 0.000000
0.585223 -0.005229 -0.294668
0.664285 -0.237721 0.235130
0.680726 -0.112392 -0.262645
0.698977 0.261813 -0.066268
0.000000 0.000000 0.000000
0.006462 0.140077 -0.294668
-0.117013 0.447264 -0.221715
0.666955 0.047553 0.151384
0.014662 -0.150451 -0.494611
-0.419968 -0.090701 -0.227954
0.230380 0.087387 -0.294668
0.000000 0.000000 0.000000
-0.507762 -0.168048 -0.401411
-0.144689 -0.151566 -0.401411
-0.710022 -0.072529 0.162881
0.698977 -0.265596 0.015195
-0.178556 0.088663 -0.230624
0.472855 0.447264 -0.164069
0.698977 -0.224872 0.349282
0.000000 0.000000 0.000000
-0.710022 0.160436 -0.224773
0.000000 0.000000 0.000000
-0.534720 0.030993 -0.227954
0.564836 -0.122042 -0.262645
0.000000 0.000000 0.000000
0.000000 0.000000 0.000000
-0.254026 -0.009814 -0.262645
0.000000 0.000000 0.000000
-0.675332 -0.230728 0.411462
0.219023 0.210213 -0.230624
-0.548503 0.166185 -0.227954
-0.194457 0.294932 -0.227954
-0.710022 -0.136273 0.236679
-0.085552 -0.065057 -0.287337
0.000000 0.000000 0.000000
0.000000 0.000000 0.000000
0.698977 0.345802 -0.194815
0.000000 0.000000 0.000000
0.000000 0.000000 0.000000
0.497458 0.313596 -0.227954
0.583159 0.279820 -0.262645
0.000000 0.000000 0.000000
0.000000 0.000000 0.000000
0.000000 0.000000 0.000000
0.000000 0.000000 0.000000
-0.634984 0.028846 -0.294668
-0.710022 0.389391 -0.165642
0.000000 0.000000 0.000000
0.316118 0.130729 -0.227954
0.000000 0.000000 0.000000
0.000000 0.000000 0.000000
0.417979 -0.160516 -0.491860
0.000000 0.000000 0.000000
-0.091032 0.227317 -0.227954
0.000000 0.000000 0.000000
-0.063988 -0.150451 -0.383633
0.698977 -0.127074 -0.113471
0.123492 0.137958 -0.286936
0.000000 0.000000 0.000000
0.000000 0.000000 0.000000
0.000000 0.000000 0.000000
0.698977 0.141639 -0.071812
-0.710022 -0.061580 -0.081070
0.698977 -0.080042 0.171174
0.501994 -0.150451 -0.456761
0.538854 -0.205012 -0.401411
0.503003 -0.150451 -0.301847
-0.447394 0.142418 -0.294668
0.000000 0.000000 0.000000
0.698977 0.275202 -0.138129
0.525775 -0.002005 -0.294668
0.000000 0.000000 0.000000
-0.710022 -0.066564 0.001058
0.698977 0.114487 0.080788
0.086701 -0.150451 -0.305036
-0.710022 0.189099 0.084871
0.000000 0.000000 0.000000
0.000000 0.000000 0.000000
0.698977 0.148025 -0.219665
-0.469076 0.447264 -0.211257
0.000000 0.000000 0.000000
0.000000 0.000000 0.000000
0.000000 0.000000 0.000000
-0.071792 0.088024 -0.230624
0.666954 -0.115261 0.073983
-0.677999 -0.172149 -0.061414
0.000000 0.000000 0.000000
0.000000 0.000000 0.000000
0.000000 0.000000 0.000000
-0.590622 0.281728 -0.227954
0.386707 -0.150493 -0.339471
0.698977 0.037787 -0.026318
0.000000 0.000000 0.000000
0.000000 0.000000 0.000000
0.418290 0.216803 -0.230624
-0.366568 -0.150451 -0.425992
-0.623017 -0.072998 -0.230624
0.213845 -0.038607 -0.227954
0.625241 0.447306 -0.228152
-0.225305 0.182208 -0.227954
-0.403138 0.287759 -0.262645
0.698977 -0.110964 -0.176148
-0.675332 0.039582 -0.177382
-0.036072 0.329783 -0.230624
0.586817 -0.219306 -0.227954
0.000000 0.000000 0.000000
0.000000 0.000000 0.000000
0.558315 0.232511 -0.294668
0.630259 0.352204 -0.262645
-0.344741 0.000346 -0.227954
-0.352858 0.444595 -0.041860
0.396139 0.165554 -0.294668
0.000000 0.000000 0.000000
0.000000 0.000000 0.000000
0.000000 0.000000 0.000000
0.000000 0.000000 0.000000
-0.062929 0.017928 -0.230624
0.000000 0.000000 0.000000
-0.514362 -0.236676 0.503231
0.000000 0.000000 0.000000
0.064770 -0.078507 -0.230624
-0.675332 0.341718 -0.082264
0.000000 0.000000 0.000000
0.000000 0.000000 0.000000
0.135357 0.447306 -0.173526
-0.416928 -0.164142 -0.227954
0.302186 0.447306 -0.258203
0.000000 0.000000 0.000000
-0.710022 -0.183613 -0.164878
0.000000 0.000000 0.000000
-0.677999 0.280934 0.086082
0.000000 0.000000 0.000000
-0.087547 0.404609 -0.279531
0.000000 0.000000 0.000000
0.000000 0.000000 0.000000
-0.677999 -0.166844 0.161940
0.000000 0.000000 0.000000
0.000000 0.000000 0.000000
-0.163583 0.444595 -0.139660
0.000000 0.000000 0.000000
-0.710022 -0.087425 -0.249397
-0.551137 0.235309 -0.294668
0.000000 0.000000 0.000000
0.518384 0.091574 -0.230624
-0.710022 -0.071802 0.303180
0.000000 0.000000 0.000000
0.141105 0.337580 -0.294668
0.000000 0.000000 0.000000
-0.710022 -0.023780 0.056136
0.112614 -0.150836 -0.497479
0.268533 0.333192 -0.227954
0.000000 0.000000 0.000000
0.666954 -0.087676 -0.043130
-0.624120 0.110408 -0.227954
-0.623945 0.444595 -0.195123
-0.677999 -0.188258 0.069403
0.000000 0.000000 0.000000
0.698977 -0.239219 0.090645
-0.514264 -0.081424 -0.227954
0.000000 0.000000 0.000000
0.664285 -0.063919 0.263839
-0.598035 0.447264 -0.013376
-0.302366 0.091343 -0.227954
0.000000 0.000000 0.000000
-0.218844 0.123977 -0.294668
0.000000 0.000000 0.000000
-0.181159 0.422475 -0.262645
0.000000 0.000000 0.000000
0.000000 0.000000 0.000000
-0.710022 0.228102 -0.215146
0.000000 0.000000 0.000000
-0.498989 0.365419 -0.227954
-0.645977 0.393268 -0.279289
0.191926 0.023329 -0.294668
0.427416 -0.087140 -0.227954
0.153393 -0.065057 -0.288678
0.000000 0.000000 0.000000
0.000000 0.000000 0.000000
0.000000 0.000000 0.000000
0.000000 0.000000 0.000000
0.000000 0.000000 0.000000
0.000000 0.000000 0.000000
0.585803 -0.150451 -0.378964
0.000000 0.000000 0.000000
0.000000 0.000000 0.000000
0.000000 0.000000 0.000000
-0.113372 -0.130210 -0.230624
-0.374058 0.447306 -0.259144
-0.677999 0.189480 -0.082379
0.000000 0.000000 0.000000
0.000000 0.000000 0.000000
-0.204976 -0.150451 -0.369091
0.000000 0.000000 0.000000
0.698977 0.211350 -0.111235
0.000000 0.000000 0.000000
0.000000 0.000000 0.000000
-0.677999 -0.210898 0.223093
-0.165636 0.229939 -0.291219
0.143240 0.241406 -0.227954
0.000000 0.000000 0.000000
0.091358 0.002354 -0.230624
0.643247 0.062018 -0.262645
0.664285 -0.210174 -0.108795
-0.348167 0.204629 -0.230624
0.000000 0.000000 0.000000
0.316997 0.089178 -0.283634
0.000000 0.000000 0.000000
0.000000 0.000000 0.000000
0.345921 0.370759 -0.230624
0.000000 0.000000 0.000000
-0.020259 0.442525 -0.230624
0.000000 0.000000 0.000000
0.548429 0.172495 -0.230624
0.470324 0.410429 -0.230624
-0.500285 -0.199445 -0.227954
0.624942 -0.059262 -0.227954
0.000000 0.000000 0.000000
0.000000 0.000000 0.000000
0.254916 0.447264 -0.106139
0.000000 0.000000 0.000000
-0.317042 0.447264 -0.199550
-0.211639 -0.065057 -0.280377
0.000000 0.000000 0.000000
0.431036 0.317899 -0.262645
-0.677999 0.005363 0.175759
-0.224622 -0.267271 0.503231
-0.642436 0.021802 -0.227954
0.666954 0.200264 -0.175720
0.420718 0.013453 -0.294668
0.492572 0.221973 -0.275717
0.000000 0.000000 0.000000
0.698977 -0.203751 0.171617
0.000000 0.000000 0.000000
0.000000 0.000000 0.000000
0.000000 0.000000 0.000000
0.448203 -0.002879 -0.230624
-0.077936 -0.198576 -0.227954
-0.600861 -0.065057 -0.286339
-0.710022 0.107590 0.021420
0.274351 0.265408 -0.262645
0.390311 -0.175980 -0.230624
0.000000 0.000000 0.000000
0.264689 0.214198 -0.294668
0.222045 0.168661 -0.294668
0.698977 0.044992 -0.189558
0.000000 0.000000 0.000000
0.000000 0.000000 0.000000
-0.710022 -0.020833 -0.176764
-0.710022 0.137682 -0.034483
-0.565919 -0.197714 -0.334043
0.000000 0.000000 0.000000
-0.356892 0.313892 -0.294668
0.323874 -0.049813 -0.227954
0.084642 0.168113 -0.227954
0.000000 0.000000 0.000000
0.189263 0.313195 -0.227954
0.664285 -0.151317 0.345408
-0.042375 0.265197 -0.273320
-0.216106 0.356015 -0.294668
-0.508057 0.308954 -0.230624
-0.330732 0.289468 -0.230624
0.000000 0.000000 0.000000
0.664285 0.402257 -0.164998
0.352155 0.355898 -0.294668
0.343217 0.444595 -0.175687
0.000000 0.000000 0.000000
0.000000 0.000000 0.000000
0.000000 0.000000 0.000000
-0.167834 -0.017817 -0.230624
0.056141 0.340409 -0.294668
0.000000 0.000000 0.000000
0.000000 0.000000 0.000000
-0.249975 -0.143384 -0.230624
0.000000 0.000000 0.000000
0.275297 -0.107182 -0.230624
0.000000 0.000000 0.000000
0.000000 0.000000 0.000000
0.000000 0.000000 0.000000
0.692907 0.180173 -0.262645
0.000000 0.000000 0.000000
0.000000 0.000000 0.000000
0.000000 0.000000 0.000000
0.206611 0.039008 -0.227954
0.000000 0.000000 0.000000
0.666954 -0.260073 -0.056286
-0.306984 -0.019403 -0.294668
-0.494156 0.074094 -0.230624
-0.514044 0.053125 -0.294668
0.000000 0.000000 0.000000
0.210880 -0.150451 -0.470170
-0.675332 -0.117573 0.369152
0.698977 -0.043030 -0.006030
0.000000 0.000000 0.000000
-0.710022 -0.008457 0.108021
0.094300 0.399484 -0.294668
-0.228627 0.444595 -0.183955
0.264279 -0.189896 -0.227954
-0.469391 -0.018958 -0.230624
0.000000 0.000000 0.000000
0.000000 0.000000 0.000000
-0.542831 0.447306 -0.193023
0.137816 0.067836 -0.262645
0.000000 0.000000 0.000000
-0.710022 0.130132 0.176271
-0.587977 -0.150451 -0.422299
0.000000 0.000000 0.000000
0.057193 0.444595 -0.108661
0.000000 0.000000 0.000000
-0.505023 0.436447 -0.262645
0.603880 0.131361 -0.262645
0.000000 0.000000 0.000000
0.666955 -0.021568 -0.215394
0.081344 0.248654 -0.284780
0.304442 0.316222 -0.262645
0.636165 0.298218 -0.227954
0.000000 0.000000 0.000000
0.664285 -0.145800 0.205951
-0.677999 -0.236916 -0.065768
0.000000 0.000000 0.000000
-0.560825 -0.019572 -0.230624
-0.710022 0.313405 -0.201625
0.382836 -0.150451 -0.433451
-0.635708 0.447264 -0.083258
0.562468 -0.203822 -0.285748
0.000000 0.000000 0.000000
0.482683 0.349584 -0.294668
0.155820 -0.150451 -0.348289
-0.217131 0.251260 -0.262645
0.000000 0.000000 0.000000
-0.691870 0.105428 -0.244494
-0.575266 0.349691 -0.230624
-0.127669 0.063034 -0.266271
0.000000 0.000000 0.000000
-0.366435 0.069005 -0.273320
0.576973 0.340421 -0.294668
0.000000 0.000000 0.000000
0.000000 0.000000 0.000000
0.000000 0.000000 0.000000
-0.677999 0.361831 -0.007305
-0.710022 0.072037 -0.054573
0.061280 -0.146779 -0.230624
0.000000 0.000000 0.000000
-0.675332 -0.006233 -0.112946
0.000000 0.000000 0.000000
0.006216 -0.005927 -0.230624
-0.710022 -0.150731 0.120211
0.485126 -0.074158 -0.262645
0.666954 0.113645 0.011658
0.000000 0.000000 0.000000
-0.639472 -0.150451 -0.230778
0.631067 -0.234019 -0.262645
0.006054 0.203288 -0.294668
-0.148352 0.158720 -0.227954
-0.675332 0.070805 0.155303
0.000000 0.000000 0.000000
0.000000 0.000000 0.000000
-0.419970 0.174429 -0.230624
0.664285 -0.045186 0.119706
0.322250 0.156284 -0.273320
0.000000 0.000000 0.000000
-0.094749 -0.150493 -0.298901
0.320420 0.216463 -0.230624
0.000000 0.000000 0.000000
0.612063 0.020611 -0.227954
0.049108 0.447264 -0.195932
-0.675332 0.033170 0.264633
0.374775 0.276518 -0.286810
0.276952 -0.011612 -0.230624
0.000000 0.000000 0.000000
0.698977 -0.196438 0.242390
0.000000 0.000000 0.000000
0.698977 0.033682 0.090944
0.000000 0.000000 0.000000
-0.240250 -0.075294 -0.227954
-0.383955 0.180698 -0.294668
0.000000 0.000000 0.000000
0.000000 0.000000 0.000000
0.022853 0.079330 -0.273320
0.334473 -0.224943 -0.227954
0.000000 0.000000 0.000000
-0.690403 -0.150451 -0.255173
-0.047450 0.316689 -0.294668
-0.583348 0.366387 -0.294668
0.000000 0.000000 0.000000
0.126079 0.447306 -0.256698
-0.588962 -0.225019 0.505898
0.698977 -0.047173 -0.072849
0.454402 0.160578 -0.230624
0.271638 0.201270 -0.230624
0.000000 0.000000 0.000000
0.538596 0.447264 -0.197147
0.000000 0.000000 0.000000
-0.142828 0.275226 -0.262645
0.000000 0.000000 0.000000
0.000000 0.000000 0.000000
0.000000 0.000000 0.000000
0.000000 0.000000 0.000000
-0.276408 0.346602 -0.230624
0.000000 0.000000 0.000000
-0.029944 0.195255 -0.230624
0.000000 0.000000 0.000000
-0.675332 -0.102540 -0.041709
-0.710022 0.101067 0.096681
0.589749 0.394862 -0.294668
0.156714 -0.150451 -0.275499
0.522975 0.054925 -0.262645
-0.517886 0.178935 -0.270236
0.000000 0.000000 0.000000
0.285263 0.075518 -0.230624
-0.070352 0.447264 -0.200795
-0.053880 -0.074931 -0.227954
0.000000 0.000000 0.000000
-0.677999 0.397999 -0.057530
0.000000 0.000000 0.000000
0.000000 0.000000 0.000000
0.000000 0.000000 0.000000
0.000000 0.000000 0.000000
0.000000 0.000000 0.000000
0.000000 0.000000 0.000000
0.154681 0.167122 -0.227954
0.000000 0.000000 0.000000
0.000000 0.000000 0.000000
-0.437050 0.447264 -0.028522
0.000000 0.000000 0.000000
0.374993 0.074917 -0.273320
0.588150 0.242372 -0.227954
-0.082777 0.185966 -0.273320
-0.317522 -0.060795 -0.230624
-0.020707 -0.150451 -0.293716
0.000000 0.000000 0.000000
0.410302 0.447306 -0.131820
-0.078205 0.025814 -0.294668
0.000000 0.000000 0.000000
-0.677999 -0.082906 0.215514
-0.220702 0.050163 -0.294668
0.666955 0.036739 -0.079716
-0.361642 -0.084091 -0.262645
-0.477208 0.238125 -0.230624
-0.677999 0.146286 0.115285
0.000000 0.000000 0.000000
-0.645977 0.151181 -0.291550
-0.282625 0.153402 -0.230624
-0.677999 0.210614 0.016548
0.615818 0.447264 -0.160583
-0.129617 0.377702 -0.227954
0.655328 0.092348 -0.227954
0.000000 0.000000 0.000000
0.000000 0.000000 0.000000
-0.446878 0.341307 -0.230624
-0.486217 0.444595 -0.094153
-0.675332 0.014745 0.025947
-0.316960 0.404609 -0.262742
-0.577245 0.049365 -0.262645
0.550669 0.334508 -0.230624
0.109116 -0.286769 0.505898
0.000000 0.000000 0.000000
0.000000 0.000000 0.000000
0.649632 -0.156941 -0.230624
-0.264828 -0.159722 -0.401411
0.355863 -0.012924 -0.262645
-0.629538 -0.185714 -0.296492
0.000000 0.000000 0.000000
0.000000 0.000000 0.000000
0.470428 0.063034 -0.293222
0.000000 0.000000 0.000000
0.000000 0.000000 0.000000
-0.648832 0.229072 -0.227954
-0.662594 -0.044164 -0.262645
0.000000 0.000000 0.000000
0.071113 -0.150451 -0.390894
0.000000 0.000000 0.000000
0.063164 -0.065057 -0.292900
0.146434 -0.032156 -0.227954
-0.588703 -0.147430 -0.230624
0.000000 0.000000 0.000000
0.000000 0.000000 0.000000
0.500615 -0.150493 -0.368384
-0.677999 -0.217948 0.010229
0.024026 0.125632 -0.227954
-0.677999 -0.182321 0.435979
0.000000 0.000000 0.000000
-0.517886 0.351519 -0.289297
0.664285 -0.132009 0.003774
-0.422096 0.403884 -0.230624
0.666954 -0.034791 0.204087
0.000000 0.000000 0.000000
-0.344283 0.244285 -0.273320
0.180621 0.444595 -0.219545
0.698977 -0.187744 0.055663
0.000000 0.000000 0.000000
-0.262883 0.037700 -0.227954
0.392710 0.154967 -0.230624
0.664285 0.048347 0.020641
-0.241059 -0.150451 -0.308242
-0.054420 0.127658 -0.262645
-0.166872 0.361726 -0.262645
-0.395511 0.253190 -0.230624
0.262228 -0.150451 -0.407116
-0.677999 0.336804 -0.138588
-0.174456 -0.114149 -0.227954
0.000000 0.000000 0.000000
0.698977 0.218493 -0.014945
0.122746 -0.118829 -0.230624
0.000000 0.000000 0.000000
0.146497 0.225113 -0.273320
0.000000 0.000000 0.000000
-0.677999 -0.214516 0.287646
0.000000 0.000000 0.000000
0.000000 0.000000 0.000000
0.222977 0.276518 -0.265931
0.000000 0.000000 0.000000
0.000000 0.000000 0.000000
0.666954 -0.158261 -0.148447
0.666954 -0.165805 -0.079291
0.453424 0.136704 -0.294668
0.000000 0.000000 0.000000
-0.447417 0.081178 -0.278301
-0.089854 0.280473 -0.230624
