0.000000 0.000000 0.000000
-0.755146 0.103650 0.449373
0.000000 0.000000 0.000000
0.000000 0.000000 0.000000
0.000000 0.000000 0.000000
-0.088018 0.072978 -0.541558
-0.341811 -0.131476 0.349479
0.000000 0.000000 0.000000
-0.517485 -0.135341 0.599179
0.038229 -0.222658 -0.587836
0.000000 0.000000 0.000000
-0.070412 0.159254 -0.742173
0.000000 0.000000 0.000000
0.000000 0.000000 0.000000
0.000000 0.000000 0.000000
-0.756610 -0.265220 0.332132
-0.486391 0.089464 0.475268
-0.001436 0.001089 -0.796936
0.000000 0.000000 0.000000
0.000000 0.000000 0.000000
-0.740248 -0.265220 0.496061
0.000000 0.000000 0.000000
-0.660302 0.044649 0.335296
0.000000 0.000000 0.000000
0.000000 0.000000 0.000000
0.000000 0.000000 0.000000
0.000000 0.000000 0.000000
-0.489074 -0.265220 0.411778
0.000000 0.000000 0.000000
-0.642741 0.054489 0.599179
-0.601484 -0.146885 0.335296
-0.619860 0.018009 0.599179
-0.089447 -0.159925 -0.673609
0.000000 0.000000 0.000000
0.000000 0.000000 0.000000
0.000000 0.000000 0.000000
0.000000 0.000000 0.000000
-0.424197 0.043476 0.599179
-0.777749 -0.060016 0.533585
-0.013763 -0.222658 -0.731535
-0.089447 0.001013 -0.725726
0.000000 0.000000 0.000000
0.000000 0.000000 0.000000
0.000000 0.000000 0.000000
0.000000 0.000000 0.000000
-0.306430 -0.265220 0.415232
-0.339184 -0.245550 0.590675
0.000000 0.000000 0.000000
0.000000 0.000000 0.000000
-0.089447 -0.183846 -0.570238
0.000000 0.000000 0.000000
-0.474811 0.013641 0.335296
-0.777749 -0.078005 0.366650
-0.652495 -0.206735 0.599179
0.000000 0.000000 0.000000
0.000000 0.000000 0.000000
0.000000 0.000000 0.000000
0.023833 -0.188061 -0.796936
0.000000 0.000000 0.000000
-0.777749 -0.185058 0.499478
0.000000 0.000000 0.000000
0.000000 0.000000 0.000000
0.000000 0.000000 0.000000
0.000000 0.000000 0.000000
0.000000 0.000000 0.000000
0.019253 -0.118125 -0.508144
-0.575125 -0.265220 0.552594
0.000000 0.000000 0.000000
0.000000 0.000000 0.000000
0.000000 0.000000 0.000000
0.000000 0.000000 0.000000
0.000000 0.000000 0.000000
0.000000 0.000000 0.000000
0.000000 0.000000 0.000000
0.000000 0.000000 0.000000
0.000000 0.000000 0.000000
0.000000 0.000000 0.000000
0.000000 0.000000 0.000000
-0.622777 -0.265220 0.329777
-0.197213 -0.250817 0.329616
0.000000 0.000000 0.000000
0.000000 0.000000 0.000000
-0.769934 0.075275 0.332738
0.000000 0.000000 0.000000
0.000000 0.000000 0.000000
-0.684598 -0.265220 0.482987
0.000000 0.000000 0.000000
-0.089447 -0.068948 -0.583304
-0.448904 -0.212586 0.321112
0.000000 0.000000 0.000000
-0.348114 0.103650 0.458903
-0.464241 -0.087409 0.599179
0.000000 0.000000 0.000000
0.000000 0.000000 0.000000
-0.636035 0.089464 0.458316
0.000000 0.000000 0.000000
0.000000 0.000000 0.000000
-0.755182 0.095699 0.605477
0.000000 0.000000 0.000000
-0.548603 0.103650 0.320645
0.000000 0.000000 0.000000
-0.388183 0.103650 0.320176
-0.521423 0.075275 0.596249
0.000000 0.000000 0.000000
0.000000 0.000000 0.000000
-0.346066 -0.057550 0.599179
0.000000 0.000000 0.000000
0.000000 0.000000 0.000000
0.000000 0.000000 0.000000
-0.777749 -0.014339 0.393735
-0.043159 -0.222658 -0.679779
0.000000 0.000000 0.000000
-0.089356 -0.201277 -0.796936
0.000000 0.000000 0.000000
0.000000 0.000000 0.000000
0.000000 0.000000 0.000000
-0.715045 -0.047561 0.599179
0.000000 0.000000 0.000000
0.000000 0.000000 0.000000
-0.777749 -0.157246 0.379628
0.000000 0.000000 0.000000
-0.374291 -0.265220 0.397019
0.000000 0.000000 0.000000
0.000000 0.000000 0.000000
0.000000 0.000000 0.000000
-0.048247 0.089464 -0.747496
-0.777749 -0.060761 0.464975
-0.457734 -0.265220 0.543114
-0.250138 -0.265220 0.526167
0.087257 -0.094315 -0.796936
-0.378623 -0.000233 0.349479
0.000000 0.000000 0.000000
0.000000 0.000000 0.000000
0.000000 0.000000 0.000000
0.000000 0.000000 0.000000
0.000000 0.000000 0.000000
0.000000 0.000000 0.000000
-0.089447 -0.104234 -0.786361
0.000000 0.000000 0.000000
0.000000 0.000000 0.000000
-0.280403 -0.211417 0.321112
0.000000 0.000000 0.000000
-0.030382 -0.265220 -0.567734
-0.752103 -0.142600 0.599179
0.000000 0.000000 0.000000
-0.519187 -0.066776 0.335296
0.000000 0.000000 0.000000
0.020332 -0.037962 -0.541558
-0.512931 -0.001833 0.599179
0.000000 0.000000 0.000000
0.000000 0.000000 0.000000
0.000000 0.000000 0.000000
0.000000 0.000000 0.000000
-0.002677 -0.171555 -0.541558
0.000000 0.000000 0.000000
-0.327546 -0.259005 0.329616
-0.595407 -0.095304 0.599179
0.000000 0.000000 0.000000
0.000000 0.000000 0.000000
-0.710038 -0.265220 0.589851
0.000000 0.000000 0.000000
0.000000 0.000000 0.000000
-0.282937 -0.162721 0.599179
-0.392300 0.103650 0.600707
0.000000 0.000000 0.000000
-0.504265 -0.265220 0.358336
-0.457961 0.103650 0.387026
-0.700211 -0.093423 0.335296
-0.716561 0.103650 0.514273
0.000000 0.000000 0.000000
0.000000 0.000000 0.000000
0.000000 0.000000 0.000000
-0.089447 0.024455 -0.611148
-0.415929 -0.164703 0.599179
0.000000 0.000000 0.000000
0.000000 0.000000 0.000000
0.000000 0.000000 0.000000
-0.455793 -0.132055 0.335296
-0.480126 0.075275 0.507847
0.000000 0.000000 0.000000
0.000000 0.000000 0.000000
0.000000 0.000000 0.000000
-0.681115 0.103650 0.403818
-0.551332 0.089464 0.404838
0.000000 0.000000 0.000000
0.000000 0.000000 0.000000
-0.351816 -0.265220 0.502560
0.000000 0.000000 0.000000
0.000000 0.000000 0.000000
0.000000 0.000000 0.000000
-0.599432 0.103650 0.516954
-0.068505 -0.265220 -0.758858
0.000000 0.000000 0.000000
0.000000 0.000000 0.000000
-0.229793 -0.265220 0.428771
-0.682778 -0.199739 0.335296
-0.591271 0.009350 0.335296
0.027978 -0.224307 -0.475022
-0.366249 0.103650 0.377174
0.000000 0.000000 0.000000
0.000000 0.000000 0.000000
0.000000 0.000000 0.000000
0.000000 0.000000 0.000000
0.000000 0.000000 0.000000
-0.070412 0.162109 -0.632358
0.000000 0.000000 0.000000
0.000000 0.000000 0.000000
-0.412162 -0.082613 0.349479
-0.472248 -0.221071 0.599179
0.000000 0.000000 0.000000
0.000000 0.000000 0.000000
0.000000 0.000000 0.000000
0.000000 0.000000 0.000000
-0.777749 0.037691 0.533602
-0.133442 -0.265220 0.389073
0.000000 0.000000 0.000000
-0.763510 -0.265220 0.442578
0.000000 0.000000 0.000000
-0.601821 0.103534 0.319410
0.000000 0.000000 0.000000
0.000000 0.000000 0.000000
0.000000 0.000000 0.000000
0.000000 0.000000 0.000000
-0.579938 -0.265220 0.458992
0.000000 0.000000 0.000000
0.000000 0.000000 0.000000
-0.000623 -0.265220 -0.641555
0.000000 0.000000 0.000000
0.000000 0.000000 0.000000
0.000000 0.000000 0.000000
0.000000 0.000000 0.000000
0.000000 0.000000 0.000000
0.000000 0.000000 0.000000
-0.424976 0.075275 0.433582
0.000000 0.000000 0.000000
0.000000 0.000000 0.000000
0.000000 0.000000 0.000000
0.000000 0.000000 0.000000
0.000000 0.000000 0.000000
0.000000 0.000000 0.000000
-0.775700 -0.222658 0.583699
-0.077660 0.089464 -0.662286
0.000000 0.000000 0.000000
0.000000 0.000000 0.000000
-0.538305 -0.208275 0.335296
-0.352655 -0.167903 0.599179
0.000000 0.000000 0.000000
0.000000 0.000000 0.000000
0.000000 0.000000 0.000000
0.000000 0.000000 0.000000
0.000000 0.000000 0.000000
-0.418664 -0.038245 0.599179
-0.664573 -0.265220 0.400751
0.000000 0.000000 0.000000
-0.283906 -0.100645 0.349479
-0.037114 0.089464 -0.602713
0.000000 0.000000 0.000000
-0.564899 -0.182779 0.599179
-0.065027 -0.014715 -0.541558
-0.642006 -0.259223 0.590675
-0.483966 0.099071 0.604947
0.000000 0.000000 0.000000
0.000000 0.000000 0.000000
-0.004959 0.103650 -0.792683
-0.719189 0.009535 0.335296
0.000000 0.000000 0.000000
-0.509188 -0.265220 0.475519
0.000000 0.000000 0.000000
-0.677658 -0.110030 0.599179
0.000000 0.000000 0.000000
-0.045897 -0.112443 -0.541558
-0.395871 0.075275 0.501491
0.000000 0.000000 0.000000
0.000000 0.000000 0.000000
-0.016441 -0.101953 -0.796936
0.000000 0.000000 0.000000
0.000000 0.000000 0.000000
0.000000 0.000000 0.000000
-0.266938 -0.265220 0.333365
0.000000 0.000000 0.000000
-0.019328 -0.222658 -0.603825
0.000000 0.000000 0.000000
0.000000 0.000000 0.000000
0.000000 0.000000 0.000000
-0.225901 -0.144817 0.349479
0.000000 0.000000 0.000000
0.000000 0.000000 0.000000
0.000000 0.000000 0.000000
-0.662690 0.075275 0.527440
-0.720730 0.103650 0.385567
0.000000 0.000000 0.000000
0.033826 -0.265220 -0.768697
0.000000 0.000000 0.000000
0.000000 0.000000 0.000000
0.000000 0.000000 0.000000
0.000000 0.000000 0.000000
-0.473395 0.089464 0.323520
-0.089447 -0.127761 -0.614303
0.000000 0.000000 0.000000
0.000000 0.000000 0.000000
-0.232489 -0.249017 0.590675
0.000000 0.000000 0.000000
0.000000 0.000000 0.000000
0.000000 0.000000 0.000000
0.000000 0.000000 0.000000
0.000000 0.000000 0.000000
0.000000 0.000000 0.000000
0.000000 0.000000 0.000000
0.000000 0.000000 0.000000
0.000000 0.000000 0.000000
-0.580774 0.075275 0.454080
-0.426604 -0.265220 0.496652
0.000000 0.000000 0.000000
0.000000 0.000000 0.000000
0.000000 0.000000 0.000000
-0.777749 0.029946 0.435772
-0.725309 -0.165966 0.335296
0.000000 0.000000 0.000000
0.000000 0.000000 0.000000
0.000000 0.000000 0.000000
0.000000 0.000000 0.000000
-0.089447 -0.141432 -0.728406
-0.613853 0.089464 0.388342
-0.574985 0.075275 0.591156
-0.648445 -0.028716 0.335296
0.000000 0.000000 0.000000
0.000000 0.000000 0.000000
0.000000 0.000000 0.000000
-0.754906 0.023511 0.599179
0.000000 0.000000 0.000000
0.000000 0.000000 0.000000
-0.089447 -0.057978 -0.676394
0.000000 0.000000 0.000000
0.000000 0.000000 0.000000
0.000000 0.000000 0.000000
0.000000 0.000000 0.000000
0.000000 0.000000 0.000000
-0.186035 -0.265220 0.486151
-0.777749 -0.126792 0.510998
-0.069191 0.030002 -0.796936
0.000000 0.000000 0.000000
-0.428049 0.048747 0.349479
-0.089447 -0.036311 -0.794884
0.000000 0.000000 0.000000
0.000000 0.000000 0.000000
0.000000 0.000000 0.000000
0.000000 0.000000 0.000000
-0.089447 0.103423 -0.781138
0.000000 0.000000 0.000000
-0.525797 0.103650 0.515874
-0.362699 -0.198776 0.349479
0.000000 0.000000 0.000000
0.000000 0.000000 0.000000
0.000000 0.000000 0.000000
0.000000 0.000000 0.000000
-0.406718 -0.247576 0.590675
0.000000 0.000000 0.000000
0.000000 0.000000 0.000000
-0.313003 0.089464 0.394001
0.000000 0.000000 0.000000
-0.569221 -0.265220 0.391708
0.000000 0.000000 0.000000
0.000000 0.000000 0.000000
0.000000 0.000000 0.000000
0.000000 0.000000 0.000000
0.000000 0.000000 0.000000
-0.080935 -0.255938 -0.617465
0.000000 0.000000 0.000000
0.018353 -0.222658 -0.645613
-0.777749 0.056140 0.379604
0.000000 0.000000 0.000000
-0.689789 0.089464 0.578425
0.000000 0.000000 0.000000
-0.695516 -0.265220 0.330910
0.005924 -0.265220 -0.705333
0.000000 0.000000 0.000000
-0.765493 -0.013405 0.321112
0.000000 0.000000 0.000000
0.000000 0.000000 0.000000
-0.716686 0.103650 0.340296
-0.260586 -0.215132 0.590675
-0.777749 -0.144636 0.442613
0.000000 0.000000 0.000000
0.000000 0.000000 0.000000
0.072797 -0.032230 -0.796936
0.000000 0.000000 0.000000
0.000000 0.000000 0.000000
-0.395559 -0.265220 0.330890
0.048190 -0.257413 -0.544757
0.000000 0.000000 0.000000
-0.034199 0.103650 -0.693310
0.000000 0.000000 0.000000
0.000000 0.000000 0.000000
0.000000 0.000000 0.000000
0.000000 0.000000 0.000000
0.000000 0.000000 0.000000
0.000000 0.000000 0.000000
-0.523069 0.017054 0.335296
0.000000 0.000000 0.000000
-0.777749 -0.081656 0.588721
-0.698078 0.014378 0.599179
0.000000 0.000000 0.000000
0.000000 0.000000 0.000000
-0.646532 -0.060804 0.599179
0.000000 0.000000 0.000000
0.000000 0.000000 0.000000
0.000000 0.000000 0.000000
-0.524088 0.061089 0.323732
-0.421683 0.075275 0.553166
-0.513579 -0.265220 0.574923
-0.692629 0.075275 0.478053
0.000000 0.000000 0.000000
0.000000 0.000000 0.000000
0.000000 0.000000 0.000000
0.000000 0.000000 0.000000
0.000000 0.000000 0.000000
0.000000 0.000000 0.000000
0.000000 0.000000 0.000000
-0.723044 -0.265220 0.391022
0.000000 0.000000 0.000000
0.000000 0.000000 0.000000
0.041022 -0.152483 -0.466516
0.000000 0.000000 0.000000
0.000000 0.000000 0.000000
-0.722297 -0.182929 0.599179
-0.382372 0.015921 0.599179
0.000000 0.000000 0.000000
0.000000 0.000000 0.000000
0.080847 -0.208470 -0.491454
0.000000 0.000000 0.000000
0.000000 0.000000 0.000000
0.000000 0.000000 0.000000
-0.745365 0.075275 0.553186
0.000000 0.000000 0.000000
0.000000 0.000000 0.000000
0.000000 0.000000 0.000000
-0.516401 0.075275 0.383666
0.000000 0.000000 0.000000
-0.674543 -0.265220 0.528990
-0.376336 -0.108897 0.599179
-0.080935 -0.257789 -0.559452
-0.713834 0.103650 0.442624
-0.616557 -0.209913 0.321112
-0.633633 0.103650 0.582773
0.000000 0.000000 0.000000
-0.013845 -0.265220 -0.783809
-0.467493 -0.047848 0.335296
0.000000 0.000000 0.000000
0.000000 0.000000 0.000000
-0.534667 -0.055785 0.599179
0.000000 0.000000 0.000000
0.000000 0.000000 0.000000
0.000000 0.000000 0.000000
0.000000 0.000000 0.000000
-0.769238 -0.213325 0.355583
0.000000 0.000000 0.000000
-0.089447 -0.059768 -0.740837
-0.041194 0.150752 -0.683377
0.001521 0.075275 -0.719168
-0.255819 -0.046404 0.349479
-0.285919 -0.265220 0.570825
-0.068702 0.103650 -0.714070
-0.769238 -0.223050 0.399157
-0.555041 -0.255931 0.329616
-0.227346 -0.265220 0.377360
0.000000 0.000000 0.000000
0.000000 0.000000 0.000000
0.040568 -0.222658 -0.738390
0.000000 0.000000 0.000000
-0.288396 -0.162430 0.349479
0.000000 0.000000 0.000000
-0.466508 0.075275 0.546066
0.000000 0.000000 0.000000
-0.412659 -0.265220 0.444179
0.000000 0.000000 0.000000
0.083804 -0.150416 -0.796936
-0.409213 0.075275 0.379767
-0.775979 0.089464 0.496652
0.000000 0.000000 0.000000
0.000000 0.000000 0.000000
0.000000 0.000000 0.000000
0.000000 0.000000 0.000000
0.000000 0.000000 0.000000
0.000000 0.000000 0.000000
0.000000 0.000000 0.000000
0.000000 0.000000 0.000000
-0.381491 0.061089 0.321792
0.000000 0.000000 0.000000
-0.507379 -0.162839 0.335296
0.000000 0.000000 0.000000
0.000000 0.000000 0.000000
0.000000 0.000000 0.000000
0.000000 0.000000 0.000000
0.000000 0.000000 0.000000
-0.129804 -0.261323 0.329616
0.000000 0.000000 0.000000
0.000000 0.000000 0.000000
0.000000 0.000000 0.000000
-0.777871 0.103650 0.553183
-0.021050 -0.180146 -0.796936
-0.055361 -0.222658 -0.752959
-0.769238 -0.256341 0.536960
0.000000 0.000000 0.000000
-0.491213 0.089464 0.425890
0.000000 0.000000 0.000000
-0.061970 -0.265220 -0.693205
-0.621547 -0.265220 0.483326
0.000000 0.000000 0.000000
0.000000 0.000000 0.000000
0.000000 0.000000 0.000000
-0.659681 -0.141080 0.335296
-0.443347 -0.265220 0.379606
0.000000 0.000000 0.000000
-0.545797 -0.265220 0.514032
0.000000 0.000000 0.000000
0.000000 0.000000 0.000000
0.000000 0.000000 0.000000
0.000000 0.000000 0.000000
0.000000 0.000000 0.000000
-0.000393 -0.056894 -0.796936
0.000000 0.000000 0.000000
0.000000 0.000000 0.000000
0.000000 0.000000 0.000000
0.000000 0.000000 0.000000
0.000000 0.000000 0.000000
-0.282363 -0.265220 0.484822
-0.651247 0.103650 0.374094
-0.454246 -0.263908 0.329616
0.000000 0.000000 0.000000
0.000000 0.000000 0.000000
0.000000 0.000000 0.000000
0.000000 0.000000 0.000000
0.000000 0.000000 0.000000
0.000000 0.000000 0.000000
-0.554635 0.089464 0.550400
0.000000 0.000000 0.000000
-0.538588 0.089464 0.459684
0.050058 -0.173177 -0.541558
0.000000 0.000000 0.000000
0.000000 0.000000 0.000000
0.000000 0.000000 0.000000
-0.453091 0.075275 0.478272
-0.600438 0.075275 0.351602
-0.336952 0.103650 0.337318
-0.356070 0.051760 0.349479
0.000000 0.000000 0.000000
0.000000 0.000000 0.000000
0.000000 0.000000 0.000000
-0.570195 -0.099873 0.335296
0.003661 -0.216496 -0.541558
0.000000 0.000000 0.000000
0.000000 0.000000 0.000000
0.000000 0.000000 0.000000
0.000000 0.000000 0.000000
0.000000 0.000000 0.000000
0.000000 0.000000 0.000000
0.000000 0.000000 0.000000
-0.491472 -0.182026 0.599179
0.000000 0.000000 0.000000
-0.752263 -0.112984 0.335296
-0.436757 -0.009388 0.349479
0.000000 0.000000 0.000000
0.000000 0.000000 0.000000
-0.019703 0.056931 -0.796936
0.000000 0.000000 0.000000
0.000000 0.000000 0.000000
0.000000 0.000000 0.000000
-0.226908 -0.208470 0.339491
-0.295884 -0.111824 0.599179
0.000000 0.000000 0.000000
0.000000 0.000000 0.000000
0.000000 0.000000 0.000000
-0.777749 -0.013601 0.562138
0.000000 0.000000 0.000000
0.000000 0.000000 0.000000
0.000000 0.000000 0.000000
0.000000 0.000000 0.000000
0.000000 0.000000 0.000000
0.000000 0.000000 0.000000
-0.765531 -0.265220 0.586191
0.000000 0.000000 0.000000
-0.467790 -0.026488 0.599179
-0.048628 -0.222658 -0.551827
-0.777749 -0.172852 0.551884
0.000000 0.000000 0.000000
-0.413762 -0.162272 0.349479
0.000000 0.000000 0.000000
0.000000 0.000000 0.000000
0.000000 0.000000 0.000000
0.000000 0.000000 0.000000
-0.171737 -0.175645 0.349479
0.000000 0.000000 0.000000
-0.029524 -0.070352 -0.541558
-0.295917 -0.013308 0.349479
-0.089447 0.092549 -0.594683
0.000000 0.000000 0.000000
0.000000 0.000000 0.000000
-0.386535 0.103650 0.490514
0.000000 0.000000 0.000000
-0.365606 0.075275 0.418613
-0.089447 -0.118437 -0.562519
0.000000 0.000000 0.000000
-0.731715 -0.045889 0.335296
0.000000 0.000000 0.000000
-0.028212 0.075275 -0.651458
-0.745307 0.075275 0.410110
-0.720215 -0.224966 0.329616
-0.644156 0.103650 0.501886
-0.673133 -0.164268 0.599179
0.000000 0.000000 0.000000
0.000000 0.000000 0.000000
-0.089447 -0.023287 -0.585937
0.000000 0.000000 0.000000
0.045324 -0.265220 -0.484957
0.000000 0.000000 0.000000
0.000000 0.000000 0.000000
0.020278 -0.088115 -0.466516
0.000000 0.000000 0.000000
0.000000 0.000000 0.000000
0.000000 0.000000 0.000000
-0.654759 0.075275 0.404852
-0.615030 -0.142812 0.599179
0.000000 0.000000 0.000000
-0.362851 -0.068673 0.349479
0.000000 0.000000 0.000000
-0.165776 -0.265220 0.440420
-0.196560 -0.265220 0.557653
0.000000 0.000000 0.000000
0.000000 0.000000 0.000000
0.000000 0.000000 0.000000
0.000000 0.000000 0.000000
0.000000 0.000000 0.000000
0.000000 0.000000 0.000000
-0.445794 0.089464 0.591990
0.000000 0.000000 0.000000
0.000000 0.000000 0.000000
0.000000 0.000000 0.000000
0.000000 0.000000 0.000000
-0.594092 -0.255891 0.590675
-0.432230 0.103650 0.497928
0.000000 0.000000 0.000000
0.000000 0.000000 0.000000
0.000000 0.000000 0.000000
-0.388523 0.089464 0.535102
-0.777749 -0.068998 0.416094
-0.089447 0.063495 -0.688042
0.000000 0.000000 0.000000
0.000000 0.000000 0.000000
0.000000 0.000000 0.000000
0.000000 0.000000 0.000000
-0.006605 -0.223431 -0.793735
0.000000 0.000000 0.000000
0.000000 0.000000 0.000000
0.000000 0.000000 0.000000
-0.349722 0.075275 0.485239
0.000000 0.000000 0.000000
-0.522049 0.103650 0.366453
0.000000 0.000000 0.000000
-0.229163 -0.265220 0.484476
0.000000 0.000000 0.000000
-0.679726 0.075275 0.430983
0.000000 0.000000 0.000000
0.000000 0.000000 0.000000
0.000000 0.000000 0.000000
-0.777749 -0.205575 0.455448
0.000000 0.000000 0.000000
0.000000 0.000000 0.000000
0.000000 0.000000 0.000000
0.061921 -0.222658 -0.632384
-0.076456 0.157013 -0.691120
-0.297854 -0.265220 0.531902
0.000000 0.000000 0.000000
0.000000 0.000000 0.000000
0.000000 0.000000 0.000000
0.000000 0.000000 0.000000
0.000000 0.000000 0.000000
-0.045596 0.089464 -0.790097
0.000000 0.000000 0.000000
-0.365745 -0.265220 0.449184
0.000000 0.000000 0.000000
0.000000 0.000000 0.000000
-0.649293 0.103650 0.323491
-0.690137 0.103650 0.550867
-0.308256 0.061089 0.333457
0.000000 0.000000 0.000000
0.000000 0.000000 0.000000
0.000000 0.000000 0.000000
-0.727368 0.103650 0.474148
0.000000 0.000000 0.000000
-0.672864 -0.021317 0.599179
0.000000 0.000000 0.000000
0.000000 0.000000 0.000000
0.000000 0.000000 0.000000
0.000000 0.000000 0.000000
0.000000 0.000000 0.000000
-0.519128 -0.222658 0.594153
-0.170615 -0.265220 0.397338
0.000000 0.000000 0.000000
0.000000 0.000000 0.000000
0.000000 0.000000 0.000000
0.000000 0.000000 0.000000
0.000000 0.000000 0.000000
0.000000 0.000000 0.000000
0.000000 0.000000 0.000000
-0.620900 0.075275 0.482961
0.025939 -0.265220 -0.603297
-0.397726 -0.208470 0.331175
0.000000 0.000000 0.000000
0.000000 0.000000 0.000000
-0.456276 0.103650 0.445641
-0.469873 -0.265220 0.499184
-0.510182 0.103650 0.545163
0.000000 0.000000 0.000000
0.000000 0.000000 0.000000
-0.388639 0.103650 0.434487
-0.361506 -0.265220 0.555050
0.000000 0.000000 0.000000
