0.158739 0.409686 -0.241775
0.000000 0.000000 0.000000
0.141965 0.236681 -0.225046
0.248536 0.555087 -0.411579
0.251160 0.485133 -0.409616
0.342439 0.466653 -0.567016
0.279228 0.235304 -0.556051
0.340689 0.494151 -0.600793
-0.023357 0.120382 0.054697
0.084626 0.287648 -0.124594
0.251313 0.181000 -0.506197
-0.014759 -0.088114 -0.046854
0.338454 0.527923 -0.562681
-0.078704 -0.053184 0.163036
0.120286 0.015097 -0.280755
0.052739 0.123537 -0.059264
0.000000 0.000000 0.000000
0.010421 0.125741 0.005535
0.283687 0.542483 -0.470892
0.018616 -0.061388 -0.015722
0.000000 0.000000 0.000000
0.240522 0.283497 -0.383191
0.332627 0.684476 -0.602779
0.000000 0.000000 0.000000
0.030449 -0.018927 -0.125156
-0.020485 -0.012314 0.068553
0.118547 0.070686 -0.187845
0.304575 0.562281 -0.499251
0.142020 0.252445 -0.226131
0.306375 0.369286 -0.516733
0.318589 0.517192 -0.610343
0.163194 0.269882 -0.252790
0.016476 0.106109 -0.008842
0.171066 0.169140 -0.368711
0.190324 0.291101 -0.312222
0.224186 0.389073 -0.358936
-0.062250 -0.163467 0.035404
-0.076312 0.034394 0.152126
-0.034759 -0.147685 0.093864
-0.034263 -0.238305 -0.013070
0.199567 0.365173 -0.328288
-0.006549 -0.220944 -0.061070
0.300093 0.366370 -0.592189
0.165555 0.290768 -0.264503
0.128710 0.250272 -0.206202
0.018438 0.225604 -0.018182
0.161207 0.165442 -0.259343
0.185023 0.321822 -0.296354
0.349278 0.371498 -0.586661
-0.009228 -0.031035 0.047484
0.075437 0.030654 -0.097001
0.265323 0.359699 -0.425894
0.196821 0.499535 -0.307246
0.070348 0.165118 -0.088185
0.089357 0.164294 -0.128083
0.275154 0.618516 -0.462231
0.122253 0.106375 -0.284163
0.000000 0.000000 0.000000
0.113073 0.331260 -0.165571
0.047111 -0.137316 -0.154011
0.318828 0.615463 -0.613951
-0.089053 -0.131948 0.168745
-0.035422 0.014283 0.086426
0.226771 0.285754 -0.465195
0.060905 0.209181 -0.074444
0.084080 0.185620 -0.131130
0.106082 0.199901 -0.159962
0.318982 0.619382 -0.538322
0.290660 0.452868 -0.478381
0.085674 0.006519 -0.220807
0.215366 0.430578 -0.347902
0.202128 0.442760 -0.320180
0.172023 0.065437 -0.370365
0.164395 0.324214 -0.250981
0.102549 0.314623 -0.153470
-0.060394 -0.227070 0.138264
-0.056142 -0.005189 0.113348
0.336091 0.442404 -0.555864
0.275842 0.591403 -0.449491
0.054322 0.029474 -0.064838
0.309703 0.462602 -0.506073
0.003769 0.056638 0.025274
0.088656 0.125543 -0.124557
0.141701 0.341551 -0.229845
0.230192 0.301124 -0.367867
0.278971 0.346928 -0.449532
0.128955 0.332103 -0.192842
-0.120376 -0.190401 0.229601
-0.049319 0.071891 0.111834
0.003984 -0.176374 -0.079315
0.232714 0.419948 -0.381629
0.077104 -0.024908 -0.205963
0.351841 0.598168 -0.595649
0.000000 0.000000 0.000000
0.316564 0.683370 -0.514647
0.182503 0.262532 -0.295184
-0.037255 -0.081181 0.098678
0.018507 0.019267 -0.011093
-0.096111 -0.101174 0.193406
0.000000 0.000000 0.000000
-0.109903 -0.229627 0.117943
-0.117502 -0.139115 0.221766
0.262212 0.324085 -0.526582
0.183198 0.377933 -0.296291
0.142085 0.165435 -0.213380
-0.011139 -0.103196 0.033045
0.159357 0.201256 -0.252023
0.213172 0.212061 -0.441641
-0.061294 -0.206118 0.126396
0.300023 0.271208 -0.592068
0.207005 0.129512 -0.430955
0.099798 0.071539 -0.159103
-0.077705 0.005159 0.167957
-0.009436 0.177699 0.037893
0.000000 0.000000 0.000000
0.273412 0.536014 -0.449212
0.072935 -0.079797 -0.198740
0.296663 0.625282 -0.483243
0.023449 -0.104182 -0.113031
0.324279 0.585021 -0.543249
0.211517 0.237890 -0.334401
-0.055414 -0.289876 0.023566
0.056238 0.275395 -0.064577
0.333469 0.441001 -0.604905
0.320182 0.463809 -0.536700
0.267324 0.417608 -0.432237
0.031008 0.114192 -0.028068
0.223650 0.547381 -0.358754
0.089535 0.058461 -0.227496
0.000000 0.000000 0.000000
0.074089 0.080815 -0.094664
0.224730 0.358020 -0.372722
0.217352 0.493684 -0.348783
0.000000 0.000000 0.000000
0.116647 0.132976 -0.179939
0.000000 0.000000 0.000000
0.151744 0.034522 -0.335242
-0.018695 0.058021 0.055391
0.109083 -0.044288 -0.256447
0.287668 0.477138 -0.467475
0.251889 0.239659 -0.508699
0.008134 -0.037900 0.003758
0.036572 0.196100 -0.030242
0.163602 0.459815 -0.269616
0.122620 0.384964 -0.198631
-0.055242 -0.104823 0.123571
-0.080594 -0.260583 0.067178
-0.035207 -0.188211 -0.011437
0.179132 0.210282 -0.293610
0.155084 0.121730 -0.341028
0.314724 0.412418 -0.526304
0.055709 -0.009700 -0.068579
0.103156 0.250328 -0.144523
0.285264 0.404545 -0.470759
0.029652 0.049662 -0.027732
-0.067544 -0.169066 0.148670
0.356677 0.552078 -0.584121
0.248094 0.321939 -0.413991
0.067446 0.140530 -0.089410
0.346022 0.620805 -0.567422
0.338867 0.407526 -0.573181
0.002506 0.162438 0.012778
0.000000 0.000000 0.000000
-0.093959 -0.204162 0.195913
0.104832 0.066023 -0.253991
-0.104596 -0.222100 0.204517
-0.060375 -0.223563 0.032158
0.072603 0.244350 -0.097630
0.246096 0.346590 -0.409373
-0.101515 0.031265 0.195150
0.286637 0.331013 -0.568884
0.186318 0.430515 -0.288217
0.293634 0.373413 -0.481735
0.000000 0.000000 0.000000
0.237007 0.236204 -0.482924
-0.054131 -0.059768 0.115628
0.041835 -0.084481 -0.144875
0.186358 0.115201 -0.395194
0.180559 0.214691 -0.385153
0.248174 0.596373 -0.416097
0.164138 0.240534 -0.256061
0.118573 0.280314 -0.172076
0.140875 0.072961 -0.316418
-0.009303 -0.069744 0.039750
-0.108930 -0.057729 0.203298
-0.008634 0.006662 0.032468
-0.049057 -0.119965 0.119118
0.023173 -0.143331 -0.112550
0.134357 0.371693 -0.218469
0.316076 0.576065 -0.605829
0.283485 0.565565 -0.468177
0.035099 -0.005934 -0.026210
0.152842 0.299471 -0.230580
-0.051370 0.043435 0.116746
0.197090 0.398747 -0.315885
0.012456 0.057493 0.002672
-0.033483 -0.119674 0.075147
0.198219 0.178795 -0.415741
0.332763 0.677508 -0.562608
-0.014774 -0.139693 -0.046828
0.315847 0.506720 -0.513405
0.026353 0.158197 -0.030968
-0.044054 0.117199 0.104843
0.274321 0.486385 -0.448686
0.000000 0.000000 0.000000
-0.032957 -0.036534 0.088964
0.242353 0.539307 -0.390157
0.206161 0.330534 -0.342408
0.053220 -0.004905 -0.164597
0.050641 0.164483 -0.072615
0.115774 0.226412 -0.180863
0.228944 0.146864 -0.468825
0.247674 0.383237 -0.398284
0.135091 0.304461 -0.201398
0.242524 0.474066 -0.388105
0.101756 0.351580 -0.147772
0.050360 0.075075 -0.060638
0.007108 0.197979 0.001441
0.305526 0.639964 -0.515435
0.112412 0.160294 -0.179759
0.266899 0.274845 -0.534699
0.336286 0.638100 -0.594567
0.000000 0.000000 0.000000
0.043057 0.238490 -0.049712
0.355738 0.564189 -0.594424
0.149468 0.366301 -0.232037
0.275429 0.288439 -0.549472
0.133300 0.120840 -0.211362
0.127319 0.198431 -0.206280
0.082302 0.223049 -0.116610
-0.079046 -0.172389 0.170572
0.103148 0.025455 -0.251073
0.273784 0.457058 -0.447877
0.204830 0.270499 -0.340100
0.045703 -0.055957 -0.151576
0.360025 0.469686 -0.589919
0.000000 0.000000 0.000000
0.160604 0.382836 -0.261528
-0.070216 -0.283816 0.049204
-0.048227 -0.127151 0.097775
-0.065094 -0.019554 0.146407
-0.101594 -0.166647 0.203333
0.008604 -0.106527 -0.087319
-0.010123 0.095347 0.036288
-0.086047 -0.227579 0.162792
-0.067336 0.073464 0.150288
0.259360 0.451702 -0.415566
0.145479 0.175906 -0.224013
0.263873 0.536021 -0.437291
0.151022 0.149414 -0.227918
-0.032602 0.132550 0.089395
0.099785 0.102752 -0.144850
0.010992 -0.082348 0.009996
0.114706 0.368278 -0.165016
0.236741 0.506827 -0.379345
0.101542 0.151748 -0.153723
0.313774 0.598219 -0.515216
0.086222 0.322022 -0.115681
0.000000 0.000000 0.000000
0.000000 0.000000 0.000000
0.089106 0.046937 -0.130683
0.086002 -0.046021 -0.221373
0.067627 0.100807 -0.096852
0.360650 0.681676 -0.591002
0.234197 0.203775 -0.478054
-0.067166 -0.143139 0.138811
-0.022692 -0.205248 -0.033111
0.266079 0.366202 -0.533279
0.307141 0.432802 -0.518230
0.129543 0.285502 -0.204602
0.247028 0.287464 -0.500281
0.330287 0.504707 -0.540899
-0.025730 0.156034 0.059616
-0.014465 -0.183358 -0.047361
0.336732 0.402465 -0.595372
-0.044511 -0.174497 0.110755
0.036848 -0.031599 -0.048001
0.212829 0.357606 -0.349367
0.000000 0.000000 0.000000
-0.081293 -0.094245 0.160423
0.000000 0.000000 0.000000
-0.034039 0.055711 0.085739
0.139649 0.144655 -0.314293
-0.101515 -0.265793 0.103415
-0.073171 -0.010369 0.151824
0.060376 -0.040206 -0.176989
0.000000 0.000000 0.000000
0.124818 0.064679 -0.288606
0.116595 0.105643 -0.179591
0.268168 0.205077 -0.531932
0.317454 0.469169 -0.612263
0.218232 0.266856 -0.364235
0.217409 0.456406 -0.361733
0.000000 0.000000 0.000000
0.000000 0.000000 0.000000
0.187331 0.482043 -0.290809
0.083053 0.031847 -0.216268
0.206127 0.525364 -0.337235
0.161615 0.436726 -0.253912
-0.093569 -0.027299 0.193826
0.218462 0.169205 -0.450801
0.295840 0.592225 -0.479975
0.138292 0.007336 -0.311942
0.000000 0.000000 0.000000
0.203226 0.224364 -0.319752
-0.038363 -0.272245 -0.005777
0.057422 -0.105507 -0.171871
-0.022384 -0.048429 0.062366
0.066506 0.265773 -0.100321
0.294019 0.660288 -0.480370
-0.096574 -0.120283 0.192019
0.235220 0.330803 -0.393661
0.358055 0.421101 -0.586508
0.124746 -0.019962 -0.283237
0.302948 0.460728 -0.490972
0.147638 0.109447 -0.328134
0.067396 0.052643 -0.088982
0.070358 0.288264 -0.088204
0.281564 0.512146 -0.470998
0.331218 0.546916 -0.540028
0.031268 -0.049775 -0.126574
-0.029864 0.097295 0.065966
-0.050337 -0.192893 0.014770
0.003953 0.076631 0.026494
0.006029 -0.038338 0.023588
-0.064557 -0.036173 0.125568
0.240885 0.579157 -0.394464
0.040150 0.075351 -0.037799
0.172535 0.221102 -0.275100
0.015573 0.180490 -0.007748
0.270892 0.392417 -0.444421
0.016006 0.159690 -0.006382
0.088021 0.083685 -0.122030
0.138542 0.208161 -0.216680
-0.096784 -0.148007 0.188593
0.000000 0.000000 0.000000
0.015266 -0.009483 0.007746
0.306966 0.403460 -0.498021
0.213959 0.410608 -0.347596
0.009734 -0.073355 -0.003107
-0.025950 -0.091873 0.061867
0.000000 0.000000 0.000000
0.188049 0.153155 -0.398126
-0.019911 0.018343 0.054689
0.337242 0.586651 -0.593611
0.162672 0.352091 -0.266167
-0.067528 -0.077916 0.140757
0.130110 0.211438 -0.191698
0.250776 0.411471 -0.409838
0.177414 0.230906 -0.285777
0.286118 0.433230 -0.479544
-0.058447 0.098051 0.114986
0.064213 0.025885 -0.077558
0.329674 0.647280 -0.554447
0.339611 0.566653 -0.562013
0.351497 0.522332 -0.585380
0.247714 0.514570 -0.414897
-0.087502 -0.228620 0.079143
0.140598 0.408079 -0.209864
0.070565 0.195304 -0.099338
-0.092947 0.001274 0.189085
-0.003330 0.135289 0.029735
-0.016047 -0.237580 -0.043957
0.157170 0.079594 -0.344642
0.152751 0.315054 -0.230421
0.300521 0.311201 -0.592931
0.001675 -0.130498 -0.075317
0.168994 0.190542 -0.278952
0.083240 0.262525 -0.125454
-0.065990 0.016375 0.128050
0.197581 0.212063 -0.414636
-0.071965 -0.201693 0.152489
0.056711 0.244359 -0.074259
0.036801 0.018811 -0.046063
0.165374 0.422581 -0.268391
0.305417 0.522781 -0.498765
-0.083660 0.063224 0.159536
0.173903 0.094571 -0.373621
0.000000 0.000000 0.000000
0.198668 0.336145 -0.314974
0.335831 0.491866 -0.561964
0.118426 0.261385 -0.179331
0.296481 0.425623 -0.496407
-0.020143 -0.112878 0.054981
-0.050249 -0.247061 0.014618
-0.085583 0.042460 0.181894
0.117545 0.188404 -0.180959
-0.045969 0.033050 0.107374
0.036697 0.137327 -0.040909
0.223811 0.317585 -0.359573
0.327510 0.411997 -0.553510
0.208825 0.479651 -0.327110
0.267744 0.614892 -0.430307
0.009007 -0.053715 0.014230
0.202902 0.102107 -0.417930
0.003709 0.186051 0.027236
0.358372 0.654817 -0.587058
0.177069 0.296040 -0.286591
0.057956 -0.073285 -0.172797
0.114553 0.380539 -0.184659
0.041535 0.054427 -0.056425
0.000826 -0.080582 -0.073847
0.052842 0.096055 -0.072247
0.022399 -0.030622 -0.017821
0.086377 0.333532 -0.135858
0.357446 0.497375 -0.585452
0.303549 0.669926 -0.492104
-0.059717 0.054335 0.137093
0.237827 0.305668 -0.398176
0.189620 0.407548 -0.301589
0.234237 0.387141 -0.380750
0.014942 0.207607 -0.009359
0.045212 0.256437 -0.044649
0.232597 0.562779 -0.375715
-0.059642 -0.180940 0.136962
-0.041487 -0.161498 -0.000559
0.191896 0.257864 -0.314193
0.000000 0.000000 0.000000
0.276380 0.567333 -0.447083
-0.034929 -0.065932 0.083083
-0.125330 -0.219220 0.231327
0.067322 0.305274 -0.101113
0.035014 -0.159010 -0.130217
0.316022 0.537814 -0.513707
-0.072110 -0.121178 0.146611
0.033295 -0.128052 -0.130083
0.233880 0.477111 -0.374009
-0.072328 -0.242398 0.052861
0.019569 -0.170735 -0.106306
0.267662 0.327015 -0.430056
0.236323 0.176788 -0.481736
0.286806 0.639043 -0.463103
0.319502 0.547959 -0.609991
0.356278 0.388810 -0.583429
0.174125 0.261515 -0.267445
0.000000 0.000000 0.000000
0.360706 0.635402 -0.591100
0.098194 0.274446 -0.154994
0.003763 0.028524 0.026385
0.188042 0.463796 -0.307082
0.044538 0.180140 -0.054424
0.170650 0.121592 -0.367991
0.063702 0.219206 -0.094169
-0.095248 -0.046515 0.196010
0.223707 0.242506 -0.459888
0.266454 0.516080 -0.439012
0.129003 0.159365 -0.189779
0.267099 0.249851 -0.535042
0.136018 0.048619 -0.308005
0.100729 0.131750 -0.146766
0.336695 0.474859 -0.599827
0.124849 0.309968 -0.183721
0.255671 0.210066 -0.515247
0.002203 0.114950 0.028856
0.344880 0.616774 -0.600195
0.000000 0.000000 0.000000
0.279458 0.365744 -0.458732
0.097909 -0.023392 -0.241997
0.272838 0.341839 -0.544984
0.217300 0.265569 -0.448791
0.306951 0.398971 -0.517903
0.092442 -0.066162 -0.232526
-0.088108 -0.192678 0.171970
-0.054092 -0.034069 0.114532
0.320545 0.674524 -0.538517
0.241160 0.443862 -0.388893
0.045360 -0.026163 -0.150982
0.033117 -0.103005 -0.129777
0.150873 0.203323 -0.231671
0.000000 0.000000 0.000000
-0.058860 0.088342 0.135607
0.222872 0.527053 -0.372273
0.190673 0.418214 -0.312187
0.216954 0.289504 -0.345752
0.076327 0.058649 -0.204620
-0.105931 0.010804 0.203652
0.145349 0.274951 -0.235479
0.072465 0.054351 -0.110641
0.176535 0.356751 -0.286899
0.000000 0.000000 0.000000
0.004919 -0.008450 0.022370
0.000000 0.000000 0.000000
0.152024 0.428726 -0.229655
0.318064 0.408429 -0.537151
0.103497 0.226194 -0.160338
0.209838 0.187027 -0.435865
0.069858 0.122265 -0.106591
-0.024636 0.036493 0.065036
-0.109556 -0.185698 0.213814
-0.034981 -0.106992 0.088470
0.205919 0.383575 -0.325740
0.300479 0.337498 -0.592857
0.164707 0.223734 -0.253282
0.085762 0.103730 -0.116055
-0.099825 -0.076659 0.203239
0.021445 0.076005 -0.005972
0.348298 0.445270 -0.587227
0.184975 0.190035 -0.392803
0.064975 -0.014863 -0.184956
0.254441 0.264765 -0.513121
0.000000 0.000000 0.000000
-0.007619 0.141209 0.046643
-0.005770 -0.161343 -0.062421
0.146955 0.389259 -0.232170
-0.042728 -0.014596 0.094595
0.028536 0.086760 -0.029495
0.252756 0.432754 -0.419308
0.301067 0.614494 -0.504309
0.134733 0.225572 -0.201606
0.116356 0.039701 -0.273949
0.013657 -0.078843 -0.096071
0.124749 0.081171 -0.288487
0.030118 0.019437 -0.025532
0.000000 0.000000 0.000000
0.022102 0.139047 -0.013028
0.264982 0.299088 -0.531378
-0.063284 -0.188924 0.037196
0.136623 0.320067 -0.210291
0.296251 0.248926 -0.580311
0.157205 0.362496 -0.251622
0.000000 0.000000 0.000000
-0.037516 0.077001 0.092879
-0.060173 -0.266404 0.031808
-0.069156 -0.183309 0.153367
0.135457 0.110064 -0.307034
0.033188 0.173251 -0.035950
0.340390 0.541333 -0.598337
0.212607 0.385580 -0.348376
0.221976 0.340960 -0.356852
0.173797 0.390079 -0.282032
-0.093160 -0.214367 0.181592
0.241992 0.213125 -0.491556
0.302976 0.488567 -0.511017
0.076110 0.033105 -0.118072
0.179941 0.284063 -0.296992
0.332473 0.605537 -0.556885
-0.033280 -0.137688 0.071396
-0.000438 -0.199269 -0.071655
0.084327 0.239575 -0.131817
0.014378 -0.134105 -0.097319
0.035116 0.214439 -0.045220
0.290123 0.350706 -0.574920
0.062842 0.002412 -0.075185
0.298603 0.387684 -0.483537
-0.002345 0.037173 0.037218
0.298054 0.592588 -0.500743
0.193636 0.236100 -0.303780
-0.098705 -0.239744 0.098547
0.133795 0.142962 -0.215661
-0.003605 -0.105472 -0.066173
0.112414 0.086773 -0.174469
0.045424 -0.109886 -0.151091
0.314545 0.660626 -0.511149
0.054937 0.144778 -0.069016
0.016866 0.086314 0.005218
0.185958 0.091596 -0.394500
-0.019010 -0.071872 0.067076
0.289083 0.281619 -0.573121
0.118036 0.350721 -0.187654
-0.059571 -0.181324 0.116933
0.172569 0.145377 -0.371315
0.180961 0.200147 -0.279774
0.120457 0.090980 -0.194883
-0.040772 -0.096753 0.097357
0.200034 0.148841 -0.418883
0.258478 0.590598 -0.431146
-0.021165 0.139987 0.070319
0.000000 0.000000 0.000000
0.270184 0.442369 -0.436858
0.000000 0.000000 0.000000
0.100809 0.002265 -0.247022
-0.029801 -0.164865 -0.020799
0.098068 0.046868 -0.242274
-0.015184 0.081520 0.056813
0.129480 -0.001638 -0.296679
0.107228 0.354386 -0.166994
0.258719 0.538054 -0.419452
0.243104 0.263642 -0.493486
-0.063433 -0.081174 0.125160
0.219598 0.257419 -0.346695
0.275254 0.261614 -0.549168
0.177065 0.440730 -0.272539
0.000000 0.000000 0.000000
0.258817 0.377002 -0.415824
0.226509 0.206982 -0.464740
0.208260 0.286733 -0.326131
0.155697 0.155468 -0.248191
0.129865 0.138276 -0.192317
0.321157 0.637604 -0.612484
0.024856 -0.085135 -0.115468
-0.082395 -0.283076 0.070296
-0.067864 -0.057388 0.134094
0.000000 0.000000 0.000000
0.002735 -0.090021 0.028924
0.000000 0.000000 0.000000
0.069776 -0.052958 -0.193271
0.217768 0.142511 -0.449597
0.006707 -0.150797 -0.084032
0.121918 0.242918 -0.177317
0.263352 0.478145 -0.441922
0.289375 0.307642 -0.573626
0.085651 0.210102 -0.130223
0.249046 0.322320 -0.397700
0.056331 0.047776 -0.073936
0.233902 0.461463 -0.380943
0.165885 0.399392 -0.259561
0.153988 0.227860 -0.232566
-0.083049 -0.022155 0.165370
0.199948 0.313862 -0.328996
0.032118 -0.044609 -0.032036
-0.088504 -0.109587 0.170181
0.283995 0.433616 -0.462161
0.102323 0.181290 -0.148210
0.309890 0.556895 -0.517458
0.040118 -0.010370 -0.051333
-0.094534 -0.037153 0.177490
0.341140 0.677105 -0.577117
0.100026 0.069656 -0.139590
0.304342 0.449738 -0.513383
-0.065952 -0.166708 0.127985
0.135295 0.360328 -0.200279
0.286395 0.525703 -0.481013
0.203329 0.418178 -0.326117
0.000000 0.000000 0.000000
0.238342 0.493807 -0.394322
0.102928 0.293069 -0.148724
-0.067377 -0.003736 0.134376
0.275403 0.310272 -0.549426
0.303024 0.584117 -0.511100
0.000000 0.000000 0.000000
-0.071829 -0.038583 0.138274
0.333642 0.478870 -0.545218
-0.026017 -0.252911 -0.027130
0.202554 0.508093 -0.332829
0.156325 0.306121 -0.256523
0.110006 0.117353 -0.156504
0.155435 0.138550 -0.341637
0.000000 0.000000 0.000000
0.088300 -0.013268 -0.225355
0.351433 0.399470 -0.594944
0.244272 0.575474 -0.405566
0.038910 -0.005618 -0.139810
0.056611 0.258911 -0.083193
0.010323 0.008265 0.004635
-0.103003 -0.187669 0.192771
-0.008087 -0.021909 0.030938
0.023657 0.035455 -0.009058
0.130297 0.176878 -0.203124
0.250585 0.397975 -0.420271
-0.095519 0.019135 0.180158
0.289727 0.613049 -0.474333
0.000000 0.000000 0.000000
0.172827 0.200075 -0.371761
0.288891 0.590969 -0.466223
-0.024654 -0.223896 -0.029712
0.330492 0.654425 -0.604732
0.004449 0.189983 0.012200
0.103121 0.131985 -0.164368
0.219945 0.190744 -0.453371
-0.071702 -0.217379 0.157851
0.000000 0.000000 0.000000
0.218407 0.529832 -0.354916
0.252467 0.305946 -0.408554
0.277237 0.381419 -0.459399
0.050607 0.231398 -0.062300
0.053782 0.190916 -0.069683
-0.049751 -0.272487 0.013757
-0.047813 -0.147591 0.105761
-0.033703 -0.208709 -0.014039
-0.027031 0.113303 0.078799
0.314110 0.415746 -0.510396
0.000000 0.000000 0.000000
-0.091374 -0.268085 0.085850
-0.052003 -0.166365 0.017655
0.121923 0.200124 -0.177314
-0.045460 -0.163583 0.094135
-0.042271 -0.053309 0.093743
0.126447 0.292352 -0.185352
-0.105968 -0.134106 0.200809
-0.063871 -0.131523 0.124908
0.229173 0.277471 -0.363279
-0.083471 -0.152763 0.173668
0.178958 0.468050 -0.276304
0.330671 0.412418 -0.608761
0.233465 0.369215 -0.388042
0.123113 0.266278 -0.196215
0.000000 0.000000 0.000000
0.002844 0.098355 0.025854
0.121748 0.118603 -0.197121
-0.069011 0.037296 0.133283
0.008858 0.110324 0.009598
0.318364 0.496959 -0.608021
0.079097 0.014511 -0.209417
0.000000 0.000000 0.000000
0.289522 0.575549 -0.484209
-0.090108 -0.003197 0.170640
0.227315 0.512926 -0.363255
0.326825 0.601984 -0.599624
0.081962 0.323188 -0.128210
0.340060 0.589879 -0.562869
0.267038 0.376022 -0.438596
0.015254 0.126244 -0.009547
-0.007920 0.161862 0.043175
0.187628 0.487020 -0.311165
0.037981 0.242749 -0.032126
-0.071003 -0.093039 0.138751
0.070282 0.013635 -0.088072
0.156453 0.099948 -0.343400
-0.046958 -0.078267 0.113497
0.059584 -0.121886 -0.170717
-0.056614 -0.150828 0.129098
0.211416 0.313659 -0.347802
-0.032511 0.036600 0.089222
0.088632 0.138862 -0.139273
0.000000 0.000000 0.000000
0.001347 -0.055788 0.029114
0.275066 0.553889 -0.462183
