0.058651 0.075330 -0.648463
0.315119 0.065560 -0.745162
-0.207378 -0.329605 -0.648085
0.000000 0.000000 0.000000
0.000000 0.000000 0.000000
0.000000 0.000000 0.000000
-0.430644 0.256261 -0.843064
0.071860 0.055226 -0.055071
-0.148998 -0.329605 0.376764
-0.471784 0.024815 -0.317555
0.197654 0.443846 -0.309462
0.315119 0.209947 -0.668542
0.000000 0.000000 0.000000
-0.304658 -0.329605 -0.139881
0.000000 0.000000 0.000000
-0.206466 -0.074787 -0.850724
0.315119 0.096158 -0.815756
0.188254 0.486314 -0.758988
-0.124793 0.215491 -0.796578
0.000000 0.000000 0.000000
-0.471784 -0.085776 -0.686536
-0.283721 -0.020766 0.011704
0.137134 -0.187874 -0.850724
0.180478 0.209385 -0.151026
-0.440926 -0.273439 0.205783
-0.104273 -0.329605 0.672765
0.000000 0.000000 0.000000
0.180478 0.319062 -0.434025
-0.053348 -0.329605 0.015761
-0.160408 0.075997 -0.353549
-0.440926 -0.284157 0.570651
0.000000 0.000000 0.000000
0.000000 0.000000 0.000000
0.000000 0.000000 0.000000
-0.298043 0.059556 -0.700350
-0.152366 -0.329605 0.706521
0.253400 0.186330 -0.420830
-0.299957 -0.054474 -0.850724
0.000000 0.000000 0.000000
-0.440926 -0.305810 -0.395538
-0.462410 -0.130125 -0.146081
0.145134 0.169657 -0.796375
0.000000 0.000000 0.000000
0.000000 0.000000 0.000000
0.075201 -0.329605 -0.574652
0.000000 0.000000 0.000000
-0.471784 -0.122989 0.105278
0.206300 0.008405 -0.850724
0.180478 0.247273 -0.661323
-0.440926 -0.338701 -0.831183
-0.100334 0.040710 -0.850724
0.180478 0.231376 0.079699
-0.171617 -0.310778 -0.850189
0.000000 0.000000 0.000000
-0.160080 -0.329605 -0.375707
-0.020915 0.075624 0.149053
0.000000 0.000000 0.000000
-0.440926 -0.178792 0.316978
-0.138658 0.071872 -0.095966
-0.137442 -0.329605 0.452020
0.095983 0.076062 -0.412024
0.008751 -0.329605 -0.753615
0.229699 0.484496 -0.534003
-0.295494 -0.329605 0.010630
-0.401436 0.075793 -0.170967
0.180478 0.381284 -0.269523
0.294166 0.270499 -0.239548
0.000000 0.000000 0.000000
-0.375786 0.141772 -0.850724
-0.190534 0.076089 -0.795964
0.000000 0.000000 0.000000
0.180478 0.311641 -0.629728
-0.423719 0.078136 0.156310
0.180478 0.128375 -0.372249
-0.440926 -0.195382 -0.375856
-0.154723 0.076257 -0.586229
-0.440926 -0.322886 -0.597064
0.000000 0.000000 0.000000
-0.343088 -0.329605 0.401256
-0.097865 0.020242 0.051528
0.000000 0.000000 0.000000
-0.411196 0.076174 -0.511920
0.078315 0.262938 -0.822845
0.035677 -0.329605 -0.120667
-0.093401 -0.262733 -0.850724
0.000000 0.000000 0.000000
0.253400 0.118390 -0.640060
-0.446810 -0.129784 -0.795465
-0.138552 -0.329605 -0.168753
0.000000 0.000000 0.000000
0.314362 0.253440 -0.521541
0.000000 0.000000 0.000000
0.000000 0.000000 0.000000
0.034090 0.032436 -0.742838
-0.165522 -0.329605 0.195796
-0.471784 -0.059717 -0.789758
-0.265097 0.075940 -0.302625
-0.047209 -0.329605 -0.465063
0.180478 0.398227 -0.070837
0.000000 0.000000 0.000000
-0.241219 0.259891 -0.837101
-0.292521 -0.329605 0.166395
-0.210195 -0.329605 -0.301736
0.000000 0.000000 0.000000
0.249911 0.378811 -0.133679
-0.382385 -0.216080 -0.850724
0.253400 0.229229 -0.762645
0.000000 0.000000 0.000000
-0.329231 0.075908 -0.142522
-0.471784 -0.129030 -0.552001
-0.295060 -0.329605 -0.479532
-0.021904 -0.104701 -0.850724
-0.440926 -0.240570 0.395023
0.268789 0.272145 -0.402162
0.000000 0.000000 0.000000
-0.440926 -0.297240 -0.032037
0.249911 0.371988 -0.499787
0.011775 0.075850 -0.222145
0.000000 0.000000 0.000000
-0.310589 -0.329605 0.591468
-0.011187 -0.329605 -0.248955
-0.005202 0.076119 -0.462356
-0.355401 -0.329605 -0.699652
0.000000 0.000000 0.000000
0.000000 0.000000 0.000000
0.180478 0.242357 -0.223462
0.000000 0.000000 0.000000
-0.397211 -0.329605 -0.237958
0.249911 0.368480 -0.738893
-0.223955 0.082212 0.170816
0.253400 0.136940 -0.274215
0.180478 0.219688 -0.012229
0.000000 0.000000 0.000000
0.000000 0.000000 0.000000
0.000000 0.000000 0.000000
-0.439132 0.027561 -0.020406
0.000000 0.000000 0.000000
-0.440926 -0.180642 0.143703
-0.003949 0.123093 -0.796171
-0.032636 0.042916 -0.729406
0.055966 0.049579 -0.850724
-0.471784 0.045068 -0.589861
0.000000 0.000000 0.000000
0.000000 0.000000 0.000000
-0.012460 0.075918 -0.283268
0.000000 0.000000 0.000000
-0.471784 -0.048947 0.269150
0.253400 0.188187 -0.789919
0.084676 -0.360464 -0.810622
0.147246 0.075770 -0.150101
-0.471784 0.074149 -0.192112
0.180478 0.180857 -0.504960
0.249794 0.383013 -0.773705
0.249911 0.305184 -0.093630
-0.051007 -0.329605 -0.605796
-0.210278 -0.345094 -0.775927
-0.304045 0.229189 -0.796637
0.090835 -0.329605 -0.739792
0.000000 0.000000 0.000000
0.000000 0.000000 0.000000
-0.129768 0.043384 -0.728673
-0.262936 0.076116 -0.460222
0.142526 -0.329605 -0.392967
0.000000 0.000000 0.000000
0.000000 0.000000 0.000000
-0.440926 -0.143862 0.398073
-0.291474 -0.329605 0.754282
0.000000 0.000000 0.000000
0.000000 0.000000 0.000000
-0.440926 -0.235570 -0.055862
-0.249223 -0.329605 -0.117528
0.000000 0.000000 0.000000
-0.440926 -0.274322 -0.454895
-0.359645 -0.329605 0.127507
0.249911 0.129453 -0.147757
0.315119 0.238663 -0.628391
0.246112 0.034722 -0.731284
0.249911 0.381708 -0.372604
-0.440926 -0.232321 -0.647312
-0.293760 -0.329605 -0.429847
0.000000 0.000000 0.000000
0.000000 0.000000 0.000000
0.180478 0.432983 -0.628916
-0.232354 0.201232 -0.796514
0.098778 0.066352 0.125321
-0.159342 0.086863 0.223454
0.249911 0.393062 -0.640172
-0.187033 -0.031623 -0.795491
0.180478 0.120434 -0.592285
0.000000 0.000000 0.000000
0.180478 0.107622 -0.692239
0.315119 -0.003345 -0.795245
0.180478 0.450132 -0.445901
0.000000 0.000000 0.000000
0.000000 0.000000 0.000000
-0.088849 0.076079 -0.426582
0.253400 0.110445 -0.513973
0.000000 0.000000 0.000000
-0.238710 -0.197331 -0.850724
0.249911 0.359093 -0.279802
-0.036254 0.076257 -0.586143
0.315119 0.104935 -0.594593
0.180478 0.371560 -0.167470
0.206558 -0.312180 -0.850017
-0.471784 -0.077324 -0.509043
-0.333540 -0.360464 -0.821938
-0.397518 0.075940 -0.302897
-0.351777 -0.329605 0.285943
-0.471784 -0.043553 -0.053360
-0.373843 0.032459 0.066874
0.129786 0.086362 0.252281
-0.471784 -0.007911 -0.440625
-0.274640 -0.329605 0.501437
0.249900 0.477137 -0.197555
-0.235279 0.039824 0.077438
-0.177136 0.075842 -0.214969
-0.429281 0.039786 -0.733662
0.000000 0.000000 0.000000
-0.107712 -0.015848 -0.850724
0.000000 0.000000 0.000000
-0.471784 -0.086033 -0.263084
0.000000 0.000000 0.000000
0.180478 0.145056 -0.281832
-0.050492 -0.329605 0.556884
-0.184810 -0.329605 0.580163
-0.270693 0.077188 -0.850724
0.000000 0.000000 0.000000
0.000000 0.000000 0.000000
0.180478 0.139667 0.023113
0.180478 0.220647 -0.534720
0.047626 0.005348 0.035345
-0.005051 0.157687 -0.850724
0.114816 0.142236 -0.850724
0.236119 0.076828 -0.795968
-0.316739 0.045355 -0.795829
-0.419844 -0.334690 0.759315
-0.152826 -0.329605 -0.530090
0.000000 0.000000 0.000000
0.107041 0.076191 -0.527284
-0.035016 -0.329605 0.408466
0.000000 0.000000 0.000000
-0.110676 -0.354448 0.811767
-0.154066 -0.329605 0.082215
0.201067 0.262702 -0.827337
-0.391381 0.077271 -0.632334
0.000000 0.000000 0.000000
0.000000 0.000000 0.000000
0.000000 0.000000 0.000000
0.020028 -0.329605 -0.364016
0.000000 0.000000 0.000000
-0.138000 -0.329605 0.297213
-0.471784 -0.038274 -0.193965
-0.439958 -0.329605 0.331176
0.104906 -0.048658 -0.850724
-0.227999 -0.024449 -0.850724
-0.348871 -0.329605 -0.037524
0.000000 0.000000 0.000000
0.253400 0.235610 -0.487642
0.000000 0.000000 0.000000
-0.299503 0.157025 -0.796321
0.315119 0.208061 -0.821377
-0.471784 -0.008194 0.146844
-0.471784 -0.017715 0.062403
0.037802 -0.271608 -0.850724
0.000000 0.000000 0.000000
0.201180 0.075873 -0.242216
0.242843 0.076075 -0.423280
0.000000 0.000000 0.000000
-0.177736 0.157693 -0.850724
-0.044265 0.066706 -0.079246
-0.257824 -0.329605 0.340561
-0.440926 -0.273023 -0.178583
-0.100002 -0.360464 -0.788070
0.000000 0.000000 0.000000
-0.330576 -0.329605 -0.562137
-0.310056 0.076030 -0.382724
0.000000 0.000000 0.000000
0.249911 0.423643 -0.485258
-0.173300 -0.153309 -0.850724
0.000000 0.000000 0.000000
0.180478 0.234240 -0.388177
-0.440926 -0.327998 0.077443
0.196149 0.071550 -0.072821
0.134681 -0.010903 -0.780865
-0.409888 -0.329605 0.499877
0.180478 0.321544 -0.704941
-0.249183 0.056692 -0.057750
-0.161279 -0.329605 -0.722281
0.249911 0.195908 -0.568687
0.249911 0.296560 -0.584457
-0.440926 -0.192037 -0.227889
0.000000 0.000000 0.000000
-0.433842 0.025091 -0.850724
0.000000 0.000000 0.000000
0.000000 0.000000 0.000000
0.025960 -0.329605 0.096107
0.000000 0.000000 0.000000
-0.012226 0.063520 -0.795909
0.249911 0.214154 -0.034319
-0.169478 0.019631 -0.013275
-0.059020 0.204394 -0.796529
-0.279542 0.070986 0.136110
-0.440926 -0.202893 -0.563989
-0.397526 -0.329605 0.682531
-0.309767 -0.329605 -0.299598
-0.300877 0.076235 -0.566543
0.001128 0.233811 -0.850724
0.249911 0.453533 -0.624730
-0.440926 0.176896 -0.818670
0.000000 0.000000 0.000000
-0.010246 0.009149 0.039241
0.253400 0.214008 -0.156459
0.180478 0.339764 -0.539079
-0.440926 -0.140671 -0.040408
-0.440926 -0.255455 0.063255
0.249911 0.261673 -0.293366
0.275124 -0.079116 -0.850724
-0.387297 -0.122600 -0.850724
-0.438188 -0.329605 -0.736806
-0.444282 -0.130125 0.223390
-0.235711 -0.329605 -0.189661
-0.440926 -0.225403 -0.733066
-0.440926 -0.273215 -0.286463
0.113607 0.075946 -0.307636
-0.390598 -0.329605 0.345149
0.000000 0.000000 0.000000
0.000000 0.000000 0.000000
0.184241 0.480153 -0.220066
0.000000 0.000000 0.000000
0.000000 0.000000 0.000000
0.000000 0.000000 0.000000
0.315119 0.227527 -0.434082
0.000000 0.000000 0.000000
-0.471784 -0.049300 -0.596762
-0.440926 -0.223402 0.487668
0.000000 0.000000 0.000000
-0.051933 -0.329605 0.170804
-0.206103 0.070514 -0.670861
0.315119 0.150571 -0.523213
-0.330410 0.075868 -0.237891
-0.197500 -0.259475 -0.850724
-0.208313 -0.329605 -0.006062
0.167741 0.028386 0.061723
0.215351 0.118267 -0.850724
-0.471784 -0.076728 -0.362822
-0.040771 -0.329605 0.259529
-0.171246 0.076155 -0.495017
0.180478 0.307842 -0.111584
-0.424043 0.087672 -0.796015
-0.107042 -0.329605 -0.245622
-0.471784 0.042251 -0.109792
-0.350914 0.087129 0.208092
0.000000 0.000000 0.000000
0.249911 0.219220 -0.665368
0.236816 -0.162767 -0.850724
0.264064 0.251422 -0.847996
-0.078757 -0.329605 -0.078723
-0.430785 0.076048 -0.399395
0.000000 0.000000 0.000000
-0.361845 0.032163 -0.850724
-0.116269 0.077654 -0.795971
0.070391 -0.329605 -0.458433
-0.265739 -0.329605 0.262794
0.315119 0.134706 -0.718468
0.039565 -0.159393 -0.850724
0.000000 0.000000 0.000000
-0.440926 -0.200113 -0.471012
0.000000 0.000000 0.000000
0.000000 0.000000 0.000000
0.002313 -0.031562 -0.795491
0.209944 0.169750 -0.850724
0.180478 0.287348 -0.298127
0.000000 0.000000 0.000000
-0.383894 -0.329605 -0.136771
0.000000 0.000000 0.000000
-0.101135 0.075888 -0.256455
-0.387711 -0.329605 -0.451033
0.000000 0.000000 0.000000
-0.155452 0.058014 0.107925
0.180478 0.388156 -0.363645
0.091688 -0.329605 -0.186418
0.000000 0.000000 0.000000
0.000000 0.000000 0.000000
-0.108265 -0.024392 -0.795522
0.095136 0.078515 -0.795975
0.000000 0.000000 0.000000
0.068476 -0.329605 -0.329248
0.057317 0.075795 -0.145693
-0.471784 0.041021 -0.669888
-0.050047 0.086946 0.218660
-0.016165 0.038219 -0.031471
0.000000 0.000000 0.000000
0.000000 0.000000 0.000000
-0.380833 -0.329605 0.012940
0.180478 0.148385 -0.080746
0.000000 0.000000 0.000000
-0.356289 0.076111 -0.455801
0.200278 0.172352 -0.716067
-0.344186 0.059063 -0.062082
0.134377 0.066428 -0.683508
0.180478 0.101507 -0.482401
-0.440926 -0.161780 0.462541
0.000000 0.000000 0.000000
0.000000 0.000000 0.000000
-0.092629 -0.329605 -0.676842
0.000000 0.000000 0.000000
0.000000 0.000000 0.000000
0.315119 0.251580 -0.762601
-0.187742 -0.329605 -0.442931
0.000000 0.000000 0.000000
0.173907 -0.089272 -0.850724
-0.392605 -0.012758 -0.795574
-0.243093 0.075842 -0.215262
0.249911 0.315740 -0.193284
0.000000 0.000000 0.000000
-0.157682 -0.329605 0.502058
0.000000 0.000000 0.000000
0.249911 0.333136 -0.465063
0.253400 0.202409 -0.227349
0.015554 0.076019 -0.373433
0.180478 0.390449 -0.740782
0.000000 0.000000 0.000000
-0.381279 0.234478 -0.796661
0.000000 0.000000 0.000000
0.000000 0.000000 0.000000
0.000000 0.000000 0.000000
-0.471784 -0.097685 0.339015
0.253400 0.136706 -0.380921
-0.277608 -0.329605 -0.712838
-0.155143 0.097407 -0.850724
-0.038937 -0.329605 -0.162802
-0.018836 0.097673 -0.850724
0.036540 -0.329605 -0.669689
0.076085 0.164520 -0.796353
0.000000 0.000000 0.000000
-0.102252 -0.095669 -0.850724
-0.218285 0.076049 -0.400060
0.180478 0.123435 -0.156185
-0.089267 0.075778 -0.157813
-0.398489 -0.315958 -0.849530
0.000000 0.000000 0.000000
0.000000 0.000000 0.000000
0.249911 0.327706 -0.523361
-0.471784 0.029867 0.233933
-0.294493 0.175765 -0.850724
0.249911 0.388716 -0.219394
-0.437783 -0.329605 0.410260
0.107447 0.017771 -0.011887
-0.180501 0.261736 -0.832179
0.205925 0.445164 -0.549005
-0.471784 -0.022799 -0.247260
0.000000 0.000000 0.000000
0.000000 0.000000 0.000000
-0.225375 -0.329605 0.657667
-0.468739 -0.130125 -0.429640
-0.232513 0.034759 -0.739937
0.000000 0.000000 0.000000
0.000000 0.000000 0.000000
-0.323706 -0.329605 0.497506
0.203912 0.080961 -0.555487
-0.471784 -0.095031 0.018934
-0.104512 -0.329605 0.612619
0.249911 0.306933 -0.666153
0.249911 0.460816 -0.724180
-0.103529 -0.329605 0.138239
0.000000 0.000000 0.000000
0.000000 0.000000 0.000000
0.000000 0.000000 0.000000
-0.406201 -0.329605 0.603253
-0.285703 -0.329605 0.673381
0.161102 0.048129 -0.795842
-0.440926 -0.189056 0.013609
-0.063487 -0.329605 -0.367945
0.000000 0.000000 0.000000
0.000000 0.000000 0.000000
-0.440926 -0.187194 -0.113383
0.219177 0.071064 -0.659781
0.000000 0.000000 0.000000
-0.471784 -0.021919 -0.731515
0.000000 0.000000 0.000000
0.000000 0.000000 0.000000
-0.084450 0.032424 -0.024920
0.249911 0.287584 -0.707291
0.000000 0.000000 0.000000
-0.440926 -0.208573 0.587006
-0.392069 -0.044150 -0.850724
-0.471784 -0.069192 -0.115132
-0.084661 0.161063 -0.850724
0.000000 0.000000 0.000000
-0.215264 -0.329605 0.749873
0.181100 0.060173 -0.002046
-0.170374 -0.329605 -0.230147
0.210192 -0.030214 -0.795497
-0.075045 0.247437 -0.850724
-0.263227 -0.121894 -0.850724
-0.201506 0.075892 -0.259406
0.249911 0.370478 -0.595208
-0.025787 -0.302210 -0.850674
-0.440926 -0.141278 -0.617434
-0.318436 -0.329605 -0.623031
-0.397005 -0.329605 0.226021
-0.016595 0.018960 -0.850724
0.180478 0.189251 -0.582690
0.033580 0.076194 -0.530231
-0.140581 0.145908 -0.796271
0.249911 0.318970 -0.346091
0.000000 0.000000 0.000000
0.000000 0.000000 0.000000
0.180478 0.331303 -0.042525
0.000000 0.000000 0.000000
0.141976 0.076255 -0.584459
-0.180689 -0.329605 -0.077579
-0.249634 0.129483 -0.796200
0.000000 0.000000 0.000000
-0.127727 0.073905 -0.657350
0.021093 -0.329605 -0.513360
-0.106919 -0.329605 -0.451413
-0.471784 0.051345 -0.457955
-0.052435 -0.329605 0.101069
0.000000 0.000000 0.000000
-0.266541 0.086630 0.236837
-0.055046 0.072838 -0.661603
-0.397942 -0.329605 -0.346646
0.081234 0.087326 0.196749
0.001617 -0.360464 -0.825496
0.000000 0.000000 0.000000
0.000000 0.000000 0.000000
0.000000 0.000000 0.000000
-0.471784 0.039405 0.095223
0.226018 0.443846 -0.258960
0.180478 0.288484 -0.000735
-0.052098 -0.329605 -0.704756
-0.331977 0.008481 0.038501
0.000000 0.000000 0.000000
0.315119 0.175128 -0.584791
0.249911 0.120517 -0.208743
0.000000 0.000000 0.000000
-0.058714 0.075854 -0.225846
-0.218113 -0.329605 0.112649
0.253811 0.057242 -0.850724
0.180478 0.446574 -0.708061
-0.421739 0.059785 -0.063402
0.213497 0.445418 -0.374940
-0.380205 -0.360464 0.795301
0.000000 0.000000 0.000000
0.000000 0.000000 0.000000
0.183495 0.499166 -0.490750
-0.239874 0.076199 -0.534658
0.000000 0.000000 0.000000
0.095435 0.075839 -0.212567
-0.296194 -0.329605 0.083880
-0.136146 -0.360464 -0.824534
0.062705 0.002492 -0.795641
0.143820 -0.329605 -0.464474
0.044004 -0.329605 0.041807
-0.223431 -0.352019 -0.836783
0.234164 0.085280 -0.313847
0.000000 0.000000 0.000000
-0.067035 -0.346621 0.759315
-0.056056 -0.329605 -0.530656
-0.068945 -0.329605 0.329559
0.206324 0.085280 -0.339629
0.253400 0.184707 -0.318413
0.186366 -0.329605 -0.743080
0.000000 0.000000 0.000000
0.000000 0.000000 0.000000
0.180478 0.313634 -0.380555
-0.197418 -0.329605 0.433792
0.000000 0.000000 0.000000
0.199348 0.434540 -0.791049
0.253400 0.211101 -0.101066
-0.041986 0.076177 -0.514615
-0.206746 -0.329605 0.277008
-0.440926 -0.325624 -0.098708
0.000000 0.000000 0.000000
-0.299311 -0.225997 -0.850724
0.000000 0.000000 0.000000
-0.440926 -0.140776 -0.698845
0.249911 0.118275 -0.706663
-0.252908 0.010292 -0.795675
0.180478 0.228332 -0.461015
0.134278 -0.323368 -0.848076
0.115775 -0.257682 -0.850724
-0.246911 -0.329605 -0.360402
-0.115566 -0.329605 -0.006288
-0.440926 -0.147554 0.044378
-0.358967 0.088211 -0.796018
-0.274687 -0.360464 -0.780755
-0.018458 -0.329605 0.493470
0.136824 0.230886 -0.850724
0.000000 0.000000 0.000000
0.249911 0.250026 -0.540788
0.000000 0.000000 0.000000
0.223574 0.075885 -0.143178
-0.067870 0.075970 -0.329152
-0.020213 0.075784 -0.162621
0.000000 0.000000 0.000000
-0.258225 0.076177 -0.135027
-0.471784 -0.090845 0.413621
-0.124073 -0.329605 0.235299
-0.342395 0.077695 -0.618884
0.249911 0.166464 -0.476243
-0.440926 -0.318493 0.264994
0.000000 0.000000 0.000000
-0.440926 -0.270604 -0.787682
0.059054 0.076247 -0.577604
-0.032249 0.045516 0.085958
0.066469 0.198998 -0.850724
0.000000 0.000000 0.000000
-0.201040 0.076118 -0.126614
0.249911 0.299722 -0.023798
0.184185 -0.241715 -0.850724
0.000000 0.000000 0.000000
-0.086932 -0.329605 0.497950
0.253400 0.088563 -0.728493
0.180478 0.268031 -0.067608
0.315119 0.089476 -0.652622
0.019327 -0.329605 -0.445442
-0.253696 -0.329605 -0.595930
0.000000 0.000000 0.000000
0.246737 0.492992 -0.478494
-0.471784 0.041116 -0.521169
0.300356 0.267892 -0.350363
0.000000 0.000000 0.000000
0.180478 0.320749 -0.237368
0.000000 0.000000 0.000000
0.000000 0.000000 0.000000
-0.218915 -0.329605 -0.533661
0.045324 0.075959 -0.319630
0.187325 0.083559 0.118007
0.180478 0.171367 -0.649238
0.000000 0.000000 0.000000
-0.440926 -0.308844 0.135461
0.000000 0.000000 0.000000
0.000000 0.000000 0.000000
-0.314085 0.076163 -0.501681
0.178977 0.043270 -0.728853
-0.169381 0.021889 -0.754310
-0.471784 0.000340 0.287284
0.180478 0.168971 -0.415053
0.249911 0.365579 -0.062588
0.000000 0.000000 0.000000
-0.230171 0.077290 -0.607434
0.000000 0.000000 0.000000
-0.440926 -0.187192 -0.830011
-0.191637 0.036223 -0.850724
-0.342744 -0.270967 -0.850724
-0.440926 -0.244218 0.124949
0.249911 0.221551 -0.368245
0.180478 0.303694 -0.162107
0.249911 0.113563 -0.457803
0.083337 -0.110837 -0.850724
0.249911 0.436282 -0.422823
0.000000 0.000000 0.000000
-0.379555 0.076231 -0.562802
-0.471784 -0.054149 0.166607
-0.440926 -0.290557 -0.518298
-0.096383 -0.329605 -0.324889
-0.389472 -0.006129 0.003827
0.281339 0.272145 -0.466865
0.180478 0.094022 0.075030
-0.440159 -0.329605 -0.658962
0.253400 0.133330 -0.574401
-0.130714 -0.015677 0.008230
-0.462065 0.075888 -0.256364
0.180478 0.364849 -0.477946
0.242903 0.479156 -0.788122
0.130633 -0.329605 -0.610220
-0.377113 0.086158 0.264014
-0.339855 -0.329605 -0.088760
-0.092809 -0.326159 -0.847415
0.135107 0.075877 -0.246153
0.000000 0.000000 0.000000
0.000000 0.000000 0.000000
0.283037 0.010065 -0.850724
0.159886 0.076096 -0.441961
-0.471784 -0.108469 0.256757
0.180478 0.408408 -0.569990
0.162520 0.076031 -0.383865
0.000000 0.000000 0.000000
-0.471784 0.045016 -0.379290
-0.110660 0.076181 -0.518426
0.000000 0.000000 0.000000
-0.171109 -0.028235 -0.850724
0.000000 0.000000 0.000000
-0.440926 -0.266824 -0.337675
-0.016997 -0.329605 -0.060234
-0.466251 0.087256 0.200824
0.000000 0.000000 0.000000
-0.286070 -0.329605 -0.535604
-0.162889 -0.360464 0.774998
-0.378177 -0.329605 -0.759589
0.028928 0.037469 0.074017
-0.285965 0.077821 -0.614417
-0.078071 0.139811 -0.796244
-0.368286 0.066957 0.126730
0.152947 -0.026866 -0.850724
0.009052 -0.329605 0.161081
-0.313026 -0.025039 -0.795520
0.249911 0.408937 -0.301712
-0.440926 -0.189424 0.254048
-0.408947 0.140749 -0.796248
0.312809 0.149283 -0.850724
0.000000 0.000000 0.000000
-0.366602 -0.329605 -0.401250
-0.471784 -0.063093 -0.447034
-0.142395 -0.329605 -0.638460
-0.440926 -0.324012 0.657459
0.000000 0.000000 0.000000
0.000000 0.000000 0.000000
-0.445520 -0.018192 0.009372
0.035416 0.208771 -0.796547
-0.395319 0.201847 -0.850724
0.107222 -0.329605 -0.508052
0.000000 0.000000 0.000000
-0.440926 -0.270284 0.466119
0.253400 0.015533 -0.791025
