0.000000 0.000000 0.000000
0.000000 0.000000 0.000000
0.000000 0.000000 0.000000
0.821849 -0.487595 0.004772
0.341233 0.244509 -0.149478
0.000000 0.000000 0.000000
0.373772 -0.006055 -0.051849
0.000000 0.000000 0.000000
0.000000 0.000000 0.000000
0.224416 -0.428069 -0.214565
0.631403 -0.068857 -0.129952
0.000000 0.000000 0.000000
0.000000 0.000000 0.000000
0.826846 0.155537 -0.137927
0.000000 0.000000 0.000000
0.000000 0.000000 0.000000
0.386331 0.356226 -0.149478
-0.167536 -0.417486 -0.214565
-0.019100 0.234862 -0.169208
0.000000 0.000000 0.000000
0.683394 -0.227380 -0.270833
0.000000 0.000000 0.000000
0.000000 0.000000 0.000000
0.000000 0.000000 0.000000
0.000000 0.000000 0.000000
0.445002 -0.435185 -0.234091
0.807319 -0.275901 0.076920
0.761797 -0.487594 0.088643
0.580505 0.290290 -0.051849
0.000000 0.000000 0.000000
0.531174 0.003679 -0.149478
0.000000 0.000000 0.000000
0.000000 0.000000 0.000000
0.000000 0.000000 0.000000
0.657148 -0.154874 -0.051849
-0.408166 -0.229955 -0.273143
0.100018 -0.235907 -0.268006
-0.286862 -0.227380 -0.266372
0.000000 0.000000 0.000000
0.777762 0.375751 -0.051849
0.779015 -0.102218 -0.129952
0.655570 0.350361 -0.129952
0.000000 0.000000 0.000000
0.000000 0.000000 0.000000
0.000000 0.000000 0.000000
0.000000 0.000000 0.000000
0.000000 0.000000 0.000000
0.826846 -0.071818 0.021296
0.629607 0.297509 -0.149478
0.000000 0.000000 0.000000
0.000000 0.000000 0.000000
0.236763 -0.239146 -0.265719
0.745728 -0.482701 -0.234091
0.000000 0.000000 0.000000
0.000000 0.000000 0.000000
0.000000 0.000000 0.000000
0.000000 0.000000 0.000000
0.451588 -0.227250 -0.158809
0.826846 -0.295781 -0.120816
0.000000 0.000000 0.000000
0.000000 0.000000 0.000000
0.754394 0.119710 -0.051849
-0.400329 -0.442494 -0.214565
0.000000 0.000000 0.000000
0.000000 0.000000 0.000000
0.000000 0.000000 0.000000
0.000000 0.000000 0.000000
0.000000 0.000000 0.000000
0.000000 0.000000 0.000000
-0.090849 -0.228548 -0.273143
0.000000 0.000000 0.000000
0.000000 0.000000 0.000000
0.000000 0.000000 0.000000
0.435345 -0.148950 -0.038832
0.000000 0.000000 0.000000
0.623116 0.073196 -0.051849
0.760188 -0.192224 -0.038832
0.000000 0.000000 0.000000
0.000000 0.000000 0.000000
0.000000 0.000000 0.000000
0.000000 0.000000 0.000000
0.000000 0.000000 0.000000
0.000000 0.000000 0.000000
0.000000 0.000000 0.000000
0.574215 0.346072 -0.149478
0.715693 -0.001254 -0.129952
0.000000 0.000000 0.000000
0.000000 0.000000 0.000000
0.000000 0.000000 0.000000
0.000000 0.000000 0.000000
0.604570 0.184349 -0.129952
0.619025 -0.374785 -0.214617
0.773672 0.295836 -0.038832
0.393841 -0.101778 -0.051849
0.000000 0.000000 0.000000
0.000000 0.000000 0.000000
0.000000 0.000000 0.000000
0.054668 -0.393010 -0.234091
0.000000 0.000000 0.000000
0.000000 0.000000 0.000000
0.748743 -0.348100 -0.006180
0.259197 0.399384 -0.129952
0.000000 0.000000 0.000000
0.000000 0.000000 0.000000
0.000000 0.000000 0.000000
0.000000 0.000000 0.000000
0.000000 0.000000 0.000000
0.609958 -0.243521 -0.104552
0.439748 0.107601 -0.149478
0.801061 -0.475740 -0.149478
0.000000 0.000000 0.000000
0.000000 0.000000 0.000000
0.000000 0.000000 0.000000
0.000000 0.000000 0.000000
0.000000 0.000000 0.000000
0.000000 0.000000 0.000000
0.000000 0.000000 0.000000
0.000000 0.000000 0.000000
0.000000 0.000000 0.000000
0.000000 0.000000 0.000000
0.302449 -0.227250 -0.120272
0.000000 0.000000 0.000000
0.338603 -0.318370 -0.219922
0.000000 0.000000 0.000000
-0.155565 -0.245149 -0.142022
0.000000 0.000000 0.000000
-0.336792 -0.281817 -0.212938
0.807319 -0.370803 0.010305
0.822591 0.291576 -0.149478
0.000000 0.000000 0.000000
0.738535 -0.059904 -0.051849
0.000000 0.000000 0.000000
0.000000 0.000000 0.000000
0.000000 0.000000 0.000000
0.075787 -0.227250 -0.131174
0.197058 0.238955 -0.152527
0.000000 0.000000 0.000000
0.000000 0.000000 0.000000
0.000000 0.000000 0.000000
0.000000 0.000000 0.000000
0.545522 -0.063590 -0.038832
0.000000 0.000000 0.000000
0.000000 0.000000 0.000000
0.748743 -0.378142 -0.133893
0.000000 0.000000 0.000000
0.000000 0.000000 0.000000
0.000000 0.000000 0.000000
0.757371 -0.250098 -0.129952
0.790185 0.010282 -0.129952
0.000000 0.000000 0.000000
-0.191065 -0.310287 -0.234091
0.000000 0.000000 0.000000
0.123129 -0.245149 -0.128258
0.503450 -0.318370 -0.231607
0.000000 0.000000 0.000000
0.747012 0.412724 -0.149478
0.000000 0.000000 0.000000
-0.033948 -0.358791 -0.234091
0.000000 0.000000 0.000000
0.000000 0.000000 0.000000
0.543454 -0.227380 -0.260564
0.000000 0.000000 0.000000
0.418082 -0.240036 -0.264967
0.504918 0.128664 -0.169004
0.000000 0.000000 0.000000
0.000000 0.000000 0.000000
0.000000 0.000000 0.000000
0.000000 0.000000 0.000000
-0.449269 -0.316035 -0.214565
0.627715 -0.160211 -0.129952
0.000000 0.000000 0.000000
0.000000 0.000000 0.000000
0.650539 0.206787 -0.051875
0.000000 0.000000 0.000000
0.000000 0.000000 0.000000
0.000000 0.000000 0.000000
0.738127 0.215286 -0.129952
0.000000 0.000000 0.000000
0.071741 0.321292 -0.162402
0.000000 0.000000 0.000000
0.000000 0.000000 0.000000
0.618779 -0.478037 -0.230142
0.000000 0.000000 0.000000
0.000000 0.000000 0.000000
0.620060 0.449647 -0.078970
0.826846 -0.152823 0.050655
0.000000 0.000000 0.000000
0.442998 0.437988 -0.129952
0.149968 -0.330006 -0.234091
0.000000 0.000000 0.000000
0.462904 -0.243521 -0.057849
0.695323 -0.245149 0.023723
0.000000 0.000000 0.000000
0.470683 0.297919 -0.129952
0.807319 -0.294598 -0.050674
0.000000 0.000000 0.000000
-0.027165 -0.227250 -0.165291
0.000000 0.000000 0.000000
0.000000 0.000000 0.000000
0.000000 0.000000 0.000000
0.000000 0.000000 0.000000
0.000000 0.000000 0.000000
0.000000 0.000000 0.000000
-0.297224 -0.370829 -0.214617
0.000000 0.000000 0.000000
0.000000 0.000000 0.000000
0.000000 0.000000 0.000000
0.790944 0.214590 -0.051849
0.691468 -0.290859 -0.214565
0.072596 0.435118 -0.175513
0.000000 0.000000 0.000000
0.000000 0.000000 0.000000
0.000000 0.000000 0.000000
0.000000 0.000000 0.000000
0.550091 -0.187032 -0.038832
0.000000 0.000000 0.000000
0.000000 0.000000 0.000000
0.000000 0.000000 0.000000
0.234516 -0.307768 -0.234091
0.000000 0.000000 0.000000
0.000000 0.000000 0.000000
0.000000 0.000000 0.000000
0.826846 0.428633 0.006713
0.000000 0.000000 0.000000
0.000000 0.000000 0.000000
0.693939 0.109274 -0.149478
0.000000 0.000000 0.000000
0.000000 0.000000 0.000000
0.729216 -0.480718 -0.064149
0.000000 0.000000 0.000000
0.714193 0.368962 -0.051849
0.000000 0.000000 0.000000
0.000000 0.000000 0.000000
0.632642 0.073965 -0.129952
0.000000 0.000000 0.000000
0.826846 -0.197723 -0.118337
0.779405 0.038968 -0.038832
0.000000 0.000000 0.000000
0.000000 0.000000 0.000000
-0.063355 -0.293971 -0.232455
0.000000 0.000000 0.000000
0.000000 0.000000 0.000000
0.483033 0.028720 -0.038832
0.788610 0.448931 -0.129952
0.000000 0.000000 0.000000
0.000000 0.000000 0.000000
0.347381 -0.425413 -0.234091
0.000000 0.000000 0.000000
0.324101 -0.134824 -0.051875
0.000000 0.000000 0.000000
0.000000 0.000000 0.000000
0.455712 0.217876 -0.129952
0.000000 0.000000 0.000000
0.000000 0.000000 0.000000
0.000000 0.000000 0.000000
0.000000 0.000000 0.000000
0.785039 -0.227380 -0.242246
0.000000 0.000000 0.000000
0.623201 -0.025945 -0.051849
0.000000 0.000000 0.000000
0.807319 -0.408769 -0.095984
0.000000 0.000000 0.000000
0.000000 0.000000 0.000000
0.614367 -0.243521 -0.186874
0.540217 -0.427246 -0.234091
0.000000 0.000000 0.000000
0.000000 0.000000 0.000000
0.000000 0.000000 0.000000
0.000000 0.000000 0.000000
0.000000 0.000000 0.000000
0.000000 0.000000 0.000000
0.000000 0.000000 0.000000
0.824541 0.394983 -0.129952
0.826846 0.314318 0.018866
0.596533 0.380482 -0.038832
0.000000 0.000000 0.000000
0.826846 -0.134883 -0.064330
0.495435 0.401541 -0.149478
0.000000 0.000000 0.000000
0.000000 0.000000 0.000000
0.000000 0.000000 0.000000
0.000000 0.000000 0.000000
0.000000 0.000000 0.000000
0.748743 -0.436668 -0.004092
0.037809 -0.284289 -0.214565
0.213350 -0.245149 -0.172639
0.000000 0.000000 0.000000
0.680723 -0.233771 -0.038832
0.173658 -0.231783 -0.272281
0.000000 0.000000 0.000000
0.000000 0.000000 0.000000
0.008527 -0.236970 -0.267313
0.395957 -0.341484 -0.234091
0.000000 0.000000 0.000000
-0.014738 -0.426576 -0.228487
0.000000 0.000000 0.000000
0.727590 -0.289230 -0.076627
0.000000 0.000000 0.000000
0.000000 0.000000 0.000000
0.000000 0.000000 0.000000
0.000000 0.000000 0.000000
0.000000 0.000000 0.000000
0.000000 0.000000 0.000000
0.000000 0.000000 0.000000
-0.186886 -0.243895 -0.261115
0.694768 -0.202271 -0.168082
0.000000 0.000000 0.000000
0.000000 0.000000 0.000000
0.000000 0.000000 0.000000
0.000000 0.000000 0.000000
0.000000 0.000000 0.000000
0.418641 -0.301047 -0.234091
0.000000 0.000000 0.000000
-0.121382 -0.340758 -0.234091
-0.323215 -0.227250 -0.193564
0.000000 0.000000 0.000000
0.545032 0.258845 -0.149478
0.000000 0.000000 0.000000
0.000000 0.000000 0.000000
0.374570 -0.227250 -0.066391
0.000000 0.000000 0.000000
0.000000 0.000000 0.000000
0.600988 -0.283282 -0.214565
0.316492 -0.241185 -0.214565
0.826846 -0.038777 -0.061244
0.124680 -0.421552 -0.234091
0.000000 0.000000 0.000000
0.000000 0.000000 0.000000
0.000000 0.000000 0.000000
0.093301 0.265298 -0.168811
0.807319 0.047542 0.003257
0.392208 -0.245148 -0.014918
0.000000 0.000000 0.000000
0.765961 0.078167 -0.129952
0.524809 -0.227250 -0.122891
0.000000 0.000000 0.000000
0.000000 0.000000 0.000000
0.711360 -0.109194 -0.129952
0.000000 0.000000 0.000000
0.676556 0.441706 -0.149478
0.000000 0.000000 0.000000
0.826846 0.201001 -0.013268
0.000000 0.000000 0.000000
0.000000 0.000000 0.000000
0.000000 0.000000 0.000000
0.664103 0.290519 -0.038832
0.000000 0.000000 0.000000
0.692773 -0.359409 -0.212938
0.606925 -0.023225 -0.165455
0.000000 0.000000 0.000000
0.000000 0.000000 0.000000
0.000000 0.000000 0.000000
0.232201 0.307876 -0.149478
0.735897 0.330234 -0.129952
0.807319 -0.327908 0.082168
0.568081 0.449647 -0.148391
0.357651 0.167583 -0.149478
0.569789 0.100218 -0.129952
0.000000 0.000000 0.000000
0.748743 -0.425057 -0.163834
0.000000 0.000000 0.000000
0.000000 0.000000 0.000000
0.287625 0.203673 -0.160387
-0.220405 -0.341514 -0.234091
0.000000 0.000000 0.000000
0.000000 0.000000 0.000000
0.000000 0.000000 0.000000
0.224938 -0.243521 -0.091598
0.000000 0.000000 0.000000
0.675209 -0.091934 -0.051849
0.000000 0.000000 0.000000
0.000000 0.000000 0.000000
0.281212 -0.214638 -0.051849
-0.252343 -0.408326 -0.214565
0.744686 0.449647 -0.083266
0.000000 0.000000 0.000000
0.000000 0.000000 0.000000
0.372300 -0.227250 -0.144569
0.406352 0.065943 -0.051875
0.000000 0.000000 0.000000
0.103666 -0.327663 -0.214617
0.273026 -0.365723 -0.234091
-0.374212 -0.369170 -0.228424
0.538385 -0.347108 -0.234091
0.000000 0.000000 0.000000
0.000000 0.000000 0.000000
-0.236022 -0.243521 -0.194360
0.000000 0.000000 0.000000
0.676605 -0.260182 -0.214565
0.557887 0.109296 -0.038832
0.000000 0.000000 0.000000
0.000000 0.000000 0.000000
0.000000 0.000000 0.000000
0.000000 0.000000 0.000000
0.000000 0.000000 0.000000
0.000000 0.000000 0.000000
0.000000 0.000000 0.000000
0.807319 0.145811 -0.079788
0.000000 0.000000 0.000000
0.553816 -0.112254 -0.051849
0.000000 0.000000 0.000000
0.000000 0.000000 0.000000
0.000000 0.000000 0.000000
0.748743 -0.329588 -0.148387
-0.382650 -0.320234 -0.234091
0.000000 0.000000 0.000000
0.307932 0.382570 -0.149478
0.000000 0.000000 0.000000
0.000000 0.000000 0.000000
0.826846 -0.449936 0.052789
0.000000 0.000000 0.000000
0.000000 0.000000 0.000000
0.000000 0.000000 0.000000
0.000000 0.000000 0.000000
0.826846 -0.238255 0.002096
0.000000 0.000000 0.000000
0.000000 0.000000 0.000000
-0.268667 -0.284555 -0.234091
0.826846 0.034800 -0.096907
0.000000 0.000000 0.000000
0.000000 0.000000 0.000000
0.112180 -0.245149 -0.193423
0.589552 -0.234921 -0.038832
0.371745 0.288321 -0.149478
0.000000 0.000000 0.000000
0.000000 0.000000 0.000000
0.000000 0.000000 0.000000
0.475826 -0.047770 -0.038832
0.742106 -0.286466 -0.234091
0.000000 0.000000 0.000000
0.826846 -0.479862 -0.073890
0.000000 0.000000 0.000000
0.000000 0.000000 0.000000
0.576298 0.215906 -0.051849
0.000000 0.000000 0.000000
0.000000 0.000000 0.000000
0.807319 -0.423086 -0.024380
-0.134428 -0.242798 -0.214565
0.000000 0.000000 0.000000
0.523561 0.449647 -0.099398
0.000000 0.000000 0.000000
0.807319 -0.362666 -0.044886
0.679045 0.246830 -0.129952
0.000000 0.000000 0.000000
0.000000 0.000000 0.000000
0.000000 0.000000 0.000000
0.729216 -0.232710 -0.189665
0.000000 0.000000 0.000000
0.000000 0.000000 0.000000
0.000000 0.000000 0.000000
0.000000 0.000000 0.000000
0.000000 0.000000 0.000000
0.000000 0.000000 0.000000
0.000000 0.000000 0.000000
0.469435 -0.372786 -0.214565
0.000000 0.000000 0.000000
0.000000 0.000000 0.000000
0.186203 -0.367860 -0.214593
0.382995 -0.227250 -0.204516
0.000000 0.000000 0.000000
0.000000 0.000000 0.000000
-0.089330 -0.227250 -0.143130
0.000000 0.000000 0.000000
0.000000 0.000000 0.000000
0.000000 0.000000 0.000000
0.000000 0.000000 0.000000
0.000000 0.000000 0.000000
0.000000 0.000000 0.000000
-0.080534 -0.414338 -0.234091
0.506461 -0.245149 -0.008792
0.000000 0.000000 0.000000
0.525419 0.333523 -0.051849
0.000000 0.000000 0.000000
0.000000 0.000000 0.000000
0.000000 0.000000 0.000000
0.000000 0.000000 0.000000
0.000000 0.000000 0.000000
0.000000 0.000000 0.000000
0.000000 0.000000 0.000000
0.000000 0.000000 0.000000
0.000000 0.000000 0.000000
0.000000 0.000000 0.000000
0.000000 0.000000 0.000000
0.215134 0.449647 -0.137837
0.000000 0.000000 0.000000
0.000000 0.000000 0.000000
0.000000 0.000000 0.000000
0.000000 0.000000 0.000000
0.728252 0.249629 -0.051849
0.000000 0.000000 0.000000
0.000000 0.000000 0.000000
0.000000 0.000000 0.000000
0.000000 0.000000 0.000000
0.000000 0.000000 0.000000
0.501400 0.065087 -0.149478
0.826846 -0.008964 0.039778
0.748743 -0.401453 0.055476
0.000000 0.000000 0.000000
0.000000 0.000000 0.000000
0.000000 0.000000 0.000000
0.687363 0.040491 -0.051849
0.000000 0.000000 0.000000
0.807319 -0.304982 0.005775
0.000000 0.000000 0.000000
0.826846 -0.041223 -0.131093
0.000000 0.000000 0.000000
0.000000 0.000000 0.000000
0.662169 0.133139 -0.051849
0.013583 0.434220 -0.175513
0.807319 -0.126704 0.002321
0.000000 0.000000 0.000000
0.000000 0.000000 0.000000
0.000000 0.000000 0.000000
0.000000 0.000000 0.000000
0.000000 0.000000 0.000000
0.000000 0.000000 0.000000
0.000000 0.000000 0.000000
0.000000 0.000000 0.000000
0.651684 0.144045 -0.129952
0.000000 0.000000 0.000000
0.667821 -0.419847 -0.231273
0.000000 0.000000 0.000000
0.748743 -0.292201 0.025528
0.729216 -0.354999 -0.058349
0.000000 0.000000 0.000000
0.761871 0.273790 -0.149478
0.807319 0.349176 -0.097053
-0.348016 -0.414072 -0.234091
0.000000 0.000000 0.000000
0.727108 -0.424764 -0.234091
0.000000 0.000000 0.000000
0.000000 0.000000 0.000000
0.431406 0.172544 -0.164463
0.000000 0.000000 0.000000
0.000000 0.000000 0.000000
0.000000 0.000000 0.000000
0.319668 -0.366662 -0.234091
0.000000 0.000000 0.000000
0.510158 0.175526 -0.129952
0.000000 0.000000 0.000000
0.000000 0.000000 0.000000
0.807319 0.444285 -0.070106
0.000000 0.000000 0.000000
-0.020687 -0.232594 -0.214565
0.000000 0.000000 0.000000
-0.302001 -0.331026 -0.234091
0.543363 -0.278564 -0.234091
0.551038 -0.006534 -0.051849
0.000000 0.000000 0.000000
0.000000 0.000000 0.000000
0.004114 -0.323973 -0.234091
0.000000 0.000000 0.000000
0.000000 0.000000 0.000000
0.000000 0.000000 0.000000
0.502751 -0.243521 -0.195057
0.000000 0.000000 0.000000
0.000000 0.000000 0.000000
0.000000 0.000000 0.000000
0.665518 0.433375 -0.072741
0.734707 0.153204 -0.149478
0.000000 0.000000 0.000000
0.699550 -0.243521 -0.112271
0.000000 0.000000 0.000000
0.769652 -0.248055 -0.183925
0.305618 0.302981 -0.149478
0.584557 -0.082980 -0.165895
0.000000 0.000000 0.000000
0.000000 0.000000 0.000000
0.000000 0.000000 0.000000
0.000000 0.000000 0.000000
0.420064 -0.243521 -0.102702
0.000000 0.000000 0.000000
0.000000 0.000000 0.000000
0.000000 0.000000 0.000000
0.000000 0.000000 0.000000
0.729216 -0.479825 -0.141617
0.807319 0.075587 -0.064537
0.811519 -0.353169 -0.129952
0.826846 0.057171 -0.148139
0.378667 -0.174281 -0.038832
0.000000 0.000000 0.000000
0.000000 0.000000 0.000000
0.000000 0.000000 0.000000
0.000000 0.000000 0.000000
0.000000 0.000000 0.000000
0.000000 0.000000 0.000000
0.000000 0.000000 0.000000
0.000000 0.000000 0.000000
0.000000 0.000000 0.000000
0.561291 0.449647 -0.060039
0.000000 0.000000 0.000000
0.000000 0.000000 0.000000
0.826733 -0.149960 -0.129952
0.000000 0.000000 0.000000
0.000000 0.000000 0.000000
0.000000 0.000000 0.000000
0.000000 0.000000 0.000000
0.280609 -0.243521 -0.177089
0.000000 0.000000 0.000000
0.000000 0.000000 0.000000
0.000000 0.000000 0.000000
0.764261 -0.193944 -0.149478
0.000000 0.000000 0.000000
0.000000 0.000000 0.000000
0.315440 -0.243521 -0.057862
0.000000 0.000000 0.000000
0.000000 0.000000 0.000000
0.000000 0.000000 0.000000
0.807319 0.252989 -0.094263
0.000000 0.000000 0.000000
0.720632 -0.139930 -0.051849
0.000000 0.000000 0.000000
0.620979 0.446477 -0.149478
-0.073188 -0.351368 -0.214601
0.478443 -0.252850 -0.243726
0.658457 -0.217843 -0.129952
0.000000 0.000000 0.000000
-0.379324 -0.230817 -0.214565
0.000000 0.000000 0.000000
0.000000 0.000000 0.000000
0.032423 -0.243521 -0.174288
0.000000 0.000000 0.000000
0.186904 -0.276604 -0.214565
-0.446250 -0.399225 -0.230626
0.000000 0.000000 0.000000
0.000000 0.000000 0.000000
0.826846 -0.196096 -0.046481
0.000000 0.000000 0.000000
0.729216 -0.417520 -0.077064
0.000000 0.000000 0.000000
0.672448 0.339623 -0.051849
0.000000 0.000000 0.000000
0.000000 0.000000 0.000000
0.000000 0.000000 0.000000
0.682260 0.055753 -0.129952
0.000000 0.000000 0.000000
0.000000 0.000000 0.000000
0.000000 0.000000 0.000000
0.558273 -0.227250 -0.170421
0.000000 0.000000 0.000000
0.000000 0.000000 0.000000
0.000000 0.000000 0.000000
0.067308 -0.259922 -0.234768
0.000000 0.000000 0.000000
0.513565 0.140857 -0.051849
0.604183 -0.241291 -0.263840
0.000000 0.000000 0.000000
0.000000 0.000000 0.000000
0.496709 -0.165618 -0.051849
0.000000 0.000000 0.000000
0.593614 -0.409423 -0.214605
-0.167535 -0.355253 -0.214565
0.148562 0.277587 -0.149478
0.588525 0.034698 -0.169004
-0.346385 -0.227380 -0.263402
0.000000 0.000000 0.000000
0.000000 0.000000 0.000000
0.000000 0.000000 0.000000
0.777812 -0.097303 -0.038832
-0.179761 -0.245149 -0.198543
0.000000 0.000000 0.000000
0.000000 0.000000 0.000000
0.242276 -0.259922 -0.218256
0.005368 0.354940 -0.175513
0.000000 0.000000 0.000000
0.187914 -0.318720 -0.234091
0.682187 -0.053096 -0.149478
0.000000 0.000000 0.000000
0.047242 0.239628 -0.159884
0.000000 0.000000 0.000000
-0.449636 -0.258133 -0.214565
0.000000 0.000000 0.000000
0.000000 0.000000 0.000000
0.000000 0.000000 0.000000
0.739961 0.178791 -0.051849
0.163845 -0.227250 -0.195130
0.000000 0.000000 0.000000
0.332690 -0.227250 -0.186613
0.611296 -0.243521 0.001892
0.000000 0.000000 0.000000
0.000000 0.000000 0.000000
0.112807 -0.374749 -0.214617
0.000000 0.000000 0.000000
0.433226 -0.227250 -0.200471
0.000000 0.000000 0.000000
0.390833 0.418681 -0.149478
0.000000 0.000000 0.000000
0.000000 0.000000 0.000000
0.000000 0.000000 0.000000
0.507877 -0.450315 -0.214565
0.263205 0.261254 -0.149478
0.000000 0.000000 0.000000
0.807319 0.365742 -0.004030
0.826566 0.219640 -0.129952
0.000000 0.000000 0.000000
0.084863 0.367258 -0.165065
0.000000 0.000000 0.000000
0.000000 0.000000 0.000000
-0.082628 -0.227978 -0.214565
0.612243 -0.117900 -0.051849
0.690898 0.192675 -0.149478
0.000000 0.000000 0.000000
0.000000 0.000000 0.000000
0.756495 -0.487594 0.017113
0.501366 0.083711 -0.038832
0.000000 0.000000 0.000000
0.000000 0.000000 0.000000
0.000000 0.000000 0.000000
0.000000 0.000000 0.000000
0.698449 -0.153770 -0.164943
0.556949 0.202064 -0.149478
0.727590 -0.290713 -0.153523
0.000000 0.000000 0.000000
0.000000 0.000000 0.000000
0.000000 0.000000 0.000000
0.000000 0.000000 0.000000
0.589423 0.397647 -0.129952
