0.000000 0.000000 0.000000
0.403400 -0.321016 -0.537753
0.000000 0.000000 0.000000
0.465114 -0.342449 -0.213974
0.000000 0.000000 0.000000
-0.252801 0.092157 0.082994
0.000000 0.000000 0.000000
0.000000 0.000000 0.000000
0.000000 0.000000 0.000000
-0.232199 -0.129541 0.113692
0.123997 0.097744 -0.128428
0.451645 0.056945 -0.490574
0.281270 0.106355 -0.454269
0.000000 0.000000 0.000000
-0.260727 0.079917 0.546157
0.074415 -0.105736 -0.340555
0.000000 0.000000 0.000000
0.000000 0.000000 0.000000
0.000000 0.000000 0.000000
0.234602 0.087582 0.256108
0.000000 0.000000 0.000000
0.451645 0.050395 -0.115681
0.476591 -0.000444 -0.879125
-0.462937 -0.020743 0.317540
0.000000 0.000000 0.000000
0.000000 0.000000 0.000000
0.000000 0.000000 0.000000
0.000000 0.000000 0.000000
0.000000 0.000000 0.000000
0.451645 0.035620 -0.593827
0.000000 0.000000 0.000000
0.000000 0.000000 0.000000
-0.082885 0.150787 0.345374
0.000000 0.000000 0.000000
-0.462937 -0.106295 0.497207
0.000000 0.000000 0.000000
0.000000 0.000000 0.000000
0.281345 -0.115030 -0.163208
-0.047074 0.089572 0.180800
0.000000 0.000000 0.000000
0.000000 0.000000 0.000000
0.419674 -0.109520 -0.268339
0.000000 0.000000 0.000000
0.000000 0.000000 0.000000
-0.462937 0.033085 0.142732
-0.308450 0.088979 0.203250
-0.034489 0.174181 0.051658
0.259781 0.093723 0.023761
-0.027923 -0.129090 0.105083
-0.202482 0.159773 -0.153282
-0.462937 0.049798 0.709586
0.000000 0.000000 0.000000
0.372334 0.113575 -0.727439
0.331528 -0.096408 -0.518536
0.084766 0.166798 -0.311281
0.423803 0.115193 0.105991
0.000000 0.000000 0.000000
0.000000 0.000000 0.000000
0.000000 0.000000 0.000000
0.423856 0.122024 -0.307432
-0.400165 -0.168717 0.280755
0.000000 0.000000 0.000000
0.179035 -0.108779 -0.282473
-0.080335 0.192740 0.639459
-0.164367 0.149661 0.251188
-0.363726 0.084263 0.381681
-0.082916 0.096001 -0.062434
0.000000 0.000000 0.000000
0.452684 -0.133308 -0.101177
0.000000 0.000000 0.000000
0.000000 0.000000 0.000000
0.031969 0.083799 0.399276
0.451645 -0.034898 -0.324347
0.000000 0.000000 0.000000
-0.039514 0.101017 -0.252255
0.000000 0.000000 0.000000
0.086745 -0.119347 -0.080825
-0.223673 -0.119785 -0.072470
0.000000 0.000000 0.000000
0.000000 0.000000 0.000000
0.298792 0.099513 -0.195344
0.435502 0.086981 0.278853
0.041835 0.091001 0.126751
0.000000 0.000000 0.000000
0.137796 0.102131 -0.294433
0.119049 0.150628 0.324669
0.000000 0.000000 0.000000
0.000000 0.000000 0.000000
0.475064 -0.128413 -0.515181
-0.178747 0.089184 0.195525
0.256698 0.159278 -0.206369
0.234217 0.108075 -0.519324
0.291490 -0.122549 -0.019729
-0.082009 0.081685 0.479280
0.000000 0.000000 0.000000
0.185006 0.166917 0.136161
0.476173 -0.122334 -0.714384
-0.440922 0.122856 0.530976
0.000000 0.000000 0.000000
0.451645 -0.019509 -0.015088
0.000000 0.000000 0.000000
0.000000 0.000000 0.000000
0.000000 0.000000 0.000000
0.000000 0.000000 0.000000
0.000000 0.000000 0.000000
0.000000 0.000000 0.000000
0.000000 0.000000 0.000000
-0.232606 0.084751 0.363236
0.000000 0.000000 0.000000
0.000000 0.000000 0.000000
-0.027989 0.164151 -0.100494
0.000000 0.000000 0.000000
0.000000 0.000000 0.000000
0.491365 0.113238 -0.733381
0.000000 0.000000 0.000000
-0.301326 0.084839 0.359888
-0.102534 -0.124108 0.010016
0.352715 0.109989 -0.591779
0.126486 0.159696 -0.004930
0.377807 0.095074 -0.027381
-0.113228 0.100448 -0.230718
0.000000 0.000000 0.000000
0.438135 -0.318296 -0.366844
0.000000 0.000000 0.000000
0.079029 0.158648 0.290171
0.000000 0.000000 0.000000
0.007607 0.099714 -0.202967
-0.450097 0.122856 0.268520
0.122696 0.178669 -0.505504
-0.173190 -0.134207 0.202715
0.190093 -0.126463 0.054958
0.234868 0.143388 -0.105977
0.361152 -0.090509 -0.631096
0.274313 0.135765 0.338914
0.000000 0.000000 0.000000
0.000000 0.000000 0.000000
0.000000 0.000000 0.000000
-0.205006 0.162813 0.648768
0.255303 0.162049 -0.336502
-0.092220 0.153515 -0.262485
-0.462937 0.038163 0.413364
-0.277346 0.095331 -0.037107
0.000000 0.000000 0.000000
0.000000 0.000000 0.000000
0.374471 0.105005 -0.403165
0.375534 0.088404 0.225001
0.369117 -0.103139 -0.390101
0.226893 -0.100235 -0.445509
0.036131 0.173671 -0.384873
0.000000 0.000000 0.000000
-0.161077 0.097141 -0.105585
0.000000 0.000000 0.000000
0.000000 0.000000 0.000000
0.000000 0.000000 0.000000
0.000000 0.000000 0.000000
0.111382 0.087224 0.269652
0.000000 0.000000 0.000000
-0.377464 0.116709 0.078072
-0.168599 0.177875 0.011311
0.000000 0.000000 0.000000
0.000000 0.000000 0.000000
0.000000 0.000000 0.000000
-0.045318 0.165414 0.177584
0.012648 -0.114649 -0.170467
0.000000 0.000000 0.000000
0.383408 -0.120090 -0.066649
-0.357057 -0.132348 0.167241
0.000000 0.000000 0.000000
0.119760 0.092815 0.058108
-0.409291 0.078370 0.604719
-0.429562 0.114681 0.790260
0.000000 0.000000 0.000000
0.477631 -0.117958 -0.375862
0.000000 0.000000 0.000000
0.000000 0.000000 0.000000
0.000000 0.000000 0.000000
0.121509 0.158590 -0.232795
-0.011397 0.103585 -0.349409
0.175558 0.180558 -0.445877
0.027946 0.095147 -0.030120
0.451645 0.035201 -0.215274
0.000000 0.000000 0.000000
-0.462937 -0.102209 0.423258
0.000000 0.000000 0.000000
-0.254967 -0.161028 0.258947
0.172608 0.084208 0.383809
0.396258 0.126226 -0.170078
0.000000 0.000000 0.000000
0.189401 0.096592 -0.084826
0.463737 -0.108024 -0.809706
0.000000 0.000000 0.000000
0.000000 0.000000 0.000000
0.000000 0.000000 0.000000
-0.462937 0.013460 0.237771
0.000000 0.000000 0.000000
0.030023 0.088424 0.224277
0.000000 0.000000 0.000000
0.000000 0.000000 0.000000
0.000000 0.000000 0.000000
-0.188024 0.148140 0.121994
0.000000 0.000000 0.000000
0.477246 -0.115912 -0.594313
0.000000 0.000000 0.000000
0.000000 0.000000 0.000000
0.177760 0.104225 -0.373666
0.302579 0.144169 0.073583
0.295450 0.090796 0.134467
-0.390510 0.136037 0.699218
0.000000 0.000000 0.000000
0.000000 0.000000 0.000000
0.451645 0.054227 -0.406439
0.000000 0.000000 0.000000
0.312507 0.143213 -0.104074
-0.232658 -0.124976 0.026579
0.000000 0.000000 0.000000
0.365911 -0.112562 -0.210297
0.000000 0.000000 0.000000
0.477498 0.113630 0.009069
0.000000 0.000000 0.000000
0.451645 0.010542 -0.793312
0.000000 0.000000 0.000000
-0.460737 -0.167282 0.234070
0.259030 -0.092094 -0.600857
0.000000 0.000000 0.000000
0.000000 0.000000 0.000000
-0.108143 0.091721 0.099502
0.283776 0.146475 0.200764
0.000000 0.000000 0.000000
0.451645 -0.005015 0.084382
0.066046 -0.125481 0.036207
-0.408361 0.089257 0.192727
-0.462937 0.014569 0.561235
-0.461839 -0.172060 0.332768
0.000000 0.000000 0.000000
0.000000 0.000000 0.000000
0.254607 0.102327 -0.301850
-0.283007 0.093666 0.025883
-0.331639 0.077280 0.645951
0.000000 0.000000 0.000000
-0.295538 -0.123197 -0.007357
-0.159400 0.093768 0.022037
0.000000 0.000000 0.000000
0.000000 0.000000 0.000000
0.000000 0.000000 0.000000
0.451645 -0.048930 -0.439930
0.000000 0.000000 0.000000
-0.080565 -0.117447 -0.117083
-0.204784 0.082460 0.449908
0.113527 -0.115164 -0.160643
-0.256134 0.142177 0.286385
0.000000 0.000000 0.000000
0.384445 0.120679 0.332375
0.474869 0.124657 -0.560201
0.068340 0.166094 0.185647
0.451645 0.040618 0.201375
0.451645 0.003406 -0.702170
0.000000 0.000000 0.000000
-0.271083 0.158699 0.735652
0.370661 0.137789 -0.505845
-0.032110 0.085660 0.328841
0.000000 0.000000 0.000000
0.000000 0.000000 0.000000
0.277509 0.160520 -0.558867
0.055660 0.104572 -0.386767
0.000000 0.000000 0.000000
0.398980 0.136388 -0.822554
0.000000 0.000000 0.000000
0.067551 0.099321 -0.188055
-0.029555 -0.120129 -0.065907
0.000000 0.000000 0.000000
0.056563 0.097698 -0.126681
0.000000 0.000000 0.000000
0.478321 -0.116264 -0.201156
-0.260217 0.118402 0.643262
0.000000 0.000000 0.000000
0.451645 -0.067209 -0.640500
0.410585 -0.094791 -0.549387
-0.136757 0.086658 0.291072
0.407664 0.128252 -0.454200
-0.449681 0.122856 0.336849
0.389208 -0.085082 -0.734658
0.196536 0.091337 0.114020
-0.358011 0.087069 0.275505
0.000000 0.000000 0.000000
0.000000 0.000000 0.000000
0.000000 0.000000 0.000000
0.353075 0.100793 -0.243770
0.000000 0.000000 0.000000
0.000000 0.000000 0.000000
-0.176828 0.168845 -0.058475
0.000000 0.000000 0.000000
-0.300436 0.081366 0.491321
-0.032356 -0.107892 -0.299406
0.027261 0.170325 -0.000122
0.183496 0.099962 -0.212345
0.000000 0.000000 0.000000
-0.136073 0.121447 0.597101
0.000000 0.000000 0.000000
0.000000 0.000000 0.000000
0.258664 0.103986 -0.364609
0.000000 0.000000 0.000000
0.000000 0.000000 0.000000
-0.135943 0.084476 0.373639
0.212427 0.153241 0.287896
0.000000 0.000000 0.000000
0.489371 0.104738 -0.191709
0.204025 0.170992 -0.290395
0.295318 0.157286 -0.615910
0.000000 0.000000 0.000000
0.000000 0.000000 0.000000
-0.334047 -0.167687 0.289243
-0.082825 0.150353 -0.168742
0.059088 -0.110986 -0.240376
0.436996 0.124680 -0.654056
0.000000 0.000000 0.000000
-0.282932 0.138080 0.149313
0.364822 0.128374 0.145592
0.000000 0.000000 0.000000
0.140364 0.155556 -0.083140
0.000000 0.000000 0.000000
0.000000 0.000000 0.000000
-0.011396 0.158822 -0.305281
0.000000 0.000000 0.000000
0.348003 0.140789 -0.366025
-0.091052 0.155472 0.252581
-0.462937 0.116492 0.660067
0.000000 0.000000 0.000000
0.102870 0.082010 0.466971
0.216355 0.153222 0.030972
0.000000 0.000000 0.000000
0.000000 0.000000 0.000000
0.000000 0.000000 0.000000
0.203604 -0.116602 -0.133202
0.191605 0.172197 -0.589034
0.274376 0.097883 -0.133666
0.309887 0.147918 -0.256480
0.302293 0.086220 0.307651
0.000000 0.000000 0.000000
0.000000 0.000000 0.000000
0.000000 0.000000 0.000000
0.000000 0.000000 0.000000
0.000000 0.000000 0.000000
0.000000 0.000000 0.000000
0.000000 0.000000 0.000000
0.000000 0.000000 0.000000
0.477305 0.083038 -0.838948
0.112454 0.176627 -0.402281
0.044658 0.173103 0.094995
0.000000 0.000000 0.000000
0.000000 0.000000 0.000000
0.000000 0.000000 0.000000
0.000000 0.000000 0.000000
0.000000 0.000000 0.000000
0.000000 0.000000 0.000000
-0.009949 0.157802 0.265967
0.000000 0.000000 0.000000
-0.119912 0.179118 0.083893
0.451645 0.084820 -0.060899
-0.286881 0.090263 0.154675
0.447538 -0.342450 -0.309059
0.000000 0.000000 0.000000
0.000000 0.000000 0.000000
0.472306 0.124377 0.178986
0.000000 0.000000 0.000000
0.000000 0.000000 0.000000
0.000000 0.000000 0.000000
-0.056774 0.093355 0.037661
0.000000 0.000000 0.000000
-0.261186 0.156815 -0.089332
-0.269840 0.137806 0.209545
0.000000 0.000000 0.000000
0.000000 0.000000 0.000000
0.489938 0.107731 -0.380524
0.000000 0.000000 0.000000
0.000000 0.000000 0.000000
0.000000 0.000000 0.000000
0.208255 0.164026 0.210872
-0.271002 0.086873 0.282953
-0.074457 -0.132630 0.172631
-0.191187 -0.141307 0.307512
0.000000 0.000000 0.000000
0.139094 -0.122881 -0.013395
0.000000 0.000000 0.000000
0.328434 -0.107223 -0.312173
0.000000 0.000000 0.000000
0.256768 -0.110942 -0.241212
0.000000 0.000000 0.000000
0.000000 0.000000 0.000000
0.000000 0.000000 0.000000
0.000000 0.000000 0.000000
0.058442 0.160919 -0.086701
0.000000 0.000000 0.000000
0.000000 0.000000 0.000000
0.185295 0.151265 -0.156368
0.290898 0.143907 0.254981
-0.136066 -0.119217 -0.083315
0.000000 0.000000 0.000000
0.451645 0.059771 -0.283437
-0.042111 -0.111820 -0.224458
0.462611 0.097645 -0.778109
-0.097293 0.098222 -0.146505
-0.394504 0.081110 0.501005
-0.199823 0.145407 0.344821
0.000000 0.000000 0.000000
0.000000 0.000000 0.000000
0.000000 0.000000 0.000000
0.446308 -0.324443 -0.442550
0.000000 0.000000 0.000000
0.153388 0.161064 0.273958
-0.152569 -0.128377 0.091480
0.000000 0.000000 0.000000
0.000000 0.000000 0.000000
0.000000 0.000000 0.000000
0.030531 0.148993 -0.168810
0.000000 0.000000 0.000000
0.000000 0.000000 0.000000
0.000000 0.000000 0.000000
0.000000 0.000000 0.000000
0.000000 0.000000 0.000000
-0.025293 0.096734 -0.090189
0.000000 0.000000 0.000000
-0.081225 0.178479 -0.047740
0.000000 0.000000 0.000000
0.330368 0.092767 0.059930
-0.462937 -0.020750 0.399488
0.000000 0.000000 0.000000
-0.462937 0.118710 0.400394
-0.128987 0.167691 -0.109765
-0.127556 0.190773 0.685926
0.210818 0.173719 -0.639586
0.000000 0.000000 0.000000
-0.164549 0.079855 0.548503
-0.249344 0.155985 -0.009866
0.402443 0.093539 0.030735
-0.462937 0.051102 0.487693
0.000000 0.000000 0.000000
-0.068354 0.148750 0.585976
0.000000 0.000000 0.000000
-0.462937 -0.093079 0.344414
0.000000 0.000000 0.000000
0.402370 -0.076318 -0.786570
0.000000 0.000000 0.000000
0.451645 -0.061513 -0.512785
0.000000 0.000000 0.000000
0.240111 0.085661 0.328799
-0.034896 -0.126263 0.051147
0.284904 0.144168 -0.020021
-0.150936 0.150692 -0.209544
-0.358571 0.120327 0.161268
-0.462937 0.004500 0.645175
0.000000 0.000000 0.000000
-0.416860 -0.144927 0.407268
0.000000 0.000000 0.000000
0.092659 0.085861 0.321247
-0.371094 -0.146560 0.335067
0.173149 0.088443 0.223546
0.021857 0.093081 0.048016
0.000000 0.000000 0.000000
0.369798 -0.341144 -0.586845
0.000000 0.000000 0.000000
-0.332298 0.131293 0.019764
0.393147 0.125690 -0.093656
0.402091 0.109268 -0.564469
0.451645 -0.061604 -0.218180
0.000000 0.000000 0.000000
0.000000 0.000000 0.000000
0.237325 0.111585 -0.652161
0.243469 0.167071 -0.472170
0.000000 0.000000 0.000000
0.220475 -0.121174 -0.045968
0.478168 0.101766 -0.460505
0.324868 0.152587 -0.750816
0.000000 0.000000 0.000000
0.000000 0.000000 0.000000
0.000000 0.000000 0.000000
0.000000 0.000000 0.000000
0.000000 0.000000 0.000000
-0.282568 -0.127248 0.069928
0.000000 0.000000 0.000000
0.491179 0.097232 0.236029
0.000000 0.000000 0.000000
0.000000 0.000000 0.000000
0.451645 -0.062606 -0.761476
0.396634 -0.106000 -0.335506
-0.462937 -0.081530 0.225209
-0.347381 0.122128 0.230169
0.238786 0.158638 0.103655
0.311599 -0.100727 -0.436123
0.451645 -0.020539 -0.128239
0.000000 0.000000 0.000000
-0.134515 0.151800 0.184119
0.417642 0.122313 -0.236786
0.135972 0.090234 0.155749
-0.344130 0.128976 0.319706
0.451645 -0.081417 0.049275
0.452782 -0.123822 -0.448072
0.311384 0.111585 -0.652140
0.000000 0.000000 0.000000
0.304760 -0.118645 -0.094220
0.357087 0.127925 0.282385
0.000000 0.000000 0.000000
-0.452864 0.122856 0.167203
0.000000 0.000000 0.000000
-0.139850 0.082242 0.458180
0.000000 0.000000 0.000000
0.000000 0.000000 0.000000
0.000000 0.000000 0.000000
0.000000 0.000000 0.000000
0.206473 -0.105305 -0.348769
0.475878 -0.136459 -0.250586
0.155201 -0.118650 -0.094120
0.000000 0.000000 0.000000
0.033281 -0.118608 -0.094936
0.466681 -0.326566 -0.276909
0.000000 0.000000 0.000000
0.000000 0.000000 0.000000
0.000000 0.000000 0.000000
0.000000 0.000000 0.000000
0.109835 0.165031 0.063479
0.303237 0.151854 -0.399937
0.344219 -0.097864 -0.700926
0.000000 0.000000 0.000000
0.188226 0.153926 -0.037410
0.000000 0.000000 0.000000
-0.441942 0.099016 0.722577
0.101612 0.153144 -0.169127
0.160825 -0.112446 -0.212502
0.046246 0.081864 0.472489
0.000000 0.000000 0.000000
0.000000 0.000000 0.000000
-0.462937 0.040618 0.312842
0.188088 0.177056 -0.383370
0.492118 0.111910 -0.663847
0.000000 0.000000 0.000000
-0.225679 0.096450 -0.079459
-0.206079 0.144717 0.185355
0.476708 0.120464 -0.609607
0.000000 0.000000 0.000000
0.000000 0.000000 0.000000
-0.462937 0.117825 0.585937
0.485611 0.106516 -0.245805
0.289905 -0.123957 -0.571114
0.000000 0.000000 0.000000
-0.437967 0.119507 0.463373
0.000000 0.000000 0.000000
0.000000 0.000000 0.000000
0.000000 0.000000 0.000000
-0.369020 -0.136402 0.244593
0.435630 0.107832 -0.510143
0.000000 0.000000 0.000000
-0.109512 0.089156 0.196536
0.037458 -0.122219 -0.026035
-0.150353 0.172737 0.625023
0.000000 0.000000 0.000000
0.000000 0.000000 0.000000
0.000000 0.000000 0.000000
0.000000 0.000000 0.000000
0.000000 0.000000 0.000000
0.000000 0.000000 0.000000
0.486139 0.104183 -0.112397
0.167732 0.107779 -0.508153
-0.092407 0.180543 0.022463
-0.216759 0.176676 0.746522
0.451645 0.077245 -0.163108
0.121257 -0.101303 -0.425134
-0.225705 0.146246 0.051902
0.000000 0.000000 0.000000
0.022683 0.151700 -0.248992
0.042738 0.153342 0.335679
-0.417724 -0.167698 0.358791
0.000000 0.000000 0.000000
-0.265026 0.083376 0.415276
0.000000 0.000000 0.000000
0.000000 0.000000 0.000000
0.472279 -0.142742 -0.044634
0.383877 0.136992 -0.644983
0.068053 0.101029 -0.252705
-0.336430 0.158585 0.743473
0.476859 -0.117826 -0.653629
0.000000 0.000000 0.000000
-0.419317 0.082990 0.429869
0.000000 0.000000 0.000000
0.000000 0.000000 0.000000
0.451645 -0.068097 -0.704830
0.000000 0.000000 0.000000
0.240650 -0.096884 -0.509448
0.000000 0.000000 0.000000
0.000000 0.000000 0.000000
0.000000 0.000000 0.000000
-0.462937 0.068333 0.635701
0.143698 0.173760 -0.350446
0.000000 0.000000 0.000000
0.000000 0.000000 0.000000
0.436217 0.120592 -0.396043
0.231977 0.170805 -0.534851
-0.220338 0.094335 0.000581
0.379593 0.091501 0.107840
0.000000 0.000000 0.000000
-0.452495 -0.145783 0.288925
-0.308953 0.135159 0.259931
0.000000 0.000000 0.000000
0.186343 0.098284 -0.148879
0.309542 0.087864 0.245440
0.000000 0.000000 0.000000
0.000000 0.000000 0.000000
0.000000 0.000000 0.000000
0.000000 0.000000 0.000000
0.000000 0.000000 0.000000
0.290789 0.108825 -0.547721
0.234878 0.100237 -0.222776
0.000000 0.000000 0.000000
0.000000 0.000000 0.000000
0.000000 0.000000 0.000000
-0.353868 0.082621 0.443834
0.159710 0.085833 0.322284
-0.187720 0.092295 0.077774
0.000000 0.000000 0.000000
0.247846 0.164814 -0.397958
0.000000 0.000000 0.000000
-0.305392 0.137809 0.074447
0.000000 0.000000 0.000000
0.000000 0.000000 0.000000
0.327544 0.089679 0.176746
-0.140607 0.149454 0.320866
0.000000 0.000000 0.000000
0.000000 0.000000 0.000000
-0.049304 0.091143 0.121374
0.113278 0.106265 -0.450864
0.000000 0.000000 0.000000
0.000000 0.000000 0.000000
-0.257927 0.142718 0.344836
0.000000 0.000000 0.000000
0.172063 -0.096458 -0.517592
0.451645 0.051303 0.110437
0.179867 -0.102354 -0.405074
-0.212199 0.186119 0.708511
0.451645 0.057143 -0.702205
0.011495 0.161330 0.213322
0.343031 -0.093578 -0.572537
0.000000 0.000000 0.000000
0.000000 0.000000 0.000000
-0.002239 0.173199 0.133611
0.000000 0.000000 0.000000
0.000000 0.000000 0.000000
0.000000 0.000000 0.000000
-0.358371 0.079255 0.571199
0.000000 0.000000 0.000000
0.451645 -0.090742 -0.306637
0.000000 0.000000 0.000000
0.000000 0.000000 0.000000
-0.028064 0.148802 -0.185625
0.421221 0.114327 0.194895
-0.246777 0.163011 0.688873
0.000000 0.000000 0.000000
0.000000 0.000000 0.000000
0.117357 0.104306 -0.376746
0.000000 0.000000 0.000000
0.078415 0.164741 -0.031749
-0.001330 0.098134 -0.143176
0.419737 0.096967 -0.099036
-0.007560 0.152727 0.601020
0.129517 -0.128276 0.089537
0.386092 0.095584 -0.784996
-0.151672 -0.137694 0.269257
-0.028645 0.154691 0.317868
0.000000 0.000000 0.000000
0.000000 0.000000 0.000000
0.000000 0.000000 0.000000
-0.094201 0.083081 0.426418
0.342496 0.139094 -0.185608
0.000000 0.000000 0.000000
0.472769 0.124428 -0.305663
0.353583 0.140691 -0.439099
0.000000 0.000000 0.000000
0.171335 0.175503 -0.539157
-0.318000 0.092394 0.074033
0.000000 0.000000 0.000000
0.126173 0.165848 0.199584
-0.047692 0.094906 -0.021005
-0.462937 -0.033574 0.174016
0.000000 0.000000 0.000000
-0.159688 -0.124904 0.025212
0.000000 0.000000 0.000000
0.373467 -0.115628 -0.151795
-0.421191 0.086725 0.288545
-0.187904 0.086219 0.307685
0.232133 0.105377 -0.417255
0.451645 0.023759 0.024832
-0.211991 0.090459 0.147280
0.000000 0.000000 0.000000
0.238600 0.095754 -0.053094
0.096654 0.180007 -0.452370
0.422987 -0.102941 -0.608055
-0.165413 -0.121859 -0.032892
-0.199254 0.094505 0.615492
0.000000 0.000000 0.000000
0.451645 -0.022365 -0.593628
0.000000 0.000000 0.000000
0.000000 0.000000 0.000000
-0.265605 -0.131984 0.160297
0.464976 0.100324 0.137736
0.315095 -0.110157 -0.256194
-0.355066 -0.128627 0.096246
-0.461672 0.079705 0.554210
0.000000 0.000000 0.000000
-0.431237 -0.132584 0.171745
0.000000 0.000000 0.000000
0.000000 0.000000 0.000000
0.426394 -0.128154 -0.574176
-0.305656 0.078698 0.592304
0.295588 0.113199 -0.713216
-0.451882 0.099016 0.227095
0.432043 -0.123296 -0.005483
0.000000 0.000000 0.000000
0.000000 0.000000 0.000000
0.000000 0.000000 0.000000
0.000000 0.000000 0.000000
