0.000000 0.000000 0.000000
0.226982 -0.224647 0.146268
-0.249735 -0.068377 0.102390
0.115097 -0.175488 0.230080
0.000000 0.000000 0.000000
0.038346 0.344424 0.004719
0.217440 -0.261282 0.155051
0.001004 0.079876 0.271791
0.000000 0.000000 0.000000
-0.132070 -0.099796 0.222517
0.040735 -0.169864 -0.027338
0.279048 -0.334794 0.041395
0.000299 0.320737 -0.292243
0.118656 0.414718 -0.219378
0.000000 0.000000 0.000000
-0.019901 0.016121 0.046132
0.000000 0.000000 0.000000
0.116151 -0.143545 0.231123
-0.125327 0.045608 0.223826
0.000000 0.000000 0.000000
0.299691 -0.207711 -0.133735
0.000000 0.000000 0.000000
-0.088880 0.132774 -0.051369
-0.033472 -0.077860 0.106259
-0.037770 -0.192589 0.139340
0.000000 0.000000 0.000000
0.000000 0.000000 0.000000
0.175361 -0.067406 0.219274
0.088276 -0.244289 0.103738
0.000000 0.000000 0.000000
-0.012918 -0.098350 0.266080
0.030505 0.223745 -0.066527
0.000000 0.000000 0.000000
0.265025 -0.174431 0.060377
0.000000 0.000000 0.000000
0.148494 -0.359804 0.233421
0.035128 -0.123742 0.008478
0.000000 0.000000 0.000000
0.000000 0.000000 0.000000
0.000000 0.000000 0.000000
-0.133925 -0.077860 0.025051
0.042963 0.110844 -0.021027
0.024641 0.298066 -0.113034
0.028478 -0.023578 -0.041388
0.047919 -0.243151 0.253689
-0.153297 -0.055189 0.164730
0.000000 0.000000 0.000000
0.000000 0.000000 0.000000
-0.079284 -0.127668 0.060744
0.163573 -0.359804 0.140052
-0.029867 -0.149170 0.230161
-0.119806 0.038792 -0.013855
-0.149679 0.038792 0.089252
-0.044722 0.210088 -0.155647
0.000000 0.000000 0.000000
0.095055 0.017043 0.234698
-0.123982 -0.149170 0.145289
0.000000 0.000000 0.000000
0.000000 0.000000 0.000000
0.000000 0.000000 0.000000
0.297941 -0.200462 -0.036276
0.000000 0.000000 0.000000
0.000000 0.000000 0.000000
0.000000 0.000000 0.000000
0.000000 0.000000 0.000000
0.016424 -0.171841 0.096378
-0.055532 0.210364 -0.001668
-0.125041 -0.077860 0.203404
-0.056644 0.125079 0.025861
-0.120830 -0.111208 0.111226
-0.065058 -0.032826 -0.007814
0.281116 -0.308059 -0.094943
0.000000 0.000000 0.000000
0.238599 -0.111218 0.131877
0.000000 0.000000 0.000000
-0.032368 0.266822 -0.106085
0.000000 0.000000 0.000000
0.000000 0.000000 0.000000
-0.079757 -0.149170 0.156568
-0.052106 0.159762 -0.087817
0.046716 0.357672 -0.184796
0.000000 0.000000 0.000000
-0.021245 -0.195635 -0.019308
0.032798 0.261039 0.011114
0.003754 -0.055189 0.049861
-0.062821 0.124476 0.260883
-0.013334 0.062764 -0.035461
0.000000 0.000000 0.000000
-0.145859 0.131460 -0.129637
0.000000 0.000000 0.000000
-0.144141 -0.020580 0.026494
-0.027010 -0.189318 0.052446
0.000000 0.000000 0.000000
-0.031356 0.163042 -0.038174
0.108104 -0.019955 0.225831
0.024673 0.167393 0.016286
0.000000 0.000000 0.000000
0.031420 -0.279051 -0.039039
-0.168068 -0.012283 0.037738
0.109401 -0.258094 0.195733
0.029214 -0.243151 0.171585
-0.144052 0.080146 -0.067333
0.000000 0.000000 0.000000
0.000000 0.000000 0.000000
0.279944 -0.248112 0.023176
0.000000 0.000000 0.000000
0.289707 -0.416993 0.033171
-0.004470 -0.008833 0.253142
0.000000 0.000000 0.000000
-0.008443 -0.097453 -0.039891
0.043328 0.021609 -0.018683
0.000000 0.000000 0.000000
-0.211959 0.016121 0.111664
0.061589 0.414718 -0.290674
0.000000 0.000000 0.000000
0.215922 -0.338732 0.190056
0.000000 0.000000 0.000000
0.000000 0.000000 0.000000
0.000000 0.000000 0.000000
-0.043635 -0.149170 -0.005366
0.004245 -0.219778 -0.045810
-0.098245 -0.160235 0.248262
0.000000 0.000000 0.000000
-0.046438 -0.083741 0.021009
-0.060647 0.038792 0.021386
-0.129929 0.110103 0.010540
0.000000 0.000000 0.000000
0.000000 0.000000 0.000000
0.031537 0.353741 -0.162100
0.000000 0.000000 0.000000
0.000000 0.000000 0.000000
0.011259 -0.162651 0.175489
0.000000 0.000000 0.000000
-0.076387 -0.055189 0.058954
0.042540 -0.077899 -0.004665
0.000000 0.000000 0.000000
0.043737 0.298066 -0.086202
-0.054658 0.016121 -0.038007
0.286117 -0.193330 -0.063882
-0.038770 0.195158 -0.075293
-0.004577 0.260109 -0.024913
0.039683 0.044165 0.272452
0.000000 0.000000 0.000000
-0.184133 -0.055189 0.094119
-0.004203 0.100302 0.015462
-0.100478 -0.055189 0.092771
0.000000 0.000000 0.000000
-0.073890 0.078236 -0.025347
0.000000 0.000000 0.000000
0.265486 -0.134697 0.128437
0.110934 -0.311684 0.228366
-0.010971 -0.149170 0.057856
0.004059 -0.212329 0.260362
-0.033709 -0.149170 0.085577
0.017060 -0.243151 0.095072
0.000000 0.000000 0.000000
-0.154827 0.038792 0.042968
0.060979 -0.243151 0.019815
0.000000 0.000000 0.000000
-0.085629 0.110103 -0.097844
0.000000 0.000000 0.000000
-0.214905 -0.069947 0.158724
0.113352 -0.257136 0.260486
0.088698 0.392047 -0.155702
-0.082452 -0.055189 0.153076
0.160678 -0.358000 0.084599
0.124843 -0.337133 0.184758
0.000000 0.000000 0.000000
0.000000 0.000000 0.000000
0.000000 0.000000 0.000000
0.002509 0.298066 -0.193475
0.229044 -0.387200 0.154628
0.000000 0.000000 0.000000
-0.084969 0.206854 -0.203328
-0.077365 -0.076524 -0.013446
0.000000 0.000000 0.000000
-0.050372 -0.149170 0.178239
-0.090288 -0.171841 0.075914
0.000000 0.000000 0.000000
0.004809 0.252309 -0.065370
0.000000 0.000000 0.000000
0.000000 0.000000 0.000000
0.026267 -0.171841 0.038521
0.266376 -0.236587 -0.096775
-0.020882 -0.030553 -0.021259
-0.097831 0.016121 0.058056
-0.193566 0.016121 -0.036991
0.228101 -0.152905 0.166250
0.007703 -0.077860 0.002501
-0.005922 0.110103 -0.068994
0.032864 0.369088 -0.081711
-0.004128 -0.165515 -0.042850
-0.024834 -0.056127 -0.047014
0.000000 0.000000 0.000000
0.095449 0.452696 -0.271479
0.000000 0.000000 0.000000
0.017919 -0.243151 0.041580
-0.005997 0.308624 0.014605
0.000000 0.000000 0.000000
0.000000 0.000000 0.000000
0.000000 0.000000 0.000000
0.280354 -0.363978 -0.109333
-0.014302 -0.032645 0.003367
0.000000 0.000000 0.000000
0.127223 -0.078729 0.235699
0.000000 0.000000 0.000000
-0.157972 -0.077860 0.217703
0.209748 -0.074586 0.170066
-0.135538 0.111049 0.219822
-0.121040 -0.016659 0.220584
-0.040921 -0.105117 0.016297
0.000000 0.000000 0.000000
0.000000 0.000000 0.000000
0.000000 0.000000 0.000000
0.030779 0.172301 -0.039587
-0.021127 -0.149170 0.277654
0.055498 0.319982 -0.035735
0.000000 0.000000 0.000000
0.000000 0.000000 0.000000
-0.001568 0.038792 0.035645
0.000000 0.000000 0.000000
-0.113742 -0.077860 0.047866
-0.010186 0.215757 -0.114733
0.227862 -0.315912 0.143168
-0.093802 -0.024514 -0.001389
0.000000 0.000000 0.000000
-0.001809 -0.149170 0.132229
0.112165 0.392047 -0.274341
0.297984 -0.197738 0.050150
0.016211 0.280306 -0.032069
0.000000 0.000000 0.000000
0.000000 0.000000 0.000000
0.000000 0.000000 0.000000
0.031552 -0.209636 0.011969
0.000000 0.000000 0.000000
0.000522 0.208208 0.017723
0.272185 -0.220029 -0.000375
0.000000 0.000000 0.000000
0.080739 -0.243151 0.162383
-0.190540 -0.077860 0.077185
0.000000 0.000000 0.000000
0.000000 0.000000 0.000000
-0.219303 -0.026436 0.111101
0.000000 0.000000 0.000000
0.144474 -0.014489 0.236675
-0.149071 -0.077860 0.076001
0.000000 0.000000 0.000000
0.246075 -0.159648 0.099101
0.000000 0.000000 0.000000
-0.020841 0.016121 -0.038272
0.000000 0.000000 0.000000
0.042575 -0.010988 -0.004853
-0.038095 0.132774 -0.023223
0.000000 0.000000 0.000000
0.000000 0.000000 0.000000
-0.015238 0.210323 -0.033236
0.000000 0.000000 0.000000
-0.039960 -0.193386 0.085154
0.061078 0.392047 -0.226790
0.000000 0.000000 0.000000
0.030482 0.072928 -0.039842
0.000000 0.000000 0.000000
0.000000 0.000000 0.000000
0.000000 0.000000 0.000000
-0.202177 0.016121 0.061204
0.000000 0.000000 0.000000
0.007547 0.320737 -0.244771
-0.092806 0.110103 -0.013497
-0.026329 -0.055189 0.050481
-0.121143 0.110103 -0.089647
-0.159378 0.029015 -0.045134
-0.074206 -0.077860 0.140597
0.068165 0.414718 -0.045450
-0.038044 0.098461 0.235189
0.000000 0.000000 0.000000
0.043187 -0.243151 0.225300
-0.094543 0.003828 -0.001223
0.000000 0.000000 0.000000
0.000000 0.000000 0.000000
0.000000 0.000000 0.000000
0.000000 0.000000 0.000000
-0.025280 -0.149170 0.025861
-0.020067 0.276714 -0.003148
0.000000 0.000000 0.000000
0.000000 0.000000 0.000000
0.058112 -0.265822 0.075272
0.000000 0.000000 0.000000
-0.090937 0.180577 -0.094124
0.000000 0.000000 0.000000
-0.122690 -0.077860 0.153365
-0.080300 -0.149170 0.116998
0.000000 0.000000 0.000000
-0.118855 0.169662 -0.120341
0.000000 0.000000 0.000000
-0.011738 -0.176177 0.013874
0.000000 0.000000 0.000000
-0.016464 0.040323 0.268906
0.000000 0.000000 0.000000
0.000000 0.000000 0.000000
0.123472 -0.224906 0.224558
0.000000 0.000000 0.000000
0.073007 0.414718 -0.252632
-0.085966 0.145690 0.219016
0.001882 0.110103 -0.022527
0.019689 -0.072743 -0.045162
0.054917 -0.243151 -0.011391
0.043794 0.221299 -0.012688
0.000000 0.000000 0.000000
-0.146884 0.016121 -0.013031
0.000000 0.000000 0.000000
0.000000 0.000000 0.000000
-0.052251 0.103964 -0.042219
0.000000 0.000000 0.000000
-0.059063 -0.077860 0.086061
-0.012718 0.298066 -0.069289
0.081367 -0.000714 0.259371
0.000000 0.000000 0.000000
-0.002415 0.143528 -0.015378
0.000000 0.000000 0.000000
-0.145729 -0.077860 0.125488
0.076540 -0.265822 0.227324
0.000000 0.000000 0.000000
-0.072884 0.038792 -0.010893
-0.069831 -0.164785 0.033025
-0.099548 0.096923 -0.055158
0.054033 -0.243151 0.129997
0.000000 0.000000 0.000000
0.000000 0.000000 0.000000
-0.003070 0.082998 0.240393
0.000000 0.000000 0.000000
-0.019425 -0.222517 0.033290
0.000000 0.000000 0.000000
-0.208679 -0.077860 0.116121
-0.140089 -0.055189 0.064877
0.000000 0.000000 0.000000
-0.027466 -0.171841 0.171244
0.116858 -0.337133 0.147108
-0.047285 0.110103 -0.066516
0.000000 0.000000 0.000000
0.000000 0.000000 0.000000
0.031060 -0.149170 0.066194
0.000000 0.000000 0.000000
0.000000 0.000000 0.000000
-0.027517 0.016121 0.015296
0.282604 -0.381764 0.023663
0.000000 0.000000 0.000000
-0.092733 -0.055599 -0.003132
0.000000 0.000000 0.000000
0.052638 -0.171841 0.011784
0.101298 0.392047 -0.199009
-0.004623 0.151984 0.015262
0.000000 0.000000 0.000000
0.027711 0.038443 -0.041754
0.026485 0.345287 -0.042341
0.000000 0.000000 0.000000
-0.184124 0.016121 0.017361
-0.099239 0.038792 0.049663
-0.020106 0.271947 -0.138140
-0.051514 0.226755 -0.116964
-0.001373 -0.170747 0.222739
0.061812 -0.265822 0.181844
-0.052588 0.226755 -0.084949
0.059985 -0.265822 0.109360
0.000000 0.000000 0.000000
0.000000 0.000000 0.000000
0.005909 0.182954 -0.024241
-0.018949 -0.216870 0.091805
0.092923 0.404257 -0.124207
0.000000 0.000000 0.000000
0.286118 -0.176174 0.087826
0.023255 -0.269288 -0.002126
0.000000 0.000000 0.000000
-0.101062 -0.171841 0.144266
-0.164276 0.101647 -0.072866
-0.044427 -0.149170 0.053340
0.031551 -0.265822 0.240251
-0.000868 -0.098741 -0.010433
-0.049001 -0.099901 0.052109
0.000000 0.000000 0.000000
0.019218 0.336241 -0.105072
-0.054603 -0.171841 0.214239
0.273743 -0.294377 0.032254
0.031877 -0.114975 -0.038648
0.280913 -0.225746 -0.062586
0.165505 -0.337133 0.203564
-0.190651 -0.065169 0.187122
0.000000 0.000000 0.000000
-0.099742 0.033250 -0.051368
0.025066 0.298066 -0.165257
0.149265 -0.337133 0.153255
-0.021339 0.096403 -0.006884
0.000000 0.000000 0.000000
-0.168065 0.016121 0.063195
-0.187503 -0.055189 0.136167
0.000000 0.000000 0.000000
-0.118613 0.132774 -0.110811
-0.020154 0.044464 -0.003395
0.186853 -0.337133 0.143670
-0.000444 -0.142455 -0.007986
-0.112134 0.132774 -0.002866
0.000000 0.000000 0.000000
-0.020529 0.226755 0.007418
-0.110197 -0.105313 0.075464
0.040041 0.060837 0.001384
0.232230 -0.354577 0.167399
0.023019 -0.162329 0.131504
-0.004799 0.277179 -0.093432
0.200633 -0.102361 0.184436
0.017634 0.298066 -0.072452
0.006079 -0.243151 0.137219
0.000000 0.000000 0.000000
0.000000 0.000000 0.000000
0.000000 0.000000 0.000000
0.028722 0.378135 -0.196097
0.150900 -0.035328 0.204275
-0.069638 0.132774 -0.072358
-0.090594 0.183506 -0.123959
0.000000 0.000000 0.000000
0.000000 0.000000 0.000000
0.001935 -0.059683 0.260799
0.070372 -0.252432 0.265230
0.000000 0.000000 0.000000
0.020549 -0.149170 0.026075
-0.116059 0.068415 -0.038794
0.000000 0.000000 0.000000
-0.124421 0.016121 0.026451
-0.134008 0.016121 0.072976
0.047756 0.020110 0.246968
-0.016712 -0.250304 -0.031504
0.000000 0.000000 0.000000
0.055631 0.392047 -0.071256
-0.013115 0.298066 -0.226513
-0.099720 0.137984 0.247897
0.070644 0.414718 -0.172020
0.000000 0.000000 0.000000
-0.060009 0.035630 0.063250
-0.004703 -0.113916 0.015223
0.269401 -0.201354 -0.092461
0.000000 0.000000 0.000000
-0.031741 -0.171841 0.108374
-0.040380 0.182951 -0.046647
0.000000 0.000000 0.000000
0.000000 0.000000 0.000000
0.000000 0.000000 0.000000
-0.079983 -0.091463 0.049660
-0.046352 -0.055189 0.083095
-0.172114 0.038792 -0.007118
0.000000 0.000000 0.000000
0.268570 -0.210550 0.036367
0.041442 0.369926 -0.025337
0.000000 0.000000 0.000000
-0.052321 -0.170969 0.266444
-0.076605 0.204084 -0.142395
0.109781 0.422722 -0.268303
-0.049294 -0.010611 0.011189
0.065652 0.392047 -0.264687
0.000000 0.000000 0.000000
0.032849 0.212108 -0.037816
0.000000 0.000000 0.000000
-0.102345 -0.149170 0.190730
0.000000 0.000000 0.000000
0.015678 -0.042214 0.018887
0.034369 0.060480 0.243460
-0.032490 0.132774 -0.063098
-0.046795 -0.055189 -0.018252
-0.227731 -0.041139 0.140035
-0.010658 -0.149170 0.191440
0.000000 0.000000 0.000000
-0.001948 -0.032994 -0.043660
0.037171 -0.073814 0.030210
-0.007448 0.037995 -0.060528
0.242207 -0.119022 0.163917
0.000023 -0.206167 0.043887
0.024665 0.014088 0.016288
0.000000 0.000000 0.000000
0.000000 0.000000 0.000000
0.000000 0.000000 0.000000
0.000000 0.000000 0.000000
0.035398 0.316176 -0.132277
0.000000 0.000000 0.000000
0.000000 0.000000 0.000000
0.094795 -0.243151 0.219806
0.000000 0.000000 0.000000
-0.040351 -0.149170 0.114611
0.000000 0.000000 0.000000
-0.000887 -0.174155 0.254512
0.000000 0.000000 0.000000
0.014008 0.320737 -0.205725
0.021476 0.121633 -0.053212
0.269097 -0.340667 -0.099416
0.051892 -0.243151 0.059819
-0.124737 -0.055189 0.117072
0.000000 0.000000 0.000000
-0.017783 0.124495 0.031785
0.000000 0.000000 0.000000
0.283703 -0.390296 -0.092015
-0.176358 -0.077860 0.158316
0.000000 0.000000 0.000000
-0.018329 -0.140915 -0.028123
0.000000 0.000000 0.000000
0.000000 0.000000 0.000000
0.000000 0.000000 0.000000
0.000656 0.045616 0.247957
0.008727 0.224420 -0.092327
-0.015529 0.238211 -0.062727
0.043034 0.189655 -0.007315
-0.003220 -0.124516 0.248427
-0.066196 -0.181015 0.151419
0.000000 0.000000 0.000000
0.000000 0.000000 0.000000
0.020165 0.074571 0.017876
-0.048196 0.016121 -0.000280
0.000000 0.000000 0.000000
0.000000 0.000000 0.000000
0.000000 0.000000 0.000000
-0.040974 -0.077860 -0.018548
0.098658 -0.261099 0.148951
0.000000 0.000000 0.000000
0.000000 0.000000 0.000000
-0.052562 -0.055189 0.023917
-0.021205 0.298066 -0.110265
0.000000 0.000000 0.000000
0.000000 0.000000 0.000000
0.038831 0.306608 0.003915
-0.072322 0.204084 -0.032302
0.000000 0.000000 0.000000
0.072872 0.039783 0.256658
-0.168202 -0.063531 0.047520
0.023983 -0.265822 0.150700
-0.049816 0.061202 -0.041553
0.280853 -0.271862 -0.103216
0.000000 0.000000 0.000000
0.000000 0.000000 0.000000
-0.015617 -0.220157 0.005550
0.000000 0.000000 0.000000
0.001756 0.320737 -0.162877
0.170527 -0.359804 0.115077
-0.165584 0.017067 0.100082
0.000000 0.000000 0.000000
-0.190750 0.038792 0.038936
0.066402 -0.265822 0.043465
0.139363 -0.337133 0.100500
-0.139338 0.012743 0.213720
-0.049795 0.226755 -0.027288
-0.201268 -0.008775 0.027399
-0.070474 -0.149170 0.080857
0.000000 0.000000 0.000000
0.054749 0.365486 -0.219892
0.000000 0.000000 0.000000
-0.018687 0.320737 -0.268599
0.000000 0.000000 0.000000
0.224111 -0.138073 0.138495
-0.186070 0.038792 0.084485
0.000000 0.000000 0.000000
0.000000 0.000000 0.000000
-0.108674 -0.165716 0.105369
-0.141632 0.110103 -0.032767
0.122879 0.003355 0.239027
0.102032 0.414718 -0.175073
0.000000 0.000000 0.000000
0.000000 0.000000 0.000000
0.013207 -0.224023 0.019079
-0.116492 0.038792 0.075733
0.000000 0.000000 0.000000
0.018045 0.130315 0.018624
-0.021610 0.193591 -0.010373
-0.031686 0.059786 -0.013802
-0.105251 -0.055189 0.026665
0.271897 -0.166201 0.112564
0.000000 0.000000 0.000000
0.132477 -0.201907 0.239756
-0.012814 -0.187967 0.076309
-0.028583 0.204084 -0.095604
0.000000 0.000000 0.000000
0.000000 0.000000 0.000000
0.299485 -0.206197 -0.093304
0.000000 0.000000 0.000000
-0.023467 0.070843 0.255855
-0.003937 -0.009491 -0.021476
-0.064699 0.193379 -0.099642
0.000000 0.000000 0.000000
0.132975 0.409245 -0.267347
0.144611 -0.053212 0.224418
0.294103 -0.196101 -0.006623
0.000000 0.000000 0.000000
0.000000 0.000000 0.000000
-0.020892 0.089859 -0.033640
-0.048459 0.037994 -0.056729
0.033421 -0.281140 0.089964
0.034010 -0.265822 0.194559
0.015702 -0.136990 -0.045906
-0.161005 -0.055189 0.123420
0.000000 0.000000 0.000000
0.000000 0.000000 0.000000
0.000000 0.000000 0.000000
-0.054183 -0.188100 0.121080
-0.112210 -0.077860 0.104877
0.268072 -0.208705 -0.033179
-0.077615 0.005303 0.017520
0.056195 -0.243151 0.193870
0.121504 -0.336858 0.231342
0.000000 0.000000 0.000000
0.000000 0.000000 0.000000
0.002370 -0.149170 0.101546
-0.073721 -0.149170 0.237317
-0.097254 -0.077860 0.074504
-0.112627 -0.055189 0.184926
-0.154381 -0.102593 0.113202
0.000000 0.000000 0.000000
0.042676 0.265164 -0.021842
0.155888 -0.359804 0.173798
0.025637 0.244226 -0.042747
-0.043917 -0.212010 0.113389
0.000000 0.000000 0.000000
-0.137336 -0.042099 0.210607
-0.013972 0.298066 -0.278004
-0.060252 0.161847 -0.065308
0.000000 0.000000 0.000000
0.000000 0.000000 0.000000
0.035664 -0.265822 0.033357
-0.000445 0.204084 -0.049603
0.037451 0.298066 -0.041528
0.000000 0.000000 0.000000
0.000000 0.000000 0.000000
0.043479 -0.213693 -0.016754
0.000000 0.000000 0.000000
0.009714 -0.191388 0.019411
0.044727 -0.243151 0.096591
-0.031520 -0.163425 -0.028332
0.000000 0.000000 0.000000
-0.158009 0.000788 0.012963
-0.010669 0.168600 -0.048904
-0.057674 -0.171841 0.079777
0.000000 0.000000 0.000000
0.000000 0.000000 0.000000
0.039285 0.351770 -0.122258
-0.049261 -0.201069 0.168364
0.000000 0.000000 0.000000
0.000000 0.000000 0.000000
0.042590 -0.136711 -0.022084
-0.018766 -0.077860 0.036281
0.131473 -0.253725 0.236142
0.000000 0.000000 0.000000
0.001007 0.253592 0.017869
0.000000 0.000000 0.000000
0.268014 -0.215474 -0.122343
0.000000 0.000000 0.000000
-0.073448 -0.055189 0.125607
0.000000 0.000000 0.000000
0.000000 0.000000 0.000000
-0.068219 0.226755 -0.157525
-0.214197 0.016121 0.012893
0.000000 0.000000 0.000000
-0.015629 -0.149170 0.157315
0.102832 0.392047 -0.237245
0.000000 0.000000 0.000000
0.297499 -0.220644 0.026643
0.000000 0.000000 0.000000
-0.028844 -0.171841 0.202558
0.042912 -0.043633 -0.006663
-0.076102 -0.149170 0.052705
0.000000 0.000000 0.000000
-0.076351 0.132774 0.006879
-0.070898 -0.171841 0.103634
0.000000 0.000000 0.000000
-0.082926 0.204084 -0.066397
0.068405 -0.265822 0.136937
0.000000 0.000000 0.000000
0.042621 0.151052 -0.021996
0.000000 0.000000 0.000000
-0.125774 0.077685 0.220970
0.000000 0.000000 0.000000
0.000000 0.000000 0.000000
0.000000 0.000000 0.000000
0.199059 -0.359804 0.151038
0.000000 0.000000 0.000000
-0.058481 -0.117981 0.031295
0.000000 0.000000 0.000000
-0.015765 0.242800 -0.106481
0.011873 -0.255987 -0.046402
-0.035676 0.110103 0.006416
0.000000 0.000000 0.000000
0.229376 -0.196971 0.158283
-0.077142 0.110103 -0.063477
0.000000 0.000000 0.000000
0.000000 0.000000 0.000000
0.201863 -0.060502 0.196502
0.000000 0.000000 0.000000
-0.123620 -0.020159 0.005277
0.000000 0.000000 0.000000
0.000000 0.000000 0.000000
-0.212393 -0.061596 0.077179
-0.009939 -0.057152 0.011660
0.000000 0.000000 0.000000
-0.095427 0.016121 -0.025269
0.050252 0.315708 -0.063966
0.000000 0.000000 0.000000
0.000000 0.000000 0.000000
0.000000 0.000000 0.000000
0.001714 -0.171841 0.150178
-0.093637 -0.077860 0.018731
-0.173371 -0.077860 0.112865
0.000000 0.000000 0.000000
-0.091765 0.038792 0.012957
0.213070 -0.108655 0.148495
-0.100899 0.110103 0.016590
0.000000 0.000000 0.000000
0.000000 0.000000 0.000000
-0.023153 0.267434 -0.079170
0.009719 0.204084 -0.070301
0.011516 -0.094774 0.019210
0.000000 0.000000 0.000000
0.036968 -0.270144 0.122085
0.203205 -0.359804 0.184711
-0.004225 -0.243387 0.015504
0.000000 0.000000 0.000000
0.007237 0.146815 -0.046042
