-0.381899 0.116374 0.114988
0.000000 0.000000 0.000000
-0.564872 0.050462 0.224396
0.194999 0.231067 0.275944
0.000000 0.000000 0.000000
0.000000 0.000000 0.000000
0.000000 0.000000 0.000000
-0.192008 0.191240 0.295181
0.000000 0.000000 0.000000
0.000000 0.000000 0.000000
0.000000 0.000000 0.000000
0.000000 0.000000 0.000000
-0.939337 -0.123868 0.206406
0.050073 0.206166 0.137448
0.000000 0.000000 0.000000
0.246137 -0.161250 0.346172
0.000000 0.000000 0.000000
0.018940 -0.030291 0.361727
0.000000 0.000000 0.000000
0.000000 0.000000 0.000000
0.000000 0.000000 0.000000
-0.356659 0.049655 0.355706
-0.678395 -0.231712 0.302569
0.000000 0.000000 0.000000
-0.318553 -0.164038 0.252341
0.000000 0.000000 0.000000
0.000000 0.000000 0.000000
-0.776618 -0.095414 0.203244
0.000000 0.000000 0.000000
0.000000 0.000000 0.000000
0.000000 0.000000 0.000000
0.247784 -0.046113 0.265045
0.000000 0.000000 0.000000
0.000000 0.000000 0.000000
-0.056627 -0.044790 0.267913
0.000000 0.000000 0.000000
0.000000 0.000000 0.000000
0.000000 0.000000 0.000000
0.000000 0.000000 0.000000
0.000000 0.000000 0.000000
0.000000 0.000000 0.000000
0.000000 0.000000 0.000000
0.000000 0.000000 0.000000
0.000000 0.000000 0.000000
-0.755171 -0.019871 0.356366
-0.045037 0.236848 0.274360
0.000000 0.000000 0.000000
0.000000 0.000000 0.000000
0.000000 0.000000 0.000000
0.169015 0.003506 0.357813
0.000000 0.000000 0.000000
0.000000 0.000000 0.000000
-0.483377 -0.147412 0.332241
0.000000 0.000000 0.000000
0.000000 0.000000 0.000000
0.000000 0.000000 0.000000
0.000000 0.000000 0.000000
0.000000 0.000000 0.000000
0.000000 0.000000 0.000000
0.000000 0.000000 0.000000
0.000000 0.000000 0.000000
-0.615948 0.125879 0.216472
0.000000 0.000000 0.000000
-0.314120 0.231536 0.098435
0.000000 0.000000 0.000000
0.000000 0.000000 0.000000
-0.852277 0.064973 0.212545
-0.225486 -0.012968 0.360847
-0.334630 0.020101 0.228093
0.000000 0.000000 0.000000
-0.793727 -0.113285 0.271698
0.000000 0.000000 0.000000
0.000000 0.000000 0.000000
0.000000 0.000000 0.000000
-0.643075 0.041442 0.204810
0.000000 0.000000 0.000000
0.150864 0.303703 0.220565
-0.706996 -0.032852 0.286563
0.000000 0.000000 0.000000
-0.489344 0.104052 0.323618
0.000000 0.000000 0.000000
0.000000 0.000000 0.000000
-0.170482 0.287570 0.106630
0.000000 0.000000 0.000000
0.000000 0.000000 0.000000
0.000000 0.000000 0.000000
0.000000 0.000000 0.000000
0.000000 0.000000 0.000000
0.000000 0.000000 0.000000
0.000000 0.000000 0.000000
-0.020546 0.065761 0.358997
0.000000 0.000000 0.000000
-0.508206 -0.192892 0.354747
0.000000 0.000000 0.000000
0.000000 0.000000 0.000000
-0.175359 -0.164658 0.259980
0.000000 0.000000 0.000000
0.000000 0.000000 0.000000
0.000000 0.000000 0.000000
0.000000 0.000000 0.000000
0.000000 0.000000 0.000000
0.000000 0.000000 0.000000
0.000000 0.000000 0.000000
0.000000 0.000000 0.000000
0.000000 0.000000 0.000000
0.000000 0.000000 0.000000
-0.727916 0.105227 0.190210
-0.268561 0.172568 0.380903
0.000000 0.000000 0.000000
0.000000 0.000000 0.000000
0.000000 0.000000 0.000000
0.000000 0.000000 0.000000
0.000000 0.000000 0.000000
0.000000 0.000000 0.000000
-0.383960 0.124799 0.246758
0.000000 0.000000 0.000000
0.362662 0.241541 0.264649
0.000000 0.000000 0.000000
0.000000 0.000000 0.000000
0.087181 0.132767 0.326541
0.000000 0.000000 0.000000
0.000000 0.000000 0.000000
0.039814 0.075162 0.237069
0.000000 0.000000 0.000000
0.000000 0.000000 0.000000
0.000000 0.000000 0.000000
0.162318 -0.073661 0.252709
-0.836556 -0.071629 0.321772
0.000000 0.000000 0.000000
-0.498683 -0.152896 0.185676
-0.247569 -0.095582 0.356397
-0.950305 -0.014391 0.116023
-0.508989 -0.005727 0.351547
0.000000 0.000000 0.000000
-0.029342 -0.165072 0.349434
0.000000 0.000000 0.000000
0.000000 0.000000 0.000000
0.000000 0.000000 0.000000
0.000000 0.000000 0.000000
-0.208210 -0.083968 0.262447
-0.465266 -0.035089 0.209915
-0.009491 -0.085940 0.239098
-0.599367 -0.131589 0.281372
0.000000 0.000000 0.000000
-0.436598 0.160056 0.228844
0.000000 0.000000 0.000000
-0.894692 -0.163229 0.187974
0.000000 0.000000 0.000000
0.000000 0.000000 0.000000
0.000000 0.000000 0.000000
0.301725 0.298261 0.181337
0.000000 0.000000 0.000000
0.000000 0.000000 0.000000
-0.323839 0.212564 0.252151
0.000000 0.000000 0.000000
0.000000 0.000000 0.000000
-0.614097 -0.188425 0.247316
0.000000 0.000000 0.000000
0.000000 0.000000 0.000000
-0.754012 -0.136246 0.185676
0.000000 0.000000 0.000000
-0.371637 -0.055629 0.359103
0.000000 0.000000 0.000000
-0.040215 0.308370 0.132074
-0.510711 -0.094755 0.253597
0.253700 0.083332 0.304918
-0.624706 0.067060 0.352004
0.000000 0.000000 0.000000
0.000000 0.000000 0.000000
0.236011 -0.048438 0.353193
0.000000 0.000000 0.000000
0.000000 0.000000 0.000000
0.000000 0.000000 0.000000
0.000000 0.000000 0.000000
0.000000 0.000000 0.000000
0.000000 0.000000 0.000000
0.000000 0.000000 0.000000
0.000000 0.000000 0.000000
0.000000 0.000000 0.000000
-0.628354 -0.019046 0.185676
-0.144729 0.087562 0.303265
0.000000 0.000000 0.000000
0.000000 0.000000 0.000000
-0.743132 0.006921 0.291662
0.000000 0.000000 0.000000
0.143237 -0.165254 0.259731
0.349073 -0.069669 0.353404
0.000000 0.000000 0.000000
0.202616 0.110022 0.345256
0.000000 0.000000 0.000000
-0.131765 -0.086538 0.357459
0.000000 0.000000 0.000000
0.000000 0.000000 0.000000
0.000000 0.000000 0.000000
0.000000 0.000000 0.000000
0.000000 0.000000 0.000000
0.000000 0.000000 0.000000
0.000000 0.000000 0.000000
0.000000 0.000000 0.000000
0.108781 0.206437 0.291168
-0.269101 0.081473 0.304311
0.000000 0.000000 0.000000
0.000000 0.000000 0.000000
0.000000 0.000000 0.000000
-0.699890 -0.134310 0.289896
-0.629769 -0.032527 0.317685
-0.173275 0.280829 0.205499
0.000000 0.000000 0.000000
0.000000 0.000000 0.000000
0.000000 0.000000 0.000000
0.000000 0.000000 0.000000
0.000000 0.000000 0.000000
0.000000 0.000000 0.000000
0.000000 0.000000 0.000000
0.000000 0.000000 0.000000
-0.918636 -0.010237 0.206328
0.000000 0.000000 0.000000
0.000000 0.000000 0.000000
-0.669416 -0.185022 0.202810
-0.810744 0.092103 0.102110
0.074571 -0.100027 0.318728
0.000000 0.000000 0.000000
0.000000 0.000000 0.000000
-0.855179 -0.171796 0.307310
0.000000 0.000000 0.000000
-0.507756 0.137711 0.141825
0.000000 0.000000 0.000000
0.000000 0.000000 0.000000
0.000000 0.000000 0.000000
0.000000 0.000000 0.000000
-0.783108 0.040233 0.307941
0.087709 -0.003884 0.360373
0.000000 0.000000 0.000000
-0.724273 -0.082112 0.357294
0.000000 0.000000 0.000000
-0.404846 -0.051962 0.264409
0.000000 0.000000 0.000000
0.000000 0.000000 0.000000
-0.142736 -0.001173 0.312550
-0.565563 -0.057607 0.185676
0.000000 0.000000 0.000000
0.000000 0.000000 0.000000
0.263388 0.068346 0.353053
0.000000 0.000000 0.000000
0.000000 0.000000 0.000000
0.000000 0.000000 0.000000
0.000000 0.000000 0.000000
0.000000 0.000000 0.000000
0.000000 0.000000 0.000000
0.000000 0.000000 0.000000
0.000000 0.000000 0.000000
-0.034118 0.049392 0.301196
0.000000 0.000000 0.000000
0.000000 0.000000 0.000000
0.000000 0.000000 0.000000
0.000000 0.000000 0.000000
0.000000 0.000000 0.000000
-0.598512 -0.240488 0.356923
0.000000 0.000000 0.000000
0.000000 0.000000 0.000000
0.000000 0.000000 0.000000
-0.538003 -0.012933 0.276352
0.303862 -0.021138 0.354845
0.054185 0.293087 0.234980
0.000000 0.000000 0.000000
0.000000 0.000000 0.000000
-0.320812 -0.004701 0.293830
0.000000 0.000000 0.000000
0.000000 0.000000 0.000000
0.000000 0.000000 0.000000
-0.555292 0.091783 0.327088
0.000000 0.000000 0.000000
0.000000 0.000000 0.000000
0.000000 0.000000 0.000000
-0.426772 -0.134114 0.242893
0.000000 0.000000 0.000000
0.000000 0.000000 0.000000
-0.055684 -0.045013 0.360466
0.000000 0.000000 0.000000
0.190206 0.308070 0.104911
0.261302 0.136001 0.326909
-0.731578 -0.169207 0.326473
0.107133 0.048920 0.301470
0.000000 0.000000 0.000000
0.000000 0.000000 0.000000
0.000000 0.000000 0.000000
0.000000 0.000000 0.000000
-0.118063 0.067898 0.357075
0.000000 0.000000 0.000000
0.000000 0.000000 0.000000
-0.193629 -0.148073 0.351891
0.000000 0.000000 0.000000
0.000000 0.000000 0.000000
0.000000 0.000000 0.000000
0.000000 0.000000 0.000000
0.000000 0.000000 0.000000
0.000000 0.000000 0.000000
0.000000 0.000000 0.000000
0.020636 0.112185 0.151143
-0.251767 0.247138 0.237701
0.000000 0.000000 0.000000
0.000000 0.000000 0.000000
-0.673743 0.079360 0.329415
-0.616006 -0.115383 0.353484
0.000000 0.000000 0.000000
0.000000 0.000000 0.000000
0.000000 0.000000 0.000000
0.000000 0.000000 0.000000
0.000000 0.000000 0.000000
-0.385850 0.105460 0.329777
-0.336559 -0.139521 0.352907
0.000000 0.000000 0.000000
0.000000 0.000000 0.000000
0.000000 0.000000 0.000000
0.000000 0.000000 0.000000
0.000000 0.000000 0.000000
0.000000 0.000000 0.000000
-0.337883 0.049366 0.273701
-0.224489 0.094863 0.342238
0.000000 0.000000 0.000000
0.356118 -0.052784 0.263743
0.328190 0.085693 0.275644
0.026807 0.269008 0.254253
0.000000 0.000000 0.000000
0.000000 0.000000 0.000000
0.009863 0.304970 0.095078
-0.457344 -0.065148 0.323939
0.000000 0.000000 0.000000
0.000000 0.000000 0.000000
0.148407 -0.141171 0.350893
0.000000 0.000000 0.000000
0.000000 0.000000 0.000000
0.000000 0.000000 0.000000
0.000000 0.000000 0.000000
0.000000 0.000000 0.000000
0.000000 0.000000 0.000000
-0.917440 0.054420 0.075142
0.054749 -0.014685 0.307064
0.000000 0.000000 0.000000
0.000000 0.000000 0.000000
0.000000 0.000000 0.000000
0.000000 0.000000 0.000000
-0.665345 0.123934 0.117619
-0.374973 -0.042198 0.180450
0.282819 -0.104428 0.283326
0.000000 0.000000 0.000000
0.000000 0.000000 0.000000
0.000000 0.000000 0.000000
0.000000 0.000000 0.000000
0.000000 0.000000 0.000000
0.000000 0.000000 0.000000
0.000000 0.000000 0.000000
-0.041163 0.147900 0.316440
0.000000 0.000000 0.000000
0.046701 -0.159254 0.350436
-0.582571 -0.247083 0.294832
0.000000 0.000000 0.000000
0.000000 0.000000 0.000000
-0.224693 -0.164625 0.221954
0.000000 0.000000 0.000000
0.000000 0.000000 0.000000
-0.515178 0.135398 0.268167
-0.019629 0.026160 0.191670
0.000000 0.000000 0.000000
0.000000 0.000000 0.000000
0.000000 0.000000 0.000000
-0.079767 -0.133940 0.259049
0.000000 0.000000 0.000000
-0.381353 0.192250 0.192210
0.000000 0.000000 0.000000
0.057615 0.300426 0.171569
0.000000 0.000000 0.000000
-0.488930 0.010815 0.245873
0.000000 0.000000 0.000000
0.000000 0.000000 0.000000
-0.528843 -0.190118 0.251906
0.000000 0.000000 0.000000
0.000000 0.000000 0.000000
0.000000 0.000000 0.000000
0.000000 0.000000 0.000000
-0.533367 -0.079576 0.345137
0.281398 0.269037 0.240705
0.349435 0.161677 0.311032
0.024650 0.174895 0.293037
0.000000 0.000000 0.000000
-0.335635 -0.079665 0.300130
0.000000 0.000000 0.000000
-0.868694 -0.010079 0.278130
0.000000 0.000000 0.000000
0.000000 0.000000 0.000000
0.000000 0.000000 0.000000
0.000000 0.000000 0.000000
0.000000 0.000000 0.000000
-0.116075 -0.157794 0.321956
0.000000 0.000000 0.000000
-0.031884 -0.091295 0.320647
0.000000 0.000000 0.000000
0.000000 0.000000 0.000000
-0.690044 0.100972 0.268989
0.000000 0.000000 0.000000
0.000000 0.000000 0.000000
0.000000 0.000000 0.000000
0.000000 0.000000 0.000000
-0.580556 0.134539 0.133895
0.000000 0.000000 0.000000
0.000000 0.000000 0.000000
0.000000 0.000000 0.000000
0.000000 0.000000 0.000000
0.000000 0.000000 0.000000
0.000000 0.000000 0.000000
0.000000 0.000000 0.000000
-0.784985 -0.066852 0.300956
0.000000 0.000000 0.000000
0.000000 0.000000 0.000000
-0.341604 0.165142 0.303486
-0.238619 0.260558 0.153161
0.000000 0.000000 0.000000
-0.123268 0.266087 0.255663
0.000000 0.000000 0.000000
0.000000 0.000000 0.000000
0.000000 0.000000 0.000000
0.000000 0.000000 0.000000
0.000000 0.000000 0.000000
0.000000 0.000000 0.000000
0.000000 0.000000 0.000000
-0.583159 0.006541 0.287801
0.000000 0.000000 0.000000
0.000000 0.000000 0.000000
0.000000 0.000000 0.000000
0.000000 0.000000 0.000000
0.209377 -0.095909 0.304043
0.295597 -0.113809 0.328795
-0.710319 -0.074205 0.185676
-0.412996 -0.119788 0.354224
0.000000 0.000000 0.000000
-0.622419 -0.111230 0.185676
0.000000 0.000000 0.000000
0.000000 0.000000 0.000000
0.000000 0.000000 0.000000
0.219684 -0.158086 0.275474
0.000000 0.000000 0.000000
0.000000 0.000000 0.000000
-0.059559 0.288502 0.205266
0.147777 0.170244 0.307633
0.000000 0.000000 0.000000
-0.337494 0.090133 0.209311
0.000000 0.000000 0.000000
0.000000 0.000000 0.000000
0.000000 0.000000 0.000000
-0.935470 -0.068719 0.160812
0.000000 0.000000 0.000000
0.000000 0.000000 0.000000
-0.378637 -0.117821 0.303873
0.000000 0.000000 0.000000
0.000000 0.000000 0.000000
0.000000 0.000000 0.000000
0.000000 0.000000 0.000000
0.000000 0.000000 0.000000
0.000000 0.000000 0.000000
-0.502914 0.044324 0.357895
-0.614832 0.056777 0.300309
0.099310 -0.102047 0.247376
-0.082443 0.173473 0.305116
0.000000 0.000000 0.000000
-0.890315 -0.093514 0.260445
-0.267229 -0.167470 0.348438
0.051676 0.070382 0.358888
0.000000 0.000000 0.000000
0.000000 0.000000 0.000000
0.000000 0.000000 0.000000
0.000000 0.000000 0.000000
0.000000 0.000000 0.000000
0.000000 0.000000 0.000000
0.000000 0.000000 0.000000
0.000000 0.000000 0.000000
0.000000 0.000000 0.000000
0.000000 0.000000 0.000000
0.000000 0.000000 0.000000
0.000000 0.000000 0.000000
0.000000 0.000000 0.000000
-0.205921 0.036371 0.313306
-0.190044 -0.061828 0.322805
-0.906055 0.048330 0.159013
0.000000 0.000000 0.000000
0.000000 0.000000 0.000000
0.216687 0.298400 0.175183
0.120717 -0.074304 0.355454
0.000000 0.000000 0.000000
-0.108847 0.296651 0.089707
0.000000 0.000000 0.000000
0.000000 0.000000 0.000000
-0.243564 -0.164322 0.276146
0.000000 0.000000 0.000000
0.000000 0.000000 0.000000
0.000000 0.000000 0.000000
-0.143026 -0.009958 0.361234
0.000000 0.000000 0.000000
0.000000 0.000000 0.000000
0.000000 0.000000 0.000000
0.000000 0.000000 0.000000
-0.774903 0.072693 0.261691
-0.269621 -0.038622 0.322732
0.000000 0.000000 0.000000
0.000000 0.000000 0.000000
0.000000 0.000000 0.000000
0.000000 0.000000 0.000000
0.000000 0.000000 0.000000
0.000000 0.000000 0.000000
0.000000 0.000000 0.000000
0.195846 -0.174364 0.345036
-0.129015 0.296652 0.168835
0.000000 0.000000 0.000000
0.000000 0.000000 0.000000
0.000000 0.000000 0.000000
0.000000 0.000000 0.000000
0.160778 0.091612 0.301289
0.000000 0.000000 0.000000
0.000000 0.000000 0.000000
0.000000 0.000000 0.000000
0.000000 0.000000 0.000000
0.000000 0.000000 0.000000
0.000000 0.000000 0.000000
0.000000 0.000000 0.000000
-0.044049 0.018760 0.257415
0.000000 0.000000 0.000000
0.339020 0.017197 0.308498
-0.631591 -0.022170 0.254168
0.000000 0.000000 0.000000
-0.045057 0.016414 0.361396
0.000000 0.000000 0.000000
0.000000 0.000000 0.000000
0.000000 0.000000 0.000000
0.000000 0.000000 0.000000
-0.269068 0.190137 0.293959
0.000000 0.000000 0.000000
0.262073 -0.008108 0.301321
0.132641 -0.017012 0.307972
0.000000 0.000000 0.000000
0.000000 0.000000 0.000000
0.000000 0.000000 0.000000
0.000000 0.000000 0.000000
-0.309464 0.135670 0.356183
-0.740323 0.110243 0.074809
0.000000 0.000000 0.000000
0.000000 0.000000 0.000000
-0.820106 -0.174242 0.243250
0.000000 0.000000 0.000000
0.000000 0.000000 0.000000
0.049074 0.134128 0.208075
-0.428555 0.172019 0.132646
-0.621641 0.111740 0.287243
0.000000 0.000000 0.000000
0.000000 0.000000 0.000000
-0.945362 -0.156358 0.148579
-0.670294 -0.094330 0.303504
-0.128143 -0.107931 0.269735
0.346555 0.283711 0.202375
0.000000 0.000000 0.000000
0.000000 0.000000 0.000000
-0.770922 -0.032022 0.230564
-0.678683 -0.179213 0.324592
0.014716 0.096174 0.298578
0.000000 0.000000 0.000000
0.000000 0.000000 0.000000
0.000000 0.000000 0.000000
0.000000 0.000000 0.000000
-0.412384 0.144791 0.304189
0.000000 0.000000 0.000000
-0.714458 -0.087388 0.251604
0.000000 0.000000 0.000000
0.000000 0.000000 0.000000
0.000000 0.000000 0.000000
-0.611485 -0.199408 0.320487
0.000000 0.000000 0.000000
0.000000 0.000000 0.000000
-0.170731 0.128341 0.322719
0.000000 0.000000 0.000000
0.000000 0.000000 0.000000
0.000000 0.000000 0.000000
0.000000 0.000000 0.000000
0.000000 0.000000 0.000000
0.112861 0.059742 0.357992
-0.792262 -0.137104 0.338174
0.000000 0.000000 0.000000
0.000000 0.000000 0.000000
0.000000 0.000000 0.000000
0.000000 0.000000 0.000000
0.000000 0.000000 0.000000
-0.688459 -0.015510 0.185676
0.000000 0.000000 0.000000
0.000000 0.000000 0.000000
0.000000 0.000000 0.000000
0.000000 0.000000 0.000000
0.000000 0.000000 0.000000
0.000000 0.000000 0.000000
0.000000 0.000000 0.000000
-0.693073 0.008836 0.361679
0.000000 0.000000 0.000000
0.000000 0.000000 0.000000
0.000000 0.000000 0.000000
-0.730634 0.039836 0.346031
-0.383981 -0.162609 0.272874
0.000000 0.000000 0.000000
0.000000 0.000000 0.000000
0.000000 0.000000 0.000000
0.000000 0.000000 0.000000
0.000000 0.000000 0.000000
0.000000 0.000000 0.000000
0.000000 0.000000 0.000000
-0.530948 -0.009436 0.185676
0.000000 0.000000 0.000000
0.000000 0.000000 0.000000
0.000000 0.000000 0.000000
0.331340 0.010393 0.251447
0.000000 0.000000 0.000000
0.000000 0.000000 0.000000
-0.091639 -0.059510 0.318606
0.000000 0.000000 0.000000
0.000000 0.000000 0.000000
0.000000 0.000000 0.000000
0.000000 0.000000 0.000000
0.000000 0.000000 0.000000
0.000000 0.000000 0.000000
0.000000 0.000000 0.000000
0.000000 0.000000 0.000000
0.000000 0.000000 0.000000
0.000000 0.000000 0.000000
0.000000 0.000000 0.000000
0.000000 0.000000 0.000000
0.000000 0.000000 0.000000
0.000000 0.000000 0.000000
0.000000 0.000000 0.000000
0.000000 0.000000 0.000000
0.002127 0.293549 0.191507
0.111931 0.315058 0.145583
-0.835354 0.037390 0.266874
0.000000 0.000000 0.000000
0.000000 0.000000 0.000000
0.000000 0.000000 0.000000
0.341871 0.044495 0.352845
-0.526189 -0.150687 0.292568
-0.444409 0.130844 0.173446
0.000000 0.000000 0.000000
0.000000 0.000000 0.000000
0.088363 -0.165254 0.301670
-0.437353 0.128474 0.104269
0.000000 0.000000 0.000000
0.000000 0.000000 0.000000
0.000000 0.000000 0.000000
0.097851 0.262287 0.258150
-0.588863 -0.079162 0.320487
0.000000 0.000000 0.000000
0.000000 0.000000 0.000000
0.000000 0.000000 0.000000
-0.553812 -0.125284 0.185676
0.000000 0.000000 0.000000
0.297840 -0.051765 0.322120
0.000000 0.000000 0.000000
0.000000 0.000000 0.000000
0.000000 0.000000 0.000000
0.000000 0.000000 0.000000
0.000000 0.000000 0.000000
-0.310971 -0.088769 0.356724
0.000000 0.000000 0.000000
0.000000 0.000000 0.000000
-0.711945 0.033182 0.243407
-0.682073 -0.194222 0.261140
-0.560485 0.030644 0.341971
0.000000 0.000000 0.000000
0.000000 0.000000 0.000000
0.257629 0.303360 0.114020
0.000000 0.000000 0.000000
0.000000 0.000000 0.000000
0.000000 0.000000 0.000000
0.000000 0.000000 0.000000
0.000000 0.000000 0.000000
0.000000 0.000000 0.000000
0.000000 0.000000 0.000000
-0.316492 0.128136 0.318858
0.022054 0.028422 0.301961
-0.403582 -0.002071 0.358361
0.303807 0.044827 0.229688
0.000000 0.000000 0.000000
0.000000 0.000000 0.000000
-0.459212 -0.042191 0.271008
0.000000 0.000000 0.000000
0.000000 0.000000 0.000000
-0.070739 0.100061 0.300884
0.000000 0.000000 0.000000
0.000000 0.000000 0.000000
0.239076 -0.114155 0.245020
-0.490941 0.131274 0.223602
0.000000 0.000000 0.000000
0.000000 0.000000 0.000000
0.000000 0.000000 0.000000
0.005826 -0.030907 0.260170
0.000000 0.000000 0.000000
0.000000 0.000000 0.000000
0.000000 0.000000 0.000000
0.000000 0.000000 0.000000
0.000000 0.000000 0.000000
-0.258199 0.140035 0.314970
0.000000 0.000000 0.000000
0.000000 0.000000 0.000000
0.000000 0.000000 0.000000
0.000000 0.000000 0.000000
0.000000 0.000000 0.000000
0.033372 0.055058 0.188108
0.000000 0.000000 0.000000
-0.859057 0.075535 0.134418
0.000000 0.000000 0.000000
-0.012206 0.061924 0.242775
0.000000 0.000000 0.000000
0.000000 0.000000 0.000000
0.000000 0.000000 0.000000
-0.655403 -0.222770 0.357165
-0.166562 -0.105543 0.225031
