0.288943 -0.001622 -0.137630
0.029954 0.035486 0.748535
0.238460 -0.031336 0.056505
0.000000 0.000000 0.000000
0.101753 -0.049038 0.049230
0.000000 0.000000 0.000000
0.931210 0.146099 0.324914
0.614844 0.043042 0.078145
-0.070463 0.044700 0.372348
0.289836 0.054168 0.779284
0.000000 0.000000 0.000000
0.078234 -0.020062 0.304187
-0.076455 0.008849 0.099890
0.000000 0.000000 0.000000
0.081326 0.027863 -0.159690
0.242321 -0.145017 -0.267754
0.011584 -0.037577 0.568733
-0.111348 -0.128405 -0.047875
0.157278 -0.134618 0.016546
0.000000 0.000000 0.000000
0.760660 0.087862 0.255048
0.444158 0.024980 0.018553
0.000000 0.000000 0.000000
0.248487 -0.077016 -0.153365
0.189473 -0.047563 -0.174252
0.000000 0.000000 0.000000
0.056732 -0.031329 -0.124163
0.154237 0.034832 0.638041
0.266067 -0.000370 -0.091405
-0.061492 -0.072716 -0.019120
-0.006701 0.085718 0.477541
0.011117 0.090628 0.167927
0.016881 0.055375 0.723739
0.000000 0.000000 0.000000
-0.044764 -0.064141 0.231788
0.000000 0.000000 0.000000
0.141458 -0.019341 -0.121710
0.057940 0.071404 0.040482
0.065004 0.064662 0.382155
0.094458 -0.072520 -0.023531
0.000000 0.000000 0.000000
-0.045683 0.062601 0.593543
-0.016132 -0.067143 0.417218
0.000000 0.000000 0.000000
0.253039 -0.051822 -0.274889
0.072106 -0.037234 0.163008
0.000000 0.000000 0.000000
0.000000 0.000000 0.000000
-0.030273 -0.037187 -0.101994
0.000000 0.000000 0.000000
0.690014 0.071867 0.205532
0.487557 0.019263 0.134838
0.080724 -0.008166 0.174938
0.007516 -0.081046 0.109802
0.051639 0.057884 0.614714
-0.057761 0.066261 0.245428
-0.017680 -0.014618 0.657876
0.000000 0.000000 0.000000
0.166972 0.042581 0.761203
0.342403 -0.013261 0.077031
0.590967 0.042915 0.187103
-0.085237 0.033346 0.747478
0.000000 0.000000 0.000000
0.245748 -0.130690 -0.088744
0.356211 0.007216 -0.007736
0.402563 -0.000140 -0.086056
-0.058884 0.060569 0.471815
0.073589 0.000560 0.486280
0.000000 0.000000 0.000000
0.000000 0.000000 0.000000
0.081899 -0.009482 0.003827
0.306049 -0.102541 -0.207894
0.058246 0.071173 0.272720
-0.003052 0.133527 0.684929
0.526332 0.041196 0.020288
0.008164 -0.080994 -0.051373
0.000000 0.000000 0.000000
0.196737 -0.042342 -0.069869
-0.076671 0.010799 -0.106584
-0.014107 -0.077525 0.331280
0.740181 0.082748 0.142744
0.863861 0.116601 0.249795
0.065854 0.026430 0.711333
0.045860 0.045064 0.680978
-0.075161 -0.003046 0.031922
0.222172 0.045388 0.690550
0.000000 0.000000 0.000000
-0.059412 -0.019022 0.492522
0.204922 -0.128965 -0.180276
0.000000 0.000000 0.000000
0.000000 0.000000 0.000000
0.125149 -0.014152 -0.174554
-0.002386 0.052202 0.747613
0.000000 0.000000 0.000000
0.237257 -0.111899 -0.230567
0.066946 0.062217 -0.080426
-0.076608 -0.047629 -0.169137
0.056032 -0.052313 0.396912
0.039244 0.079893 0.475394
0.418410 0.000910 0.117877
-0.074592 0.030664 0.304939
0.000000 0.000000 0.000000
0.163799 -0.144112 -0.067848
0.000000 0.000000 0.000000
0.201932 -0.043207 -0.105247
0.221643 -0.017681 -0.201630
0.041575 0.021108 0.552180
-0.117575 -0.159281 -0.008900
0.002964 0.132880 0.762641
-0.003553 0.090750 0.328648
0.062952 -0.075014 -0.189734
0.013974 0.107106 0.545617
0.176192 -0.031031 -0.000223
0.000000 0.000000 0.000000
0.283886 -0.080528 -0.085079
0.081669 0.007921 0.393616
0.082434 0.017828 0.087797
0.000000 0.000000 0.000000
0.012445 0.090529 -0.120343
0.104276 -0.052686 -0.068543
0.000000 0.000000 0.000000
-0.075893 0.003763 0.208045
0.000000 0.000000 0.000000
0.288020 -0.026671 -0.018848
0.024151 -0.005400 0.689067
0.690469 0.074286 0.113242
0.040777 -0.070935 0.236877
-0.017703 -0.080080 0.042736
0.000000 0.000000 0.000000
0.006974 -0.054174 0.491667
0.296075 -0.110964 -0.268812
-0.071851 -0.021956 0.152212
-0.139290 -0.061824 -0.032361
0.000000 0.000000 0.000000
-0.062216 -0.042375 0.354237
-0.037159 -0.058956 -0.036472
0.400483 0.017736 -0.006953
0.815172 0.102586 0.194511
0.009196 0.090773 0.081083
0.238772 -0.149643 -0.181975
0.000000 0.000000 0.000000
-0.100207 -0.033745 -0.052015
-0.098892 -0.047809 0.051765
0.000000 0.000000 0.000000
-0.071039 0.031157 0.623273
0.025840 -0.077731 0.155169
-0.006507 0.107363 0.622294
0.218689 -0.005431 -0.125427
0.000000 0.000000 0.000000
0.000000 0.000000 0.000000
0.324650 -0.024239 -0.087207
0.197057 -0.106073 -0.265514
-0.015264 0.087561 0.409812
0.058058 -0.056163 -0.008059
0.180406 -0.046737 -0.200432
-0.038510 0.019178 0.545255
0.000000 0.000000 0.000000
-0.049611 -0.070833 0.106532
0.000000 0.000000 0.000000
0.207743 0.043911 0.753404
0.481903 0.027893 0.071491
0.079664 -0.013609 0.234584
0.000000 0.000000 0.000000
-0.037343 0.050981 0.678195
0.051817 -0.005242 0.619590
0.123782 -0.053126 -0.141271
0.028635 -0.057881 0.056496
-0.026945 -0.079645 -0.164508
0.000000 0.000000 0.000000
0.000000 0.000000 0.000000
0.000000 0.000000 0.000000
0.544353 0.026585 0.084196
0.000000 0.000000 0.000000
0.018424 0.089675 -0.011059
0.064208 0.065662 0.135351
0.064228 0.065638 0.199968
0.000000 0.000000 0.000000
-0.021295 0.011698 0.749189
-0.049699 -0.012331 0.576145
0.280023 -0.117384 -0.136714
-0.078776 0.033703 0.651964
-0.156034 -0.139708 0.017784
0.074902 -0.064833 0.076360
0.145410 0.033245 0.705666
0.000000 0.000000 0.000000
0.000000 0.000000 0.000000
0.000000 0.000000 0.000000
0.000000 0.000000 0.000000
0.037834 -0.072749 0.295195
-0.019896 -0.079960 -0.097340
-0.015171 0.082555 0.529550
-0.069825 -0.011772 0.421669
0.400824 0.008161 0.049902
-0.067129 -0.034994 0.284280
0.063120 0.059488 0.546549
-0.155192 -0.160979 -0.049134
0.032239 -0.079596 -0.127579
0.203633 -0.093294 -0.112939
-0.109285 -0.055008 -0.163817
0.000000 0.000000 0.000000
0.281336 -0.050916 -0.206915
0.000000 0.000000 0.000000
-0.076688 0.012301 -0.037056
0.458356 0.015323 -0.051768
0.643054 0.052432 0.150790
0.048474 0.078009 0.315372
0.246925 -0.010984 -0.055964
0.295530 -0.023374 0.024063
-0.053162 0.070501 0.181406
0.718132 0.073785 0.198644
-0.036733 -0.069748 0.168171
0.137660 -0.061603 -0.032063
0.817244 0.103118 0.276558
0.055223 -0.026691 0.524075
0.091104 0.023100 0.646835
0.193529 -0.084112 -0.229704
0.081560 -0.006054 -0.063235
0.079845 0.033100 0.282946
0.008141 0.087199 0.676192
0.024228 -0.060168 -0.006503
0.000000 0.000000 0.000000
-0.065828 0.038049 0.535603
-0.127380 -0.046987 -0.002847
0.013278 0.142796 0.586846
-0.001471 0.034741 0.798007
0.013566 -0.080559 0.209544
0.123727 -0.055161 -0.189357
0.646124 0.056354 0.201833
0.012696 0.090510 0.227654
0.000000 0.000000 0.000000
0.000000 0.000000 0.000000
0.049165 -0.040122 -0.064194
0.000000 0.000000 0.000000
0.000000 0.000000 0.000000
0.065515 -0.073709 -0.106815
0.000000 0.000000 0.000000
0.122516 -0.143340 -0.020055
0.000000 0.000000 0.000000
0.268232 -0.078198 -0.231637
0.365960 0.001472 0.039221
0.338698 0.011807 -0.062578
0.000000 0.000000 0.000000
-0.057564 0.065024 0.411751
0.238994 -0.019465 -0.017386
0.000000 0.000000 0.000000
0.000000 0.000000 0.000000
0.298473 -0.088985 -0.151059
0.342131 -0.003984 -0.128170
-0.027522 0.014889 0.621551
0.000000 0.000000 0.000000
0.000000 0.000000 0.000000
0.579752 0.051068 0.046607
-0.009027 0.104271 0.564770
-0.076608 -0.043367 -0.118032
-0.013067 0.089533 0.202074
0.271190 0.050348 0.725075
0.243638 -0.051678 -0.144655
-0.015681 0.088930 0.377014
0.000000 0.000000 0.000000
0.070961 0.052374 0.439796
0.342534 -0.019541 -0.051207
0.012443 0.164519 0.643308
0.555120 0.032278 0.143160
0.225926 -0.075991 -0.086583
0.000000 0.000000 0.000000
0.000000 0.000000 0.000000
0.000000 0.000000 0.000000
0.082228 0.022879 0.125797
-0.052034 -0.058006 -0.060931
0.237536 -0.102531 -0.158028
-0.157448 -0.127104 -0.011185
0.081782 0.003026 -0.107903
-0.054056 -0.049640 0.022557
0.037287 -0.070998 0.355386
0.331083 -0.001014 0.004253
0.000000 0.000000 0.000000
0.124038 -0.047747 0.006669
-0.074183 -0.011391 0.250890
-0.117820 -0.104779 -0.025149
0.016828 0.090043 0.266291
0.905327 0.133945 0.278512
0.000000 0.000000 0.000000
0.059937 -0.006059 0.578217
0.539129 0.023272 0.048181
-0.019743 -0.057624 0.461689
0.257232 -0.096217 -0.053864
0.000000 0.000000 0.000000
0.000000 0.000000 0.000000
0.000000 0.000000 0.000000
0.265381 -0.026975 -0.174203
-0.083369 0.029907 0.701442
0.286365 -0.138587 -0.170133
0.000000 0.000000 0.000000
0.000000 0.000000 0.000000
0.207762 -0.074277 -0.165230
0.007186 0.153130 0.715979
0.003004 0.080485 0.740389
0.076881 0.043181 0.044531
0.063228 -0.065619 0.118407
0.000000 0.000000 0.000000
-0.072801 -0.016835 0.077801
-0.014246 -0.004357 0.699217
0.277369 -0.033013 -0.113832
0.000000 0.000000 0.000000
0.041738 0.077640 0.522995
0.106720 0.035744 0.743038
0.153353 -0.047641 -0.085443
0.031873 -0.079627 -0.223707
0.029414 0.017195 0.656026
-0.052314 0.071143 0.296661
0.178108 -0.039479 0.051940
0.011840 -0.029610 0.604266
0.071376 -0.024141 -0.163176
-0.022074 0.087454 0.033761
0.262554 -0.138266 -0.236919
0.770484 0.085926 0.194972
0.000000 0.000000 0.000000
0.498295 0.013752 0.001281
0.002708 0.074766 0.616690
-0.048525 -0.056658 0.381293
0.028528 -0.061103 0.442535
-0.068166 -0.032651 0.199179
0.000000 0.000000 0.000000
-0.023719 0.086862 0.129729
0.000000 0.000000 0.000000
0.608612 0.058403 0.119116
0.000000 0.000000 0.000000
0.184568 -0.011585 -0.179805
0.083841 0.031106 0.618028
0.058574 -0.056257 0.322529
0.000000 0.000000 0.000000
0.239919 -0.036788 -0.070097
0.000000 0.000000 0.000000
-0.060133 -0.024989 -0.162468
0.275653 -0.123242 -0.085592
0.000000 0.000000 0.000000
0.061900 0.068405 -0.007620
0.343767 0.007955 -0.092544
-0.129371 -0.045918 0.023709
0.074807 -0.029646 0.356683
0.235935 -0.146850 -0.138340
0.228603 -0.046047 -0.216508
-0.047723 -0.077245 -0.138710
0.200861 -0.126691 -0.208279
0.065886 -0.072594 0.031866
0.000000 0.000000 0.000000
0.000000 0.000000 0.000000
-0.075809 0.003007 0.346298
0.199040 0.038947 0.706306
0.000000 0.000000 0.000000
0.026339 0.087848 0.366307
0.077990 0.039409 0.238460
0.078046 0.039217 0.341964
0.071044 -0.020961 0.445400
0.000000 0.000000 0.000000
0.000000 0.000000 0.000000
-0.007296 -0.080584 0.253815
0.440929 0.015786 0.067054
0.071624 0.045192 0.499098
0.052074 -0.077589 -0.044207
0.712424 0.068968 0.149036
0.064793 0.064927 0.084883
0.213920 -0.028676 0.017145
0.164374 -0.027877 -0.035555
0.028995 0.087136 -0.096575
-0.077297 0.023622 0.592678
0.100826 -0.058376 -0.208090
-0.072477 0.019203 0.456281
0.000000 0.000000 0.000000
-0.062088 -0.037735 -0.061483
0.113772 0.037079 0.672859
0.078582 -0.022886 0.066850
0.022787 0.088668 -0.051261
0.004986 -0.081410 -0.191812
0.000000 0.000000 0.000000
0.297163 -0.000662 -0.045746
0.000000 0.000000 0.000000
0.003582 0.182599 0.775198
0.126642 -0.103436 -0.024020
0.066858 -0.073024 -0.139793
0.022056 -0.069767 0.404170
0.255008 0.050124 0.770404
0.276778 -0.061258 -0.131032
0.000000 0.000000 0.000000
0.209818 -0.059915 -0.264165
0.079391 0.034645 -0.011985
0.005503 -0.047055 0.528082
0.000000 0.000000 0.000000
0.250777 -0.038484 -0.235638
0.000000 0.000000 0.000000
-0.023576 0.028221 0.667145
0.000000 0.000000 0.000000
0.320839 -0.022178 -0.034215
0.047231 -0.039481 0.499153
-0.074373 0.031409 0.170185
0.000000 0.000000 0.000000
0.073112 0.052401 -0.124504
-0.040379 -0.066765 0.325460
0.650341 0.066618 0.091886
-0.006600 -0.080640 -0.002100
0.000000 0.000000 0.000000
0.000000 0.000000 0.000000
0.000000 0.000000 0.000000
0.258508 -0.058075 -0.104886
0.124195 -0.124724 -0.055683
-0.027554 0.064687 0.637864
0.838535 0.106351 0.235964
0.459592 0.008360 0.097566
0.385334 0.016732 -0.047455
-0.085496 -0.040558 -0.014752
0.082575 -0.038672 -0.107673
0.079366 0.024473 0.435403
0.000000 0.000000 0.000000
0.000000 0.000000 0.000000
-0.063494 -0.071711 -0.100250
-0.039335 -0.014003 0.616476
-0.007091 0.154657 0.599191
0.067396 -0.045015 0.272358
-0.048983 -0.026216 0.528134
0.065652 0.044808 0.576218
0.194913 -0.080635 -0.201233
0.000000 0.000000 0.000000
0.024028 0.085750 0.438623
0.202427 -0.040057 -0.031977
-0.027019 -0.077342 0.082499
0.285375 -0.053097 -0.156280
-0.018599 -0.080018 -0.062820
-0.111832 0.037483 0.672114
-0.067859 0.051065 0.204536
0.082239 -0.054732 -0.051057
0.000000 0.000000 0.000000
-0.019403 0.088071 0.246898
0.000000 0.000000 0.000000
0.000000 0.000000 0.000000
0.078770 -0.017658 0.124450
0.000000 0.000000 0.000000
0.510441 0.020104 0.101881
0.000000 0.000000 0.000000
0.528150 0.026504 0.148848
0.282303 -0.074704 -0.265213
-0.053507 -0.054183 0.053427
0.405305 -0.009540 -0.043833
0.749218 0.093950 0.179716
0.029329 -0.062433 -0.090753
0.000000 0.000000 0.000000
0.030029 -0.016381 0.639932
0.075315 -0.067537 -0.228630
0.000000 0.000000 0.000000
-0.032718 -0.030826 -0.150317
0.000000 0.000000 0.000000
0.184328 0.041022 0.666811
0.209071 -0.112534 -0.149204
0.186406 -0.022060 -0.227630
0.258414 -0.054177 -0.050382
-0.014702 0.023175 0.715895
0.020826 0.089120 0.127118
0.082578 -0.044325 0.003874
-0.111602 -0.051700 -0.085416
0.042158 0.080868 0.411162
0.045761 -0.062775 -0.158459
0.021895 0.078891 0.570807
0.287087 -0.138793 -0.210293
0.260146 -0.145356 -0.124216
0.212803 -0.121732 -0.108933
0.568882 0.033796 0.115454
0.022721 0.021137 0.771529
0.167690 0.038106 0.734821
-0.076290 -0.014969 -0.078076
0.156550 -0.024785 -0.067842
-0.043138 -0.077449 0.026184
0.138722 -0.044859 0.038321
0.079874 0.033002 0.179900
0.000000 0.000000 0.000000
0.000000 0.000000 0.000000
0.011105 0.100452 0.502586
0.302493 -0.086726 -0.180909
-0.050150 -0.044897 0.434135
-0.075009 0.022616 0.407048
-0.006175 -0.077454 0.359438
0.013869 0.103382 0.593728
0.000000 0.000000 0.000000
-0.044752 -0.064151 0.283074
0.043154 0.015315 0.588751
0.176737 -0.010926 -0.136998
0.000000 0.000000 0.000000
0.054361 0.074114 -0.046344
-0.001980 0.129328 0.532012
0.082633 -0.033105 -0.081679
-0.005689 0.165147 0.660922
0.008017 0.090861 0.041209
-0.076055 0.025167 0.268173
0.000000 0.000000 0.000000
0.245963 -0.006656 -0.155176
0.062584 -0.051874 0.197002
0.227389 -0.053209 -0.133675
0.204402 -0.014611 -0.083889
0.334247 -0.016839 0.031201
0.000000 0.000000 0.000000
0.054175 0.074255 -0.121977
-0.022668 0.052739 0.716004
0.000000 0.000000 0.000000
-0.119165 -0.154647 -0.063569
0.000000 0.000000 0.000000
0.156308 -0.050503 -0.160719
0.675494 0.061595 0.170455
0.003675 -0.081357 0.287107
-0.063265 0.003505 0.549697
0.025645 0.027578 0.686868
0.005861 0.111255 0.715897
0.236219 -0.038939 -0.102306
0.000000 0.000000 0.000000
0.082559 -0.049980 -0.162474
0.023658 -0.080081 0.019729
0.000000 0.000000 0.000000
-0.004482 0.109854 0.653076
-0.063191 0.032457 0.675039
0.215460 -0.041354 -0.183956
0.178326 -0.047355 -0.141340
-0.057142 0.060979 0.509465
-0.060270 0.063105 0.333926
0.158015 -0.156663 -0.012999
0.097133 0.033731 0.704129
-0.131785 -0.095865 -0.042238
0.003280 0.156255 0.553050
-0.048783 0.067643 0.555231
0.000000 0.000000 0.000000
0.037219 0.009805 0.714656
0.278397 -0.029953 -0.054577
0.122251 -0.144344 0.017966
0.007835 0.190532 0.725869
-0.029907 0.084425 0.164926
0.013736 0.002157 0.740532
0.247810 -0.079110 -0.074196
0.000000 0.000000 0.000000
0.381160 -0.011735 -0.017749
0.307439 -0.019488 0.064219
0.000000 0.000000 0.000000
-0.070140 -0.027687 0.320886
0.390116 -0.004842 0.092946
0.156919 -0.047918 -0.228214
0.000000 0.000000 0.000000
0.221972 -0.146552 -0.236275
-0.021779 -0.064034 -0.131188
0.239846 0.045564 0.737774
0.000000 0.000000 0.000000
0.577930 0.033671 0.080979
0.059929 -0.052070 0.041436
-0.118405 0.035380 0.637065
0.012063 0.202907 0.660704
0.000000 0.000000 0.000000
-0.075539 -0.034797 0.022318
0.000000 0.000000 0.000000
-0.055517 -0.061308 -0.169815
0.000000 0.000000 0.000000
0.000000 0.000000 0.000000
-0.121238 -0.127728 0.010473
0.021962 0.062328 0.679408
0.100959 -0.054356 -0.105774
0.294090 -0.091557 -0.118518
0.416398 -0.004201 0.021225
0.017322 -0.078742 0.321959
0.315059 -0.018766 -0.139002
0.000000 0.000000 0.000000
0.000000 0.000000 0.000000
0.000000 0.000000 0.000000
0.043983 0.080582 0.069247
0.072340 0.004461 0.515739
0.001551 0.091136 0.291304
0.301575 -0.076675 -0.230332
-0.020629 0.087788 -0.014285
0.048917 0.029573 0.631045
-0.160766 -0.153316 -0.009383
0.069765 -0.045613 -0.032672
-0.029146 -0.035724 0.557620
0.000000 0.000000 0.000000
0.103996 -0.023690 -0.132078
0.000000 0.000000 0.000000
0.675930 0.075666 0.147938
0.000000 0.000000 0.000000
-0.074951 -0.005690 0.288091
0.152538 0.032118 0.678939
0.073978 -0.068512 -0.073986
0.062153 -0.028599 0.470893
0.257447 -0.046312 -0.025707
-0.040459 0.015864 0.587817
0.129360 -0.049311 -0.057770
0.555326 0.050395 0.068015
0.425183 0.021121 -0.033191
0.000000 0.000000 0.000000
0.000000 0.000000 0.000000
0.081585 0.001246 0.350078
-0.006906 0.150596 0.629540
0.000000 0.000000 0.000000
0.000000 0.000000 0.000000
0.233809 -0.059024 -0.242097
-0.068533 -0.038332 0.120984
0.007031 -0.081109 -0.103650
0.283848 -0.110109 -0.232207
-0.049271 0.030290 0.716983
0.123306 0.031927 0.621082
-0.001165 -0.081081 0.181418
0.009786 -0.080863 0.074547
0.010730 0.088855 0.640358
0.441020 0.001535 0.044764
0.081673 0.026526 -0.076496
-0.044865 0.004162 0.651298
0.077201 -0.036755 0.096120
-0.075045 -0.004509 0.174942
-0.071322 -0.019429 0.389008
0.786823 0.094648 0.175929
0.796257 0.103372 0.221283
0.466409 0.004246 -0.009533
-0.020431 -0.077591 0.203535
-0.068095 0.011614 0.513389
0.048401 0.078050 0.240067
0.005749 0.078660 0.703840
0.139794 -0.123803 -0.009434
-0.039185 0.078592 0.431336
0.220213 -0.017131 -0.053379
0.000000 0.000000 0.000000
-0.085526 -0.054228 -0.067909
0.154006 -0.013647 -0.193304
0.000000 0.000000 0.000000
0.221367 -0.081688 -0.137103
0.372347 -0.000759 -0.109409
0.051804 0.042121 0.660355
0.210658 -0.134483 -0.262063
0.000000 0.000000 0.000000
0.031161 -0.079632 -0.174334
0.055609 -0.047602 0.422926
0.082578 -0.046987 -0.195848
0.252091 -0.043194 -0.184726
0.031927 -0.060461 -0.042140
0.000000 0.000000 0.000000
0.075095 0.045309 0.408715
0.000000 0.000000 0.000000
-0.088793 -0.072477 -0.025810
0.049017 0.001758 0.653233
0.032290 -0.042052 0.533695
-0.045669 -0.065462 0.138695
0.259664 -0.151444 -0.209530
0.885418 0.129101 0.305165
0.007855 0.107335 0.688272
0.000000 0.000000 0.000000
0.058949 -0.054145 0.365269
0.082626 0.013087 -0.033834
0.000000 0.000000 0.000000
-0.136127 -0.139579 -0.029267
0.000000 0.000000 0.000000
0.300303 -0.121465 -0.149750
0.244625 -0.032283 0.011740
0.000000 0.000000 0.000000
0.000000 0.000000 0.000000
0.619868 0.048230 0.171257
0.273297 -0.014657 0.001389
0.000000 0.000000 0.000000
-0.076126 0.024893 0.048441
-0.044151 0.077065 0.359591
-0.076664 0.010733 0.369003
0.227291 -0.081133 -0.230218
0.730654 0.079742 0.243310
-0.065933 -0.067604 0.074189
0.000000 0.000000 0.000000
0.073024 0.033202 0.531748
0.000000 0.000000 0.000000
0.000000 0.000000 0.000000
0.050438 0.076883 0.110446
0.000000 0.000000 0.000000
0.000000 0.000000 0.000000
0.082080 0.005723 0.265406
-0.046914 -0.077382 -0.073397
0.134837 -0.034025 -0.019170
0.000000 0.000000 0.000000
0.000000 0.000000 0.000000
0.261497 -0.023324 0.034866
0.000000 0.000000 0.000000
0.000000 0.000000 0.000000
0.047401 0.068064 0.574061
-0.024466 -0.058819 0.012093
0.060544 0.069433 0.350394
0.274108 0.055446 0.758965
0.000000 0.000000 0.000000
-0.114271 0.034060 0.734237
0.031343 0.086211 0.183427
0.039830 -0.051475 0.017200
0.135940 0.039677 0.733491
0.000000 0.000000 0.000000
0.153162 -0.049208 -0.122130
-0.041960 -0.042750 0.479912
-0.043254 0.077578 0.219213
0.510323 0.018346 0.069999
0.000000 0.000000 0.000000
0.229315 -0.047129 -0.168886
0.000000 0.000000 0.000000
0.080239 0.031761 0.015780
0.503889 0.014688 0.032620
0.893203 0.130805 0.253644
-0.008090 0.117969 0.592968
0.005359 0.159129 0.742290
-0.060721 -0.025077 0.454959
0.003525 0.091199 -0.081293
0.212213 -0.024741 -0.010258
0.046033 -0.067696 0.178698
0.196680 -0.117075 -0.237895
-0.003066 0.171147 0.702084
-0.048127 -0.061233 0.200649
0.080925 -0.040241 0.033352
-0.101433 -0.049475 0.015398
0.720601 0.086265 0.173357
0.000000 0.000000 0.000000
0.000000 0.000000 0.000000
0.225840 0.042872 0.718018
0.000000 0.000000 0.000000
0.000000 0.000000 0.000000
0.125344 0.031176 0.705665
0.084140 0.034133 0.681157
0.081754 -0.007992 -0.137008
