0.050357 0.326361 0.230020
0.000000 0.000000 0.000000
-0.425033 0.799397 0.384878
0.000000 0.000000 0.000000
-0.437606 -0.053559 0.408284
0.000000 0.000000 0.000000
0.357815 0.717463 0.425109
0.000000 0.000000 0.000000
0.000000 0.000000 0.000000
0.000000 0.000000 0.000000
0.002236 0.483900 0.390512
0.000000 0.000000 0.000000
0.000000 0.000000 0.000000
0.000000 0.000000 0.000000
-0.065858 0.683278 0.230020
-0.409731 0.378210 0.236615
0.000000 0.000000 0.000000
0.000000 0.000000 0.000000
0.000000 0.000000 0.000000
-0.091905 0.136963 0.430538
0.000000 0.000000 0.000000
-0.203865 0.103892 0.126793
0.000000 0.000000 0.000000
0.000000 0.000000 0.000000
0.000000 0.000000 0.000000
0.273325 0.799397 0.253401
-0.079120 0.795955 0.392647
0.000000 0.000000 0.000000
-0.340348 0.343624 0.423611
0.000000 0.000000 0.000000
0.300500 0.365309 0.430561
-0.265471 0.261147 0.230020
0.000000 0.000000 0.000000
0.000000 0.000000 0.000000
0.000000 0.000000 0.000000
0.000000 0.000000 0.000000
-0.227526 0.611031 0.430586
0.000000 0.000000 0.000000
0.000000 0.000000 0.000000
0.000000 0.000000 0.000000
0.000000 0.000000 0.000000
0.000000 0.000000 0.000000
-0.349454 -0.203269 0.270461
-0.309255 0.663590 0.230020
0.169394 0.605808 0.398148
0.000000 0.000000 0.000000
0.083760 0.265066 0.430551
0.000000 0.000000 0.000000
0.000000 0.000000 0.000000
0.000000 0.000000 0.000000
-0.183289 -0.127800 0.400172
0.000000 0.000000 0.000000
-0.423026 0.199417 0.418354
0.000000 0.000000 0.000000
0.000000 0.000000 0.000000
0.187218 0.563328 0.230020
-0.368961 0.052269 0.230020
0.000000 0.000000 0.000000
0.000000 0.000000 0.000000
-0.127868 0.321751 0.395341
0.000000 0.000000 0.000000
0.000000 0.000000 0.000000
-0.121308 0.478879 0.230020
-0.466242 0.554191 0.372163
0.000000 0.000000 0.000000
-0.315137 0.101570 -0.070112
0.000000 0.000000 0.000000
0.138282 0.799397 0.412957
0.490384 0.775746 0.367545
0.144544 0.628399 0.230020
0.000000 0.000000 0.000000
0.000000 0.000000 0.000000
0.000000 0.000000 0.000000
0.067071 0.050468 0.430529
0.000000 0.000000 0.000000
0.000000 0.000000 0.000000
0.000000 0.000000 0.000000
0.000000 0.000000 0.000000
0.000000 0.000000 0.000000
0.000000 0.000000 0.000000
0.000000 0.000000 0.000000
0.000000 0.000000 0.000000
-0.274341 0.066309 0.430531
0.000000 0.000000 0.000000
0.000000 0.000000 0.000000
0.000000 0.000000 0.000000
0.068553 0.799397 0.313049
0.000000 0.000000 0.000000
0.000000 0.000000 0.000000
-0.267475 0.799397 0.423880
-0.102561 0.005716 0.393811
0.000000 0.000000 0.000000
-0.088102 0.616497 0.393102
0.361997 0.799397 0.363485
0.000000 0.000000 0.000000
-0.305488 0.799397 0.273482
0.000000 0.000000 0.000000
-0.389535 -0.188910 0.428754
0.190158 0.195532 0.430544
-0.187701 0.799397 0.301101
0.000000 0.000000 0.000000
0.000000 0.000000 0.000000
-0.314345 0.165871 0.430541
-0.192512 -0.020370 0.230020
-0.243964 0.393863 0.407548
0.000000 0.000000 0.000000
-0.363907 0.799397 0.258668
0.000000 0.000000 0.000000
0.000000 0.000000 0.000000
-0.429756 -0.073774 0.246237
0.000000 0.000000 0.000000
0.484899 0.652142 0.340507
0.000000 0.000000 0.000000
0.221344 0.455829 0.403544
0.000000 0.000000 0.000000
0.000000 0.000000 0.000000
-0.276154 0.431421 0.230020
0.000000 0.000000 0.000000
-0.005862 0.610809 0.230020
0.000000 0.000000 0.000000
0.000000 0.000000 0.000000
0.000000 0.000000 0.000000
-0.462630 0.368869 0.380615
0.000000 0.000000 0.000000
0.000000 0.000000 0.000000
-0.344566 0.213606 0.230020
0.000000 0.000000 0.000000
0.000000 0.000000 0.000000
0.000000 0.000000 0.000000
0.337043 0.543870 0.421045
-0.473718 0.693357 0.310640
0.248629 0.687401 0.406890
-0.336589 0.515246 0.230020
0.000000 0.000000 0.000000
0.000000 0.000000 0.000000
0.000000 0.000000 0.000000
0.000000 0.000000 0.000000
-0.475516 0.074339 0.324544
0.000000 0.000000 0.000000
0.000000 0.000000 0.000000
0.000000 0.000000 0.000000
-0.386645 0.649022 0.429128
0.000000 0.000000 0.000000
0.410059 0.799397 0.305669
0.000000 0.000000 0.000000
-0.293863 0.799397 0.364732
-0.075763 0.274018 0.230020
0.000000 0.000000 0.000000
0.000000 0.000000 0.000000
-0.342678 0.492147 0.424080
0.000000 0.000000 0.000000
0.000000 0.000000 0.000000
0.000000 0.000000 0.000000
-0.157439 0.518160 0.397964
0.000000 0.000000 0.000000
-0.473919 0.252358 0.312195
0.000000 0.000000 0.000000
0.000000 0.000000 0.000000
0.000000 0.000000 0.000000
0.048987 0.203484 0.430545
0.000000 0.000000 0.000000
0.000000 0.000000 0.000000
0.000000 0.000000 0.000000
-0.315389 0.031467 0.075053
0.000000 0.000000 0.000000
0.268365 0.621355 0.191501
0.000000 0.000000 0.000000
0.023389 0.613517 0.390790
0.000000 0.000000 0.000000
0.000000 0.000000 0.000000
0.000000 0.000000 0.000000
0.000000 0.000000 0.000000
0.000000 0.000000 0.000000
0.000000 0.000000 0.000000
0.008424 -0.032511 0.430521
-0.269987 -0.110971 0.182290
-0.239823 0.136859 0.230020
0.000000 0.000000 0.000000
-0.099208 0.250405 0.430550
-0.131566 0.683473 0.395704
0.000000 0.000000 0.000000
0.000000 0.000000 0.000000
-0.475214 -0.178186 0.322204
0.000000 0.000000 0.000000
-0.184661 0.653193 0.230020
0.073613 0.485174 0.230020
0.104815 0.450517 0.430569
-0.300265 -0.052564 0.430518
0.000000 0.000000 0.000000
0.000000 0.000000 0.000000
-0.117303 0.799397 0.293162
0.318766 0.799397 0.401210
0.000000 0.000000 0.000000
-0.452809 0.481689 0.267063
0.000000 0.000000 0.000000
0.142748 0.747310 0.230020
0.154414 0.364870 0.396805
-0.004639 0.337706 0.390633
-0.086763 0.448659 0.393014
0.000000 0.000000 0.000000
0.000000 0.000000 0.000000
0.005791 0.743867 0.430599
0.228084 0.759289 0.366424
0.000000 0.000000 0.000000
-0.440217 0.799397 0.280830
0.000000 0.000000 0.000000
0.000000 0.000000 0.000000
0.000000 0.000000 0.000000
0.000000 0.000000 0.000000
0.288324 0.799397 0.372968
0.000000 0.000000 0.000000
0.000000 0.000000 0.000000
0.000000 0.000000 0.000000
0.000000 0.000000 0.000000
-0.185720 -0.028459 0.430521
0.000000 0.000000 0.000000
0.362332 0.799397 0.249124
0.000000 0.000000 0.000000
0.000000 0.000000 0.000000
-0.286789 -0.203272 0.379369
-0.179428 0.075253 0.399854
0.264551 0.547450 0.409010
0.000000 0.000000 0.000000
0.000000 0.000000 0.000000
-0.177318 0.380220 0.230020
0.000000 0.000000 0.000000
0.000000 0.000000 0.000000
-0.106270 0.552799 0.230020
-0.415360 0.065864 0.421557
0.000000 0.000000 0.000000
-0.284128 -0.042841 0.106391
0.000000 0.000000 0.000000
0.000000 0.000000 0.000000
0.000000 0.000000 0.000000
-0.202557 0.184720 0.430543
0.000000 0.000000 0.000000
0.000000 0.000000 0.000000
0.000000 0.000000 0.000000
0.000000 0.000000 0.000000
-0.382403 0.799397 0.311087
0.000000 0.000000 0.000000
0.000000 0.000000 0.000000
-0.251393 0.699767 0.430595
0.000000 0.000000 0.000000
-0.471425 -0.017478 0.300764
-0.443746 0.586029 0.256934
-0.145294 0.399534 0.396883
0.000000 0.000000 0.000000
-0.249449 0.270048 0.430552
0.000000 0.000000 0.000000
0.094377 0.693807 0.430594
0.000000 0.000000 0.000000
-0.361588 0.031467 -0.005566
-0.022104 0.421577 0.230020
0.152017 0.799397 0.308296
0.000000 0.000000 0.000000
0.000000 0.000000 0.000000
-0.059566 0.371668 0.430562
0.000000 0.000000 0.000000
-0.076868 0.696885 0.392519
0.000000 0.000000 0.000000
-0.282209 0.042522 0.230020
0.000000 0.000000 0.000000
0.000000 0.000000 0.000000
0.000000 0.000000 0.000000
-0.392250 0.669770 0.232121
0.000000 0.000000 0.000000
-0.002994 0.759289 0.337371
0.000000 0.000000 0.000000
-0.184598 0.031467 0.175780
0.000000 0.000000 0.000000
-0.145180 0.192148 0.230020
-0.438944 0.162663 0.253263
-0.031298 0.799397 0.329627
0.000000 0.000000 0.000000
0.000000 0.000000 0.000000
0.426914 0.619492 0.420895
0.000000 0.000000 0.000000
0.117840 0.536447 0.394157
0.000000 0.000000 0.000000
0.205948 0.289223 0.401651
0.045604 0.710739 0.230020
0.000000 0.000000 0.000000
0.000000 0.000000 0.000000
0.023493 0.131266 0.430537
0.000000 0.000000 0.000000
-0.467443 0.430457 0.291235
0.000000 0.000000 0.000000
0.000000 0.000000 0.000000
0.000000 0.000000 0.000000
0.000000 0.000000 0.000000
0.000000 0.000000 0.000000
0.000000 0.000000 0.000000
0.000000 0.000000 0.000000
-0.279488 0.324815 0.230020
-0.074876 -0.063165 0.392398
-0.211529 -0.073790 0.230020
0.000000 0.000000 0.000000
0.000000 0.000000 0.000000
-0.226975 0.511738 0.230020
0.000000 0.000000 0.000000
0.000000 0.000000 0.000000
0.000000 0.000000 0.000000
-0.313874 -0.041325 0.230020
-0.195274 0.293148 0.430554
-0.032500 0.195705 0.391136
0.000000 0.000000 0.000000
-0.133456 0.600036 0.430584
0.000000 0.000000 0.000000
0.000000 0.000000 0.000000
0.002127 0.547571 0.390520
-0.013885 0.043760 0.390775
0.000000 0.000000 0.000000
-0.106636 0.165138 0.230020
-0.072169 0.535506 0.430578
0.000000 0.000000 0.000000
0.000000 0.000000 0.000000
0.000000 0.000000 0.000000
0.000000 0.000000 0.000000
0.000000 0.000000 0.000000
-0.360172 0.752903 0.427515
-0.191781 0.799397 0.419482
0.356714 0.451094 0.424868
-0.331371 -0.135166 0.230020
0.000000 0.000000 0.000000
0.121033 0.396229 0.230020
0.000000 0.000000 0.000000
-0.362913 0.799397 0.406936
-0.391468 0.587946 0.428503
0.000000 0.000000 0.000000
0.000000 0.000000 0.000000
-0.214269 0.742995 0.230020
0.000000 0.000000 0.000000
0.301596 0.759289 0.298620
0.000000 0.000000 0.000000
0.000000 0.000000 0.000000
-0.245044 0.516701 0.430576
0.000000 0.000000 0.000000
0.000000 0.000000 0.000000
0.000000 0.000000 0.000000
0.336506 0.583473 0.230020
0.000000 0.000000 0.000000
0.000000 0.000000 0.000000
0.475863 0.762185 0.264105
-0.327854 0.019970 0.421145
0.000000 0.000000 0.000000
0.000000 0.000000 0.000000
0.271322 0.532907 0.230020
0.013955 0.409676 0.430566
0.000000 0.000000 0.000000
0.000000 0.000000 0.000000
0.000000 0.000000 0.000000
0.000000 0.000000 0.000000
0.000000 0.000000 0.000000
0.000000 0.000000 0.000000
0.000000 0.000000 0.000000
-0.028056 0.281783 0.391062
-0.350188 0.306556 0.230020
0.006418 0.292164 0.430554
0.000000 0.000000 0.000000
-0.076457 0.079111 0.430532
0.000000 0.000000 0.000000
0.085898 0.574729 0.230020
0.000000 0.000000 0.000000
0.000000 0.000000 0.000000
-0.329306 0.131515 0.230020
0.000000 0.000000 0.000000
0.000000 0.000000 0.000000
0.166536 0.711628 0.397907
0.000000 0.000000 0.000000
0.000000 0.000000 0.000000
0.000000 0.000000 0.000000
-0.168675 0.296257 0.230020
0.000000 0.000000 0.000000
0.000000 0.000000 0.000000
0.301095 0.458076 0.430570
0.000000 0.000000 0.000000
0.000000 0.000000 0.000000
0.000000 0.000000 0.000000
0.000000 0.000000 0.000000
0.000000 0.000000 0.000000
0.437763 0.767009 0.424015
-0.439308 0.641178 0.406983
0.229034 0.466256 0.230020
0.236473 0.699679 0.230020
0.000000 0.000000 0.000000
0.000000 0.000000 0.000000
-0.465599 0.039226 0.286821
0.000000 0.000000 0.000000
-0.186970 0.416537 0.400568
0.000000 0.000000 0.000000
0.324551 0.637718 0.418622
-0.475741 0.353215 0.326281
-0.405155 0.425585 0.425820
-0.266860 -0.126303 0.430511
-0.239224 0.759289 0.311626
-0.351074 0.255464 0.425691
0.008493 0.778560 0.234374
0.000000 0.000000 0.000000
0.046492 0.520371 0.430576
0.000000 0.000000 0.000000
0.000000 0.000000 0.000000
0.037845 0.799397 0.403168
-0.087461 0.382751 0.230020
0.000000 0.000000 0.000000
0.000000 0.000000 0.000000
0.221660 0.799397 0.426031
0.000000 0.000000 0.000000
-0.052312 0.189452 0.230020
-0.431354 -0.173210 0.247458
0.000000 0.000000 0.000000
-0.154132 0.759289 0.372490
-0.310143 0.586864 0.417861
0.000000 0.000000 0.000000
0.000000 0.000000 0.000000
0.000000 0.000000 0.000000
0.000000 0.000000 0.000000
0.059531 0.690172 0.391423
0.086494 0.335905 0.392511
0.000000 0.000000 0.000000
0.000000 0.000000 0.000000
-0.457318 0.720321 0.387563
0.000000 0.000000 0.000000
-0.122971 0.744280 0.230020
0.000000 0.000000 0.000000
0.000000 0.000000 0.000000
-0.044195 0.651983 0.430590
0.395556 0.483768 0.429264
-0.447537 0.280997 0.400354
-0.466600 0.142729 0.371307
0.000000 0.000000 0.000000
0.000000 0.000000 0.000000
0.000000 0.000000 0.000000
0.000000 0.000000 0.000000
0.000000 0.000000 0.000000
-0.308286 0.429122 0.417549
0.000000 0.000000 0.000000
0.000000 0.000000 0.000000
0.000000 0.000000 0.000000
0.000000 0.000000 0.000000
0.097430 0.592933 0.430584
-0.047063 0.759289 0.260761
-0.296351 0.042913 0.154416
-0.338735 0.099650 0.430534
0.000000 0.000000 0.000000
0.000000 0.000000 0.000000
-0.428809 0.494843 0.415011
-0.429040 0.280954 0.245689
-0.295553 0.095913 0.021304
-0.107848 0.565444 0.394136
0.000000 0.000000 0.000000
0.000000 0.000000 0.000000
0.000000 0.000000 0.000000
0.000000 0.000000 0.000000
0.000000 0.000000 0.000000
-0.142867 0.055465 0.230020
0.000000 0.000000 0.000000
0.143648 0.286063 0.430553
0.000000 0.000000 0.000000
0.000000 0.000000 0.000000
0.384432 0.689400 0.230020
0.000000 0.000000 0.000000
0.104445 0.224798 0.393442
0.000000 0.000000 0.000000
0.000000 0.000000 0.000000
-0.019954 0.502335 0.230020
0.000000 0.000000 0.000000
-0.276063 0.340664 0.430559
0.000000 0.000000 0.000000
0.000000 0.000000 0.000000
-0.118433 0.736619 0.430599
0.000000 0.000000 0.000000
-0.359645 0.434900 0.230020
0.000000 0.000000 0.000000
-0.254590 -0.017723 0.179266
-0.234007 -0.203271 0.331839
0.000000 0.000000 0.000000
0.319869 0.733227 0.230020
0.119409 0.759289 0.354406
0.000000 0.000000 0.000000
-0.164616 0.236993 0.398567
0.000000 0.000000 0.000000
-0.244769 0.148461 0.430539
0.000000 0.000000 0.000000
0.000000 0.000000 0.000000
0.000000 0.000000 0.000000
0.000000 0.000000 0.000000
0.000000 0.000000 0.000000
-0.401535 -0.203269 0.333082
0.000000 0.000000 0.000000
0.164299 0.150426 0.430539
0.000000 0.000000 0.000000
0.000000 0.000000 0.000000
-0.359875 -0.103665 0.430513
0.000000 0.000000 0.000000
0.000000 0.000000 0.000000
0.372062 0.766108 0.427890
0.000000 0.000000 0.000000
-0.323722 0.661070 0.420405
-0.131968 0.479727 0.430572
0.000000 0.000000 0.000000
0.000000 0.000000 0.000000
0.000000 0.000000 0.000000
-0.300172 -0.063545 0.142338
0.000000 0.000000 0.000000
0.164646 0.485370 0.430573
0.000000 0.000000 0.000000
0.000000 0.000000 0.000000
0.000000 0.000000 0.000000
-0.398262 0.519931 0.232899
0.000000 0.000000 0.000000
0.000000 0.000000 0.000000
0.000000 0.000000 0.000000
0.000000 0.000000 0.000000
-0.448889 0.759289 0.335860
0.000000 0.000000 0.000000
0.000000 0.000000 0.000000
0.000000 0.000000 0.000000
0.000000 0.000000 0.000000
-0.369335 -0.021030 0.430522
0.000000 0.000000 0.000000
0.000000 0.000000 0.000000
0.000000 0.000000 0.000000
-0.273162 0.595851 0.230020
0.223060 0.389419 0.403746
0.244772 0.616727 0.406413
-0.241021 -0.171471 0.430506
-0.475872 0.617980 0.333235
0.000000 0.000000 0.000000
0.000000 0.000000 0.000000
0.000000 0.000000 0.000000
0.217004 0.645558 0.230020
0.000000 0.000000 0.000000
-0.315173 0.732165 0.230020
0.437431 0.687394 0.416040
0.000000 0.000000 0.000000
-0.295402 0.732743 0.415522
0.000000 0.000000 0.000000
0.000000 0.000000 0.000000
0.000000 0.000000 0.000000
0.000000 0.000000 0.000000
0.000000 0.000000 0.000000
0.297910 0.745300 0.430599
0.000000 0.000000 0.000000
0.000000 0.000000 0.000000
0.000000 0.000000 0.000000
0.000000 0.000000 0.000000
0.190471 0.744404 0.430599
-0.447558 -0.160758 0.400326
0.000000 0.000000 0.000000
0.000000 0.000000 0.000000
0.000000 0.000000 0.000000
0.000000 0.000000 0.000000
0.117270 0.761251 0.432851
0.000000 0.000000 0.000000
0.000000 0.000000 0.000000
-0.436577 0.100582 0.251452
0.010195 0.261875 0.230020
0.081690 0.260289 0.230020
0.102281 0.633024 0.393341
0.000000 0.000000 0.000000
-0.173736 0.578873 0.230020
0.000000 0.000000 0.000000
0.000000 0.000000 0.000000
-0.339963 -0.142834 0.430509
0.000000 0.000000 0.000000
-0.266419 0.031467 0.046014
-0.038781 0.579370 0.430582
-0.339252 -0.047936 0.076445
0.000000 0.000000 0.000000
-0.411486 0.741699 0.237347
-0.037514 0.784600 0.391225
0.000000 0.000000 0.000000
0.189498 0.541889 0.399911
0.000000 0.000000 0.000000
0.000000 0.000000 0.000000
-0.233211 0.015465 0.406233
0.000000 0.000000 0.000000
0.000000 0.000000 0.000000
0.000000 0.000000 0.000000
0.075564 0.654667 0.230020
0.144964 0.436154 0.395980
0.000000 0.000000 0.000000
0.000000 0.000000 0.000000
-0.368413 -0.020423 -0.024557
0.203526 0.759289 0.304467
-0.008835 0.349550 0.230020
-0.056072 0.007541 0.430525
-0.474115 -0.089011 0.313718
0.000000 0.000000 0.000000
0.000000 0.000000 0.000000
0.000000 0.000000 0.000000
-0.074271 0.759289 0.326965
-0.475597 0.179044 0.325168
0.000000 0.000000 0.000000
-0.174169 0.660377 0.430591
0.000000 0.000000 0.000000
0.000000 0.000000 0.000000
0.091969 0.759289 0.283300
-0.139138 0.023371 0.430526
0.000000 0.000000 0.000000
0.000000 0.000000 0.000000
0.000000 0.000000 0.000000
0.000000 0.000000 0.000000
-0.110561 -0.106327 0.430513
0.000000 0.000000 0.000000
0.000000 0.000000 0.000000
-0.409758 0.354788 0.423897
0.286223 0.657835 0.229044
-0.123235 0.198630 0.394921
-0.233251 0.745730 0.406242
0.000000 0.000000 0.000000
-0.177475 0.577723 0.399733
0.000000 0.000000 0.000000
-0.180183 0.097272 0.230020
-0.018686 0.401277 0.390900
0.000000 0.000000 0.000000
0.000000 0.000000 0.000000
0.000000 0.000000 0.000000
-0.373982 0.759289 0.352760
-0.468512 0.019356 0.366731
-0.466711 0.456931 0.371041
0.000000 0.000000 0.000000
-0.276724 0.216086 0.412503
0.000000 0.000000 0.000000
0.000000 0.000000 0.000000
0.000000 0.000000 0.000000
0.000000 0.000000 0.000000
-0.152245 0.139021 0.397468
0.000000 0.000000 0.000000
0.368538 0.759289 0.316036
0.000000 0.000000 0.000000
-0.246132 -0.046963 0.407811
0.000000 0.000000 0.000000
0.000000 0.000000 0.000000
0.000000 0.000000 0.000000
0.000000 0.000000 0.000000
-0.000878 0.701457 0.390599
0.141932 0.656891 0.430590
0.000000 0.000000 0.000000
-0.473274 0.552490 0.307213
0.460399 0.558000 0.396600
0.000000 0.000000 0.000000
0.000000 0.000000 0.000000
0.000000 0.000000 0.000000
0.000000 0.000000 0.000000
0.115080 0.728852 0.394015
0.000000 0.000000 0.000000
0.239588 0.510870 0.430575
0.000000 0.000000 0.000000
0.000000 0.000000 0.000000
0.000000 0.000000 0.000000
0.000000 0.000000 0.000000
0.252332 0.799397 0.318164
0.000000 0.000000 0.000000
-0.216347 0.188747 0.230020
0.000000 0.000000 0.000000
0.000000 0.000000 0.000000
0.411059 0.759289 0.256838
0.000000 0.000000 0.000000
0.000000 0.000000 0.000000
0.000000 0.000000 0.000000
0.000000 0.000000 0.000000
-0.457096 0.656573 0.272670
0.000000 0.000000 0.000000
0.000000 0.000000 0.000000
0.000000 0.000000 0.000000
0.000000 0.000000 0.000000
0.000000 0.000000 0.000000
-0.184337 -0.199289 0.430503
0.224340 0.759289 0.251183
-0.237011 0.459704 0.406700
-0.384204 0.606866 0.231080
0.000000 0.000000 0.000000
0.000000 0.000000 0.000000
0.000000 0.000000 0.000000
0.000000 0.000000 0.000000
0.000000 0.000000 0.000000
-0.385701 0.031467 -0.078271
0.000000 0.000000 0.000000
0.439308 0.701006 0.245918
-0.238753 0.650253 0.230020
0.036279 0.424414 0.391016
-0.359168 -0.044789 0.028413
0.000000 0.000000 0.000000
0.000000 0.000000 0.000000
-0.374492 -0.064709 0.230020
0.000000 0.000000 0.000000
0.000000 0.000000 0.000000
0.000000 0.000000 0.000000
0.000000 0.000000 0.000000
0.135322 0.475301 0.230020
0.397538 0.565608 0.429009
-0.215197 0.454437 0.230020
0.000000 0.000000 0.000000
-0.078588 0.619691 0.230020
0.053887 0.359729 0.430561
0.000000 0.000000 0.000000
-0.229733 0.065767 0.405809
0.000000 0.000000 0.000000
0.200012 0.345593 0.430559
0.000000 0.000000 0.000000
0.000000 0.000000 0.000000
-0.280562 0.006391 0.112501
0.056672 0.759289 0.351830
0.000000 0.000000 0.000000
0.000000 0.000000 0.000000
0.000000 0.000000 0.000000
0.000000 0.000000 0.000000
-0.058006 0.125553 0.391571
0.000000 0.000000 0.000000
-0.315278 0.759289 0.334511
0.000000 0.000000 0.000000
0.000000 0.000000 0.000000
0.000000 0.000000 0.000000
0.000000 0.000000 0.000000
0.000000 0.000000 0.000000
