0.000000 0.000000 0.000000
0.000000 0.000000 0.000000
0.335836 0.084521 -0.690410
-0.565494 0.367146 -0.422284
0.000000 0.000000 0.000000
-0.391954 -0.398283 -0.568813
0.000000 0.000000 0.000000
0.000000 0.000000 0.000000
-0.554729 0.166858 0.157934
-0.037736 0.367140 -0.595961
0.000000 0.000000 0.000000
-0.554729 -0.160581 -0.223060
0.000000 0.000000 0.000000
-0.350090 0.041585 -0.722304
0.000000 0.000000 0.000000
0.000000 0.000000 0.000000
0.000000 0.000000 0.000000
0.000000 0.000000 0.000000
0.064258 -0.398283 -0.713872
0.000000 0.000000 0.000000
0.000000 0.000000 0.000000
0.000000 0.000000 0.000000
0.000000 0.000000 0.000000
-0.394891 0.361380 -0.754198
-0.554729 -0.024237 -0.545299
-0.554729 0.290455 -0.210989
0.000000 0.000000 0.000000
0.000000 0.000000 0.000000
0.000000 0.000000 0.000000
-0.005513 -0.004209 -0.690410
0.000000 0.000000 0.000000
-0.522836 -0.167085 -0.678398
0.000000 0.000000 0.000000
-0.434519 -0.366389 -0.334073
0.257546 -0.242564 -0.690410
0.000000 0.000000 0.000000
0.000000 0.000000 0.000000
0.000000 0.000000 0.000000
-0.373559 -0.398283 -0.097001
0.261059 0.359408 -0.754198
-0.451714 0.012792 -0.028634
0.000000 0.000000 0.000000
0.000000 0.000000 0.000000
-0.199232 -0.250034 -0.690410
0.000000 0.000000 0.000000
-0.281899 0.376931 -0.540615
0.000000 0.000000 0.000000
0.000000 0.000000 0.000000
0.000000 0.000000 0.000000
-0.522836 0.102331 -0.581500
-0.522836 -0.289333 0.052237
0.000000 0.000000 0.000000
0.000000 0.000000 0.000000
0.000000 0.000000 0.000000
0.000000 0.000000 0.000000
0.000000 0.000000 0.000000
0.000000 0.000000 0.000000
0.000000 0.000000 0.000000
0.000000 0.000000 0.000000
0.000000 0.000000 0.000000
0.000000 0.000000 0.000000
0.000000 0.000000 0.000000
-0.106973 0.244765 -0.690410
0.000000 0.000000 0.000000
-0.554729 0.155466 -0.410750
-0.480209 -0.383221 -0.754198
0.000000 0.000000 0.000000
0.000000 0.000000 0.000000
0.000000 0.000000 0.000000
-0.111005 -0.342470 -0.512422
0.000000 0.000000 0.000000
0.000000 0.000000 0.000000
0.000000 0.000000 0.000000
-0.362417 0.369399 -0.200814
0.000000 0.000000 0.000000
-0.522836 0.059193 -0.216833
0.000000 0.000000 0.000000
0.000000 0.000000 0.000000
0.000000 0.000000 0.000000
0.118886 0.161057 -0.722304
0.000000 0.000000 0.000000
-0.213457 -0.388934 -0.754198
0.000000 0.000000 0.000000
0.000000 0.000000 0.000000
0.000000 0.000000 0.000000
0.000000 0.000000 0.000000
-0.533098 -0.398283 -0.148774
0.000000 0.000000 0.000000
0.000000 0.000000 0.000000
-0.570676 0.321370 0.010996
-0.522836 0.284309 -0.618145
-0.193461 -0.055804 -0.690410
0.000000 0.000000 0.000000
-0.554729 -0.244644 -0.425918
-0.504824 0.030271 -0.722304
0.000000 0.000000 0.000000
0.000000 0.000000 0.000000
-0.549636 -0.398283 -0.544247
0.000000 0.000000 0.000000
0.000000 0.000000 0.000000
0.000000 0.000000 0.000000
0.000000 0.000000 0.000000
0.088061 0.367146 -0.661141
0.240976 -0.386908 -0.754198
0.000000 0.000000 0.000000
-0.522836 0.207719 -0.753618
0.000000 0.000000 0.000000
0.000000 0.000000 0.000000
0.195930 -0.015137 -0.690410
0.000000 0.000000 0.000000
0.000000 0.000000 0.000000
-0.466153 0.094606 0.019205
0.000000 0.000000 0.000000
0.000000 0.000000 0.000000
0.000000 0.000000 0.000000
0.000000 0.000000 0.000000
0.000000 0.000000 0.000000
0.000000 0.000000 0.000000
-0.261350 0.356981 -0.754198
-0.040622 0.241698 -0.722304
-0.298999 0.369399 -0.383794
0.000000 0.000000 0.000000
-0.355341 -0.366389 -0.413561
0.000000 0.000000 0.000000
0.000000 0.000000 0.000000
-0.407106 -0.307588 -0.722304
0.000000 0.000000 0.000000
0.138643 -0.120255 -0.690410
-0.053529 0.376931 -0.411753
-0.375542 -0.107489 -0.722304
0.000000 0.000000 0.000000
0.000000 0.000000 0.000000
0.000000 0.000000 0.000000
-0.522835 -0.093175 -0.388580
0.000000 0.000000 0.000000
0.000000 0.000000 0.000000
-0.495466 0.406311 -0.297602
-0.435323 0.367140 -0.527533
0.000000 0.000000 0.000000
0.000000 0.000000 0.000000
-0.301454 0.319307 -0.019448
0.000000 0.000000 0.000000
-0.522836 -0.115680 -0.049179
0.000000 0.000000 0.000000
-0.030923 -0.181644 -0.722304
0.000000 0.000000 0.000000
0.000000 0.000000 0.000000
-0.554729 0.194701 -0.084720
0.000000 0.000000 0.000000
-0.250058 0.184212 -0.690410
0.000000 0.000000 0.000000
0.000000 0.000000 0.000000
0.000000 0.000000 0.000000
0.000000 0.000000 0.000000
0.000000 0.000000 0.000000
-0.554729 -0.389095 -0.218934
0.000000 0.000000 0.000000
0.000000 0.000000 0.000000
0.000000 0.000000 0.000000
0.000000 0.000000 0.000000
-0.522835 0.030026 0.151997
0.000000 0.000000 0.000000
0.066397 -0.398283 -0.600183
0.000000 0.000000 0.000000
0.000000 0.000000 0.000000
-0.233236 0.376931 -0.413127
0.000000 0.000000 0.000000
0.000000 0.000000 0.000000
-0.405331 0.183028 -0.690410
0.397753 0.319307 -0.725942
0.000000 0.000000 0.000000
0.000000 0.000000 0.000000
0.000000 0.000000 0.000000
0.000000 0.000000 0.000000
-0.554729 -0.266118 -0.313716
0.000000 0.000000 0.000000
-0.072555 0.123495 -0.690411
0.000000 0.000000 0.000000
-0.522836 -0.118549 0.056755
-0.036169 -0.398283 -0.657226
0.000000 0.000000 0.000000
0.000000 0.000000 0.000000
0.000000 0.000000 0.000000
0.000000 0.000000 0.000000
0.000000 0.000000 0.000000
0.000000 0.000000 0.000000
0.000000 0.000000 0.000000
-0.225883 -0.366389 -0.580930
-0.342519 -0.389725 -0.754198
0.063759 0.376931 -0.524056
0.096933 0.319307 -0.700628
0.147119 -0.255363 -0.690410
0.000000 0.000000 0.000000
0.000000 0.000000 0.000000
0.000000 0.000000 0.000000
0.000000 0.000000 0.000000
0.000000 0.000000 0.000000
0.000000 0.000000 0.000000
0.000000 0.000000 0.000000
0.249800 0.195649 -0.722304
-0.386727 -0.366389 -0.192225
0.004192 0.151053 -0.690411
-0.554729 0.209385 0.026719
0.000000 0.000000 0.000000
0.000000 0.000000 0.000000
0.000000 0.000000 0.000000
0.000000 0.000000 0.000000
-0.550411 0.344727 -0.754198
0.000000 0.000000 0.000000
0.000000 0.000000 0.000000
0.000000 0.000000 0.000000
0.000000 0.000000 0.000000
-0.053188 0.366618 -0.754198
-0.554729 -0.141033 -0.534687
0.000000 0.000000 0.000000
0.000000 0.000000 0.000000
-0.272732 -0.366389 -0.421942
0.000000 0.000000 0.000000
0.000000 0.000000 0.000000
-0.273438 -0.151733 -0.690410
0.000000 0.000000 0.000000
0.000000 0.000000 0.000000
-0.554729 -0.101004 -0.705152
-0.522835 0.261007 -0.321545
0.000000 0.000000 0.000000
-0.396019 0.213420 -0.028634
0.000000 0.000000 0.000000
-0.244921 0.036401 -0.722304
0.000000 0.000000 0.000000
0.000000 0.000000 0.000000
-0.450064 -0.103039 0.019205
0.000000 0.000000 0.000000
0.000000 0.000000 0.000000
-0.480429 -0.366389 -0.023534
-0.501919 0.406311 -0.659424
-0.340949 0.369399 -0.427457
-0.080853 -0.025777 -0.722304
0.000000 0.000000 0.000000
-0.522835 -0.003073 -0.412192
0.000000 0.000000 0.000000
0.000000 0.000000 0.000000
0.000000 0.000000 0.000000
0.000000 0.000000 0.000000
0.000000 0.000000 0.000000
-0.158617 0.369399 -0.515827
0.000000 0.000000 0.000000
0.000000 0.000000 0.000000
0.000000 0.000000 0.000000
-0.554729 -0.290101 -0.069891
-0.554729 -0.053681 -0.161447
-0.522835 0.205524 -0.506739
0.000000 0.000000 0.000000
-0.554729 0.172775 -0.198037
-0.554729 -0.397383 -0.366792
0.000000 0.000000 0.000000
0.000000 0.000000 0.000000
0.000000 0.000000 0.000000
-0.141215 0.367146 -0.746230
0.000000 0.000000 0.000000
0.000000 0.000000 0.000000
0.000000 0.000000 0.000000
0.000000 0.000000 0.000000
-0.554729 -0.269563 -0.738778
0.000000 0.000000 0.000000
-0.170091 -0.366389 -0.352626
0.307948 -0.045784 -0.722304
0.000000 0.000000 0.000000
0.000000 0.000000 0.000000
-0.522836 0.309477 -0.082685
-0.153414 -0.398283 -0.660738
0.000000 0.000000 0.000000
-0.522835 -0.298921 -0.612488
0.000000 0.000000 0.000000
0.000000 0.000000 0.000000
0.222301 0.326113 -0.658519
0.000000 0.000000 0.000000
0.000000 0.000000 0.000000
0.000000 0.000000 0.000000
-0.522836 0.197728 -0.619560
0.000000 0.000000 0.000000
-0.522836 0.084447 -0.080314
0.000000 0.000000 0.000000
0.000000 0.000000 0.000000
0.218450 0.083058 -0.722304
-0.554729 -0.005949 -0.295643
0.023619 -0.287472 -0.722304
0.000000 0.000000 0.000000
0.000000 0.000000 0.000000
0.000000 0.000000 0.000000
0.000000 0.000000 0.000000
-0.554729 0.144115 -0.303063
0.000000 0.000000 0.000000
0.000000 0.000000 0.000000
0.000000 0.000000 0.000000
0.000000 0.000000 0.000000
0.000000 0.000000 0.000000
0.000000 0.000000 0.000000
-0.327230 0.252295 -0.690410
0.000000 0.000000 0.000000
0.000000 0.000000 0.000000
0.000000 0.000000 0.000000
-0.554729 -0.277248 -0.200670
0.000000 0.000000 0.000000
-0.447124 0.319307 0.004378
-0.522836 0.050567 -0.634659
0.000000 0.000000 0.000000
-0.124820 0.358072 -0.658519
0.000000 0.000000 0.000000
0.000000 0.000000 0.000000
0.228135 -0.148144 -0.722304
0.000000 0.000000 0.000000
0.000000 0.000000 0.000000
-0.540132 0.367146 -0.051375
0.000000 0.000000 0.000000
-0.481791 -0.366389 -0.467035
0.000000 0.000000 0.000000
0.000000 0.000000 0.000000
0.000000 0.000000 0.000000
0.000000 0.000000 0.000000
0.000000 0.000000 0.000000
0.000000 0.000000 0.000000
0.000000 0.000000 0.000000
-0.365887 0.406311 -0.582643
-0.316303 -0.366389 -0.659630
-0.117671 -0.145162 -0.690410
0.000000 0.000000 0.000000
0.000000 0.000000 0.000000
0.060395 -0.087383 -0.690410
0.000000 0.000000 0.000000
0.000000 0.000000 0.000000
-0.466001 0.142365 -0.690410
0.203790 -0.342470 -0.656382
-0.250054 0.376931 -0.255359
0.000000 0.000000 0.000000
0.000000 0.000000 0.000000
-0.316512 -0.342470 -0.272597
-0.016495 -0.342470 -0.571486
0.000000 0.000000 0.000000
-0.554729 -0.026061 0.015267
0.000000 0.000000 0.000000
0.000000 0.000000 0.000000
0.352141 0.221140 -0.690410
-0.292248 0.328156 -0.658519
0.000000 0.000000 0.000000
0.031031 0.043927 -0.722304
-0.447745 -0.191276 -0.028634
-0.522836 -0.223407 -0.533669
0.000000 0.000000 0.000000
0.000000 0.000000 0.000000
0.000000 0.000000 0.000000
0.149250 -0.373117 -0.754198
-0.459749 0.406311 -0.159304
-0.248128 -0.398283 -0.594393
0.000000 0.000000 0.000000
0.000000 0.000000 0.000000
-0.554729 -0.100896 0.128801
0.000000 0.000000 0.000000
-0.302942 -0.251568 -0.722304
-0.400006 0.406311 -0.668918
-0.554729 0.240214 0.225026
-0.522836 -0.159498 -0.094296
0.000000 0.000000 0.000000
-0.474997 0.327303 -0.403615
0.000000 0.000000 0.000000
-0.456203 -0.366389 -0.251834
0.000000 0.000000 0.000000
0.000000 0.000000 0.000000
0.000000 0.000000 0.000000
-0.028853 -0.366389 -0.749759
0.000000 0.000000 0.000000
-0.461751 -0.342470 -0.636387
0.171722 0.249614 -0.722304
-0.329937 -0.342470 -0.502615
0.000000 0.000000 0.000000
0.000000 0.000000 0.000000
0.000000 0.000000 0.000000
-0.122142 0.369399 -0.336347
-0.009460 0.324536 -0.658519
0.000000 0.000000 0.000000
-0.405338 -0.292560 -0.028634
0.000000 0.000000 0.000000
0.000000 0.000000 0.000000
0.000000 0.000000 0.000000
0.000000 0.000000 0.000000
0.000000 0.000000 0.000000
0.000000 0.000000 0.000000
-0.522836 0.311465 -0.488288
0.000000 0.000000 0.000000
0.000000 0.000000 0.000000
-0.371345 0.379746 -0.303296
0.000000 0.000000 0.000000
0.000000 0.000000 0.000000
0.000000 0.000000 0.000000
0.101468 0.004029 -0.722304
0.000000 0.000000 0.000000
-0.109307 -0.398283 -0.611312
-0.205401 0.275714 -0.722304
0.000000 0.000000 0.000000
0.008868 0.406311 -0.677697
-0.454713 -0.083097 -0.722304
-0.130851 0.406311 -0.607643
-0.351428 0.252269 0.019205
-0.481958 0.272125 -0.028634
0.000000 0.000000 0.000000
0.000000 0.000000 0.000000
-0.554729 -0.199408 0.017027
-0.358151 0.109677 -0.690410
0.000000 0.000000 0.000000
0.000000 0.000000 0.000000
0.000000 0.000000 0.000000
-0.418474 -0.197355 -0.690411
0.000000 0.000000 0.000000
0.000000 0.000000 0.000000
-0.195611 0.402882 -0.690410
0.000000 0.000000 0.000000
0.000000 0.000000 0.000000
-0.554729 -0.175989 -0.431090
-0.461597 -0.342470 -0.140906
-0.497402 0.168376 -0.028634
0.000000 0.000000 0.000000
0.048771 -0.162780 -0.722304
0.000000 0.000000 0.000000
0.000000 0.000000 0.000000
-0.554729 0.057503 0.023079
-0.554729 -0.032489 -0.650525
-0.522835 -0.068918 -0.271300
0.000000 0.000000 0.000000
0.000000 0.000000 0.000000
0.000000 0.000000 0.000000
0.000000 0.000000 0.000000
-0.378502 -0.038041 -0.690410
-0.554729 -0.388926 -0.024670
-0.050955 0.376931 -0.521048
0.000000 0.000000 0.000000
-0.554729 0.083667 -0.493838
0.000000 0.000000 0.000000
0.000000 0.000000 0.000000
-0.447763 0.274035 -0.690411
-0.149782 0.078797 -0.722304
0.000000 0.000000 0.000000
0.000000 0.000000 0.000000
0.000000 0.000000 0.000000
0.000000 0.000000 0.000000
0.000000 0.000000 0.000000
0.294158 0.285640 -0.690411
-0.570676 0.360830 -0.574743
-0.467178 0.406311 -0.416924
-0.522835 -0.242736 -0.143665
0.000000 0.000000 0.000000
0.000000 0.000000 0.000000
-0.415202 0.406311 -0.241682
0.000000 0.000000 0.000000
0.000000 0.000000 0.000000
0.000000 0.000000 0.000000
0.000000 0.000000 0.000000
-0.394089 0.116802 -0.028634
0.000000 0.000000 0.000000
0.000000 0.000000 0.000000
0.000000 0.000000 0.000000
0.000000 0.000000 0.000000
-0.210177 0.367140 -0.611536
0.000000 0.000000 0.000000
-0.065377 -0.273764 -0.722304
0.024436 0.319307 -0.719304
0.000000 0.000000 0.000000
-0.554729 0.268334 0.139305
0.000000 0.000000 0.000000
0.000000 0.000000 0.000000
0.000000 0.000000 0.000000
-0.135471 -0.308536 -0.722304
-0.522835 -0.163423 -0.318027
0.000000 0.000000 0.000000
0.000000 0.000000 0.000000
0.000000 0.000000 0.000000
0.000000 0.000000 0.000000
0.000000 0.000000 0.000000
0.000000 0.000000 0.000000
-0.213195 -0.366389 -0.473246
0.000000 0.000000 0.000000
0.017932 -0.366389 -0.498849
0.000000 0.000000 0.000000
0.000000 0.000000 0.000000
0.000000 0.000000 0.000000
-0.209836 0.376931 -0.496185
0.000000 0.000000 0.000000
-0.383935 -0.041340 -0.028634
0.000000 0.000000 0.000000
-0.506984 0.319307 0.059626
0.000000 0.000000 0.000000
0.000000 0.000000 0.000000
0.000000 0.000000 0.000000
-0.554729 0.277898 -0.724123
0.000000 0.000000 0.000000
0.000000 0.000000 0.000000
0.000000 0.000000 0.000000
0.000000 0.000000 0.000000
-0.522835 -0.025590 -0.071947
0.000000 0.000000 0.000000
0.000000 0.000000 0.000000
-0.237497 0.114360 -0.690410
0.138194 0.367146 -0.747012
-0.109624 -0.342470 -0.417689
0.000000 0.000000 0.000000
0.328972 0.371712 -0.690410
0.000000 0.000000 0.000000
0.000000 0.000000 0.000000
0.481756 0.341805 -0.754198
-0.495820 0.367140 -0.471336
0.000000 0.000000 0.000000
0.000000 0.000000 0.000000
0.000000 0.000000 0.000000
0.000000 0.000000 0.000000
0.000000 0.000000 0.000000
0.000000 0.000000 0.000000
0.000000 0.000000 0.000000
0.000000 0.000000 0.000000
0.000000 0.000000 0.000000
0.000000 0.000000 0.000000
-0.531479 0.367146 -0.204703
0.000000 0.000000 0.000000
0.000000 0.000000 0.000000
-0.522836 0.146371 -0.528362
0.000000 0.000000 0.000000
0.000000 0.000000 0.000000
0.000000 0.000000 0.000000
-0.522836 -0.383442 -0.684749
0.000000 0.000000 0.000000
0.000000 0.000000 0.000000
-0.023408 -0.094994 -0.722304
0.000000 0.000000 0.000000
0.000000 0.000000 0.000000
0.000000 0.000000 0.000000
0.000000 0.000000 0.000000
0.000000 0.000000 0.000000
0.000000 0.000000 0.000000
0.000000 0.000000 0.000000
0.000000 0.000000 0.000000
0.000000 0.000000 0.000000
-0.522836 -0.231146 -0.651813
0.000000 0.000000 0.000000
0.000000 0.000000 0.000000
-0.380289 -0.398283 -0.669300
0.000000 0.000000 0.000000
0.000000 0.000000 0.000000
0.000000 0.000000 0.000000
-0.353762 -0.366389 -0.330178
0.000000 0.000000 0.000000
-0.127046 0.174733 -0.722304
0.000000 0.000000 0.000000
0.000000 0.000000 0.000000
0.000000 0.000000 0.000000
0.084562 -0.342470 -0.641825
0.000000 0.000000 0.000000
-0.467242 -0.398283 -0.608521
0.000000 0.000000 0.000000
-0.382251 0.319307 -0.665676
0.000000 0.000000 0.000000
0.000000 0.000000 0.000000
-0.570677 0.345152 -0.103158
0.000000 0.000000 0.000000
0.000000 0.000000 0.000000
-0.070434 0.051664 -0.690410
0.000000 0.000000 0.000000
-0.278730 -0.321948 -0.722304
-0.522836 -0.061930 -0.493868
-0.522836 -0.327842 -0.344918
0.000000 0.000000 0.000000
0.000000 0.000000 0.000000
0.000000 0.000000 0.000000
0.000000 0.000000 0.000000
-0.554729 -0.011835 -0.210462
-0.209815 0.369399 -0.329155
-0.428735 0.367140 -0.291847
0.000000 0.000000 0.000000
-0.213900 -0.366389 -0.294829
0.000000 0.000000 0.000000
0.155815 -0.053445 -0.722304
0.000000 0.000000 0.000000
0.000000 0.000000 0.000000
0.000000 0.000000 0.000000
0.000000 0.000000 0.000000
-0.155851 -0.393370 -0.562840
0.000000 0.000000 0.000000
0.000000 0.000000 0.000000
-0.554729 -0.325202 -0.482631
0.000000 0.000000 0.000000
0.000000 0.000000 0.000000
-0.307303 -0.366389 -0.582279
0.000000 0.000000 0.000000
0.000000 0.000000 0.000000
0.000000 0.000000 0.000000
0.000000 0.000000 0.000000
0.000000 0.000000 0.000000
0.000000 0.000000 0.000000
0.145601 0.084346 -0.722304
0.000000 0.000000 0.000000
0.000000 0.000000 0.000000
-0.522835 -0.395900 -0.613281
0.000000 0.000000 0.000000
0.000000 0.000000 0.000000
0.000000 0.000000 0.000000
0.000000 0.000000 0.000000
-0.318523 -0.342470 -0.172568
-0.522835 0.209161 0.104163
-0.289611 0.238383 -0.028634
-0.522836 0.145799 -0.135652
0.000000 0.000000 0.000000
-0.522835 0.238568 -0.174740
0.000000 0.000000 0.000000
0.000000 0.000000 0.000000
-0.083827 -0.342470 -0.583867
0.000000 0.000000 0.000000
0.000000 0.000000 0.000000
-0.554729 0.181362 -0.685839
0.000000 0.000000 0.000000
-0.181857 0.025462 -0.690411
-0.570676 0.364212 -0.673964
-0.522836 -0.047089 0.109507
0.000000 0.000000 0.000000
0.000000 0.000000 0.000000
0.000000 0.000000 0.000000
0.000000 0.000000 0.000000
-0.554729 0.077525 -0.415999
-0.500048 0.367140 -0.121883
0.000000 0.000000 0.000000
-0.522836 -0.310254 -0.406253
-0.274580 -0.398283 -0.701402
0.000000 0.000000 0.000000
0.000000 0.000000 0.000000
0.000000 0.000000 0.000000
-0.131062 -0.225373 -0.722304
0.000000 0.000000 0.000000
-0.296674 0.406311 -0.672278
0.000000 0.000000 0.000000
-0.484308 0.319307 -0.661520
-0.217453 -0.366389 -0.657913
-0.071722 -0.398283 -0.715151
0.000000 0.000000 0.000000
0.000000 0.000000 0.000000
0.000000 0.000000 0.000000
0.000000 0.000000 0.000000
-0.522836 -0.326454 -0.246754
0.000000 0.000000 0.000000
-0.554729 0.223474 -0.452276
0.000000 0.000000 0.000000
0.000000 0.000000 0.000000
0.163794 0.319307 -0.700411
-0.411131 0.367140 -0.424016
0.000000 0.000000 0.000000
-0.293751 0.376931 -0.482238
-0.071714 0.319229 -0.690410
-0.554729 0.102433 0.201382
-0.522836 -0.392906 -0.294838
0.154961 0.367140 -0.644773
0.000000 0.000000 0.000000
0.000000 0.000000 0.000000
0.000000 0.000000 0.000000
-0.371345 0.395604 -0.494576
0.000000 0.000000 0.000000
0.091078 -0.317288 -0.722304
-0.546854 0.367146 -0.300921
0.123451 0.265045 -0.690410
-0.128416 0.376931 -0.447433
0.000000 0.000000 0.000000
0.000000 0.000000 0.000000
0.000000 0.000000 0.000000
0.000000 0.000000 0.000000
0.000000 0.000000 0.000000
0.000000 0.000000 0.000000
0.131413 -0.398283 -0.683025
0.000000 0.000000 0.000000
-0.522836 0.114814 0.052643
0.000000 0.000000 0.000000
0.000000 0.000000 0.000000
0.000000 0.000000 0.000000
0.000000 0.000000 0.000000
0.000000 0.000000 0.000000
0.278637 0.129658 -0.722304
-0.474997 0.338486 -0.743974
0.000000 0.000000 0.000000
0.000000 0.000000 0.000000
-0.554729 -0.194127 -0.728859
0.000000 0.000000 0.000000
0.000000 0.000000 0.000000
-0.522836 -0.185345 -0.596646
0.210405 -0.282469 -0.722304
0.300876 -0.154531 -0.690410
0.027919 -0.366389 -0.630670
-0.522836 -0.229120 -0.027120
0.000000 0.000000 0.000000
0.000000 0.000000 0.000000
0.000000 0.000000 0.000000
-0.562231 0.367146 -0.497605
-0.154359 0.369399 -0.400718
0.000000 0.000000 0.000000
0.000000 0.000000 0.000000
0.000000 0.000000 0.000000
0.000000 0.000000 0.000000
0.000000 0.000000 0.000000
-0.363316 -0.342470 -0.617878
0.000000 0.000000 0.000000
0.000000 0.000000 0.000000
0.000000 0.000000 0.000000
0.246832 -0.017347 -0.722304
0.000000 0.000000 0.000000
0.000000 0.000000 0.000000
0.000000 0.000000 0.000000
-0.301121 0.369399 -0.154113
0.000000 0.000000 0.000000
0.070974 -0.236478 -0.722304
-0.410463 -0.366389 -0.458906
0.000000 0.000000 0.000000
0.000000 0.000000 0.000000
0.000000 0.000000 0.000000
-0.315475 0.146396 -0.722304
0.302210 -0.319260 -0.722304
0.000000 0.000000 0.000000
