0.000000 0.000000 0.000000
0.000000 0.000000 0.000000
0.000000 0.000000 0.000000
0.691952 -0.469628 -0.140266
0.000000 0.000000 0.000000
0.349154 -0.035399 -0.314829
0.490473 -0.048185 0.306503
0.309141 -0.097154 -0.351686
0.000000 0.000000 0.000000
0.000000 0.000000 0.000000
0.000000 0.000000 0.000000
0.435368 -0.458229 -0.427788
0.651778 -0.183606 -0.095338
0.000000 0.000000 0.000000
0.301435 -0.404932 0.306503
0.000000 0.000000 0.000000
0.000000 0.000000 0.000000
0.330929 -0.051491 0.075668
0.673325 -0.470445 0.171746
0.000000 0.000000 0.000000
0.340649 -0.309691 -0.188064
0.000000 0.000000 0.000000
0.000000 0.000000 0.000000
0.000000 0.000000 0.000000
0.000000 0.000000 0.000000
0.207963 -0.109681 0.306503
0.000000 0.000000 0.000000
0.446081 0.074412 -0.001489
0.000000 0.000000 0.000000
0.000000 0.000000 0.000000
0.000000 0.000000 0.000000
0.685332 -0.277276 -0.425494
0.000000 0.000000 0.000000
0.202677 -0.469599 -0.407162
0.440556 -0.274592 0.118889
0.000000 0.000000 0.000000
0.000000 0.000000 0.000000
0.000000 0.000000 0.000000
0.148417 -0.274592 0.131977
0.656593 -0.201487 0.156367
0.000000 0.000000 0.000000
0.000000 0.000000 0.000000
0.000000 0.000000 0.000000
0.375940 -0.191410 -0.387803
0.000000 0.000000 0.000000
0.000000 0.000000 0.000000
0.000000 0.000000 0.000000
0.455384 -0.001513 -0.288941
0.297938 0.053852 0.306503
0.000000 0.000000 0.000000
0.000000 0.000000 0.000000
0.205879 -0.146380 -0.064768
0.000000 0.000000 0.000000
0.000000 0.000000 0.000000
0.693951 -0.440074 -0.423393
0.032720 -0.368455 0.306503
0.597396 -0.060438 0.140823
0.000000 0.000000 0.000000
0.000000 0.000000 0.000000
0.295422 -0.038937 0.306503
0.567147 -0.274592 -0.171618
0.359680 -0.231597 0.306503
0.000000 0.000000 0.000000
0.000000 0.000000 0.000000
0.553755 -0.361627 0.304441
0.000000 0.000000 0.000000
0.000000 0.000000 0.000000
0.624504 -0.127406 -0.365689
0.000000 0.000000 0.000000
0.692947 -0.468082 0.106301
0.000000 0.000000 0.000000
0.000000 0.000000 0.000000
0.000000 0.000000 0.000000
0.693836 -0.282123 -0.222600
0.000000 0.000000 0.000000
0.223304 -0.307595 -0.323712
0.168868 -0.309691 -0.101865
0.418019 0.074412 0.190707
0.000000 0.000000 0.000000
0.000000 0.000000 0.000000
0.000000 0.000000 0.000000
0.288067 -0.307629 -0.012762
0.533124 0.023171 -0.112213
0.000000 0.000000 0.000000
0.000000 0.000000 0.000000
0.578228 -0.274592 0.006520
0.000000 0.000000 0.000000
0.000000 0.000000 0.000000
0.550015 -0.278507 -0.426474
0.000000 0.000000 0.000000
0.245616 -0.091634 -0.064768
0.000000 0.000000 0.000000
0.000000 0.000000 0.000000
0.449754 -0.274592 -0.306197
0.000000 0.000000 0.000000
0.000000 0.000000 0.000000
0.000000 0.000000 0.000000
0.000000 0.000000 0.000000
0.442833 -0.185732 0.306503
0.526847 -0.274592 0.180622
0.000000 0.000000 0.000000
0.000000 0.000000 0.000000
0.000000 0.000000 0.000000
0.000000 0.000000 0.000000
0.000000 0.000000 0.000000
0.000000 0.000000 0.000000
0.693951 -0.368020 0.247727
0.305869 -0.353097 -0.407162
0.282183 -0.274592 0.182804
0.000000 0.000000 0.000000
0.000000 0.000000 0.000000
0.000000 0.000000 0.000000
0.392907 0.225955 0.298438
0.141441 -0.274592 0.287540
0.375786 0.107414 -0.065303
0.000000 0.000000 0.000000
0.000000 0.000000 0.000000
0.466208 -0.307595 -0.064878
0.693951 -0.367478 0.031991
0.000000 0.000000 0.000000
0.000000 0.000000 0.000000
0.000000 0.000000 0.000000
0.000000 0.000000 0.000000
0.664673 -0.240355 0.020575
0.000000 0.000000 0.000000
0.000000 0.000000 0.000000
0.000000 0.000000 0.000000
0.000000 0.000000 0.000000
0.000000 0.000000 0.000000
0.614783 -0.186807 0.306503
0.000000 0.000000 0.000000
0.000000 0.000000 0.000000
0.591487 -0.051042 -0.248584
0.000000 0.000000 0.000000
0.245826 -0.247697 0.306503
0.000000 0.000000 0.000000
0.000000 0.000000 0.000000
0.070533 -0.274592 0.043454
0.000000 0.000000 0.000000
0.000000 0.000000 0.000000
0.000000 0.000000 0.000000
0.000000 0.000000 0.000000
0.548815 -0.274592 -0.303223
0.330929 -0.197307 0.138704
0.601837 -0.067824 -0.038051
0.000000 0.000000 0.000000
0.000000 0.000000 0.000000
0.000000 0.000000 0.000000
0.000000 0.000000 0.000000
0.196941 -0.197128 -0.389320
0.000000 0.000000 0.000000
0.419033 0.173225 0.141972
0.000000 0.000000 0.000000
0.148740 -0.339125 -0.427788
0.000000 0.000000 0.000000
0.000000 0.000000 0.000000
0.306321 0.015910 -0.064768
0.000000 0.000000 0.000000
0.632630 -0.274592 -0.136957
0.000000 0.000000 0.000000
0.000000 0.000000 0.000000
0.000000 0.000000 0.000000
0.000000 0.000000 0.000000
0.671260 -0.381915 -0.260045
0.659251 -0.212663 -0.259794
0.000000 0.000000 0.000000
0.000000 0.000000 0.000000
0.339174 -0.274592 -0.247410
0.330929 -0.245291 0.073336
0.438328 -0.307629 -0.353343
0.000000 0.000000 0.000000
0.504176 0.051246 0.205511
0.000000 0.000000 0.000000
0.448701 0.118534 -0.186077
0.330929 0.038847 0.147436
0.623472 -0.108688 0.279473
0.330929 -0.069980 0.201761
0.000000 0.000000 0.000000
0.574528 -0.415562 -0.427788
0.000000 0.000000 0.000000
0.000000 0.000000 0.000000
0.000000 0.000000 0.000000
0.000000 0.000000 0.000000
0.000000 0.000000 0.000000
0.000000 0.000000 0.000000
0.000000 0.000000 0.000000
0.673325 -0.465114 -0.287566
0.000000 0.000000 0.000000
0.000000 0.000000 0.000000
0.631373 -0.307629 -0.323265
0.000000 0.000000 0.000000
0.000000 0.000000 0.000000
0.388433 -0.307595 0.243681
0.000000 0.000000 0.000000
-0.007864 -0.274592 0.252913
0.660043 -0.307629 0.127665
0.000000 0.000000 0.000000
0.250362 -0.306248 -0.427788
0.342011 -0.309691 -0.074943
0.000000 0.000000 0.000000
0.382058 0.014895 0.306503
0.000000 0.000000 0.000000
0.173332 -0.274592 -0.217920
0.693951 -0.353355 -0.134368
0.330929 -0.190188 -0.046303
0.675892 -0.472605 0.299853
0.000000 0.000000 0.000000
0.224702 -0.274592 0.024730
0.000000 0.000000 0.000000
0.529113 0.027336 0.089478
0.619189 -0.307595 0.085396
0.000000 0.000000 0.000000
0.000000 0.000000 0.000000
0.642303 -0.154247 0.055696
0.091311 -0.262456 -0.064768
0.000000 0.000000 0.000000
0.000000 0.000000 0.000000
0.556352 -0.082117 -0.343797
0.000000 0.000000 0.000000
0.000000 0.000000 0.000000
0.000000 0.000000 0.000000
0.000000 0.000000 0.000000
0.423363 -0.386468 0.304441
0.380645 0.107414 0.025963
0.391230 -0.274592 0.001628
0.049027 -0.422743 -0.427788
0.538363 -0.214269 -0.393443
0.426794 -0.274592 -0.143747
0.250850 -0.307629 -0.144999
0.000000 0.000000 0.000000
0.000000 0.000000 0.000000
0.000000 0.000000 0.000000
0.362322 -0.307595 -0.340389
0.000000 0.000000 0.000000
0.000000 0.000000 0.000000
0.000000 0.000000 0.000000
0.330929 -0.153054 0.070428
0.000000 0.000000 0.000000
0.425102 0.162367 -0.032249
0.181543 -0.374533 0.306503
0.568595 -0.307595 -0.086963
0.000000 0.000000 0.000000
0.000000 0.000000 0.000000
0.000000 0.000000 0.000000
0.516456 -0.274592 0.273674
0.000000 0.000000 0.000000
0.000000 0.000000 0.000000
0.000000 0.000000 0.000000
0.000000 0.000000 0.000000
0.000000 0.000000 0.000000
0.000000 0.000000 0.000000
0.000000 0.000000 0.000000
0.000000 0.000000 0.000000
0.055349 -0.307595 0.176354
0.000000 0.000000 0.000000
0.536811 -0.274592 -0.356421
0.000000 0.000000 0.000000
0.000000 0.000000 0.000000
0.000000 0.000000 0.000000
0.000000 0.000000 0.000000
0.000000 0.000000 0.000000
0.194766 -0.307629 0.249058
0.337991 0.107414 0.238541
0.117196 -0.202318 0.306503
0.000000 0.000000 0.000000
0.619422 -0.274592 0.244041
0.000000 0.000000 0.000000
0.000000 0.000000 0.000000
0.000000 0.000000 0.000000
0.673325 -0.447473 -0.006245
0.000000 0.000000 0.000000
0.456477 0.098910 0.306503
0.199005 -0.307629 -0.065878
0.622621 -0.354808 -0.427788
0.000000 0.000000 0.000000
0.000000 0.000000 0.000000
0.000000 0.000000 0.000000
0.000000 0.000000 0.000000
0.487772 -0.309691 0.032169
0.000000 0.000000 0.000000
0.441941 0.134356 0.088702
0.000000 0.000000 0.000000
0.035480 -0.309691 -0.061329
0.500639 -0.386944 -0.403038
0.503192 -0.274592 -0.131001
0.533605 -0.274592 0.104075
0.330929 -0.174408 0.241207
0.000000 0.000000 0.000000
0.321364 -0.455743 -0.427788
0.000000 0.000000 0.000000
0.369829 -0.287965 -0.427788
0.000000 0.000000 0.000000
0.000000 0.000000 0.000000
0.693951 -0.377776 0.151271
0.000000 0.000000 0.000000
0.000000 0.000000 0.000000
0.000000 0.000000 0.000000
0.110068 -0.274592 -0.181901
0.000000 0.000000 0.000000
0.571509 -0.129521 0.306503
0.438459 -0.274592 -0.208697
0.673325 -0.281591 -0.061844
0.000000 0.000000 0.000000
0.000000 0.000000 0.000000
0.000000 0.000000 0.000000
0.000000 0.000000 0.000000
0.000000 0.000000 0.000000
0.000000 0.000000 0.000000
0.000000 0.000000 0.000000
0.409369 -0.354600 -0.400974
0.000000 0.000000 0.000000
0.000000 0.000000 0.000000
0.141330 -0.307595 0.019270
0.000000 0.000000 0.000000
0.075811 -0.274592 0.262447
0.000000 0.000000 0.000000
0.000000 0.000000 0.000000
0.185444 -0.274592 -0.399937
0.000000 0.000000 0.000000
0.000000 0.000000 0.000000
0.000000 0.000000 0.000000
0.506712 0.048959 -0.215311
0.000000 0.000000 0.000000
0.000000 0.000000 0.000000
0.402474 -0.274592 0.156142
0.673325 -0.379078 -0.359223
0.000000 0.000000 0.000000
0.142556 -0.307595 -0.286636
0.264145 -0.307595 0.103958
0.000000 0.000000 0.000000
0.000000 0.000000 0.000000
0.667134 -0.256700 0.257301
0.000000 0.000000 0.000000
0.000000 0.000000 0.000000
0.633405 -0.131133 -0.212411
0.330929 -0.068506 -0.039143
0.000000 0.000000 0.000000
0.000000 0.000000 0.000000
0.626931 -0.285581 0.306503
0.351964 -0.105595 0.306503
0.284944 -0.251803 -0.064768
0.000000 0.000000 0.000000
0.388128 -0.307629 -0.246295
0.660130 -0.216671 -0.385746
0.000000 0.000000 0.000000
0.000000 0.000000 0.000000
0.287670 -0.234830 -0.397558
0.000000 0.000000 0.000000
0.505447 -0.307595 -0.241564
0.000000 0.000000 0.000000
0.000000 0.000000 0.000000
0.000000 0.000000 0.000000
0.000000 0.000000 0.000000
0.000000 0.000000 0.000000
0.000000 0.000000 0.000000
0.266805 -0.274592 -0.291619
0.157332 -0.274592 0.077510
0.000000 0.000000 0.000000
0.000000 0.000000 0.000000
0.000000 0.000000 0.000000
0.000000 0.000000 0.000000
0.000000 0.000000 0.000000
0.028493 -0.274592 0.294479
0.451025 0.074412 -0.090421
0.000000 0.000000 0.000000
0.375694 0.107414 0.127139
0.595958 -0.058120 -0.132298
0.000000 0.000000 0.000000
0.000000 0.000000 0.000000
0.000000 0.000000 0.000000
0.000000 0.000000 0.000000
0.000000 0.000000 0.000000
0.000000 0.000000 0.000000
0.000000 0.000000 0.000000
0.000000 0.000000 0.000000
0.693951 -0.372330 -0.049956
0.439218 -0.274592 0.247433
0.609658 -0.309691 -0.229126
0.000000 0.000000 0.000000
0.386829 0.110138 0.306503
0.330929 0.023137 0.205476
0.000000 0.000000 0.000000
0.000000 0.000000 0.000000
0.000000 0.000000 0.000000
0.000000 0.000000 0.000000
0.000000 0.000000 0.000000
0.000000 0.000000 0.000000
0.296360 -0.309691 0.271081
0.000000 0.000000 0.000000
0.000000 0.000000 0.000000
0.000000 0.000000 0.000000
0.000000 0.000000 0.000000
0.000000 0.000000 0.000000
0.000000 0.000000 0.000000
0.000000 0.000000 0.000000
0.118661 -0.450112 -0.427788
0.000000 0.000000 0.000000
0.000000 0.000000 0.000000
0.587047 -0.274592 0.172915
0.000000 0.000000 0.000000
0.000000 0.000000 0.000000
0.000000 0.000000 0.000000
0.226432 -0.381220 -0.400974
0.000000 0.000000 0.000000
0.000000 0.000000 0.000000
0.000000 0.000000 0.000000
0.000000 0.000000 0.000000
0.354855 -0.274592 -0.121587
0.201574 -0.228889 -0.064768
0.000000 0.000000 0.000000
0.334986 -0.307629 0.145703
0.459924 -0.248501 -0.399808
0.000000 0.000000 0.000000
0.226519 -0.307595 -0.259137
0.689443 -0.275604 0.186520
-0.063607 -0.373132 0.304441
0.000000 0.000000 0.000000
0.000000 0.000000 0.000000
0.000000 0.000000 0.000000
0.330929 -0.043061 0.152440
0.628960 -0.392909 0.304441
0.431049 0.152130 0.279167
0.000000 0.000000 0.000000
0.000000 0.000000 0.000000
0.110260 -0.406602 0.305162
0.216857 -0.309691 0.126898
0.079410 -0.309691 -0.165363
0.000000 0.000000 0.000000
0.000000 0.000000 0.000000
0.553494 0.000421 0.271567
0.282742 -0.173855 -0.382690
0.481256 -0.309691 0.274473
0.116417 -0.274592 0.207913
0.405949 0.045885 -0.243920
0.000000 0.000000 0.000000
0.330929 0.029329 0.064069
0.000000 0.000000 0.000000
0.693951 -0.330817 -0.047906
0.000000 0.000000 0.000000
0.000000 0.000000 0.000000
0.606484 -0.274592 -0.053659
0.000000 0.000000 0.000000
0.000000 0.000000 0.000000
0.643424 -0.157402 0.234825
0.000000 0.000000 0.000000
0.267504 -0.274592 -0.202431
0.416414 -0.079241 -0.342209
0.000000 0.000000 0.000000
0.337664 -0.309691 0.062888
0.548775 -0.159578 -0.378011
0.291964 -0.180553 0.306503
0.460427 -0.274592 -0.022987
0.000000 0.000000 0.000000
0.175523 -0.309691 -0.371973
0.000000 0.000000 0.000000
0.197524 -0.274592 0.216276
0.000000 0.000000 0.000000
0.693951 -0.427852 0.231921
0.639749 -0.435899 -0.427788
0.000000 0.000000 0.000000
0.000000 0.000000 0.000000
0.000000 0.000000 0.000000
0.000000 0.000000 0.000000
0.000000 0.000000 0.000000
0.663550 -0.274592 0.081359
0.000000 0.000000 0.000000
0.617797 -0.097055 0.214151
0.000000 0.000000 0.000000
0.000000 0.000000 0.000000
0.330929 -0.264949 0.237640
0.601406 -0.307595 -0.363538
0.349159 0.074412 -0.017542
0.000000 0.000000 0.000000
0.000000 0.000000 0.000000
0.000000 0.000000 0.000000
0.000000 0.000000 0.000000
0.429061 0.074412 0.258568
0.000000 0.000000 0.000000
0.393039 -0.274592 0.075597
0.497690 0.056950 -0.041603
0.000000 0.000000 0.000000
0.000000 0.000000 0.000000
0.395373 0.074412 0.076972
0.673325 -0.285625 -0.350072
0.000000 0.000000 0.000000
0.000000 0.000000 0.000000
0.000000 0.000000 0.000000
0.330929 -0.270457 -0.004826
0.000000 0.000000 0.000000
0.098295 -0.329811 -0.427788
0.000000 0.000000 0.000000
0.565418 -0.014298 0.006754
0.000000 0.000000 0.000000
0.000000 0.000000 0.000000
0.000000 0.000000 0.000000
0.671261 -0.323544 -0.182839
0.000000 0.000000 0.000000
0.466643 0.107414 0.155948
0.631713 -0.127083 -0.287871
0.000000 0.000000 0.000000
0.000000 0.000000 0.000000
0.000000 0.000000 0.000000
0.407487 0.195197 0.207572
0.000000 0.000000 0.000000
0.647915 -0.307629 0.011057
0.441979 -0.309691 0.194430
0.000000 0.000000 0.000000
0.227273 -0.274592 -0.362421
0.356577 -0.322250 0.304441
0.000000 0.000000 0.000000
0.000000 0.000000 0.000000
0.000000 0.000000 0.000000
0.428361 -0.288173 0.306503
0.051247 -0.274592 0.119673
0.611004 -0.084039 0.051629
0.229862 -0.274592 -0.159012
0.686387 -0.274702 -0.269816
0.000000 0.000000 0.000000
0.000000 0.000000 0.000000
0.000000 0.000000 0.000000
0.000000 0.000000 0.000000
0.159510 -0.307629 0.168353
0.000000 0.000000 0.000000
-0.041168 -0.307595 0.305018
0.000000 0.000000 0.000000
0.000000 0.000000 0.000000
0.661684 -0.224082 0.077850
0.000000 0.000000 0.000000
0.489069 -0.307629 -0.186155
0.000000 0.000000 0.000000
0.122863 -0.274592 -0.272391
0.468175 -0.304675 -0.427788
0.000000 0.000000 0.000000
0.000000 0.000000 0.000000
0.000000 0.000000 0.000000
0.000000 0.000000 0.000000
0.479569 -0.274592 0.074951
0.160753 -0.274592 -0.323435
0.000000 0.000000 0.000000
0.000000 0.000000 0.000000
0.000000 0.000000 0.000000
0.174618 -0.043222 0.306503
0.000000 0.000000 0.000000
0.000000 0.000000 0.000000
0.000000 0.000000 0.000000
0.278881 -0.399244 -0.400974
0.403014 0.074412 -0.028606
0.330929 -0.070034 0.264327
0.000000 0.000000 0.000000
0.693951 -0.331538 0.184679
0.681056 -0.472605 -0.360674
0.489518 -0.307629 0.118301
0.000000 0.000000 0.000000
0.312261 -0.122845 -0.064768
0.099680 -0.307595 0.078445
0.000000 0.000000 0.000000
0.044258 -0.274592 -0.009902
0.000000 0.000000 0.000000
0.487463 -0.064211 -0.333520
0.000000 0.000000 0.000000
0.000000 0.000000 0.000000
0.693951 -0.340598 -0.403383
0.673325 -0.407994 -0.174916
0.405438 -0.307629 -0.314875
0.571986 -0.309691 0.037723
0.000000 0.000000 0.000000
0.693951 -0.416035 0.081578
0.556343 -0.003230 -0.290368
0.607059 -0.246436 -0.399489
0.000000 0.000000 0.000000
0.000000 0.000000 0.000000
0.288940 -0.309691 -0.348917
0.000000 0.000000 0.000000
0.317078 -0.293121 -0.427788
0.527924 -0.447273 -0.427788
0.000000 0.000000 0.000000
0.000000 0.000000 0.000000
0.000000 0.000000 0.000000
0.000000 0.000000 0.000000
0.000000 0.000000 0.000000
0.000000 0.000000 0.000000
0.000000 0.000000 0.000000
0.000000 0.000000 0.000000
0.000000 0.000000 0.000000
0.378141 -0.307629 -0.038248
0.000000 0.000000 0.000000
0.556243 -0.343839 -0.400974
0.000000 0.000000 0.000000
0.000000 0.000000 0.000000
0.000000 0.000000 0.000000
0.353963 -0.399367 -0.407162
0.000000 0.000000 0.000000
0.000000 0.000000 0.000000
0.330929 -0.250623 0.122443
0.124483 -0.274592 -0.124176
0.330929 -0.130969 0.158718
0.000000 0.000000 0.000000
0.000000 0.000000 0.000000
0.000000 0.000000 0.000000
0.693917 -0.389868 0.306503
0.664262 -0.237899 -0.048776
0.000000 0.000000 0.000000
0.444839 0.019036 0.306503
0.693951 -0.395304 -0.317334
0.330929 -0.229528 0.191743
0.520265 -0.176480 0.306503
0.000000 0.000000 0.000000
0.000000 0.000000 0.000000
0.000000 0.000000 0.000000
0.008167 -0.307629 0.206722
0.000000 0.000000 0.000000
0.100653 -0.307595 -0.013088
0.259426 -0.307595 0.224652
0.389270 -0.274592 -0.360468
0.000000 0.000000 0.000000
0.000000 0.000000 0.000000
0.330929 -0.111898 0.014223
0.298996 -0.274592 -0.129744
0.000000 0.000000 0.000000
0.000000 0.000000 0.000000
0.000000 0.000000 0.000000
0.000000 0.000000 0.000000
0.181499 -0.407340 -0.427788
0.000000 0.000000 0.000000
0.111104 -0.309691 -0.379489
0.000000 0.000000 0.000000
0.224773 -0.274592 0.104665
0.000000 0.000000 0.000000
0.673325 -0.444494 -0.064769
0.000000 0.000000 0.000000
0.000000 0.000000 0.000000
0.000000 0.000000 0.000000
0.000000 0.000000 0.000000
0.263379 -0.309691 0.047755
0.476342 0.092673 0.085196
0.006464 -0.309691 0.132668
0.000000 0.000000 0.000000
0.357028 0.074412 0.248810
0.261256 -0.188581 -0.064768
0.000000 0.000000 0.000000
0.693758 -0.281631 -0.106670
0.635645 -0.307629 0.185357
0.000000 0.000000 0.000000
0.000000 0.000000 0.000000
0.000000 0.000000 0.000000
0.000000 0.000000 0.000000
0.239401 -0.340467 0.306503
0.673325 -0.466933 -0.220342
0.635728 -0.274592 -0.265651
0.652864 -0.274592 -0.176678
0.000000 0.000000 0.000000
0.448147 -0.393694 -0.407162
0.000000 0.000000 0.000000
0.629628 -0.274592 0.054970
0.000000 0.000000 0.000000
0.000000 0.000000 0.000000
0.538499 -0.274592 -0.057663
0.000000 0.000000 0.000000
0.693951 -0.326628 -0.315812
0.000000 0.000000 0.000000
0.000000 0.000000 0.000000
0.000000 0.000000 0.000000
0.000000 0.000000 0.000000
0.000000 0.000000 0.000000
0.000000 0.000000 0.000000
0.000000 0.000000 0.000000
0.096629 -0.274592 0.149493
0.000000 0.000000 0.000000
0.000000 0.000000 0.000000
0.401241 -0.307629 -0.106729
0.000000 0.000000 0.000000
0.693951 -0.328379 -0.236444
0.501446 -0.274592 0.029655
0.000000 0.000000 0.000000
0.000000 0.000000 0.000000
0.000000 0.000000 0.000000
0.181217 -0.274592 -0.023272
0.000000 0.000000 0.000000
0.000000 0.000000 0.000000
0.279576 -0.307629 -0.083433
0.000000 0.000000 0.000000
0.000000 0.000000 0.000000
0.650489 -0.179224 -0.333417
0.498246 0.056469 0.014458
0.000000 0.000000 0.000000
0.525300 -0.309691 0.221902
0.000000 0.000000 0.000000
0.546064 -0.274592 -0.253416
0.000000 0.000000 0.000000
0.000000 0.000000 0.000000
0.000000 0.000000 0.000000
0.000000 0.000000 0.000000
0.330929 -0.208519 0.013283
0.000000 0.000000 0.000000
0.000000 0.000000 0.000000
0.000000 0.000000 0.000000
0.000000 0.000000 0.000000
0.116733 -0.307629 0.255874
0.000000 0.000000 0.000000
0.489753 -0.274592 -0.286864
0.000000 0.000000 0.000000
0.143646 -0.229809 -0.064768
0.000000 0.000000 0.000000
0.000000 0.000000 0.000000
0.000000 0.000000 0.000000
0.000000 0.000000 0.000000
0.000000 0.000000 0.000000
0.214904 -0.274592 -0.102201
0.156886 -0.307595 -0.168608
0.000000 0.000000 0.000000
0.132808 -0.331039 0.306503
0.000000 0.000000 0.000000
0.424768 -0.307595 0.003208
0.671260 -0.315294 0.273248
0.000000 0.000000 0.000000
0.123080 -0.307595 -0.221339
0.000000 0.000000 0.000000
