-0.008097 -0.353068 0.132791
-0.614978 -0.286120 -0.112228
0.000000 0.000000 0.000000
0.000000 0.000000 0.000000
0.000000 0.000000 0.000000
0.000000 0.000000 0.000000
0.000000 0.000000 0.000000
-0.460577 -0.529511 0.149109
0.000000 0.000000 0.000000
0.000000 0.000000 0.000000
0.000000 0.000000 0.000000
-0.164993 -0.561871 -0.104203
0.000000 0.000000 0.000000
0.000000 0.000000 0.000000
0.000000 0.000000 0.000000
0.000000 0.000000 0.000000
0.000000 0.000000 0.000000
-0.635562 -0.620571 -0.065487
-0.281784 -0.345466 -0.097233
0.000000 0.000000 0.000000
0.000000 0.000000 0.000000
0.000000 0.000000 0.000000
-0.693568 -0.382994 0.137595
0.000000 0.000000 0.000000
0.000000 0.000000 0.000000
0.000000 0.000000 0.000000
0.092408 -0.510880 0.016643
0.000000 0.000000 0.000000
0.000000 0.000000 0.000000
-0.429911 -0.536166 -0.105916
0.000000 0.000000 0.000000
0.000000 0.000000 0.000000
0.000000 0.000000 0.000000
0.000000 0.000000 0.000000
-0.158089 -0.558694 0.127688
0.000000 0.000000 0.000000
0.000000 0.000000 0.000000
-0.588677 -0.561871 0.040268
0.000000 0.000000 0.000000
-0.008097 -0.367675 -0.071947
0.000000 0.000000 0.000000
0.000000 0.000000 0.000000
0.000000 0.000000 0.000000
0.000000 0.000000 0.000000
-0.297849 -0.561871 0.003375
0.000000 0.000000 0.000000
0.000000 0.000000 0.000000
0.000000 0.000000 0.000000
0.000000 0.000000 0.000000
0.000000 0.000000 0.000000
-0.693568 -0.447544 -0.035895
0.034317 -0.536166 0.126157
0.000000 0.000000 0.000000
0.000000 0.000000 0.000000
0.135071 -0.410218 -0.099376
0.000000 0.000000 0.000000
-0.612208 -0.553748 -0.112228
0.000000 0.000000 0.000000
-0.693568 -0.171364 0.146629
-0.437499 -0.372098 -0.112228
0.000000 0.000000 0.000000
0.000000 0.000000 0.000000
0.000000 0.000000 0.000000
0.193541 -0.561871 0.123224
0.025800 -0.555945 -0.112228
-0.244588 -0.299582 -0.097233
-0.663579 -0.259514 0.033861
0.000000 0.000000 0.000000
0.000000 0.000000 0.000000
0.000000 0.000000 0.000000
0.000000 0.000000 0.000000
0.000000 0.000000 0.000000
0.000000 0.000000 0.000000
0.000000 0.000000 0.000000
0.000000 0.000000 0.000000
0.000000 0.000000 0.000000
-0.295634 -0.501440 -0.097233
0.000000 0.000000 0.000000
0.000000 0.000000 0.000000
0.000000 0.000000 0.000000
-0.065501 -0.525456 0.009536
-0.693568 -0.539094 0.126526
0.000000 0.000000 0.000000
-0.583452 -0.473234 -0.097233
0.000000 0.000000 0.000000
0.000000 0.000000 0.000000
0.000000 0.000000 0.000000
0.000000 0.000000 0.000000
0.000000 0.000000 0.000000
0.000000 0.000000 0.000000
0.021893 -0.399866 0.025309
0.000000 0.000000 0.000000
-0.477604 -0.247363 -0.097233
0.000000 0.000000 0.000000
-0.288646 -0.526439 0.149109
0.000000 0.000000 0.000000
0.000000 0.000000 0.000000
0.000000 0.000000 0.000000
0.000000 0.000000 0.000000
-0.426391 -0.561871 0.024166
0.000000 0.000000 0.000000
-0.124551 -0.368874 -0.112228
0.000000 0.000000 0.000000
0.000000 0.000000 0.000000
0.000000 0.000000 0.000000
0.000000 0.000000 0.000000
0.000000 0.000000 0.000000
0.000000 0.000000 0.000000
0.000000 0.000000 0.000000
0.000000 0.000000 0.000000
0.000000 0.000000 0.000000
0.000000 0.000000 0.000000
0.000000 0.000000 0.000000
0.000000 0.000000 0.000000
0.000000 0.000000 0.000000
0.000000 0.000000 0.000000
0.000000 0.000000 0.000000
-0.561748 -0.536166 0.079165
-0.693568 -0.193094 -0.056298
-0.531503 -0.536166 -0.046332
0.000000 0.000000 0.000000
0.000000 0.000000 0.000000
-0.691618 -0.561871 0.034645
0.000000 0.000000 0.000000
-0.196801 -0.525456 0.004991
0.000000 0.000000 0.000000
0.000000 0.000000 0.000000
0.051882 -0.451087 -0.056771
0.051882 -0.347985 0.044355
-0.663579 -0.347169 -0.057777
0.000000 0.000000 0.000000
-0.055902 -0.471995 -0.097233
0.150658 -0.549656 -0.112228
0.000000 0.000000 0.000000
0.000000 0.000000 0.000000
0.017343 -0.429035 0.149109
0.000000 0.000000 0.000000
0.000000 0.000000 0.000000
0.000000 0.000000 0.000000
0.000000 0.000000 0.000000
0.000000 0.000000 0.000000
0.000000 0.000000 0.000000
-0.388747 -0.536166 -0.040072
-0.663579 -0.458827 0.050025
0.000000 0.000000 0.000000
0.000000 0.000000 0.000000
0.000000 0.000000 0.000000
-0.238183 -0.418254 -0.097233
0.000000 0.000000 0.000000
0.000000 0.000000 0.000000
0.000000 0.000000 0.000000
0.000000 0.000000 0.000000
-0.673518 -0.490467 -0.112228
-0.081614 -0.561871 -0.082528
0.000000 0.000000 0.000000
0.061394 -0.367702 -0.112228
0.000000 0.000000 0.000000
0.000000 0.000000 0.000000
-0.368767 -0.525456 0.084604
-0.429297 -0.464342 -0.112228
0.000000 0.000000 0.000000
0.000000 0.000000 0.000000
0.186381 -0.510880 0.042518
0.000000 0.000000 0.000000
0.000000 0.000000 0.000000
0.000000 0.000000 0.000000
-0.663579 -0.184927 0.024270
0.000000 0.000000 0.000000
0.000000 0.000000 0.000000
0.000000 0.000000 0.000000
0.000000 0.000000 0.000000
0.000000 0.000000 0.000000
0.000000 0.000000 0.000000
0.000000 0.000000 0.000000
0.021893 -0.524971 -0.055803
-0.061424 -0.536166 0.120662
0.000000 0.000000 0.000000
0.000000 0.000000 0.000000
0.000000 0.000000 0.000000
0.000000 0.000000 0.000000
-0.549282 -0.374294 -0.112228
0.000000 0.000000 0.000000
-0.693568 -0.358298 0.028713
-0.661819 -0.596934 0.089572
-0.335787 -0.385100 -0.097233
0.000000 0.000000 0.000000
0.000000 0.000000 0.000000
-0.008097 -0.486379 0.062857
0.000000 0.000000 0.000000
-0.618694 -0.536166 -0.037429
-0.693568 -0.282972 -0.068382
-0.131748 -0.561871 0.053639
0.000000 0.000000 0.000000
-0.663579 -0.279770 0.137359
0.000000 0.000000 0.000000
0.000000 0.000000 0.000000
-0.274122 -0.536166 -0.056143
0.000000 0.000000 0.000000
0.000000 0.000000 0.000000
0.000000 0.000000 0.000000
0.214802 -0.478568 -0.099376
0.000000 0.000000 0.000000
-0.671887 -0.392080 -0.112228
-0.395513 -0.289891 -0.112228
-0.218142 -0.561871 0.074853
0.000000 0.000000 0.000000
0.000000 0.000000 0.000000
0.000000 0.000000 0.000000
0.000000 0.000000 0.000000
0.000000 0.000000 0.000000
0.000000 0.000000 0.000000
-0.666531 -0.430334 0.149109
0.000000 0.000000 0.000000
0.000000 0.000000 0.000000
0.158861 -0.561871 -0.037428
0.000000 0.000000 0.000000
0.000000 0.000000 0.000000
0.000000 0.000000 0.000000
0.134002 -0.510880 0.117245
-0.507071 -0.426610 -0.112228
0.000000 0.000000 0.000000
-0.008097 -0.366890 -0.015117
-0.181009 -0.434565 -0.112228
0.000000 0.000000 0.000000
0.000000 0.000000 0.000000
0.000000 0.000000 0.000000
0.028693 -0.561871 0.038425
0.000000 0.000000 0.000000
0.000000 0.000000 0.000000
0.000000 0.000000 0.000000
-0.163041 -0.293938 -0.097233
0.000000 0.000000 0.000000
0.000000 0.000000 0.000000
0.000000 0.000000 0.000000
0.000000 0.000000 0.000000
-0.533008 -0.525456 0.025960
0.000000 0.000000 0.000000
0.000000 0.000000 0.000000
-0.565332 -0.243891 -0.112228
0.000000 0.000000 0.000000
0.000000 0.000000 0.000000
0.000000 0.000000 0.000000
0.095846 -0.510880 -0.074071
0.000000 0.000000 0.000000
0.000000 0.000000 0.000000
-0.682719 -0.561871 -0.075658
0.000000 0.000000 0.000000
0.000000 0.000000 0.000000
0.000000 0.000000 0.000000
0.000000 0.000000 0.000000
0.000000 0.000000 0.000000
-0.693568 -0.506188 -0.007072
0.000000 0.000000 0.000000
-0.269343 -0.536166 0.061070
0.000000 0.000000 0.000000
0.000000 0.000000 0.000000
0.000000 0.000000 0.000000
0.000000 0.000000 0.000000
0.000000 0.000000 0.000000
0.000000 0.000000 0.000000
0.000000 0.000000 0.000000
-0.311229 -0.561871 -0.065546
0.000000 0.000000 0.000000
0.000000 0.000000 0.000000
0.000000 0.000000 0.000000
0.000000 0.000000 0.000000
0.000000 0.000000 0.000000
0.000000 0.000000 0.000000
-0.032165 -0.561871 -0.081748
0.000000 0.000000 0.000000
0.000000 0.000000 0.000000
0.000000 0.000000 0.000000
0.093738 -0.453494 -0.099376
-0.693568 -0.224080 -0.017327
0.000000 0.000000 0.000000
0.000000 0.000000 0.000000
0.000000 0.000000 0.000000
-0.008097 -0.494022 -0.005414
-0.140091 -0.536166 -0.039766
0.000000 0.000000 0.000000
0.000000 0.000000 0.000000
0.000000 0.000000 0.000000
0.000000 0.000000 0.000000
0.000000 0.000000 0.000000
-0.014399 -0.337667 -0.112228
-0.457598 -0.561871 -0.048470
0.000000 0.000000 0.000000
-0.204118 -0.536166 -0.090911
0.000000 0.000000 0.000000
0.000000 0.000000 0.000000
0.000000 0.000000 0.000000
0.000000 0.000000 0.000000
0.000000 0.000000 0.000000
0.000000 0.000000 0.000000
-0.491321 -0.561871 0.091887
0.000000 0.000000 0.000000
0.000000 0.000000 0.000000
0.000000 0.000000 0.000000
0.000000 0.000000 0.000000
0.000000 0.000000 0.000000
0.000000 0.000000 0.000000
0.000000 0.000000 0.000000
-0.486517 -0.321346 -0.097233
0.021893 -0.430613 -0.106883
0.000000 0.000000 0.000000
0.000000 0.000000 0.000000
-0.693568 -0.310830 0.087444
0.153542 -0.561871 0.065640
0.000000 0.000000 0.000000
0.000000 0.000000 0.000000
0.051882 -0.475720 0.100903
0.000000 0.000000 0.000000
0.000000 0.000000 0.000000
0.021893 -0.406162 0.076505
0.000000 0.000000 0.000000
0.000000 0.000000 0.000000
0.000000 0.000000 0.000000
-0.625735 -0.561871 0.098756
0.000000 0.000000 0.000000
0.000000 0.000000 0.000000
0.000000 0.000000 0.000000
0.000000 0.000000 0.000000
-0.500651 -0.502617 -0.097233
0.000000 0.000000 0.000000
-0.663579 -0.346441 0.089656
-0.693568 -0.224084 0.091390
0.000000 0.000000 0.000000
0.000000 0.000000 0.000000
0.000000 0.000000 0.000000
0.000000 0.000000 0.000000
0.000000 0.000000 0.000000
0.000000 0.000000 0.000000
0.000000 0.000000 0.000000
0.000000 0.000000 0.000000
0.226607 -0.561871 0.040479
0.000000 0.000000 0.000000
0.000000 0.000000 0.000000
0.000000 0.000000 0.000000
-0.652036 -0.525456 0.066631
0.000000 0.000000 0.000000
0.000000 0.000000 0.000000
0.000000 0.000000 0.000000
-0.693568 -0.311769 0.012618
-0.353091 -0.561871 0.006939
0.065100 -0.561871 0.086355
0.000000 0.000000 0.000000
0.000000 0.000000 0.000000
0.000000 0.000000 0.000000
0.000000 0.000000 0.000000
0.000000 0.000000 0.000000
0.000000 0.000000 0.000000
-0.417305 -0.561871 0.112123
0.000000 0.000000 0.000000
0.041028 -0.561871 -0.013425
0.000000 0.000000 0.000000
0.000000 0.000000 0.000000
0.000000 0.000000 0.000000
0.000000 0.000000 0.000000
-0.385862 -0.502894 -0.097233
0.000000 0.000000 0.000000
0.017568 -0.483866 -0.112228
0.000000 0.000000 0.000000
0.000000 0.000000 0.000000
0.000000 0.000000 0.000000
-0.398555 -0.561871 0.074035
0.000000 0.000000 0.000000
0.000000 0.000000 0.000000
0.000000 0.000000 0.000000
0.000000 0.000000 0.000000
-0.317124 -0.446376 -0.097233
0.000000 0.000000 0.000000
0.000000 0.000000 0.000000
0.000000 0.000000 0.000000
0.000000 0.000000 0.000000
0.000000 0.000000 0.000000
-0.601390 -0.401850 -0.097233
0.000000 0.000000 0.000000
0.000000 0.000000 0.000000
0.000000 0.000000 0.000000
0.000000 0.000000 0.000000
0.159764 -0.510880 0.003569
0.000000 0.000000 0.000000
0.000000 0.000000 0.000000
0.000000 0.000000 0.000000
-0.362125 -0.530001 0.149109
-0.008097 -0.485880 0.130317
-0.303702 -0.561871 0.109644
0.097498 -0.561871 -0.064334
0.000000 0.000000 0.000000
0.000000 0.000000 0.000000
0.000000 0.000000 0.000000
0.000000 0.000000 0.000000
0.000000 0.000000 0.000000
0.000000 0.000000 0.000000
-0.122491 -0.483406 -0.112228
0.000000 0.000000 0.000000
0.000000 0.000000 0.000000
0.000000 0.000000 0.000000
0.000000 0.000000 0.000000
0.000000 0.000000 0.000000
0.000000 0.000000 0.000000
-0.685417 -0.326131 -0.112228
-0.663579 -0.230968 -0.082248
0.000000 0.000000 0.000000
0.000000 0.000000 0.000000
0.000000 0.000000 0.000000
0.000000 0.000000 0.000000
0.000000 0.000000 0.000000
0.000000 0.000000 0.000000
-0.622269 -0.353428 -0.112228
0.051882 -0.389109 -0.034477
0.000000 0.000000 0.000000
0.000000 0.000000 0.000000
0.000000 0.000000 0.000000
-0.556946 -0.308056 -0.097233
0.000000 0.000000 0.000000
0.000000 0.000000 0.000000
0.000000 0.000000 0.000000
-0.506208 -0.561871 0.000477
-0.188510 -0.379818 -0.097233
0.000000 0.000000 0.000000
0.000000 0.000000 0.000000
-0.502290 -0.561871 -0.091190
0.000000 0.000000 0.000000
0.000000 0.000000 0.000000
0.000000 0.000000 0.000000
0.203706 -0.523313 -0.075708
0.000000 0.000000 0.000000
0.000000 0.000000 0.000000
-0.693568 -0.402118 -0.021325
0.000000 0.000000 0.000000
0.000000 0.000000 0.000000
0.188348 -0.510880 0.094500
-0.591585 -0.536166 -0.065650
0.000000 0.000000 0.000000
0.000000 0.000000 0.000000
0.000000 0.000000 0.000000
0.000000 0.000000 0.000000
0.051882 -0.383938 0.110219
-0.341692 -0.546538 -0.112228
-0.663579 -0.490029 -0.032060
0.000000 0.000000 0.000000
0.021893 -0.443066 -0.006131
0.000000 0.000000 0.000000
-0.693568 -0.456831 0.098191
0.000000 0.000000 0.000000
0.000000 0.000000 0.000000
-0.663579 -0.430415 0.003736
0.000000 0.000000 0.000000
-0.035101 -0.525456 -0.053697
0.000000 0.000000 0.000000
0.000000 0.000000 0.000000
0.000000 0.000000 0.000000
0.000000 0.000000 0.000000
-0.566157 -0.561871 -0.018029
0.000000 0.000000 0.000000
0.000000 0.000000 0.000000
-0.003288 -0.561871 0.100901
0.000000 0.000000 0.000000
0.000000 0.000000 0.000000
-0.381263 -0.356536 -0.097233
-0.328225 -0.525456 -0.038803
-0.632437 -0.525456 0.127175
0.000000 0.000000 0.000000
-0.131350 -0.525456 0.002668
-0.008097 -0.457599 -0.047716
-0.543102 -0.508773 -0.112228
0.000000 0.000000 0.000000
-0.102726 -0.525456 0.064865
-0.008097 -0.353701 0.059360
0.000000 0.000000 0.000000
0.000000 0.000000 0.000000
-0.095377 -0.561871 -0.016772
0.000000 0.000000 0.000000
0.000000 0.000000 0.000000
-0.467402 -0.536166 0.047007
0.000000 0.000000 0.000000
-0.671352 -0.561871 -0.034775
0.231728 -0.510880 0.055789
0.000000 0.000000 0.000000
-0.236819 -0.493638 -0.112228
0.000000 0.000000 0.000000
-0.187512 -0.561871 -0.042953
0.000000 0.000000 0.000000
0.000000 0.000000 0.000000
0.000000 0.000000 0.000000
0.000000 0.000000 0.000000
-0.226122 -0.542233 0.127688
0.000000 0.000000 0.000000
0.000000 0.000000 0.000000
0.000000 0.000000 0.000000
0.148495 -0.474494 -0.112228
0.000000 0.000000 0.000000
0.000000 0.000000 0.000000
0.000000 0.000000 0.000000
-0.644930 -0.536166 -0.082799
0.000000 0.000000 0.000000
-0.663579 -0.162238 0.093552
-0.662939 -0.525456 0.020117
-0.573860 -0.536166 0.139209
0.000000 0.000000 0.000000
-0.340231 -0.298833 -0.097233
-0.051596 -0.414960 -0.097233
0.000000 0.000000 0.000000
-0.227079 -0.561871 -0.016521
0.000000 0.000000 0.000000
0.000000 0.000000 0.000000
0.000000 0.000000 0.000000
0.000000 0.000000 0.000000
0.000000 0.000000 0.000000
0.000000 0.000000 0.000000
0.000000 0.000000 0.000000
0.108020 -0.536166 0.080909
0.000000 0.000000 0.000000
-0.170833 -0.536166 0.066704
0.000000 0.000000 0.000000
0.000000 0.000000 0.000000
-0.004010 -0.398620 -0.112228
0.000000 0.000000 0.000000
0.000000 0.000000 0.000000
-0.460734 -0.411546 -0.097233
0.000000 0.000000 0.000000
-0.634010 -0.444877 -0.097233
0.000000 0.000000 0.000000
0.000000 0.000000 0.000000
0.000000 0.000000 0.000000
-0.637118 -0.561871 0.011362
0.000000 0.000000 0.000000
-0.333784 -0.561871 0.078213
0.000000 0.000000 0.000000
0.000000 0.000000 0.000000
0.051882 -0.487430 0.006991
-0.427696 -0.255754 -0.097233
0.000000 0.000000 0.000000
-0.119750 -0.525456 0.144469
0.000000 0.000000 0.000000
-0.663579 -0.392524 0.049036
0.000000 0.000000 0.000000
-0.493645 -0.370753 -0.112228
0.000000 0.000000 0.000000
0.000000 0.000000 0.000000
0.000000 0.000000 0.000000
0.021893 -0.454619 0.051933
0.000000 0.000000 0.000000
0.000000 0.000000 0.000000
-0.391901 -0.525456 0.019832
0.000000 0.000000 0.000000
-0.375606 -0.444768 -0.112228
-0.040817 -0.530935 -0.112228
-0.533052 -0.525456 0.129158
0.203916 -0.536166 -0.006160
0.000000 0.000000 0.000000
-0.074414 -0.561871 0.088263
-0.663579 -0.336779 0.140524
-0.272953 -0.561871 -0.097461
0.000000 0.000000 0.000000
0.000000 0.000000 0.000000
0.000000 0.000000 0.000000
0.000000 0.000000 0.000000
0.000000 0.000000 0.000000
0.000000 0.000000 0.000000
0.000000 0.000000 0.000000
-0.122613 -0.561871 0.092643
0.000000 0.000000 0.000000
-0.243296 -0.525456 0.012745
-0.663579 -0.487140 0.112925
-0.693568 -0.505732 -0.066924
-0.409554 -0.409065 -0.097233
0.000000 0.000000 0.000000
0.000000 0.000000 0.000000
0.082548 -0.407393 -0.099376
0.000000 0.000000 0.000000
0.000000 0.000000 0.000000
0.180971 -0.433135 -0.112228
0.000000 0.000000 0.000000
0.000000 0.000000 0.000000
0.000000 0.000000 0.000000
0.000000 0.000000 0.000000
0.000000 0.000000 0.000000
-0.306780 -0.525456 0.072597
-0.096371 -0.452853 -0.097233
-0.613323 -0.223918 -0.097233
0.000000 0.000000 0.000000
0.000000 0.000000 0.000000
0.000000 0.000000 0.000000
0.000000 0.000000 0.000000
0.000000 0.000000 0.000000
0.000000 0.000000 0.000000
0.119835 -0.561871 0.124512
-0.143923 -0.561871 0.004988
0.000000 0.000000 0.000000
0.000000 0.000000 0.000000
0.000000 0.000000 0.000000
0.021893 -0.530729 0.074073
0.000000 0.000000 0.000000
0.000000 0.000000 0.000000
0.000000 0.000000 0.000000
0.000000 0.000000 0.000000
0.000000 0.000000 0.000000
0.000000 0.000000 0.000000
0.000000 0.000000 0.000000
0.086706 -0.511170 0.127688
0.072028 -0.536166 -0.097629
-0.693568 -0.491094 0.076120
0.000000 0.000000 0.000000
0.000000 0.000000 0.000000
0.000000 0.000000 0.000000
0.000000 0.000000 0.000000
0.000000 0.000000 0.000000
0.000000 0.000000 0.000000
0.000000 0.000000 0.000000
0.000000 0.000000 0.000000
0.000000 0.000000 0.000000
0.000000 0.000000 0.000000
-0.666111 -0.271508 -0.112228
0.000000 0.000000 0.000000
0.000000 0.000000 0.000000
0.000000 0.000000 0.000000
0.000000 0.000000 0.000000
-0.067214 -0.375378 -0.112228
0.000000 0.000000 0.000000
-0.526721 -0.561871 0.054878
-0.663579 -0.269141 0.087996
0.000000 0.000000 0.000000
0.000000 0.000000 0.000000
0.000000 0.000000 0.000000
-0.008097 -0.444959 0.026000
0.000000 0.000000 0.000000
0.000000 0.000000 0.000000
0.080569 -0.523313 -0.026053
0.000000 0.000000 0.000000
-0.429023 -0.525456 -0.017102
0.000000 0.000000 0.000000
0.000000 0.000000 0.000000
0.155573 -0.510880 -0.079026
0.000000 0.000000 0.000000
0.000000 0.000000 0.000000
0.000000 0.000000 0.000000
0.000000 0.000000 0.000000
0.000000 0.000000 0.000000
-0.614172 -0.598203 0.082341
-0.435010 -0.319284 -0.097233
0.237745 -0.535766 0.127688
0.000000 0.000000 0.000000
0.000000 0.000000 0.000000
0.000000 0.000000 0.000000
0.000000 0.000000 0.000000
0.000000 0.000000 0.000000
0.000000 0.000000 0.000000
0.000000 0.000000 0.000000
0.000000 0.000000 0.000000
0.000000 0.000000 0.000000
0.000000 0.000000 0.000000
0.000000 0.000000 0.000000
-0.024416 -0.525456 0.084694
0.004690 -0.536166 -0.004204
0.000000 0.000000 0.000000
0.000000 0.000000 0.000000
0.000000 0.000000 0.000000
0.000000 0.000000 0.000000
-0.404730 -0.525456 0.121148
0.000000 0.000000 0.000000
0.000000 0.000000 0.000000
0.000000 0.000000 0.000000
0.000000 0.000000 0.000000
0.000000 0.000000 0.000000
0.000000 0.000000 0.000000
0.000000 0.000000 0.000000
0.000000 0.000000 0.000000
0.000000 0.000000 0.000000
-0.033519 -0.561871 0.009169
0.000000 0.000000 0.000000
-0.450218 -0.536166 0.097987
0.000000 0.000000 0.000000
0.000000 0.000000 0.000000
0.000000 0.000000 0.000000
-0.276395 -0.461361 -0.097233
0.000000 0.000000 0.000000
0.000000 0.000000 0.000000
0.074302 -0.536166 0.046994
0.000000 0.000000 0.000000
0.000000 0.000000 0.000000
0.000000 0.000000 0.000000
0.000000 0.000000 0.000000
-0.595437 -0.561871 0.102807
-0.387684 -0.561871 -0.109195
-0.561549 -0.422120 -0.112228
-0.337248 -0.493829 -0.112228
-0.008097 -0.395218 0.108181
-0.379745 -0.561871 0.125212
0.000000 0.000000 0.000000
-0.634667 -0.578311 -0.078678
0.000000 0.000000 0.000000
0.000000 0.000000 0.000000
0.000000 0.000000 0.000000
0.000000 0.000000 0.000000
0.000000 0.000000 0.000000
0.000000 0.000000 0.000000
0.000000 0.000000 0.000000
0.000000 0.000000 0.000000
0.000000 0.000000 0.000000
-0.678005 -0.438708 -0.112228
0.188526 -0.511520 -0.112228
0.000000 0.000000 0.000000
0.000000 0.000000 0.000000
-0.669175 -0.194584 -0.112228
0.000000 0.000000 0.000000
-0.318821 -0.525456 0.014487
0.000000 0.000000 0.000000
0.000000 0.000000 0.000000
0.000000 0.000000 0.000000
0.000000 0.000000 0.000000
0.000000 0.000000 0.000000
0.000000 0.000000 0.000000
0.000000 0.000000 0.000000
-0.119849 -0.551057 -0.112228
0.000000 0.000000 0.000000
