0.000000 0.000000 0.000000
0.337425 0.113211 -0.580478
-0.387879 0.113118 0.067115
0.000000 0.000000 0.000000
0.395928 -0.149615 -0.023669
0.000000 0.000000 0.000000
0.000000 0.000000 0.000000
0.000000 0.000000 0.000000
0.000000 0.000000 0.000000
0.000000 0.000000 0.000000
-0.055052 0.169766 -0.800354
0.173999 -0.106471 -0.349493
0.000000 0.000000 0.000000
0.000000 0.000000 0.000000
-0.169540 -0.106471 0.471581
0.395928 -0.227536 -0.800939
0.395928 0.196313 -0.239663
0.000000 0.000000 0.000000
0.000000 0.000000 0.000000
0.268995 0.095500 -0.873280
0.395928 -0.229410 -0.449330
0.000000 0.000000 0.000000
-0.387879 0.162127 0.385283
0.158591 -0.077232 0.159263
0.000000 0.000000 0.000000
-0.100002 0.010237 0.449925
0.000000 0.000000 0.000000
0.000000 0.000000 0.000000
0.000000 0.000000 0.000000
-0.387879 0.159245 -0.176461
0.000000 0.000000 0.000000
0.273392 -0.064507 -0.182679
0.000000 0.000000 0.000000
-0.370120 0.197727 0.505507
0.395928 -0.015493 0.036937
0.000000 0.000000 0.000000
0.160467 -0.020960 -0.448134
0.000000 0.000000 0.000000
0.000000 0.000000 0.000000
0.000000 0.000000 0.000000
0.182881 0.082785 -0.759523
0.000000 0.000000 0.000000
0.000000 0.000000 0.000000
0.151960 -0.106471 0.256256
-0.297903 0.197727 -0.871707
0.360286 0.006022 -0.380415
0.395928 -0.095715 -0.663266
0.000000 0.000000 0.000000
-0.387878 0.105767 0.128260
0.395928 0.151875 -0.767143
0.385812 0.197727 0.025987
0.295095 -0.106471 -0.649844
0.000000 0.000000 0.000000
-0.038065 -0.085801 0.158439
0.162886 0.082875 -0.644829
-0.303244 -0.040229 0.555354
0.000000 0.000000 0.000000
0.000000 0.000000 0.000000
-0.310426 0.018985 0.286286
0.000000 0.000000 0.000000
0.086446 -0.106471 -0.023159
0.000000 0.000000 0.000000
0.296140 -0.106471 0.143446
0.000000 0.000000 0.000000
0.395928 0.063125 -0.123923
-0.242544 0.197727 -0.832893
0.395928 -0.128478 -0.237216
0.000000 0.000000 0.000000
0.187133 -0.049623 -0.873280
0.000000 0.000000 0.000000
0.000000 0.000000 0.000000
0.000000 0.000000 0.000000
0.106372 0.173504 -0.873280
0.000000 0.000000 0.000000
0.000000 0.000000 0.000000
-0.251162 0.059215 0.499610
0.000000 0.000000 0.000000
-0.387878 0.156933 0.276099
0.086792 0.047887 -0.579400
0.282837 -0.106471 -0.298365
0.356801 0.187765 -0.417955
0.332714 -0.106471 0.024940
0.000000 0.000000 0.000000
0.105043 -0.106471 -0.195433
0.000000 0.000000 0.000000
0.395928 -0.005165 -0.793219
0.357950 -0.072430 -0.502033
0.000000 0.000000 0.000000
0.000000 0.000000 0.000000
0.000000 0.000000 0.000000
-0.196984 0.116498 -0.742026
-0.329763 0.141238 0.499941
0.000000 0.000000 0.000000
-0.329252 0.045544 0.501178
0.395928 -0.247728 -0.283613
0.255098 0.197727 -0.761552
0.386065 -0.044101 -0.873280
0.273608 -0.012724 -0.682975
0.395928 0.189335 -0.588042
0.000000 0.000000 0.000000
0.000000 0.000000 0.000000
0.000000 0.000000 0.000000
0.000000 0.000000 0.000000
0.000000 0.000000 0.000000
0.395928 0.022244 -0.549056
-0.084351 -0.106471 0.323194
-0.024966 -0.037744 -0.428190
0.050837 -0.106471 0.269011
0.000000 0.000000 0.000000
0.000000 0.000000 0.000000
0.000000 0.000000 0.000000
0.355159 -0.075851 -0.110988
0.395928 0.150417 -0.379225
-0.077442 0.098032 -0.673903
0.274990 0.062491 -0.489785
0.384653 0.197727 -0.116915
0.000000 0.000000 0.000000
0.334315 0.060442 -0.249469
0.329033 -0.137240 -0.873280
0.000000 0.000000 0.000000
0.000000 0.000000 0.000000
-0.163514 0.151562 -0.873280
0.000000 0.000000 0.000000
0.000000 0.000000 0.000000
0.000000 0.000000 0.000000
0.014985 0.103946 -0.688378
0.189504 -0.106471 -0.585565
0.318115 -0.106471 -0.434994
0.016101 0.155937 -0.873280
0.344941 0.078899 -0.036167
-0.221166 -0.022052 0.359601
-0.358129 0.069624 0.322475
0.000000 0.000000 0.000000
0.395928 -0.245316 -0.638974
0.124993 -0.106471 -0.229211
0.000000 0.000000 0.000000
0.000000 0.000000 0.000000
0.000000 0.000000 0.000000
0.395928 -0.260016 0.082504
0.000000 0.000000 0.000000
0.000000 0.000000 0.000000
-0.353235 0.165695 -0.284256
-0.307754 0.140223 -0.500769
0.000000 0.000000 0.000000
-0.282746 0.197727 -0.682992
0.000000 0.000000 0.000000
0.103876 0.161067 -0.755431
0.249458 -0.010377 -0.873280
0.395928 -0.150684 0.120120
0.395928 0.011422 -0.033234
0.000000 0.000000 0.000000
0.395928 -0.257383 -0.590224
0.275671 -0.075656 -0.068488
0.391558 0.188957 -0.873280
-0.354104 0.161188 -0.040818
0.000000 0.000000 0.000000
0.395928 -0.132088 -0.341942
0.361737 0.076099 -0.456712
0.000000 0.000000 0.000000
-0.028437 -0.053379 0.292164
0.395928 0.050785 -0.664956
0.080003 -0.082381 0.082846
0.000000 0.000000 0.000000
-0.369572 0.197727 0.162482
0.115219 0.074560 -0.873280
0.000000 0.000000 0.000000
0.000000 0.000000 0.000000
0.000000 0.000000 0.000000
-0.387879 0.096347 0.491652
0.175592 -0.106471 -0.087381
0.131415 -0.040592 -0.782020
0.297018 0.154737 -0.655647
0.000000 0.000000 0.000000
0.000000 0.000000 0.000000
0.000000 0.000000 0.000000
0.000000 0.000000 0.000000
0.395928 0.058779 -0.301258
-0.302283 0.092319 0.394099
0.204658 -0.106471 0.037660
0.000000 0.000000 0.000000
-0.387879 0.153410 -0.107886
0.000000 0.000000 0.000000
0.000000 0.000000 0.000000
0.285850 -0.001073 -0.352120
0.000000 0.000000 0.000000
0.000000 0.000000 0.000000
0.060819 0.114958 -0.800952
0.000000 0.000000 0.000000
0.000000 0.000000 0.000000
-0.144625 -0.059381 0.266231
0.313598 -0.019325 0.083885
0.000000 0.000000 0.000000
0.000000 0.000000 0.000000
-0.104412 0.136891 -0.873280
0.358333 -0.045943 -0.277793
0.000000 0.000000 0.000000
0.000000 0.000000 0.000000
-0.193421 0.043106 0.499031
0.068957 -0.063537 0.212461
0.106464 -0.052800 -0.318553
0.395928 -0.226649 -0.118959
0.000000 0.000000 0.000000
0.084982 -0.006210 -0.873280
0.000000 0.000000 0.000000
0.395928 0.096525 0.073512
0.000000 0.000000 0.000000
0.395928 0.175759 -0.495544
0.013196 0.007093 -0.526375
0.000000 0.000000 0.000000
0.000000 0.000000 0.000000
0.000000 0.000000 0.000000
0.045184 -0.106471 -0.087721
0.395928 -0.102428 -0.783489
0.395928 0.054321 -0.842063
0.323783 0.091409 -0.368026
-0.151191 0.173884 -0.770252
0.395928 0.173335 -0.667128
0.000000 0.000000 0.000000
0.000000 0.000000 0.000000
0.000000 0.000000 0.000000
0.000000 0.000000 0.000000
0.000000 0.000000 0.000000
0.000000 0.000000 0.000000
0.395928 -0.079686 0.040689
0.000000 0.000000 0.000000
0.177798 -0.106471 -0.238162
0.000000 0.000000 0.000000
0.204787 -0.106471 -0.696912
0.317884 -0.106471 -0.230337
0.000000 0.000000 0.000000
0.000000 0.000000 0.000000
0.395928 -0.225573 -0.740265
0.000000 0.000000 0.000000
0.395928 0.004406 -0.195601
0.000000 0.000000 0.000000
0.000000 0.000000 0.000000
0.000000 0.000000 0.000000
0.000000 0.000000 0.000000
0.194068 0.170078 -0.873280
0.395928 0.100524 -0.000137
0.395928 -0.147003 -0.578403
0.000000 0.000000 0.000000
-0.014106 0.051519 -0.873280
0.326027 0.197727 -0.717292
0.181298 0.027865 -0.559751
-0.035514 -0.017425 0.388714
0.254949 0.107727 -0.588192
0.356740 0.126539 -0.193225
0.227153 -0.106471 -0.510448
0.000000 0.000000 0.000000
0.142606 0.110338 -0.777687
0.069291 -0.036743 -0.381444
0.033859 0.197727 -0.828330
0.000000 0.000000 0.000000
0.000000 0.000000 0.000000
-0.322928 0.159489 -0.588283
-0.381733 0.197727 -0.477182
0.296249 -0.026291 -0.241803
0.241579 -0.072295 0.202239
0.343054 0.091228 -0.153827
0.000000 0.000000 0.000000
-0.387879 0.030353 0.632722
0.000000 0.000000 0.000000
0.000000 0.000000 0.000000
0.000000 0.000000 0.000000
0.000000 0.000000 0.000000
-0.007489 -0.106471 0.023240
0.252891 0.078378 -0.707160
0.345237 -0.026114 -0.560013
0.000000 0.000000 0.000000
0.351502 0.068480 0.081467
0.000000 0.000000 0.000000
-0.355542 0.191979 0.063115
0.073135 0.006732 -0.499594
-0.358377 0.135513 0.353327
0.309194 0.197727 -0.825614
-0.293209 0.197727 -0.751523
0.128949 -0.045486 0.284076
0.000000 0.000000 0.000000
0.232497 -0.050838 -0.363841
0.000000 0.000000 0.000000
0.000000 0.000000 0.000000
0.359184 0.188190 -0.321530
0.000000 0.000000 0.000000
-0.387879 0.143648 0.178680
0.000000 0.000000 0.000000
0.000000 0.000000 0.000000
-0.351368 0.197727 0.455390
0.000000 0.000000 0.000000
0.000000 0.000000 0.000000
0.000000 0.000000 0.000000
0.312099 0.129200 -0.493229
0.265222 -0.106471 -0.230218
-0.036104 -0.106471 0.277212
0.395928 -0.140699 -0.433245
0.395928 0.125683 -0.253006
0.000000 0.000000 0.000000
0.000000 0.000000 0.000000
0.000000 0.000000 0.000000
0.000000 0.000000 0.000000
0.000000 0.000000 0.000000
0.209286 0.153269 -0.686176
0.354794 0.003319 -0.091792
0.395928 -0.218754 -0.212974
0.395928 -0.251665 -0.002496
0.000000 0.000000 0.000000
0.000000 0.000000 0.000000
0.000000 0.000000 0.000000
0.351573 0.150456 0.078265
0.302567 0.078746 -0.649171
0.000000 0.000000 0.000000
0.000000 0.000000 0.000000
0.201543 0.110836 -0.873280
0.011133 0.073966 -0.646111
0.395913 -0.191492 -0.873280
0.000000 0.000000 0.000000
-0.046599 -0.106471 0.409046
0.000000 0.000000 0.000000
0.240159 -0.106471 -0.380561
0.395928 -0.058283 -0.394048
0.000000 0.000000 0.000000
-0.350787 0.137506 0.426470
0.000000 0.000000 0.000000
0.000000 0.000000 0.000000
0.395928 -0.191181 0.153134
-0.333547 0.075981 0.208120
0.000000 0.000000 0.000000
0.324151 -0.022544 -0.016839
0.000000 0.000000 0.000000
0.000000 0.000000 0.000000
-0.103679 -0.037996 0.341781
0.000000 0.000000 0.000000
0.395928 -0.035462 -0.435572
0.000000 0.000000 0.000000
0.003373 -0.074546 0.207991
0.000000 0.000000 0.000000
0.013316 0.155583 -0.751440
0.000000 0.000000 0.000000
0.000000 0.000000 0.000000
-0.209313 0.196412 -0.733300
0.000000 0.000000 0.000000
0.165933 0.189787 -0.754890
-0.153253 -0.106471 0.388157
0.000000 0.000000 0.000000
0.000000 0.000000 0.000000
0.000000 0.000000 0.000000
0.000000 0.000000 0.000000
0.090552 -0.106471 0.178988
0.000000 0.000000 0.000000
-0.180208 0.005056 0.425618
0.000000 0.000000 0.000000
0.000000 0.000000 0.000000
0.000000 0.000000 0.000000
0.000000 0.000000 0.000000
0.182841 0.003707 -0.514487
0.000000 0.000000 0.000000
0.000000 0.000000 0.000000
0.206380 -0.106471 -0.164161
-0.280863 0.017253 0.388173
0.218969 -0.072208 -0.295742
0.000000 0.000000 0.000000
0.354718 0.131509 -0.087267
0.000000 0.000000 0.000000
-0.067194 -0.060729 0.267820
0.000000 0.000000 0.000000
-0.301104 0.090099 0.558141
0.000000 0.000000 0.000000
0.000000 0.000000 0.000000
0.285725 -0.106471 -0.037905
-0.387879 0.192436 0.605144
0.395928 0.099061 -0.557615
0.000000 0.000000 0.000000
0.287176 -0.106471 -0.125549
0.000000 0.000000 0.000000
0.395928 0.051473 -0.745302
0.395928 0.122912 -0.080009
0.000000 0.000000 0.000000
0.395928 -0.157306 -0.676776
0.395928 0.119790 -0.637159
0.000000 0.000000 0.000000
0.252037 -0.085063 0.102177
-0.015658 -0.095843 0.091440
0.395928 -0.032011 -0.688691
0.395928 -0.003053 -0.489192
-0.351210 0.093866 -0.078883
0.271578 -0.106471 0.209510
0.293547 -0.106471 -0.494080
-0.387879 0.188273 0.026277
-0.383597 0.197727 0.236296
0.000000 0.000000 0.000000
0.000000 0.000000 0.000000
0.000000 0.000000 0.000000
0.234429 0.000723 -0.451098
-0.110061 0.151084 -0.723727
0.000000 0.000000 0.000000
0.217316 0.009603 -0.735148
0.338160 0.017363 -0.173971
0.163460 -0.106471 -0.439646
0.395928 0.038595 -0.395417
0.318155 0.017418 -0.619155
0.000000 0.000000 0.000000
-0.025604 0.040811 -0.590879
0.360970 0.104450 -0.416384
-0.273011 0.145590 0.526881
0.000000 0.000000 0.000000
0.000000 0.000000 0.000000
0.000000 0.000000 0.000000
0.000000 0.000000 0.000000
0.000000 0.000000 0.000000
0.395928 -0.109362 -0.161340
0.000000 0.000000 0.000000
0.000000 0.000000 0.000000
-0.117218 0.197727 -0.854657
0.307345 0.004222 -0.296969
0.053345 -0.082685 -0.231299
-0.328326 0.098602 0.278628
0.395928 -0.085100 -0.540581
-0.387879 0.136383 0.545072
0.095312 -0.086904 -0.134406
0.000000 0.000000 0.000000
-0.351582 0.108985 0.017797
0.000000 0.000000 0.000000
0.000000 0.000000 0.000000
0.000000 0.000000 0.000000
0.000000 0.000000 0.000000
0.000000 0.000000 0.000000
0.119630 -0.106471 0.035409
0.000000 0.000000 0.000000
0.359578 -0.070367 -0.343266
0.000000 0.000000 0.000000
0.000000 0.000000 0.000000
0.000000 0.000000 0.000000
0.102936 0.047182 -0.793049
0.395928 -0.207522 -0.367650
0.205413 -0.054291 -0.743574
0.205616 -0.095718 -0.039430
0.395928 -0.019152 -0.316806
0.345422 0.089490 0.038314
0.000000 0.000000 0.000000
-0.387878 0.060135 0.554615
0.395928 -0.025945 -0.082278
-0.026883 0.099882 -0.803842
0.382080 0.197727 -0.062531
0.000000 0.000000 0.000000
-0.339335 0.063536 0.133431
-0.337049 0.197727 -0.661051
0.000000 0.000000 0.000000
0.000000 0.000000 0.000000
0.183131 0.029061 -0.873280
-0.058491 0.058973 -0.616721
0.000000 0.000000 0.000000
0.342516 0.028892 -0.873280
-0.066938 -0.002678 -0.511388
0.351444 -0.064381 0.084308
0.357834 0.050980 -0.502592
-0.387879 0.167489 0.443100
0.152722 -0.093337 0.001086
0.000000 0.000000 0.000000
0.000000 0.000000 0.000000
0.000000 0.000000 0.000000
0.346687 0.188965 -0.553422
0.000000 0.000000 0.000000
-0.283598 0.110133 0.464533
-0.257993 0.017033 0.441791
0.000000 0.000000 0.000000
0.042391 -0.017585 -0.457148
0.308089 0.171850 -0.873280
0.311645 -0.047600 -0.632221
0.141764 -0.106471 -0.292471
0.000000 0.000000 0.000000
0.395928 0.115051 -0.869145
0.395928 0.024683 0.075408
0.186480 -0.034434 -0.404081
0.305957 0.042503 -0.405909
0.000000 0.000000 0.000000
0.353422 0.161164 -0.019589
0.395928 0.051491 -0.251143
0.089126 0.102265 -0.680974
0.000000 0.000000 0.000000
-0.379136 0.197727 0.330277
0.000000 0.000000 0.000000
0.000000 0.000000 0.000000
0.000000 0.000000 0.000000
0.000000 0.000000 0.000000
0.000000 0.000000 0.000000
0.134802 0.133677 -0.720503
0.143290 -0.083655 0.103338
-0.340252 0.197339 -0.534385
0.011241 -0.106471 0.364847
0.000000 0.000000 0.000000
0.000000 0.000000 0.000000
0.000000 0.000000 0.000000
0.000000 0.000000 0.000000
0.395928 -0.115758 -0.865347
0.000000 0.000000 0.000000
0.000000 0.000000 0.000000
0.000000 0.000000 0.000000
0.000000 0.000000 0.000000
-0.387879 0.100712 0.417718
0.395928 -0.129992 -0.738176
0.283185 -0.106471 -0.584326
0.000000 0.000000 0.000000
0.000000 0.000000 0.000000
0.072535 -0.076801 0.130504
0.000000 0.000000 0.000000
-0.010756 -0.106471 0.230791
0.000000 0.000000 0.000000
0.117336 -0.039642 -0.373082
0.000000 0.000000 0.000000
0.395928 -0.186192 0.037061
-0.387878 0.122047 -0.050399
-0.387879 0.161480 0.087044
0.000000 0.000000 0.000000
0.260854 -0.106471 0.030665
0.209854 0.146817 -0.740431
0.000000 0.000000 0.000000
0.042360 -0.040485 0.309447
0.000000 0.000000 0.000000
0.000000 0.000000 0.000000
0.395928 -0.150394 -0.511336
-0.120470 0.137790 -0.782149
0.000000 0.000000 0.000000
0.346166 0.139468 -0.290497
0.395928 -0.078790 -0.030633
0.000000 0.000000 0.000000
0.342792 0.150057 -0.351623
0.245650 -0.106471 -0.443760
0.335925 0.079041 -0.295366
0.000000 0.000000 0.000000
0.282255 -0.067701 0.017388
0.278790 -0.072850 -0.873280
0.000000 0.000000 0.000000
0.000000 0.000000 0.000000
0.000000 0.000000 0.000000
0.344386 -0.099111 -0.563896
-0.300906 0.018449 0.330632
0.354010 -0.102759 -0.050572
0.000000 0.000000 0.000000
0.222783 -0.096897 -0.100268
0.000000 0.000000 0.000000
0.000000 0.000000 0.000000
0.395928 -0.056498 -0.796217
-0.141690 0.104766 -0.677441
-0.387878 0.068884 0.364034
0.000000 0.000000 0.000000
0.000000 0.000000 0.000000
0.359509 0.197727 -0.789498
0.353243 0.024241 -0.010210
0.395928 0.110807 -0.171486
-0.354325 0.197727 -0.197347
0.000000 0.000000 0.000000
0.192760 -0.106471 0.144356
0.000000 0.000000 0.000000
0.288977 -0.057536 -0.119581
0.395928 -0.038686 -0.228766
0.000000 0.000000 0.000000
-0.349303 0.070922 0.437787
0.395928 0.165643 -0.189669
0.000000 0.000000 0.000000
0.000000 0.000000 0.000000
0.000000 0.000000 0.000000
0.000000 0.000000 0.000000
0.000000 0.000000 0.000000
-0.300748 0.024257 0.558606
0.395928 -0.046039 0.103823
0.000000 0.000000 0.000000
0.171932 0.197727 -0.855110
0.000000 0.000000 0.000000
0.269303 0.189905 -0.673408
0.000000 0.000000 0.000000
0.071582 -0.062090 -0.280825
-0.168050 -0.032704 0.339378
0.357519 0.167247 -0.234129
0.000000 0.000000 0.000000
0.000000 0.000000 0.000000
0.000000 0.000000 0.000000
0.352357 0.009282 0.036305
0.395928 -0.041725 -0.149260
0.321342 0.180347 -0.612757
0.000000 0.000000 0.000000
0.104871 -0.089239 -0.080741
0.395928 0.089936 -0.358985
0.000000 0.000000 0.000000
0.000000 0.000000 0.000000
0.355079 0.190175 -0.174225
0.128012 -0.106471 0.307946
0.000000 0.000000 0.000000
0.183819 -0.063421 0.228590
0.000000 0.000000 0.000000
0.050720 -0.093796 0.024741
0.017539 -0.106471 0.152191
-0.354858 0.190787 -0.083229
0.395928 -0.196360 -0.577842
0.000000 0.000000 0.000000
0.000000 0.000000 0.000000
0.128897 -0.066278 0.207828
0.000000 0.000000 0.000000
-0.186157 0.145211 -0.703444
0.002833 -0.106471 -0.040620
0.395928 0.115438 -0.699700
0.148261 -0.080732 -0.193864
0.278313 -0.041289 0.166142
0.036976 -0.054866 -0.344114
-0.054314 -0.033463 0.346762
0.395928 -0.161568 -0.086173
-0.077354 -0.095294 0.108041
-0.360339 0.197727 -0.429585
0.251869 0.141016 -0.708352
0.168940 0.026247 -0.767489
-0.035332 0.154017 -0.751873
-0.349739 0.154435 0.224359
0.000000 0.000000 0.000000
-0.352069 0.145246 0.130867
0.000000 0.000000 0.000000
0.395928 -0.031224 -0.630802
-0.051957 0.171333 -0.873280
0.000000 0.000000 0.000000
-0.097995 -0.017262 0.393834
0.000000 0.000000 0.000000
0.035481 0.056510 -0.804088
-0.108277 -0.106471 0.484748
0.356908 -0.076715 -0.202872
0.363856 0.197727 -0.637168
0.000000 0.000000 0.000000
0.080159 0.123429 -0.873280
0.344669 -0.106471 -0.378075
-0.182297 0.197727 -0.816354
0.220952 0.197727 -0.817806
0.000000 0.000000 0.000000
0.000000 0.000000 0.000000
0.000000 0.000000 0.000000
0.328597 -0.068012 -0.873280
0.358169 0.010044 -0.269179
0.078511 0.179189 -0.798760
0.000000 0.000000 0.000000
-0.096132 -0.106471 0.409039
0.000000 0.000000 0.000000
0.000000 0.000000 0.000000
0.000000 0.000000 0.000000
-0.348856 0.184100 -0.372579
0.276160 -0.031802 -0.299658
0.395928 -0.164120 -0.286488
0.075633 -0.106471 0.357279
0.000000 0.000000 0.000000
0.395928 -0.167151 -0.795462
0.000000 0.000000 0.000000
0.000000 0.000000 0.000000
-0.387879 0.105928 0.216776
0.395928 -0.249270 -0.506679
0.000000 0.000000 0.000000
0.000000 0.000000 0.000000
0.054747 -0.106471 -0.166329
0.000000 0.000000 0.000000
-0.219977 0.162056 -0.687371
0.000000 0.000000 0.000000
-0.144140 -0.079649 0.190115
-0.347672 0.105153 -0.185594
0.000000 0.000000 0.000000
0.350348 -0.081306 0.141928
0.261074 0.145558 -0.633785
0.395928 -0.083895 -0.281575
0.024993 -0.106471 0.195300
0.000000 0.000000 0.000000
0.000000 0.000000 0.000000
-0.064447 -0.073837 0.210300
-0.353614 0.178416 -0.144317
0.000000 0.000000 0.000000
-0.060281 0.088586 -0.873280
0.092439 -0.018413 -0.452132
-0.017905 -0.016007 -0.481761
0.000000 0.000000 0.000000
0.000000 0.000000 0.000000
0.000000 0.000000 0.000000
0.000000 0.000000 0.000000
-0.196160 -0.051352 0.284955
0.127898 0.197727 -0.820726
0.395928 -0.071127 -0.731148
-0.357561 0.113612 0.251607
0.000000 0.000000 0.000000
-0.345598 0.005487 0.461735
-0.157774 0.150822 -0.719764
-0.078494 0.100274 -0.797450
0.395928 0.067275 -0.195307
0.395928 0.150106 -0.129928
0.395928 -0.245858 0.158116
0.000000 0.000000 0.000000
0.000000 0.000000 0.000000
0.000000 0.000000 0.000000
0.395928 0.112321 -0.462343
0.000000 0.000000 0.000000
0.000000 0.000000 0.000000
0.000000 0.000000 0.000000
0.000000 0.000000 0.000000
0.356669 -0.022357 -0.190328
0.395928 -0.216402 0.072840
0.000000 0.000000 0.000000
0.000000 0.000000 0.000000
0.251873 -0.059667 -0.708347
0.000000 0.000000 0.000000
-0.356410 0.196880 0.117653
0.354003 -0.017726 -0.050149
0.206969 0.069422 -0.588233
-0.343916 0.106767 0.178168
0.000000 0.000000 0.000000
0.000000 0.000000 0.000000
-0.301031 0.048587 0.357802
0.000000 0.000000 0.000000
0.395928 -0.252118 -0.171144
-0.387879 0.096124 0.571743
-0.322852 0.109345 0.325851
0.395928 0.074679 -0.067189
0.000000 0.000000 0.000000
0.000000 0.000000 0.000000
-0.336849 0.197727 0.563882
0.028997 -0.037702 -0.404873
-0.249004 0.135145 -0.637662
0.212465 -0.106471 0.205854
