0.153310 -0.417722 0.070645
0.000000 0.000000 0.000000
0.000000 0.000000 0.000000
0.000000 0.000000 0.000000
-0.141313 -0.131158 0.138194
0.000000 0.000000 0.000000
0.047760 0.227232 0.124547
0.000000 0.000000 0.000000
0.134511 -0.671077 0.080152
0.158953 -0.112016 0.130738
0.000000 0.000000 0.000000
0.000000 0.000000 0.000000
0.000000 0.000000 0.000000
-0.040306 -0.310042 0.076361
0.000000 0.000000 0.000000
-0.013334 -0.485336 0.151680
0.000000 0.000000 0.000000
0.000000 0.000000 0.000000
0.000000 0.000000 0.000000
0.000000 0.000000 0.000000
0.000000 0.000000 0.000000
0.000000 0.000000 0.000000
0.000000 0.000000 0.000000
0.020669 0.016052 0.132588
0.000000 0.000000 0.000000
0.000000 0.000000 0.000000
0.000000 0.000000 0.000000
0.160495 -0.244542 0.142512
0.158852 -0.563255 -0.051466
0.131427 0.265544 0.123087
0.000000 0.000000 0.000000
0.025563 -0.146662 0.138784
0.000000 0.000000 0.000000
0.134330 0.080712 0.077470
0.000000 0.000000 0.000000
0.158824 -0.108615 0.092346
0.000000 0.000000 0.000000
-0.103959 -0.051565 0.117879
0.000000 0.000000 0.000000
0.155739 -0.541570 0.136539
0.000000 0.000000 0.000000
0.000000 0.000000 0.000000
0.000000 0.000000 0.000000
0.000000 0.000000 0.000000
0.000000 0.000000 0.000000
-0.132025 -0.230744 0.124702
0.000000 0.000000 0.000000
0.000000 0.000000 0.000000
0.000000 0.000000 0.000000
0.000000 0.000000 0.000000
0.088051 -0.363195 0.129746
0.088086 -0.292049 0.022651
0.000000 0.000000 0.000000
0.000000 0.000000 0.000000
0.110724 0.468333 0.115366
0.000000 0.000000 0.000000
0.000000 0.000000 0.000000
0.000000 0.000000 0.000000
0.000000 0.000000 0.000000
0.000000 0.000000 0.000000
0.000000 0.000000 0.000000
0.000000 0.000000 0.000000
0.000000 0.000000 0.000000
-0.089651 -0.365347 0.147112
0.000000 0.000000 0.000000
0.155844 -0.484274 0.033114
0.000000 0.000000 0.000000
0.000000 0.000000 0.000000
0.000000 0.000000 0.000000
0.000000 0.000000 0.000000
0.105494 -0.000037 0.133201
0.000000 0.000000 0.000000
0.024234 0.115737 0.111508
0.000000 0.000000 0.000000
0.000000 0.000000 0.000000
0.000000 0.000000 0.000000
0.000000 0.000000 0.000000
0.000000 0.000000 0.000000
0.000000 0.000000 0.000000
-0.008585 -0.051987 0.117895
0.000000 0.000000 0.000000
0.000000 0.000000 0.000000
-0.066571 -0.166755 0.122266
0.000000 0.000000 0.000000
0.057643 -0.292049 0.096454
0.000000 0.000000 0.000000
0.161769 -0.185966 0.014572
0.000000 0.000000 0.000000
0.150794 -0.351647 0.008225
0.000000 0.000000 0.000000
0.105548 0.321523 0.103672
0.051628 -0.568247 0.154837
0.000000 0.000000 0.000000
0.000000 0.000000 0.000000
0.000000 0.000000 0.000000
0.000000 0.000000 0.000000
0.000000 0.000000 0.000000
0.000000 0.000000 0.000000
0.000000 0.000000 0.000000
0.056824 -0.136111 0.121098
0.050983 -0.248650 0.125384
0.000000 0.000000 0.000000
0.000000 0.000000 0.000000
0.159668 -0.584696 0.066075
0.000000 0.000000 0.000000
0.137646 0.174890 0.126539
0.164446 -0.256257 0.030339
0.154227 -0.451112 0.133093
0.056342 0.045311 0.063263
0.000000 0.000000 0.000000
0.178655 -0.649241 -0.003320
0.154991 -0.007970 0.021894
0.000000 0.000000 0.000000
0.000000 0.000000 0.000000
0.000000 0.000000 0.000000
0.140236 -0.193970 0.140585
0.000000 0.000000 0.000000
0.000000 0.000000 0.000000
0.000000 0.000000 0.000000
0.000000 0.000000 0.000000
0.000000 0.000000 0.000000
0.000000 0.000000 0.000000
0.165829 -0.629409 0.147061
0.000000 0.000000 0.000000
0.000000 0.000000 0.000000
0.069565 -0.450414 0.133067
0.081502 -0.629409 0.071331
0.000000 0.000000 0.000000
0.000000 0.000000 0.000000
0.000000 0.000000 0.000000
-0.015488 -0.373167 0.130126
0.000000 0.000000 0.000000
0.168515 -0.363109 0.137185
-0.031773 -0.012214 0.133665
0.121354 -0.301244 0.144670
0.000000 0.000000 0.000000
0.000000 0.000000 0.000000
0.000000 0.000000 0.000000
0.000000 0.000000 0.000000
0.000000 0.000000 0.000000
0.000000 0.000000 0.000000
0.000000 0.000000 0.000000
0.000000 0.000000 0.000000
0.000000 0.000000 0.000000
-0.070132 -0.283388 0.143991
0.000000 0.000000 0.000000
0.000000 0.000000 0.000000
-0.001544 0.083693 0.112728
0.000000 0.000000 0.000000
0.000000 0.000000 0.000000
0.103254 0.113597 0.128874
0.000000 0.000000 0.000000
0.000000 0.000000 0.000000
0.000000 0.000000 0.000000
0.000000 0.000000 0.000000
0.122385 0.394411 0.077334
0.138564 -0.030464 0.097130
0.000000 0.000000 0.000000
0.000000 0.000000 0.000000
0.000000 0.000000 0.000000
0.000000 0.000000 0.000000
0.000000 0.000000 0.000000
0.103081 -0.629409 0.145231
0.000000 0.000000 0.000000
0.158649 -0.557928 0.021823
0.000000 0.000000 0.000000
-0.093119 -0.190788 0.123180
0.000000 0.000000 0.000000
0.000000 0.000000 0.000000
0.000000 0.000000 0.000000
0.000000 0.000000 0.000000
0.153861 -0.432180 -0.007677
0.166802 -0.318137 -0.036023
0.000000 0.000000 0.000000
0.116442 0.602976 0.110238
0.149968 -0.329945 0.043923
0.019483 0.280632 0.105229
0.000000 0.000000 0.000000
-0.009430 -0.295836 0.144465
0.000000 0.000000 0.000000
0.000000 0.000000 0.000000
0.178655 -0.630162 0.077591
0.000000 0.000000 0.000000
0.116690 -0.310042 0.093524
-0.009089 -0.222877 0.124403
0.000000 0.000000 0.000000
0.000000 0.000000 0.000000
0.156784 -0.508940 0.090522
0.000000 0.000000 0.000000
0.000000 0.000000 0.000000
0.000000 0.000000 0.000000
0.049511 -0.292049 0.039980
-0.113968 -0.430143 0.149578
-0.068297 -0.095584 0.136839
0.000000 0.000000 0.000000
0.000000 0.000000 0.000000
0.010045 -0.409695 0.148800
0.125559 0.061762 0.130848
0.000000 0.000000 0.000000
0.174199 -0.512388 -0.054540
0.000000 0.000000 0.000000
0.000000 0.000000 0.000000
0.000000 0.000000 0.000000
0.000000 0.000000 0.000000
0.000000 0.000000 0.000000
0.109730 -0.503634 0.152377
0.000000 0.000000 0.000000
0.000000 0.000000 0.000000
0.000000 0.000000 0.000000
-0.163641 -0.168454 0.139330
0.000000 0.000000 0.000000
0.000000 0.000000 0.000000
0.104838 -0.087795 0.119258
0.000000 0.000000 0.000000
0.000000 0.000000 0.000000
0.073691 0.368945 0.119150
-0.044664 -0.528388 0.153320
0.159319 -0.121613 -0.006959
0.000000 0.000000 0.000000
0.000000 0.000000 0.000000
0.000000 0.000000 0.000000
0.157076 -0.062735 0.088468
0.000000 0.000000 0.000000
0.000000 0.000000 0.000000
0.000000 0.000000 0.000000
0.000000 0.000000 0.000000
0.000000 0.000000 0.000000
0.164976 -0.270192 -0.010348
0.000000 0.000000 0.000000
0.030138 -0.627346 0.157088
0.000000 0.000000 0.000000
0.000000 0.000000 0.000000
0.067274 -0.201919 0.123604
0.144754 -0.193018 0.074489
0.061341 -0.066183 0.118436
0.000000 0.000000 0.000000
-0.040196 0.141298 0.127819
0.000000 0.000000 0.000000
0.153889 0.020996 0.066817
0.125605 0.309840 0.068267
0.149939 0.124692 0.044220
0.000000 0.000000 0.000000
0.000000 0.000000 0.000000
0.000000 0.000000 0.000000
0.000000 0.000000 0.000000
0.000000 0.000000 0.000000
0.155328 -0.403148 0.148551
0.000000 0.000000 0.000000
0.000000 0.000000 0.000000
0.157008 -0.060957 0.030621
0.000000 0.000000 0.000000
0.000000 0.000000 0.000000
-0.006646 0.045311 0.091857
0.148648 -0.611416 -0.015623
0.000000 0.000000 0.000000
0.000000 0.000000 0.000000
0.000000 0.000000 0.000000
0.000000 0.000000 0.000000
0.000000 0.000000 0.000000
0.000000 0.000000 0.000000
0.000000 0.000000 0.000000
-0.122371 -0.327575 0.145673
0.000000 0.000000 0.000000
0.000000 0.000000 0.000000
0.042750 -0.330663 0.128507
0.000000 0.000000 0.000000
0.000000 0.000000 0.000000
0.066167 -0.505928 0.135181
0.000000 0.000000 0.000000
0.000000 0.000000 0.000000
0.142220 -0.126467 0.032105
0.000000 0.000000 0.000000
0.000000 0.000000 0.000000
0.000000 0.000000 0.000000
0.168715 -0.368363 0.038921
0.000000 0.000000 0.000000
0.083630 0.186181 0.108826
0.016684 -0.292049 0.055361
0.000000 0.000000 0.000000
0.000000 0.000000 0.000000
0.000000 0.000000 0.000000
0.000000 0.000000 0.000000
0.121466 -0.230637 0.141982
0.126948 -0.611416 0.100748
0.112451 -0.292049 -0.013938
0.042236 -0.020581 0.116699
0.000000 0.000000 0.000000
0.000000 0.000000 0.000000
0.000000 0.000000 0.000000
0.145941 -0.674390 0.147360
0.000000 0.000000 0.000000
0.145909 -0.223349 0.004797
0.000000 0.000000 0.000000
0.000000 0.000000 0.000000
0.000000 0.000000 0.000000
0.000000 0.000000 0.000000
0.000000 0.000000 0.000000
-0.011561 -0.570510 0.137640
0.007821 0.176285 0.126487
0.024757 0.351698 0.119807
0.000000 0.000000 0.000000
-0.018799 -0.136963 0.138415
0.000000 0.000000 0.000000
0.000000 0.000000 0.000000
0.146522 0.214458 0.090456
0.000000 0.000000 0.000000
0.000000 0.000000 0.000000
0.000000 0.000000 0.000000
0.000000 0.000000 0.000000
0.000000 0.000000 0.000000
0.165901 -0.294468 0.083203
0.000000 0.000000 0.000000
0.148944 0.150833 0.082964
0.000000 0.000000 0.000000
0.062119 0.071116 0.130491
0.000000 0.000000 0.000000
0.000000 0.000000 0.000000
0.052005 0.289384 0.122180
0.160662 -0.156893 0.102653
0.139788 0.381811 0.118660
0.000000 0.000000 0.000000
0.000000 0.000000 0.000000
0.031319 -0.454602 0.133227
0.000000 0.000000 0.000000
-0.082640 -0.499684 0.152227
0.102154 0.027319 0.092804
0.000000 0.000000 0.000000
0.158847 -0.563129 0.106810
0.000000 0.000000 0.000000
0.000000 0.000000 0.000000
-0.047972 -0.412077 0.131607
0.000000 0.000000 0.000000
0.000000 0.000000 0.000000
0.000000 0.000000 0.000000
0.000000 0.000000 0.000000
0.108400 -0.410626 0.131552
-0.064283 -0.453623 0.133190
0.000000 0.000000 0.000000
0.000000 0.000000 0.000000
0.104868 -0.154938 0.139099
0.000000 0.000000 0.000000
0.000000 0.000000 0.000000
0.142159 0.118149 0.128700
0.000000 0.000000 0.000000
0.000000 0.000000 0.000000
0.000000 0.000000 0.000000
0.154512 -0.449263 0.093817
0.122225 -0.330990 0.128519
-0.019243 0.248275 0.123746
0.138821 -0.587983 0.138306
0.000000 0.000000 0.000000
0.000000 0.000000 0.000000
0.000000 0.000000 0.000000
0.000000 0.000000 0.000000
0.000000 0.000000 0.000000
-0.027016 -0.095354 0.119547
0.000000 0.000000 0.000000
0.000000 0.000000 0.000000
0.000000 0.000000 0.000000
-0.055106 -0.331965 0.128557
0.000000 0.000000 0.000000
0.000000 0.000000 0.000000
0.000000 0.000000 0.000000
0.000000 0.000000 0.000000
0.000000 0.000000 0.000000
0.075090 -0.288103 0.144170
0.000000 0.000000 0.000000
0.164224 -0.250436 0.085369
0.000000 0.000000 0.000000
-0.132673 -0.379698 0.147658
0.000000 0.000000 0.000000
0.000000 0.000000 0.000000
0.000000 0.000000 0.000000
0.000000 0.000000 0.000000
-0.092055 0.106026 0.129162
0.043518 -0.611416 0.103999
0.000000 0.000000 0.000000
0.168891 -0.372986 0.076237
-0.132640 -0.291490 0.144299
0.161371 -0.623684 0.031396
-0.057350 0.063351 0.130787
0.086856 0.414421 0.100134
0.000000 0.000000 0.000000
0.169649 -0.392889 -0.024499
0.000000 0.000000 0.000000
0.000000 0.000000 0.000000
0.000000 0.000000 0.000000
0.000000 0.000000 0.000000
0.000000 0.000000 0.000000
0.000000 0.000000 0.000000
0.000000 0.000000 0.000000
0.173907 -0.586107 0.155518
0.000000 0.000000 0.000000
0.062949 0.026920 0.114890
0.030630 -0.367274 0.129901
0.000000 0.000000 0.000000
0.134511 -0.673336 0.030634
0.143088 0.304627 0.092370
0.000000 0.000000 0.000000
0.000000 0.000000 0.000000
0.000000 0.000000 0.000000
0.005016 -0.180128 0.140059
0.000000 0.000000 0.000000
0.000000 0.000000 0.000000
0.000000 0.000000 0.000000
0.000000 0.000000 0.000000
0.000000 0.000000 0.000000
0.000000 0.000000 0.000000
0.000000 0.000000 0.000000
0.000000 0.000000 0.000000
0.000000 0.000000 0.000000
0.166660 -0.314400 0.125631
0.000000 0.000000 0.000000
0.000000 0.000000 0.000000
0.153907 0.016491 0.132571
0.000000 0.000000 0.000000
0.000000 0.000000 0.000000
0.000000 0.000000 0.000000
-0.091116 0.020843 0.132406
0.000000 0.000000 0.000000
0.000000 0.000000 0.000000
0.000000 0.000000 0.000000
0.000000 0.000000 0.000000
0.171971 -0.453870 0.049356
0.106183 0.221809 0.124753
0.000000 0.000000 0.000000
0.000000 0.000000 0.000000
0.101293 -0.045661 0.117654
-0.073757 -0.248412 0.125375
0.000000 0.000000 0.000000
0.000000 0.000000 0.000000
0.000000 0.000000 0.000000
-0.109043 -0.119249 0.120456
0.000000 0.000000 0.000000
0.000000 0.000000 0.000000
0.000000 0.000000 0.000000
0.163159 -0.222450 0.106656
0.000000 0.000000 0.000000
0.138309 0.430122 0.108251
-0.080717 -0.310042 0.084452
0.012341 -0.090619 0.136650
-0.022589 -0.266218 0.126053
0.000000 0.000000 0.000000
0.000000 0.000000 0.000000
0.000000 0.000000 0.000000
0.000000 0.000000 0.000000
0.000000 0.000000 0.000000
0.069988 0.139400 0.110607
0.000000 0.000000 0.000000
0.000000 0.000000 0.000000
0.000000 0.000000 0.000000
0.000000 0.000000 0.000000
0.000000 0.000000 0.000000
0.000000 0.000000 0.000000
0.155491 -0.474966 -0.020301
0.000000 0.000000 0.000000
0.000000 0.000000 0.000000
0.000000 0.000000 0.000000
-0.088923 -0.332796 0.128588
0.000000 0.000000 0.000000
0.000000 0.000000 0.000000
0.000000 0.000000 0.000000
0.000000 0.000000 0.000000
-0.065827 -0.018076 0.116603
0.150045 -0.331953 0.081336
-0.012524 -0.292049 0.089934
0.000000 0.000000 0.000000
0.000000 0.000000 0.000000
0.000000 0.000000 0.000000
0.000000 0.000000 0.000000
0.031705 -0.284219 0.144022
0.151495 -0.152345 0.139000
-0.025422 0.041114 0.131634
0.177384 -0.596005 -0.023534
0.000000 0.000000 0.000000
0.000000 0.000000 0.000000
0.000000 0.000000 0.000000
0.000000 0.000000 0.000000
0.000000 0.000000 0.000000
0.000000 0.000000 0.000000
0.000000 0.000000 0.000000
0.000000 0.000000 0.000000
0.127887 -0.292049 0.055647
0.000000 0.000000 0.000000
0.000000 0.000000 0.000000
0.000000 0.000000 0.000000
0.000000 0.000000 0.000000
0.000000 0.000000 0.000000
0.000000 0.000000 0.000000
0.000000 0.000000 0.000000
0.000000 0.000000 0.000000
0.000000 0.000000 0.000000
0.000000 0.000000 0.000000
0.134894 -0.292049 0.020757
0.000000 0.000000 0.000000
0.169687 -0.479429 0.151456
0.000000 0.000000 0.000000
0.000000 0.000000 0.000000
0.000000 0.000000 0.000000
0.000000 0.000000 0.000000
0.121019 -0.554076 0.154298
0.001514 -0.533129 0.153500
0.000000 0.000000 0.000000
0.000000 0.000000 0.000000
0.175067 -0.535184 -0.008997
0.105640 0.045311 0.054520
0.019584 -0.507792 0.135252
0.128519 -0.266179 0.126051
0.136622 -0.054539 0.135276
0.000000 0.000000 0.000000
0.145306 0.246369 0.095358
0.000000 0.000000 0.000000
0.141941 -0.611416 0.060455
0.000000 0.000000 0.000000
0.000000 0.000000 0.000000
-0.153259 -0.038640 0.134670
0.073650 -0.406918 0.131411
0.172774 -0.474962 0.076875
0.000000 0.000000 0.000000
0.000000 0.000000 0.000000
0.000000 0.000000 0.000000
0.000000 0.000000 0.000000
0.000000 0.000000 0.000000
0.000000 0.000000 0.000000
0.000000 0.000000 0.000000
0.000000 0.000000 0.000000
0.091461 -0.558750 0.137192
0.000000 0.000000 0.000000
0.051382 0.165927 0.126881
0.000000 0.000000 0.000000
0.138802 -0.036709 0.048215
0.000000 0.000000 0.000000
0.000000 0.000000 0.000000
0.081353 -0.323544 0.128236
0.000000 0.000000 0.000000
0.000000 0.000000 0.000000
0.000000 0.000000 0.000000
0.000000 0.000000 0.000000
0.000000 0.000000 0.000000
0.174553 -0.521672 0.058160
0.000000 0.000000 0.000000
0.000000 0.000000 0.000000
0.000000 0.000000 0.000000
0.141318 0.351095 0.089801
-0.048131 -0.478052 0.151403
0.000000 0.000000 0.000000
0.178655 -0.660398 0.050095
0.000000 0.000000 0.000000
0.000000 0.000000 0.000000
0.000000 0.000000 0.000000
0.000000 0.000000 0.000000
0.000000 0.000000 0.000000
0.000000 0.000000 0.000000
0.177036 -0.586874 0.045069
0.000000 0.000000 0.000000
0.000000 0.000000 0.000000
0.000000 0.000000 0.000000
0.000000 0.000000 0.000000
0.151873 -0.379970 0.101926
0.000000 0.000000 0.000000
0.134511 -0.639852 0.128520
0.000000 0.000000 0.000000
0.000000 0.000000 0.000000
0.000000 0.000000 0.000000
-0.066445 0.165904 0.126882
0.000000 0.000000 0.000000
0.000000 0.000000 0.000000
0.000000 0.000000 0.000000
0.000000 0.000000 0.000000
0.000000 0.000000 0.000000
0.158227 -0.092933 0.042531
0.000000 0.000000 0.000000
0.000000 0.000000 0.000000
0.000000 0.000000 0.000000
0.000000 0.000000 0.000000
0.135593 0.047549 0.090566
0.000000 0.000000 0.000000
0.000000 0.000000 0.000000
0.000000 0.000000 0.000000
0.160953 -0.164520 0.051561
0.000000 0.000000 0.000000
0.000000 0.000000 0.000000
-0.057020 0.092170 0.112405
0.000000 0.000000 0.000000
-0.107496 -0.084735 0.136426
0.000000 0.000000 0.000000
0.000000 0.000000 0.000000
0.178655 -0.658373 0.132408
0.000000 0.000000 0.000000
0.000000 0.000000 0.000000
0.000000 0.000000 0.000000
0.000000 0.000000 0.000000
0.000000 0.000000 0.000000
0.153943 -0.434319 0.027980
0.000000 0.000000 0.000000
0.000000 0.000000 0.000000
0.088255 -0.310042 0.064276
-0.050002 -0.292049 0.115441
0.112265 -0.611416 0.062360
0.012529 -0.310042 0.125695
0.022166 -0.587227 0.138277
0.000000 0.000000 0.000000
0.039467 -0.198979 0.140776
0.000000 0.000000 0.000000
0.071717 -0.613681 0.156568
0.165239 -0.277089 0.119898
0.000000 0.000000 0.000000
0.000000 0.000000 0.000000
-0.150834 -0.286016 0.120732
0.000000 0.000000 0.000000
-0.003732 -0.629409 0.152648
0.000000 0.000000 0.000000
0.000000 0.000000 0.000000
0.099744 0.366254 0.101968
0.000000 0.000000 0.000000
0.000000 0.000000 0.000000
0.000000 0.000000 0.000000
0.000000 0.000000 0.000000
-0.122222 -0.004024 0.133352
0.000000 0.000000 0.000000
0.000000 0.000000 0.000000
0.026704 0.027319 0.085378
0.000000 0.000000 0.000000
-0.027183 -0.194095 0.123307
0.000000 0.000000 0.000000
0.000000 0.000000 0.000000
0.000000 0.000000 0.000000
0.145436 -0.210917 0.042680
0.165673 -0.288482 0.034483
0.000000 0.000000 0.000000
0.121312 0.147972 0.110281
0.148537 -0.024101 0.134117
0.119770 0.565939 0.111649
0.029660 -0.064117 0.118357
0.121295 -0.119814 0.137762
0.000000 0.000000 0.000000
0.167650 -0.674390 0.102188
0.000000 0.000000 0.000000
0.000000 0.000000 0.000000
0.152192 -0.388336 0.003600
0.000000 0.000000 0.000000
0.000000 0.000000 0.000000
0.000000 0.000000 0.000000
0.000000 0.000000 0.000000
0.000000 0.000000 0.000000
0.000000 0.000000 0.000000
-0.041915 0.027319 0.100158
0.000000 0.000000 0.000000
0.000000 0.000000 0.000000
0.000000 0.000000 0.000000
0.000000 0.000000 0.000000
-0.110496 -0.246547 0.142587
0.000000 0.000000 0.000000
0.160344 -0.148552 0.009692
0.000000 0.000000 0.000000
0.000000 0.000000 0.000000
0.000000 0.000000 0.000000
0.000000 0.000000 0.000000
0.000000 0.000000 0.000000
0.000000 0.000000 0.000000
0.000000 0.000000 0.000000
0.000000 0.000000 0.000000
-0.126786 -0.202679 0.140917
0.000000 0.000000 0.000000
0.000000 0.000000 0.000000
0.000000 0.000000 0.000000
0.000000 0.000000 0.000000
0.000000 0.000000 0.000000
0.000000 0.000000 0.000000
0.000000 0.000000 0.000000
0.000000 0.000000 0.000000
0.000000 0.000000 0.000000
0.000000 0.000000 0.000000
0.000000 0.000000 0.000000
0.017445 0.242690 0.106674
0.000000 0.000000 0.000000
0.000000 0.000000 0.000000
0.160321 -0.601837 0.113618
0.000000 0.000000 0.000000
0.000000 0.000000 0.000000
0.000000 0.000000 0.000000
0.081674 -0.237612 0.142247
-0.025053 0.168103 0.109514
0.000000 0.000000 0.000000
0.063178 -0.091392 0.136680
0.000000 0.000000 0.000000
0.000000 0.000000 0.000000
0.000000 0.000000 0.000000
0.000000 0.000000 0.000000
0.178162 -0.616462 0.013286
0.000000 0.000000 0.000000
0.152077 0.068556 0.105343
0.000000 0.000000 0.000000
0.000000 0.000000 0.000000
0.000000 0.000000 0.000000
0.000000 0.000000 0.000000
0.000000 0.000000 0.000000
0.000000 0.000000 0.000000
0.146668 0.210601 0.050439
0.072946 -0.038395 0.134661
0.147187 -0.256922 0.059177
0.000000 0.000000 0.000000
0.135423 0.321284 0.120965
0.092083 -0.594219 0.155827
0.000000 0.000000 0.000000
0.000000 0.000000 0.000000
0.175914 -0.557420 0.065269
0.067688 -0.629409 0.124890
0.005730 0.050245 0.131286
0.009518 -0.343934 0.129012
0.000000 0.000000 0.000000
-0.020253 0.112416 0.128918
0.000000 0.000000 0.000000
0.000000 0.000000 0.000000
0.000000 0.000000 0.000000
0.000000 0.000000 0.000000
0.000000 0.000000 0.000000
