-0.498570 0.478806 0.498571
0.552200 -0.612985 -0.474408
-0.331933 0.447509 0.523860
0.564509 -0.371572 -0.519713
0.000000 0.000000 0.000000
0.190944 0.465102 -0.512492
0.276995 0.171596 -0.000778
0.566745 0.463960 0.339809
0.178266 -0.121908 -0.499198
0.000000 0.000000 0.000000
0.000000 0.000000 0.000000
-0.161990 0.138985 0.506537
0.566745 -0.416082 0.090309
0.561864 -0.154520 -0.019296
0.000000 0.000000 0.000000
0.000049 0.432490 0.030532
-0.026874 -0.121908 0.023199
0.520678 0.168050 -0.519713
0.000000 0.000000 0.000000
0.363281 0.149810 0.523860
0.564927 0.465102 -0.191569
0.134901 0.465102 0.453660
0.000000 0.000000 0.000000
-0.150711 0.138985 0.074458
0.000000 0.000000 0.000000
0.000000 0.000000 0.000000
0.000000 0.000000 0.000000
0.000000 0.000000 0.000000
0.366407 0.144076 -0.519713
0.557989 -0.121908 -0.336728
0.566745 0.146365 0.195697
0.566745 -0.152152 0.315566
0.080613 0.171596 0.289954
0.274726 -0.121908 -0.168985
0.337983 0.465102 0.055143
0.379905 -0.415413 -0.338893
0.556157 0.171596 -0.186574
0.503516 0.202756 0.458637
0.246572 -0.154520 0.211503
-0.305583 0.432490 0.206128
0.000000 0.000000 0.000000
0.314025 -0.438525 -0.519713
0.102590 0.171596 -0.236954
0.529759 0.486842 -0.519040
0.161967 0.465102 -0.198848
0.000000 0.000000 0.000000
0.501522 0.041138 0.486518
-0.085021 0.465102 0.380595
-0.563794 0.400003 0.495986
-0.240651 0.432490 -0.070899
-0.248538 0.171596 0.287566
0.364814 -0.415413 -0.054246
0.032969 -0.154520 -0.300315
0.341693 0.171596 -0.266910
-0.504461 0.465102 0.247337
0.411915 0.441619 0.523860
0.183419 0.138985 0.515664
0.000000 0.000000 0.000000
0.027068 0.171596 -0.083906
0.536108 -0.181519 -0.519713
0.000000 0.000000 0.000000
0.359762 0.465102 -0.348284
-0.042218 0.465102 -0.262735
0.296944 0.465102 0.269298
0.162011 -0.415413 -0.330866
0.311139 0.171596 0.227937
0.566745 0.433063 0.099329
0.420944 -0.121908 -0.510500
0.000000 0.000000 0.000000
0.000000 0.000000 0.000000
0.000000 0.000000 0.000000
0.333352 0.465102 -0.115600
0.483037 0.138985 0.003843
0.047708 0.432490 0.223820
0.000000 0.000000 0.000000
0.566745 -0.424104 -0.199560
0.000000 0.000000 0.000000
0.566745 0.296424 0.473120
0.000000 0.000000 0.000000
0.365396 -0.121908 0.370909
0.316256 -0.154520 0.037941
0.000000 0.000000 0.000000
0.174761 0.171596 -0.456322
0.383151 -0.121908 -0.276757
0.566745 -0.038790 -0.479765
0.000000 0.000000 0.000000
0.000000 0.000000 0.000000
0.165132 -0.154520 0.034751
0.140101 0.432490 0.132508
0.011236 0.138985 0.094403
0.501522 -0.046084 0.481516
-0.127380 0.432490 0.163720
-0.011770 0.432490 0.519545
-0.093096 0.171596 0.274525
0.177062 0.432490 -0.007359
0.000000 0.000000 0.000000
0.473005 -0.154520 0.124439
0.437497 -0.448025 -0.415577
0.000000 0.000000 0.000000
0.000000 0.000000 0.000000
0.409286 0.171596 0.325853
-0.371130 0.465102 0.350204
0.468054 0.465102 -0.041155
0.000000 0.000000 0.000000
0.550074 0.138985 -0.362662
0.008165 -0.121908 -0.125282
-0.369531 0.432490 0.055916
0.091577 0.465102 -0.354821
0.000000 0.000000 0.000000
0.001208 0.138985 0.460158
0.566745 0.333060 -0.457373
0.038403 0.432490 -0.119837
0.459210 -0.121908 -0.146503
0.243734 -0.121908 -0.349048
0.264001 -0.415413 -0.214911
0.000000 0.000000 0.000000
0.296543 0.465102 0.398269
0.013338 -0.121908 0.196586
-0.113177 0.171596 -0.090164
-0.562377 0.465102 0.408368
0.000000 0.000000 0.000000
0.527166 0.432490 -0.371051
-0.352134 0.138985 0.355463
-0.053873 0.138985 -0.252844
0.151207 -0.121908 0.300284
0.245068 0.171596 0.364469
0.559342 0.486842 0.505110
0.180285 0.171596 0.119750
0.509857 -0.486518 -0.519713
0.047629 0.432490 0.326114
0.478922 0.465102 0.224422
-0.175219 0.432490 0.065195
0.416125 -0.121908 0.246138
-0.352380 0.171596 0.189914
0.464541 0.171596 -0.185347
-0.014073 0.465102 0.385597
0.170447 0.138985 -0.129371
0.000000 0.000000 0.000000
0.147940 -0.154520 -0.136939
0.555867 -0.415413 -0.083759
0.194570 0.171596 -0.341660
0.401006 0.465102 0.372490
0.539378 -0.415413 -0.368652
0.000000 0.000000 0.000000
0.000000 0.000000 0.000000
0.501522 0.239576 0.494917
0.055697 0.465102 0.145346
0.422431 -0.154520 0.509592
0.378200 0.138985 0.091809
0.396598 0.432490 -0.487365
-0.186166 0.465102 -0.210657
0.000000 0.000000 0.000000
-0.255049 0.171596 0.005394
0.000000 0.000000 0.000000
0.544630 -0.121908 0.207164
-0.053895 0.432490 -0.347249
0.299125 0.432490 -0.262399
0.000000 0.000000 0.000000
0.503714 -0.289656 -0.454490
0.000000 0.000000 0.000000
0.000000 0.000000 0.000000
0.000000 0.000000 0.000000
-0.208178 0.465102 0.337232
0.566745 0.158903 -0.086619
0.000000 0.000000 0.000000
-0.174464 0.432490 0.494483
0.369738 0.171596 -0.381491
-0.083859 0.465102 -0.124108
0.000000 0.000000 0.000000
0.429211 -0.415413 -0.159356
0.000000 0.000000 0.000000
0.000000 0.000000 0.000000
0.000000 0.000000 0.000000
0.501522 0.107142 0.509048
0.301537 0.138985 -0.161135
0.000000 0.000000 0.000000
-0.378631 0.432490 0.186756
0.526945 0.171596 0.335830
0.566745 -0.134939 0.443926
0.000000 0.000000 0.000000
0.104767 -0.154520 -0.076673
0.279624 -0.415413 -0.389684
0.440627 -0.154520 0.376684
0.227317 0.432490 -0.112057
0.104994 -0.154520 0.143333
0.256053 0.449809 0.523860
0.000000 0.000000 0.000000
0.071467 0.138985 -0.386512
-0.458856 0.432490 0.363542
0.156281 0.171596 0.388527
-0.498570 0.340538 0.517746
0.000000 0.000000 0.000000
0.216019 0.432490 -0.397004
-0.184670 0.171596 0.375783
0.000000 0.000000 0.000000
0.438862 0.432490 -0.253352
0.197376 0.138985 0.248744
0.376592 0.138985 -0.072947
0.303085 0.432490 -0.517100
0.455259 0.465102 -0.401321
-0.076921 0.432490 0.254106
0.434462 -0.121908 0.056087
0.485867 0.171596 0.113979
0.055833 0.138985 -0.198930
-0.093564 -0.121908 -0.082331
0.192706 0.432490 0.259079
0.000000 0.000000 0.000000
-0.188497 0.138985 0.136509
-0.049332 0.147090 0.523860
0.446167 -0.121908 -0.346308
0.000000 0.000000 0.000000
0.000000 0.000000 0.000000
0.147036 -0.121908 -0.388428
0.345859 -0.121908 -0.079707
0.000000 0.000000 0.000000
0.333432 -0.154520 -0.427217
0.262498 -0.121908 0.381821
-0.015880 0.171596 0.261824
0.411226 0.432490 0.028954
0.000000 0.000000 0.000000
0.000000 0.000000 0.000000
0.542716 -0.121908 -0.176196
0.087637 0.138985 -0.016069
0.000000 0.000000 0.000000
0.000000 0.000000 0.000000
0.000000 0.000000 0.000000
0.432074 0.465102 -0.146833
0.547131 0.081982 -0.454490
0.000000 0.000000 0.000000
0.000000 0.000000 0.000000
0.511037 0.264647 -0.519713
0.000000 0.000000 0.000000
0.457904 0.138985 -0.308646
0.413213 0.432490 0.275899
0.000000 0.000000 0.000000
0.000000 0.000000 0.000000
0.478605 0.432490 0.441975
-0.060188 0.138985 0.017823
0.363660 -0.154520 -0.223079
0.079774 -0.121908 -0.165797
0.446919 0.465102 0.122604
-0.019000 0.432490 -0.410413
0.000000 0.000000 0.000000
0.277167 0.465102 0.173005
0.061613 0.432490 0.520131
0.357574 -0.448025 -0.218611
0.473572 -0.448025 -0.286354
0.501522 0.380351 -0.513113
0.181833 0.138985 0.001172
0.434366 0.171596 0.207303
0.000000 0.000000 0.000000
0.566745 -0.020411 0.503694
0.566745 0.459722 -0.031171
-0.278686 0.465102 0.029517
-0.025765 -0.154520 0.137531
-0.251199 0.171596 0.462701
0.256442 -0.121908 0.008318
0.308798 0.171596 0.413529
0.000000 0.000000 0.000000
-0.149419 0.465102 -0.032603
0.344159 -0.154520 0.152513
0.173246 0.432490 0.347118
-0.258833 0.432490 0.432781
0.513789 -0.096578 -0.454490
0.069597 0.465102 -0.025073
0.088389 0.465102 -0.173216
0.093374 0.465102 -0.511285
0.000000 0.000000 0.000000
0.553007 0.138985 0.074066
0.000000 0.000000 0.000000
0.507461 -0.121908 -0.251692
0.144573 -0.121908 -0.270319
0.000000 0.000000 0.000000
0.084129 0.138985 0.206545
0.245102 -0.154520 0.114073
0.030052 0.138985 0.368830
0.000000 0.000000 0.000000
-0.253192 0.138985 0.200651
0.566745 -0.128779 0.137640
0.357967 0.465102 0.155113
0.281332 -0.448025 -0.283752
-0.467664 0.465102 0.142605
0.545132 -0.214943 0.458637
0.255069 -0.121908 0.322550
0.258197 0.138985 -0.499784
0.276324 0.138985 0.103230
0.501522 -0.063150 -0.508120
-0.028773 0.138985 -0.041984
0.518144 0.355155 0.523860
0.509391 -0.448025 0.004423
0.564506 0.215261 -0.454490
0.461645 -0.121908 -0.031709
0.370401 0.432490 -0.035022
0.000000 0.000000 0.000000
0.257572 0.171596 0.521380
-0.116780 0.432490 -0.283911
0.065073 -0.121908 0.032580
-0.220419 0.432490 0.225053
0.205973 -0.154520 -0.100218
-0.104664 0.138985 -0.174995
0.214339 0.465102 0.101224
0.566745 -0.458776 -0.477187
0.000000 0.000000 0.000000
-0.083043 0.171596 0.411452
0.029653 0.171596 -0.327321
-0.084943 0.465102 0.085634
0.240704 0.138985 -0.242817
0.468441 0.138985 0.264329
0.566745 0.437621 0.254777
0.419589 -0.448025 -0.491974
0.199522 0.465102 -0.296838
0.000000 0.000000 0.000000
-0.283870 0.432490 0.323600
0.244619 -0.154520 -0.259911
-0.070858 0.138985 0.089778
-0.045192 0.432490 -0.082084
-0.436880 0.432490 0.461522
0.240470 0.171596 -0.131114
0.314078 -0.154520 0.308250
0.000000 0.000000 0.000000
0.000000 0.000000 0.000000
0.048550 0.432490 0.433517
0.275803 -0.121908 -0.478905
0.566745 0.143964 0.425189
0.498250 -0.154520 0.439292
-0.196051 0.138985 -0.071529
0.000000 0.000000 0.000000
0.000000 0.000000 0.000000
-0.504596 0.465102 0.326294
0.164552 -0.154520 0.207608
0.000000 0.000000 0.000000
0.000000 0.000000 0.000000
0.125363 0.432490 0.291533
0.000000 0.000000 0.000000
0.413361 0.138985 -0.187908
0.000000 0.000000 0.000000
0.521059 0.432490 -0.266820
0.328425 0.171596 0.312947
0.000000 0.000000 0.000000
0.411617 0.171596 0.429831
0.000000 0.000000 0.000000
0.171194 0.138985 0.307881
0.566745 -0.421162 0.232219
-0.026771 0.432490 0.167138
-0.425017 0.138985 0.276590
0.000000 0.000000 0.000000
0.542008 -0.166677 -0.454490
0.566745 0.178514 0.518633
0.000000 0.000000 0.000000
-0.290383 0.171596 0.116840
0.101274 0.465102 0.041643
0.010034 -0.121908 -0.044968
-0.267453 0.465102 0.124478
0.470306 0.138985 -0.416924
0.000000 0.000000 0.000000
0.136161 0.171596 0.151841
0.250069 0.465102 -0.212024
0.000000 0.000000 0.000000
0.000000 0.000000 0.000000
0.504968 -0.154520 0.522692
-0.149924 0.432490 0.406131
0.521552 0.432490 -0.119511
0.000000 0.000000 0.000000
0.350241 -0.448025 -0.132903
0.517568 0.465102 0.030534
0.000000 0.000000 0.000000
0.425336 0.465102 0.456450
0.000000 0.000000 0.000000
0.000000 0.000000 0.000000
-0.183953 0.171596 0.259398
0.275554 0.171596 -0.378604
0.000000 0.000000 0.000000
-0.332900 0.138985 0.244225
0.000000 0.000000 0.000000
0.179906 -0.121908 -0.209944
0.000000 0.000000 0.000000
0.179406 0.171596 -0.210204
0.355495 -0.154520 0.474608
0.528929 0.036710 -0.519713
0.049779 0.432490 -0.239493
0.465174 -0.415413 -0.069562
-0.006083 0.171596 0.148897
0.000000 0.000000 0.000000
0.477832 -0.415413 -0.491178
0.000000 0.000000 0.000000
0.000000 0.000000 0.000000
0.000000 0.000000 0.000000
0.566745 -0.265248 -0.498182
0.073522 0.171596 0.486691
0.450729 -0.154520 -0.431313
0.068741 -0.154520 0.230532
0.229034 -0.154520 -0.419793
0.251520 0.465102 0.012894
0.000000 0.000000 0.000000
0.566745 -0.420210 -0.289824
0.156570 0.432490 -0.112429
0.477713 0.138985 0.433933
-0.147303 0.138985 -0.026997
0.297975 0.171596 -0.460999
0.000000 0.000000 0.000000
0.000000 0.000000 0.000000
0.551193 0.432490 -0.454513
0.351746 0.432490 -0.190174
0.339360 0.432490 0.481477
0.523488 -0.532404 -0.454490
0.343793 -0.415413 -0.410324
0.156012 0.435801 0.523860
0.000000 0.000000 0.000000
-0.147133 0.432490 0.339141
0.508693 -0.448025 -0.154947
0.373338 0.465102 -0.284939
0.413100 0.138985 -0.438867
0.285908 0.432490 -0.333661
0.103734 0.138985 0.078515
0.196608 -0.121908 0.355625
0.000000 0.000000 0.000000
-0.008664 -0.154520 -0.222368
0.000000 0.000000 0.000000
0.566745 0.069006 0.491314
0.120043 0.432490 0.211990
0.366259 0.432490 -0.396435
-0.356521 0.465102 0.267518
0.321914 0.432490 0.334603
-0.278554 0.138985 0.401559
-0.040337 0.432490 0.307802
0.500279 0.432490 0.151615
0.462474 0.171596 -0.064598
0.399020 -0.154520 0.113076
0.142722 0.171596 -0.414526
0.501522 0.306008 -0.464935
-0.031427 0.171596 -0.182643
0.040671 0.465102 -0.390857
0.202942 0.465102 0.430516
0.307148 0.171596 0.153362
0.267172 0.432490 0.087503
0.000000 0.000000 0.000000
0.000000 0.000000 0.000000
0.000000 0.000000 0.000000
0.000000 0.000000 0.000000
-0.057093 0.432490 0.451745
0.475460 0.465102 0.318259
0.000000 0.000000 0.000000
0.147115 0.465102 -0.412482
-0.100071 0.465102 -0.189974
0.419516 -0.154520 0.177136
0.000000 0.000000 0.000000
0.439838 -0.121908 -0.205583
0.000000 0.000000 0.000000
0.000000 0.000000 0.000000
0.129428 0.432490 -0.259992
0.566745 0.385984 0.475604
-0.433460 0.432490 0.259862
0.503467 0.138985 -0.260910
0.306765 -0.121908 -0.314491
0.122486 0.171596 -0.083710
0.371011 0.138985 0.148128
0.419020 -0.154520 0.321195
-0.103731 -0.154520 -0.028595
-0.011416 0.465102 -0.176466
0.374987 0.138985 -0.003138
0.332343 0.138985 -0.339598
0.000000 0.000000 0.000000
0.525497 -0.649292 -0.438912
0.000000 0.000000 0.000000
0.000000 0.000000 0.000000
-0.089767 0.171596 0.191480
0.215525 0.138985 -0.410760
-0.145158 0.138985 0.212648
0.064623 -0.121908 0.105844
0.104975 0.138985 0.424670
-0.345609 0.465102 0.110055
0.251377 0.432490 -0.038454
-0.168650 0.432490 0.244158
0.164092 -0.121908 0.106888
-0.117384 0.138985 0.338033
0.000000 0.000000 0.000000
-0.323960 0.465102 0.413009
0.352263 0.138985 -0.195270
-0.174655 0.465102 -0.085013
0.445652 0.169479 0.523860
-0.563794 0.475083 0.485096
-0.384946 0.465102 0.435029
0.000000 0.000000 0.000000
0.300263 -0.121908 -0.042864
0.000000 0.000000 0.000000
0.023163 0.138985 0.300056
0.403868 0.138985 -0.292217
-0.413923 0.465102 0.137002
0.000000 0.000000 0.000000
0.000000 0.000000 0.000000
0.257981 0.432490 -0.432667
0.000000 0.000000 0.000000
0.219471 -0.154520 0.271964
0.046733 0.432490 -0.321473
0.535112 -0.154520 -0.075611
0.566745 0.432738 0.419250
0.000000 0.000000 0.000000
0.233724 0.465102 0.323589
0.143505 0.432490 -0.465695
0.494715 -0.154520 0.259285
0.501714 0.457321 0.523860
0.000000 0.000000 0.000000
0.000000 0.000000 0.000000
0.294469 -0.415413 -0.036580
0.499903 0.171596 -0.350152
0.000000 0.000000 0.000000
0.510064 -0.121908 -0.377437
0.106036 0.171596 -0.168574
0.231722 -0.448025 -0.355915
0.000000 0.000000 0.000000
0.450651 -0.448025 -0.220663
0.495320 0.432490 0.369273
0.165581 -0.415413 -0.155927
0.534190 0.432490 0.189060
0.410693 0.171596 0.037676
-0.054178 0.465102 -0.022621
0.000000 0.000000 0.000000
0.503370 0.138985 -0.127893
0.031651 0.171596 0.035598
-0.183832 0.465102 0.146887
-0.027416 0.138985 -0.117413
0.252232 0.465102 -0.151183
0.309871 -0.121908 0.438600
0.000000 0.000000 0.000000
0.375608 -0.154520 -0.010174
0.444521 0.432490 -0.333817
0.000000 0.000000 0.000000
-0.251556 0.456698 0.523860
0.566745 0.216662 0.483612
0.000000 0.000000 0.000000
0.514697 -0.356533 -0.454490
0.000000 0.000000 0.000000
0.322410 -0.121908 -0.379693
-0.228577 0.171596 0.082722
0.238969 0.138985 0.455171
0.489155 0.171596 0.063516
0.406535 -0.121908 0.446166
0.466163 0.138985 0.346578
0.299604 0.171596 -0.094104
0.170465 0.465102 0.203715
-0.351765 0.171596 0.291290
0.000000 0.000000 0.000000
0.298213 -0.121908 -0.222939
-0.142236 0.171596 0.442216
0.287983 -0.154520 -0.111829
0.198187 -0.448025 -0.407910
0.558964 -0.154520 -0.247270
0.410978 0.432490 0.198727
-0.498570 0.403385 0.471635
0.566745 0.389939 -0.504674
0.000000 0.000000 0.000000
0.000000 0.000000 0.000000
0.273506 0.138985 0.287935
-0.174119 0.432490 -0.148549
0.263841 -0.448025 -0.463652
-0.077401 0.465102 0.515143
0.075291 0.465102 0.381579
0.566745 -0.436497 0.158074
0.535899 -0.121908 0.370197
0.222685 0.138985 -0.072314
0.101045 0.171596 -0.334233
0.000000 0.000000 0.000000
0.546003 -0.154520 0.056527
0.000000 0.000000 0.000000
-0.104669 0.465102 0.293371
-0.528825 0.350814 0.458637
0.556360 0.171596 -0.021532
0.319220 0.171596 0.073064
0.000000 0.000000 0.000000
0.359563 -0.122623 0.523860
0.149258 0.432490 -0.306210
0.556845 0.465102 -0.319400
0.000000 0.000000 0.000000
0.349305 0.465102 -0.461975
-0.379669 0.138985 0.145125
0.448390 -0.154520 -0.284310
0.357574 0.171596 -0.146241
-0.010858 0.138985 -0.324339
0.566745 0.122619 -0.509037
0.197531 -0.121908 -0.040561
0.000000 0.000000 0.000000
-0.433426 0.455024 0.523860
0.000000 0.000000 0.000000
0.000000 0.000000 0.000000
0.498707 -0.121908 0.081820
0.352683 0.465102 0.236310
0.000000 0.000000 0.000000
0.000000 0.000000 0.000000
-0.176086 0.171596 0.025610
-0.080996 -0.121908 0.120757
0.016143 -0.154520 0.062356
0.443254 0.465102 -0.488683
0.566745 -0.089602 0.480867
0.476104 0.465102 -0.202885
0.000000 0.000000 0.000000
0.072545 -0.154520 -0.227250
-0.123381 0.465102 0.216931
0.000000 0.000000 0.000000
0.544219 0.171596 -0.417169
0.000000 0.000000 0.000000
0.261518 0.138985 -0.318159
0.000000 0.000000 0.000000
0.430971 0.138985 -0.360196
0.215617 -0.415413 -0.296658
0.240486 0.465102 -0.355783
0.114747 -0.121908 0.236698
0.052829 0.432490 0.093266
0.011786 0.171596 -0.269632
0.391325 -0.121908 -0.429020
0.314696 0.138985 0.487700
0.071423 0.465102 0.265804
0.000000 0.000000 0.000000
0.190035 0.171596 0.200928
0.134542 0.465102 -0.056005
0.481902 -0.154520 0.004639
0.000000 0.000000 0.000000
0.161657 0.138985 -0.294729
0.000000 0.000000 0.000000
0.167319 -0.415413 -0.262271
0.000000 0.000000 0.000000
0.086494 -0.154520 -0.001460
-0.299906 0.432490 0.070452
0.296341 -0.448025 -0.161544
0.303318 -0.121908 0.195956
0.000000 0.000000 0.000000
0.088414 -0.121908 -0.302119
0.144915 0.432490 0.394222
0.000000 0.000000 0.000000
0.026536 0.171596 0.203040
0.174852 0.138985 0.070705
-0.093382 -0.154520 0.041895
0.454647 -0.154520 -0.087392
0.000000 0.000000 0.000000
0.502529 -0.121908 0.483526
-0.091334 0.432490 0.035816
0.515079 -0.415413 -0.021470
0.119217 0.138985 0.336487
0.000000 0.000000 0.000000
0.373300 0.171596 0.376636
-0.032502 -0.154520 -0.062434
0.000000 0.000000 0.000000
0.389965 -0.121908 -0.141810
-0.133528 0.138985 0.148659
0.000000 0.000000 0.000000
0.000000 0.000000 0.000000
-0.023517 0.171596 0.373373
-0.430984 0.465102 0.218917
0.501522 -0.002063 -0.472817
0.086651 0.465102 -0.444150
0.513976 0.171596 0.399405
0.486301 -0.415413 -0.211398
0.000000 0.000000 0.000000
0.484103 -0.415413 -0.333742
0.008248 0.465102 0.102435
0.164510 0.138985 -0.509138
0.024094 0.465102 -0.484122
0.239998 0.432490 0.393696
0.000000 0.000000 0.000000
-0.114713 0.171596 0.009241
0.000000 0.000000 0.000000
0.500949 0.138985 0.160257
0.552376 0.138985 -0.284950
-0.215519 0.465102 0.008153
0.236851 0.432490 -0.290639
0.237263 0.171596 0.144271
0.543058 0.328463 -0.519713
0.000000 0.000000 0.000000
-0.216167 0.465102 0.089227
0.420709 0.171596 0.138171
0.566745 0.446667 -0.096365
-0.141598 0.465102 0.036046
0.136600 -0.121908 -0.005337
-0.196804 0.432490 -0.024420
0.074857 0.171596 0.127480
0.323390 -0.448025 -0.336392
0.376471 0.171596 0.232060
0.520477 -0.121908 -0.510456
0.487885 -0.154520 -0.336769
0.210957 -0.154520 0.159874
0.000000 0.000000 0.000000
0.507969 -0.556730 -0.498377
0.000000 0.000000 0.000000
0.000000 0.000000 0.000000
-0.398632 0.432490 0.307577
0.000000 0.000000 0.000000
0.515285 0.465102 -0.461523
0.341041 -0.121908 -0.479271
0.229902 0.171596 0.290425
0.000000 0.000000 0.000000
0.201041 0.432490 0.153932
0.000000 0.000000 0.000000
0.549713 -0.122233 0.523860
0.520325 0.138985 -0.459361
0.509447 0.105875 -0.519713
0.483638 -0.154520 0.188751
-0.304061 0.432490 -0.003259
-0.105285 0.138985 0.472949
0.514740 -0.451434 -0.454490
0.000000 0.000000 0.000000
0.021530 0.432490 -0.038009
0.053750 0.138985 -0.107581
0.000000 0.000000 0.000000
0.000000 0.000000 0.000000
0.124660 0.138985 0.259211
0.000000 0.000000 0.000000
0.566745 0.025246 -0.471890
-0.268899 0.138985 0.337789
-0.021812 0.432490 -0.229209
0.272518 0.432490 0.224934
0.000000 0.000000 0.000000
0.000000 0.000000 0.000000
0.532196 0.138985 0.255433
0.438413 -0.448025 -0.111993
0.202709 0.432490 -0.173144
-0.334689 0.171596 0.419551
0.258163 0.465102 0.461808
0.502895 -0.154520 -0.158190
