0.000000 0.000000 0.000000
-0.032835 -0.310583 0.066717
0.000000 0.000000 0.000000
0.331089 0.199998 0.043316
-0.386136 -0.090556 0.314296
0.361633 -0.515063 -0.667474
0.000000 0.000000 0.000000
-0.329706 -0.313846 -0.307233
0.000000 0.000000 0.000000
-0.096607 0.111011 0.283039
0.111350 -0.126651 0.026690
-0.386136 -0.101526 0.023889
0.000000 0.000000 0.000000
0.000000 0.000000 0.000000
0.000000 0.000000 0.000000
0.000000 0.000000 0.000000
-0.241564 0.434686 0.457008
0.000000 0.000000 0.000000
0.333501 -0.346109 -0.456625
0.000000 0.000000 0.000000
0.000000 0.000000 0.000000
-0.197183 -0.105351 0.145732
-0.321609 -0.335367 0.143393
-0.196956 -0.116517 -0.038771
0.000000 0.000000 0.000000
0.000000 0.000000 0.000000
-0.435108 0.174765 0.325447
0.000000 0.000000 0.000000
-0.241564 -0.357611 -0.025268
0.000000 0.000000 0.000000
0.052662 -0.110605 0.108457
0.000000 0.000000 0.000000
0.000000 0.000000 0.000000
0.000000 0.000000 0.000000
0.393897 0.003030 0.019189
-0.353874 -0.318507 -0.075407
-0.241564 0.239418 0.360436
0.000000 0.000000 0.000000
-0.363284 -0.401347 0.002870
-0.118889 -0.034596 0.156693
0.000000 0.000000 0.000000
0.196009 -0.124584 -0.169845
-0.171679 0.563479 0.570182
-0.387024 0.191990 0.415381
-0.212173 -0.230403 0.066373
0.000000 0.000000 0.000000
0.000000 0.000000 0.000000
0.000000 0.000000 0.000000
-0.238758 0.024796 0.228325
0.000000 0.000000 0.000000
0.329369 -0.329894 -0.254757
0.000000 0.000000 0.000000
0.000000 0.000000 0.000000
0.231275 -0.137758 0.029502
-0.109078 0.395106 0.429396
-0.044961 -0.149787 -0.007044
-0.090807 -0.185297 0.061054
0.000000 0.000000 0.000000
-0.420232 -0.313846 0.047938
0.000000 0.000000 0.000000
0.000000 0.000000 0.000000
-0.398183 -0.159976 -0.030089
-0.364439 0.063627 0.324243
0.000000 0.000000 0.000000
0.074256 -0.134019 -0.108896
0.000000 0.000000 0.000000
-0.130304 0.286149 0.360249
0.391162 0.081543 0.034440
0.064825 -0.362204 -0.034189
0.000000 0.000000 0.000000
0.011366 0.044788 0.207073
0.000000 0.000000 0.000000
0.000000 0.000000 0.000000
0.000000 0.000000 0.000000
-0.228078 -0.307617 0.066717
0.000000 0.000000 0.000000
-0.270597 0.174464 0.356496
-0.080926 0.493871 0.526009
-0.128195 -0.299174 -0.011216
0.000000 0.000000 0.000000
0.000000 0.000000 0.000000
-0.241564 -0.111712 -0.149764
-0.386136 -0.055404 0.012921
0.050526 -0.233643 0.064316
0.000000 0.000000 0.000000
0.000000 0.000000 0.000000
0.000000 0.000000 0.000000
-0.079606 -0.127270 -0.152500
0.000000 0.000000 0.000000
-0.241564 0.151802 0.284690
0.000000 0.000000 0.000000
-0.295370 -0.182637 -0.021119
0.000000 0.000000 0.000000
-0.323373 0.198223 0.268433
0.000000 0.000000 0.000000
0.101910 -0.124261 -0.171934
-0.221552 0.487929 0.488305
0.000000 0.000000 0.000000
-0.023435 0.228381 0.323587
-0.124303 0.064005 0.219269
0.000000 0.000000 0.000000
-0.058678 0.579066 0.546143
0.010317 -0.107718 -0.095611
0.000000 0.000000 0.000000
0.000000 0.000000 0.000000
0.000000 0.000000 0.000000
-0.052035 -0.101492 0.148182
0.000000 0.000000 0.000000
0.000000 0.000000 0.000000
-0.130882 -0.129887 -0.135591
0.000000 0.000000 0.000000
-0.193405 -0.037391 0.188861
-0.223636 0.327290 0.420293
-0.043362 -0.352627 -0.045139
-0.323181 -0.346109 -0.194931
0.021942 -0.280205 0.000823
-0.140262 0.174765 0.346018
0.000000 0.000000 0.000000
0.000000 0.000000 0.000000
-0.374075 0.201517 0.218560
0.249280 -0.116493 -0.065871
0.000000 0.000000 0.000000
-0.225371 0.623078 0.608005
0.206251 -0.115312 -0.046559
0.000000 0.000000 0.000000
0.000603 0.128224 0.260024
0.248212 -0.085804 -0.237163
-0.325302 -0.346109 0.054580
-0.353874 -0.242384 0.009411
0.000000 0.000000 0.000000
0.424397 0.180632 0.058294
0.140635 -0.182637 -0.011292
-0.093759 -0.117094 -0.035046
0.055491 -0.182637 -0.018686
0.000000 0.000000 0.000000
0.000000 0.000000 0.000000
0.000000 0.000000 0.000000
-0.349551 0.142501 0.332554
-0.050644 0.325432 0.419114
-0.225097 -0.155088 0.114169
-0.353874 0.011923 0.312926
0.000000 0.000000 0.000000
-0.238984 0.556165 0.565541
0.000000 0.000000 0.000000
0.000000 0.000000 0.000000
0.000000 0.000000 0.000000
0.000000 0.000000 0.000000
0.329369 -0.316197 -0.352379
-0.070775 -0.226638 0.034818
-0.009529 -0.159711 0.111234
0.000000 0.000000 0.000000
0.000000 0.000000 0.000000
-0.114417 0.522529 0.544195
0.000000 0.000000 0.000000
-0.038323 -0.123180 0.004265
-0.191305 -0.310021 0.066717
0.000000 0.000000 0.000000
0.000000 0.000000 0.000000
-0.239432 -0.133617 0.030143
0.000000 0.000000 0.000000
0.000000 0.000000 0.000000
-0.054732 0.430051 0.451572
-0.184239 0.369229 0.446909
0.000000 0.000000 0.000000
-0.028676 -0.127381 -0.151779
0.000000 0.000000 0.000000
-0.151050 -0.152995 0.013679
0.132942 -0.141874 -0.058161
0.000000 0.000000 0.000000
0.000000 0.000000 0.000000
0.000000 0.000000 0.000000
-0.353874 -0.315770 0.218376
0.000000 0.000000 0.000000
0.000000 0.000000 0.000000
-0.180333 -0.143935 0.121246
-0.060328 0.015964 0.222721
0.000000 0.000000 0.000000
-0.097739 0.614990 0.602872
-0.159737 0.161521 0.281155
0.155431 -0.105781 -0.108130
-0.138480 -0.246600 0.056093
-0.160010 -0.122837 -0.181133
-0.203067 0.088065 0.268477
-0.139716 0.466852 0.474928
0.000000 0.000000 0.000000
0.000000 0.000000 0.000000
0.000000 0.000000 0.000000
-0.039393 0.266310 0.381595
0.000000 0.000000 0.000000
0.000000 0.000000 0.000000
-0.012994 -0.275472 0.003826
-0.025297 -0.012705 0.170586
0.000000 0.000000 0.000000
-0.007250 0.376743 0.417742
0.418240 0.174765 0.001356
-0.128606 0.206878 0.343878
0.000000 0.000000 0.000000
0.000000 0.000000 0.000000
0.000000 0.000000 0.000000
-0.210299 -0.247896 0.021326
0.000000 0.000000 0.000000
0.000000 0.000000 0.000000
-0.360498 0.201517 0.342081
0.000000 0.000000 0.000000
0.000000 0.000000 0.000000
0.000000 0.000000 0.000000
-0.198859 0.166800 0.356496
0.000000 0.000000 0.000000
-0.297914 -0.285791 0.034440
0.000000 0.000000 0.000000
0.010796 0.240309 0.331157
0.000000 0.000000 0.000000
-0.022190 0.070204 0.257143
-0.120429 -0.366527 -0.020014
-0.241564 0.287865 0.365446
-0.101125 -0.123097 0.100528
-0.353874 -0.192693 0.033983
0.000000 0.000000 0.000000
0.184840 -0.119535 -0.202462
-0.045365 -0.097054 -0.164497
-0.183085 0.630546 0.612745
-0.241564 -0.123576 -0.053125
0.077041 -0.116183 -0.224119
0.000000 0.000000 0.000000
-0.321609 -0.341775 -0.022207
0.000000 0.000000 0.000000
0.182825 -0.127146 0.029881
0.393897 0.145878 0.031537
-0.076494 0.178349 0.291835
-0.208696 -0.330736 0.002699
-0.416682 0.183705 0.259550
0.029621 -0.099159 -0.150900
0.000000 0.000000 0.000000
-0.188000 -0.056785 0.142612
-0.374398 -0.004412 0.034440
-0.011784 -0.201721 0.050631
0.071562 -0.030787 0.159111
0.000000 0.000000 0.000000
-0.358736 0.133285 0.291989
0.000000 0.000000 0.000000
0.000000 0.000000 0.000000
-0.141958 0.333728 0.424379
0.361634 -0.344259 -0.189112
-0.031941 0.515749 0.505960
0.000000 0.000000 0.000000
0.000000 0.000000 0.000000
0.000000 0.000000 0.000000
0.196566 -0.182637 -0.029722
0.118219 -0.319365 -0.024030
-0.376492 -0.319554 0.002175
0.000000 0.000000 0.000000
0.000000 0.000000 0.000000
0.000000 0.000000 0.000000
0.000000 0.000000 0.000000
0.000000 0.000000 0.000000
-0.158427 -0.174378 -0.030089
0.060009 -0.119753 -0.017872
-0.184528 0.251020 0.337955
0.053953 -0.110202 -0.079562
-0.035140 -0.140308 -0.068278
-0.321609 -0.321640 -0.128345
-0.241564 -0.184241 0.062788
0.000000 0.000000 0.000000
0.000000 0.000000 0.000000
0.249280 -0.114055 -0.137656
-0.078348 0.076833 0.227410
0.000000 0.000000 0.000000
-0.119270 0.507835 0.500936
0.000000 0.000000 0.000000
-0.083628 0.263153 0.345654
0.067611 -0.255183 0.016702
-0.076933 -0.138039 0.029459
-0.194908 0.440195 0.491944
0.000000 0.000000 0.000000
-0.187522 -0.106578 -0.102977
0.069064 -0.094575 -0.180510
-0.350119 -0.346109 0.003232
0.000000 0.000000 0.000000
-0.080245 -0.065205 0.137268
-0.377442 -0.291469 0.066717
0.000000 0.000000 0.000000
-0.175406 0.031326 0.198530
-0.372601 0.201517 0.303545
-0.221788 0.371720 0.448489
0.077101 -0.176738 0.066486
0.000000 0.000000 0.000000
0.000000 0.000000 0.000000
-0.119570 -0.313846 0.058478
-0.353874 -0.120669 0.017741
-0.367751 -0.159227 0.291989
0.000000 0.000000 0.000000
-0.132757 -0.107707 0.144238
0.360823 -0.313846 -0.414677
0.000000 0.000000 0.000000
-0.060479 -0.307967 0.017149
-0.148703 -0.142117 -0.056586
0.000000 0.000000 0.000000
0.000000 0.000000 0.000000
-0.353874 -0.343607 -0.254686
0.000000 0.000000 0.000000
0.011143 -0.339861 -0.003092
0.372308 0.201517 0.097795
-0.323373 0.191503 0.388537
0.000000 0.000000 0.000000
-0.182279 0.279896 0.390217
-0.230358 -0.172893 -0.030089
0.000000 0.000000 0.000000
0.000000 0.000000 0.000000
-0.020121 -0.182637 -0.009820
0.000000 0.000000 0.000000
0.000000 0.000000 0.000000
0.000000 0.000000 0.000000
-0.091159 -0.182637 -0.023929
0.000000 0.000000 0.000000
0.000000 0.000000 0.000000
-0.155807 -0.018312 0.200969
0.010569 0.014277 0.221650
0.000000 0.000000 0.000000
0.000000 0.000000 0.000000
-0.067727 0.663325 0.599615
0.000000 0.000000 0.000000
0.143340 -0.096435 -0.168500
-0.226468 0.509672 0.536036
-0.105748 -0.138739 -0.078411
0.000000 0.000000 0.000000
-0.241564 0.198532 0.310445
0.008431 -0.068343 0.135277
-0.091404 0.569318 0.573888
0.000000 0.000000 0.000000
0.000000 0.000000 0.000000
-0.181296 -0.179321 0.098790
0.000000 0.000000 0.000000
0.000000 0.000000 0.000000
0.365469 0.052721 0.002175
0.235527 -0.121755 -0.004943
0.000000 0.000000 0.000000
0.000000 0.000000 0.000000
0.000000 0.000000 0.000000
0.020413 -0.154639 0.024298
-0.323373 0.175117 0.210748
0.000000 0.000000 0.000000
-0.311276 0.142501 0.330374
-0.124663 0.081377 0.264233
-0.052691 -0.134105 0.093542
-0.183683 -0.354712 -0.045992
-0.175939 -0.126134 0.023346
0.000000 0.000000 0.000000
0.000000 0.000000 0.000000
-0.169997 0.524504 0.511515
0.000000 0.000000 0.000000
0.000000 0.000000 0.000000
0.000000 0.000000 0.000000
0.335904 0.201517 0.095234
0.000000 0.000000 0.000000
-0.225148 0.006160 0.182558
0.000000 0.000000 0.000000
0.417973 0.174765 0.095573
0.000000 0.000000 0.000000
-0.000640 -0.123667 0.134109
0.000000 0.000000 0.000000
-0.155360 0.335854 0.391793
0.000000 0.000000 0.000000
0.000000 0.000000 0.000000
-0.171088 -0.097918 -0.158915
0.000000 0.000000 0.000000
0.000000 0.000000 0.000000
0.000000 0.000000 0.000000
-0.353874 -0.338294 0.114299
-0.047690 0.122316 0.290213
-0.098124 0.468084 0.475710
0.000000 0.000000 0.000000
-0.082897 -0.106250 -0.105094
-0.333169 -0.150373 -0.002589
0.000000 0.000000 0.000000
0.000000 0.000000 0.000000
0.000000 0.000000 0.000000
0.000000 0.000000 0.000000
0.000000 0.000000 0.000000
0.252450 -0.180109 -0.030089
0.000000 0.000000 0.000000
-0.335765 -0.346109 -0.345272
0.000000 0.000000 0.000000
-0.090392 -0.123290 0.004976
0.347720 -0.346109 -0.309919
-0.153441 0.426834 0.449532
-0.166543 -0.299154 0.022742
-0.241564 -0.101359 0.117289
0.000000 0.000000 0.000000
0.000000 0.000000 0.000000
-0.053042 0.003047 0.180583
-0.287806 -0.310011 0.066717
-0.131356 -0.195872 0.054343
-0.183854 0.075563 0.226604
0.100498 -0.146442 -0.028650
0.187207 -0.138173 -0.082063
0.249280 -0.096538 -0.189356
0.363022 0.127834 0.002175
-0.090082 0.212894 0.347696
0.051016 -0.322852 -0.026243
-0.236139 -0.023976 0.163434
-0.324301 -0.313846 -0.214934
0.000000 0.000000 0.000000
0.140443 -0.119335 -0.020570
0.000000 0.000000 0.000000
-0.072957 -0.271198 0.006538
0.289062 -0.150373 -0.008335
-0.044491 -0.202529 0.084061
0.000000 0.000000 0.000000
0.000000 0.000000 0.000000
-0.096153 0.420791 0.479631
-0.150906 0.603642 0.561740
0.000000 0.000000 0.000000
-0.353874 -0.321052 0.171112
-0.117505 0.012085 0.220260
0.381624 0.201517 0.045079
-0.396162 0.174765 0.369806
-0.022097 -0.114244 -0.053459
-0.398009 0.166047 0.324243
-0.227634 0.109642 0.248231
0.000000 0.000000 0.000000
0.000000 0.000000 0.000000
0.000000 0.000000 0.000000
0.000000 0.000000 0.000000
0.000000 0.000000 0.000000
0.000000 0.000000 0.000000
-0.012780 0.181249 0.327613
-0.153947 0.226031 0.322095
0.000000 0.000000 0.000000
0.000000 0.000000 0.000000
-0.353874 -0.054715 0.306978
0.013642 -0.142019 -0.057229
0.000000 0.000000 0.000000
-0.353874 -0.341523 -0.128968
0.000000 0.000000 0.000000
-0.214861 -0.133740 -0.110701
0.000000 0.000000 0.000000
-0.164786 -0.333216 0.001125
0.000000 0.000000 0.000000
0.000000 0.000000 0.000000
-0.037160 -0.057927 0.175829
-0.254423 0.142501 0.333590
0.098275 -0.110318 -0.078817
0.000000 0.000000 0.000000
-0.094367 0.349776 0.400628
-0.386136 -0.357354 0.021170
-0.120597 0.566885 0.538412
-0.241564 -0.277510 0.029411
-0.143937 -0.120673 -0.011927
-0.386136 -0.220803 0.010537
-0.086740 -0.329673 -0.030572
0.000000 0.000000 0.000000
0.000000 0.000000 0.000000
0.000000 0.000000 0.000000
-0.185210 0.195333 0.336551
0.177017 -0.146601 -0.027622
0.026299 -0.161620 0.076081
0.000000 0.000000 0.000000
0.000000 0.000000 0.000000
0.000000 0.000000 0.000000
-0.146279 -0.281582 0.065731
-0.092047 -0.282148 0.066717
-0.156836 -0.111676 0.107776
0.000000 0.000000 0.000000
0.000000 0.000000 0.000000
0.000000 0.000000 0.000000
0.000000 0.000000 0.000000
0.000000 0.000000 0.000000
0.000000 0.000000 0.000000
-0.083084 0.308486 0.374424
-0.103171 0.142501 0.342054
-0.069511 0.375373 0.450808
0.042825 0.006303 0.182649
-0.034945 -0.269755 0.041399
0.207613 -0.105546 -0.109646
-0.065540 0.620269 0.572291
-0.157886 0.111830 0.283559
-0.150504 -0.256247 0.016027
-0.208217 0.551884 0.528892
-0.158098 0.367067 0.411601
0.000000 0.000000 0.000000
-0.210678 0.597415 0.557788
-0.089785 -0.166899 0.106672
0.000000 0.000000 0.000000
0.058002 -0.153753 0.018573
-0.047579 -0.154937 0.026221
-0.199217 0.141639 0.302476
0.000000 0.000000 0.000000
0.361634 -0.331272 -0.234109
-0.378118 0.089292 0.291989
-0.343525 -0.288074 0.034440
0.036167 -0.130961 -0.128654
0.000000 0.000000 0.000000
0.000000 0.000000 0.000000
-0.321106 0.174765 0.352228
0.000000 0.000000 0.000000
0.000000 0.000000 0.000000
0.106369 -0.102610 -0.128604
-0.192937 -0.186536 0.060268
0.000000 0.000000 0.000000
0.033313 0.162574 0.281824
0.359185 -0.313846 -0.376467
0.000000 0.000000 0.000000
-0.192200 0.175044 0.289738
-0.321609 -0.314928 0.106059
0.000000 0.000000 0.000000
-0.148507 0.386458 0.457842
-0.385340 0.034588 0.034440
-0.079539 0.528877 0.514291
-0.407027 0.201517 0.364946
-0.079866 0.039652 0.203814
0.000000 0.000000 0.000000
-0.386136 -0.006373 0.295860
0.000000 0.000000 0.000000
0.000000 0.000000 0.000000
0.120043 -0.088188 -0.221771
0.027509 0.083318 0.231526
0.000000 0.000000 0.000000
-0.153056 0.651923 0.626310
0.000000 0.000000 0.000000
0.000000 0.000000 0.000000
0.000000 0.000000 0.000000
0.000000 0.000000 0.000000
0.000000 0.000000 0.000000
0.000000 0.000000 0.000000
0.000000 0.000000 0.000000
0.000000 0.000000 0.000000
0.000000 0.000000 0.000000
-0.079779 0.149118 0.324243
0.010419 -0.120638 -0.012155
0.000000 0.000000 0.000000
0.000000 0.000000 0.000000
-0.012637 0.558576 0.533139
0.000000 0.000000 0.000000
-0.200858 -0.153689 0.002175
0.000000 0.000000 0.000000
0.149910 -0.111584 -0.070638
-0.092660 -0.232178 0.065246
0.000000 0.000000 0.000000
-0.167887 0.476624 0.515063
0.000000 0.000000 0.000000
0.000000 0.000000 0.000000
0.000000 0.000000 0.000000
0.000000 0.000000 0.000000
0.000000 0.000000 0.000000
0.000000 0.000000 0.000000
0.018937 -0.354251 -0.046170
0.149786 -0.149944 0.027617
0.000000 0.000000 0.000000
-0.182789 -0.222855 0.037218
-0.091273 -0.331905 0.001958
-0.295451 -0.150373 -0.001219
0.000000 0.000000 0.000000
0.035175 -0.306036 0.034440
0.000000 0.000000 0.000000
0.000000 0.000000 0.000000
-0.021274 0.189002 0.298595
0.000000 0.000000 0.000000
0.343838 -0.346109 -0.413435
-0.368771 0.174765 0.275823
0.000000 0.000000 0.000000
0.236003 -0.134366 -0.106662
0.000000 0.000000 0.000000
-0.363840 -0.182637 -0.013414
0.000000 0.000000 0.000000
0.000000 0.000000 0.000000
-0.196336 -0.151822 0.082299
-0.358696 -0.137679 0.324243
0.329369 -0.324256 -0.159668
0.000000 0.000000 0.000000
0.000000 0.000000 0.000000
0.000000 0.000000 0.000000
0.024336 -0.191151 0.091283
0.000000 0.000000 0.000000
-0.193430 0.410291 0.439033
-0.353874 -0.315308 -0.169869
0.000000 0.000000 0.000000
0.000000 0.000000 0.000000
-0.212068 0.672220 0.639191
0.057400 0.039064 0.203441
-0.353874 -0.068790 0.020586
-0.386081 -0.258516 0.034440
0.000000 0.000000 0.000000
0.000000 0.000000 0.000000
0.393897 -0.487890 -0.668711
-0.241564 -0.066301 0.140577
0.026632 -0.234968 0.029531
-0.198619 0.451235 0.465017
0.011991 -0.124565 -0.169971
0.000000 0.000000 0.000000
0.000000 0.000000 0.000000
-0.179105 -0.262721 0.045863
-0.142374 0.194875 0.302323
-0.063376 0.456129 0.502057
0.140644 -0.128684 -0.143361
-0.126325 -0.154006 0.080912
-0.085015 -0.054816 0.177803
0.371945 0.174765 0.015322
-0.327185 -0.313846 0.014180
-0.024021 -0.307807 -0.016695
0.009984 -0.030689 0.159173
0.000000 0.000000 0.000000
0.000000 0.000000 0.000000
-0.020308 -0.133870 -0.109858
-0.241564 -0.309363 -0.006694
0.000000 0.000000 0.000000
-0.150408 -0.109477 -0.084246
-0.359858 0.016166 0.002175
0.101860 -0.208734 0.046180
0.000000 0.000000 0.000000
-0.040000 0.051809 0.211529
0.388189 0.036991 0.034440
0.000000 0.000000 0.000000
0.000000 0.000000 0.000000
0.000000 0.000000 0.000000
-0.038253 0.105902 0.245858
-0.146042 -0.343753 -0.039507
0.000000 0.000000 0.000000
-0.152698 0.042163 0.239347
0.000000 0.000000 0.000000
-0.106978 -0.095240 0.118207
-0.164103 -0.135384 -0.100088
-0.119171 0.633703 0.580817
-0.321609 -0.338371 0.190007
-0.199688 -0.139560 -0.073108
0.000000 0.000000 0.000000
0.000000 0.000000 0.000000
-0.321609 -0.329999 -0.062175
0.000000 0.000000 0.000000
-0.135410 0.111790 0.249595
0.000000 0.000000 0.000000
0.190995 -0.150373 0.000765
-0.153826 -0.082578 0.160184
-0.101634 0.001570 0.179646
0.366139 -0.020468 0.002175
-0.066367 -0.112210 -0.066594
0.000000 0.000000 0.000000
-0.200486 -0.128593 -0.143947
0.000000 0.000000 0.000000
0.000000 0.000000 0.000000
0.000000 0.000000 0.000000
-0.107573 -0.160175 0.002175
-0.190463 0.135837 0.264855
0.329369 -0.316995 -0.214499
-0.129904 -0.188449 0.092997
-0.203196 0.288729 0.361886
0.000000 0.000000 0.000000
0.000000 0.000000 0.000000
0.000000 0.000000 0.000000
0.000000 0.000000 0.000000
-0.416682 0.189626 0.295684
0.000000 0.000000 0.000000
-0.213816 -0.302832 0.034440
-0.098587 0.177132 0.325001
0.000000 0.000000 0.000000
-0.369570 -0.313846 0.042989
-0.009920 -0.070757 0.167686
-0.262583 -0.281582 0.051967
0.000000 0.000000 0.000000
-0.321609 -0.320523 -0.264601
0.000000 0.000000 0.000000
0.329369 -0.315235 -0.311235
0.000000 0.000000 0.000000
-0.160646 0.246478 0.369009
-0.241564 0.357638 0.423596
0.000000 0.000000 0.000000
-0.057065 -0.133112 -0.114761
0.000000 0.000000 0.000000
0.000000 0.000000 0.000000
0.000000 0.000000 0.000000
0.357232 0.174765 0.074668
0.000000 0.000000 0.000000
0.000000 0.000000 0.000000
0.000000 0.000000 0.000000
0.000000 0.000000 0.000000
0.000000 0.000000 0.000000
0.000000 0.000000 0.000000
-0.145974 0.496414 0.527622
0.000000 0.000000 0.000000
-0.022481 -0.169624 0.071001
-0.132971 0.151769 0.308906
-0.114955 -0.159680 -0.030089
0.361633 -0.338773 -0.272239
-0.032357 -0.101896 0.113983
0.329369 -0.342544 -0.500984
-0.101965 -0.122374 -0.184120
0.000000 0.000000 0.000000
-0.049992 0.194637 0.336110
0.228957 -0.169593 0.002175
0.000000 0.000000 0.000000
0.000000 0.000000 0.000000
-0.170055 0.160879 0.314686
-0.204677 0.223412 0.354371
-0.090019 -0.114426 0.139973
0.000000 0.000000 0.000000
-0.260856 -0.178417 0.002175
0.000000 0.000000 0.000000
-0.180075 -0.150373 -0.029655
0.000000 0.000000 0.000000
0.000000 0.000000 0.000000
0.000000 0.000000 0.000000
0.000000 0.000000 0.000000
-0.416682 0.178794 0.217056
-0.384276 -0.030085 0.324243
0.000000 0.000000 0.000000
0.076640 -0.289912 -0.005337
-0.353874 -0.329776 0.074733
0.000000 0.000000 0.000000
-0.222937 0.428802 0.484714
0.000000 0.000000 0.000000
0.000000 0.000000 0.000000
0.050298 -0.145370 -0.035577
-0.073995 -0.369598 -0.021963
0.000000 0.000000 0.000000
-0.012254 0.429614 0.451296
0.000000 0.000000 0.000000
-0.019281 -0.118532 -0.208941
-0.212113 0.039281 0.203578
