0.078475 -0.781935 0.350378
-0.516828 -0.341084 -0.324577
0.000000 0.000000 0.000000
0.000000 0.000000 0.000000
0.123240 -0.259654 -0.359487
0.000000 0.000000 0.000000
0.359471 -0.818530 -0.250237
-0.337349 -0.849282 -0.009779
0.000000 0.000000 0.000000
0.000000 0.000000 0.000000
-0.034854 -0.789420 -0.359487
0.000000 0.000000 0.000000
0.000000 0.000000 0.000000
0.000000 0.000000 0.000000
0.359471 -0.562190 0.122559
0.000000 0.000000 0.000000
-0.315486 -0.836958 0.268557
0.000000 0.000000 0.000000
-0.118130 -0.697999 -0.030411
-0.186131 -0.337246 -0.067933
0.000000 0.000000 0.000000
0.000000 0.000000 0.000000
0.000000 0.000000 0.000000
0.000000 0.000000 0.000000
-0.533571 -0.709638 -0.226339
0.205463 -0.574958 0.385290
-0.266798 -0.504924 -0.324577
0.000000 0.000000 0.000000
0.115090 -0.597683 -0.083696
0.369463 -0.849282 0.242332
0.000000 0.000000 0.000000
0.000000 0.000000 0.000000
0.000000 0.000000 0.000000
0.000000 0.000000 0.000000
0.000000 0.000000 0.000000
-0.536594 -0.682317 0.084457
0.290751 -0.835122 -0.359487
0.394382 -0.622903 -0.206997
0.115090 -0.592620 0.231675
0.000000 0.000000 0.000000
-0.297059 -0.584786 0.315468
0.000000 0.000000 0.000000
0.000000 0.000000 0.000000
0.000000 0.000000 0.000000
0.000000 0.000000 0.000000
-0.002711 -0.512694 -0.289665
0.000000 0.000000 0.000000
-0.350399 -0.840721 -0.310297
0.394382 -0.834045 0.043396
0.000000 0.000000 0.000000
0.000000 0.000000 0.000000
-0.128910 -0.230775 -0.359487
0.196810 -0.709638 -0.015898
-0.145755 -0.844480 0.385290
0.000000 0.000000 0.000000
-0.501683 -0.612544 0.326605
0.000000 0.000000 0.000000
0.246784 -0.484246 -0.324577
0.000000 0.000000 0.000000
0.000000 0.000000 0.000000
-0.316805 -0.686362 0.136855
0.283841 -0.709638 0.281868
0.000000 0.000000 0.000000
0.000000 0.000000 0.000000
-0.076720 -0.697999 0.232700
0.000000 0.000000 0.000000
0.000000 0.000000 0.000000
0.000000 0.000000 0.000000
0.000000 0.000000 0.000000
0.000000 0.000000 0.000000
-0.196408 -0.697999 -0.240616
-0.350399 -0.268010 -0.208383
-0.501683 -0.344183 -0.189902
-0.331007 -0.248961 -0.359487
0.000000 0.000000 0.000000
0.000000 0.000000 0.000000
0.000000 0.000000 0.000000
0.394382 -0.582241 0.321993
0.014852 -0.337246 -0.216070
0.000000 0.000000 0.000000
0.004238 -0.565079 0.315468
0.137383 -0.709638 -0.245590
0.000000 0.000000 0.000000
0.000000 0.000000 0.000000
0.000000 0.000000 0.000000
0.115090 -0.488039 0.133779
0.000000 0.000000 0.000000
0.000000 0.000000 0.000000
0.000000 0.000000 0.000000
0.000000 0.000000 0.000000
-0.536594 -0.550581 -0.139869
0.000000 0.000000 0.000000
0.000000 0.000000 0.000000
0.330104 -0.629972 -0.324577
0.000000 0.000000 0.000000
-0.437099 -0.473610 -0.312938
0.394382 -0.671535 -0.119326
0.359471 -0.342220 -0.359078
-0.056807 -0.849282 0.365460
0.000000 0.000000 0.000000
0.000000 0.000000 0.000000
0.394382 -0.417179 -0.180788
0.000000 0.000000 0.000000
-0.351888 -0.686362 -0.131003
0.115090 -0.538727 -0.150221
-0.173285 -0.576088 -0.359487
0.000000 0.000000 0.000000
0.000000 0.000000 0.000000
0.232147 -0.302336 -0.243824
-0.501683 -0.499738 0.166827
0.000000 0.000000 0.000000
0.000000 0.000000 0.000000
0.000000 0.000000 0.000000
0.000000 0.000000 0.000000
0.000000 0.000000 0.000000
0.000000 0.000000 0.000000
-0.061869 -0.709638 -0.229064
0.032872 -0.686362 0.074904
-0.425381 -0.686362 -0.034511
0.000000 0.000000 0.000000
0.000000 0.000000 0.000000
0.000000 0.000000 0.000000
-0.326218 -0.845222 0.385290
-0.365253 -0.657619 -0.289665
0.000000 0.000000 0.000000
0.000000 0.000000 0.000000
0.000000 0.000000 0.000000
0.000000 0.000000 0.000000
0.000000 0.000000 0.000000
-0.225701 -0.384699 -0.289665
0.173408 -0.543816 -0.359487
0.359471 -0.496729 -0.072234
0.132979 -0.829999 -0.324577
-0.101875 -0.401701 -0.359487
0.000000 0.000000 0.000000
0.391394 -0.709638 0.099812
0.000000 0.000000 0.000000
0.324498 -0.791157 0.385290
0.000000 0.000000 0.000000
0.079365 -0.368844 -0.359487
-0.331611 -0.462423 0.315468
0.000000 0.000000 0.000000
0.000000 0.000000 0.000000
0.187385 -0.682203 0.350378
-0.120349 -0.644796 0.385290
0.000000 0.000000 0.000000
0.000000 0.000000 0.000000
0.000000 0.000000 0.000000
0.000000 0.000000 0.000000
0.000000 0.000000 0.000000
-0.222982 -0.761505 -0.359487
0.000000 0.000000 0.000000
-0.271768 -0.663559 0.385290
-0.407185 -0.686362 0.293592
0.050806 -0.686362 -0.093651
0.000000 0.000000 0.000000
0.000000 0.000000 0.000000
-0.243892 -0.709638 0.091913
0.188139 -0.265336 -0.359487
0.000000 0.000000 0.000000
0.000000 0.000000 0.000000
-0.416729 -0.485754 0.338742
-0.124057 -0.337246 -0.187391
0.000000 0.000000 0.000000
0.000000 0.000000 0.000000
-0.501683 -0.547437 0.005998
-0.315486 -0.817632 -0.159802
0.000000 0.000000 0.000000
0.000000 0.000000 0.000000
0.000000 0.000000 0.000000
0.394382 -0.614251 0.247276
-0.536594 -0.608227 -0.297582
0.000000 0.000000 0.000000
0.000000 0.000000 0.000000
0.115090 -0.683780 0.225086
0.000000 0.000000 0.000000
0.218308 -0.849282 0.357952
0.000000 0.000000 0.000000
0.000000 0.000000 0.000000
0.000000 0.000000 0.000000
0.394382 -0.483794 -0.291068
0.000000 0.000000 0.000000
-0.394696 -0.337246 -0.293463
0.000000 0.000000 0.000000
0.394382 -0.849014 -0.083280
0.000000 0.000000 0.000000
0.000000 0.000000 0.000000
-0.208431 -0.709638 0.269343
0.000000 0.000000 0.000000
0.000000 0.000000 0.000000
0.000000 0.000000 0.000000
0.000000 0.000000 0.000000
0.000000 0.000000 0.000000
0.000000 0.000000 0.000000
0.000000 0.000000 0.000000
0.000000 0.000000 0.000000
-0.536594 -0.653361 0.212888
-0.434365 -0.697999 -0.150606
0.000000 0.000000 0.000000
-0.169929 -0.849282 -0.359085
0.000000 0.000000 0.000000
0.000000 0.000000 0.000000
0.000000 0.000000 0.000000
0.000000 0.000000 0.000000
0.000000 0.000000 0.000000
0.000000 0.000000 0.000000
0.000000 0.000000 0.000000
-0.002181 -0.658842 -0.324577
-0.350399 -0.842367 0.140902
0.000000 0.000000 0.000000
0.394382 -0.695179 -0.243082
0.229704 -0.709638 0.133899
-0.282888 -0.686362 -0.000405
0.000000 0.000000 0.000000
0.000000 0.000000 0.000000
0.000000 0.000000 0.000000
0.394382 -0.707013 -0.015316
0.353973 -0.302336 -0.319325
0.000000 0.000000 0.000000
-0.111714 -0.709638 0.123253
0.000000 0.000000 0.000000
0.000000 0.000000 0.000000
0.000000 0.000000 0.000000
0.000000 0.000000 0.000000
0.000000 0.000000 0.000000
-0.068439 -0.608917 -0.289665
-0.216396 -0.758243 0.385290
-0.034631 -0.709638 0.376370
0.000000 0.000000 0.000000
0.000000 0.000000 0.000000
0.000000 0.000000 0.000000
0.254570 -0.709638 -0.196257
0.000000 0.000000 0.000000
0.000000 0.000000 0.000000
-0.015027 -0.232929 -0.359487
-0.350399 -0.590870 -0.346671
0.000000 0.000000 0.000000
0.000000 0.000000 0.000000
0.168183 -0.655187 -0.324577
-0.223761 -0.697999 -0.118048
0.000000 0.000000 0.000000
-0.237276 -0.283520 -0.359487
0.000000 0.000000 0.000000
0.000000 0.000000 0.000000
0.000000 0.000000 0.000000
0.000000 0.000000 0.000000
0.000000 0.000000 0.000000
0.000000 0.000000 0.000000
0.000000 0.000000 0.000000
0.000000 0.000000 0.000000
0.000000 0.000000 0.000000
0.241364 -0.360844 -0.359487
0.000000 0.000000 0.000000
-0.161792 -0.567869 0.385290
-0.536594 -0.641037 -0.098336
-0.036163 -0.337246 -0.152639
0.000000 0.000000 0.000000
0.000000 0.000000 0.000000
0.000000 0.000000 0.000000
0.000000 0.000000 0.000000
0.000000 0.000000 0.000000
0.000000 0.000000 0.000000
0.000000 0.000000 0.000000
0.000000 0.000000 0.000000
0.000000 0.000000 0.000000
0.000000 0.000000 0.000000
0.000000 0.000000 0.000000
0.115090 -0.656876 0.034090
0.000000 0.000000 0.000000
0.000000 0.000000 0.000000
-0.315790 -0.686362 0.259605
0.000000 0.000000 0.000000
0.000000 0.000000 0.000000
0.000000 0.000000 0.000000
0.000000 0.000000 0.000000
0.000000 0.000000 0.000000
0.000000 0.000000 0.000000
0.000000 0.000000 0.000000
0.000000 0.000000 0.000000
0.070094 -0.590294 -0.359487
0.000000 0.000000 0.000000
0.355400 -0.741966 -0.324577
0.000000 0.000000 0.000000
-0.170461 -0.346352 -0.359487
0.055327 -0.664646 0.338742
0.000000 0.000000 0.000000
0.115090 -0.536263 0.021938
0.072564 -0.709638 -0.152849
0.000000 0.000000 0.000000
0.124963 -0.302336 -0.266673
0.000000 0.000000 0.000000
-0.165845 -0.452410 -0.289665
0.116196 -0.736638 -0.359487
-0.315486 -0.758442 -0.262599
-0.150300 -0.686093 -0.324577
0.359471 -0.690226 0.360754
0.000000 0.000000 0.000000
0.000000 0.000000 0.000000
-0.268853 -0.337246 -0.184571
0.000000 0.000000 0.000000
0.000000 0.000000 0.000000
0.000000 0.000000 0.000000
0.000000 0.000000 0.000000
0.394382 -0.610791 -0.283672
0.000000 0.000000 0.000000
0.394382 -0.603702 -0.014648
0.000000 0.000000 0.000000
-0.406367 -0.611455 0.338742
0.000000 0.000000 0.000000
0.263695 -0.709638 -0.118785
0.375708 -0.709638 0.212682
-0.536594 -0.439962 -0.243039
0.000000 0.000000 0.000000
0.000000 0.000000 0.000000
0.000000 0.000000 0.000000
0.000000 0.000000 0.000000
0.000000 0.000000 0.000000
-0.350399 -0.452589 -0.331489
0.000000 0.000000 0.000000
0.000000 0.000000 0.000000
0.387133 -0.849282 -0.358953
0.000000 0.000000 0.000000
0.000000 0.000000 0.000000
0.000000 0.000000 0.000000
0.235184 -0.573497 -0.359487
0.273211 -0.709638 -0.353232
-0.195899 -0.697999 -0.010598
-0.331922 -0.707507 -0.359487
-0.350399 -0.744716 -0.034686
0.000000 0.000000 0.000000
0.000000 0.000000 0.000000
0.024308 -0.709638 0.256381
0.000000 0.000000 0.000000
0.346467 -0.849282 0.377655
-0.350399 -0.778783 0.208549
-0.060713 -0.658837 0.315468
0.012273 -0.421394 -0.289665
-0.501683 -0.657195 -0.015843
0.000000 0.000000 0.000000
0.000000 0.000000 0.000000
0.000000 0.000000 0.000000
0.000000 0.000000 0.000000
0.000000 0.000000 0.000000
-0.283531 -0.509233 0.315468
0.000000 0.000000 0.000000
0.000000 0.000000 0.000000
-0.172325 -0.709638 -0.145635
0.115090 -0.362417 -0.171937
0.000000 0.000000 0.000000
-0.062025 -0.337246 -0.246171
-0.330461 -0.383659 -0.359487
0.000000 0.000000 0.000000
0.000000 0.000000 0.000000
0.000000 0.000000 0.000000
0.000000 0.000000 0.000000
0.163516 -0.382835 -0.359487
0.000000 0.000000 0.000000
-0.135020 -0.709638 0.327863
-0.012675 -0.686362 -0.033845
0.000000 0.000000 0.000000
0.210655 -0.766912 0.385290
0.359471 -0.388133 -0.053002
0.000000 0.000000 0.000000
0.000000 0.000000 0.000000
0.000000 0.000000 0.000000
0.000000 0.000000 0.000000
0.000000 0.000000 0.000000
0.351312 -0.413696 -0.359487
0.000000 0.000000 0.000000
-0.296885 -0.686362 -0.211606
-0.452615 -0.561771 -0.289665
0.000000 0.000000 0.000000
0.000000 0.000000 0.000000
0.000000 0.000000 0.000000
0.000000 0.000000 0.000000
0.394382 -0.518625 -0.177149
-0.515352 -0.698946 0.350378
0.000000 0.000000 0.000000
0.000000 0.000000 0.000000
0.307851 -0.709638 0.026962
0.000000 0.000000 0.000000
-0.243267 -0.302336 -0.258011
0.000000 0.000000 0.000000
-0.350399 -0.750961 0.047533
0.198273 -0.763374 -0.324577
0.026768 -0.709638 -0.271348
-0.158009 -0.302336 -0.274009
0.000000 0.000000 0.000000
-0.199065 -0.607005 0.338742
0.000000 0.000000 0.000000
0.000000 0.000000 0.000000
0.000000 0.000000 0.000000
0.000000 0.000000 0.000000
-0.238371 -0.656526 -0.359487
0.000000 0.000000 0.000000
0.000000 0.000000 0.000000
0.000000 0.000000 0.000000
0.000000 0.000000 0.000000
-0.501683 -0.572622 0.249007
-0.350399 -0.731977 0.371976
0.000000 0.000000 0.000000
0.000000 0.000000 0.000000
0.290868 -0.614407 0.350378
0.000000 0.000000 0.000000
0.000000 0.000000 0.000000
-0.079227 -0.504969 -0.324577
0.000000 0.000000 0.000000
0.000000 0.000000 0.000000
0.070118 -0.489032 -0.324577
0.115090 -0.625081 -0.221120
0.000000 0.000000 0.000000
0.359471 -0.538670 0.215026
0.000000 0.000000 0.000000
0.115090 -0.669833 0.116407
-0.077033 -0.709638 -0.355983
0.000000 0.000000 0.000000
-0.065904 -0.555202 0.385290
-0.446870 -0.686362 -0.253073
0.000000 0.000000 0.000000
0.359471 -0.758728 0.242428
-0.276962 -0.500988 0.385290
-0.062403 -0.410739 -0.289665
0.000000 0.000000 0.000000
0.000000 0.000000 0.000000
0.000000 0.000000 0.000000
-0.018742 -0.709638 0.159264
0.000000 0.000000 0.000000
-0.166221 -0.527938 -0.289665
-0.536594 -0.510987 -0.073275
0.000000 0.000000 0.000000
0.000000 0.000000 0.000000
0.359471 -0.836624 0.114128
0.000000 0.000000 0.000000
-0.536594 -0.454614 -0.143357
0.000000 0.000000 0.000000
0.000000 0.000000 0.000000
0.000000 0.000000 0.000000
0.000000 0.000000 0.000000
0.000000 0.000000 0.000000
0.000000 0.000000 0.000000
0.000000 0.000000 0.000000
0.151047 -0.460398 -0.324577
0.000000 0.000000 0.000000
0.000000 0.000000 0.000000
0.000000 0.000000 0.000000
0.301772 -0.546544 -0.359487
0.000000 0.000000 0.000000
0.000000 0.000000 0.000000
0.115090 -0.589766 0.130974
0.000000 0.000000 0.000000
0.000000 0.000000 0.000000
0.394382 -0.592038 -0.110272
0.000000 0.000000 0.000000
0.000000 0.000000 0.000000
-0.501683 -0.630466 0.128143
0.115090 -0.543815 -0.279009
0.000000 0.000000 0.000000
0.000000 0.000000 0.000000
0.000000 0.000000 0.000000
-0.023773 -0.317830 -0.324577
0.000000 0.000000 0.000000
0.000000 0.000000 0.000000
0.000000 0.000000 0.000000
0.394382 -0.483915 -0.010845
0.000000 0.000000 0.000000
-0.180296 -0.337246 -0.143606
0.308071 -0.337246 -0.234251
0.000000 0.000000 0.000000
-0.536594 -0.504049 -0.283923
0.359471 -0.753576 -0.180903
0.000000 0.000000 0.000000
-0.246447 -0.666823 -0.289665
0.000000 0.000000 0.000000
0.000000 0.000000 0.000000
0.000000 0.000000 0.000000
-0.055463 -0.686362 -0.151298
0.039480 -0.339303 -0.289665
-0.302959 -0.802372 -0.359487
0.000000 0.000000 0.000000
0.000000 0.000000 0.000000
0.000000 0.000000 0.000000
0.267755 -0.661721 0.385290
0.000000 0.000000 0.000000
0.000000 0.000000 0.000000
0.000000 0.000000 0.000000
0.000000 0.000000 0.000000
-0.071682 -0.686362 0.053230
0.000000 0.000000 0.000000
0.000000 0.000000 0.000000
0.000000 0.000000 0.000000
0.045732 -0.686362 0.164771
-0.091345 -0.302336 -0.329772
0.000000 0.000000 0.000000
0.000000 0.000000 0.000000
0.359471 -0.762248 0.052548
-0.350399 -0.552445 0.368275
0.359471 -0.762768 -0.069613
0.000000 0.000000 0.000000
-0.232225 -0.849282 0.381685
0.000000 0.000000 0.000000
0.000000 0.000000 0.000000
0.000000 0.000000 0.000000
0.000000 0.000000 0.000000
0.000000 0.000000 0.000000
0.000000 0.000000 0.000000
0.000000 0.000000 0.000000
-0.096947 -0.686362 -0.113356
0.115090 -0.606734 0.309578
0.000000 0.000000 0.000000
0.027420 -0.734111 -0.359487
0.000000 0.000000 0.000000
0.000000 0.000000 0.000000
-0.458082 -0.686362 0.203756
0.136822 -0.709638 -0.097819
0.000000 0.000000 0.000000
0.000000 0.000000 0.000000
-0.313743 -0.302031 -0.324577
0.000000 0.000000 0.000000
0.000000 0.000000 0.000000
0.359471 -0.616626 0.050510
0.000000 0.000000 0.000000
0.115090 -0.489155 -0.073160
0.328730 -0.709638 0.133948
0.000000 0.000000 0.000000
0.000000 0.000000 0.000000
-0.136492 -0.686362 0.187987
0.000000 0.000000 0.000000
0.000000 0.000000 0.000000
0.000000 0.000000 0.000000
0.000000 0.000000 0.000000
0.000000 0.000000 0.000000
-0.152969 -0.766630 0.350378
0.000000 0.000000 0.000000
0.000000 0.000000 0.000000
-0.308784 -0.596175 -0.289665
0.359471 -0.635787 0.170974
0.000000 0.000000 0.000000
-0.246314 -0.679916 0.315468
0.000000 0.000000 0.000000
-0.536594 -0.693993 -0.323525
0.300836 -0.714485 0.385290
0.000000 0.000000 0.000000
0.000000 0.000000 0.000000
0.394382 -0.786389 0.367527
0.000000 0.000000 0.000000
-0.273850 -0.337246 -0.031393
0.000000 0.000000 0.000000
-0.501683 -0.624031 -0.245952
0.000000 0.000000 0.000000
0.202087 -0.849282 -0.349201
0.000000 0.000000 0.000000
0.000000 0.000000 0.000000
0.000000 0.000000 0.000000
0.371921 -0.849282 -0.179637
0.000000 0.000000 0.000000
0.000000 0.000000 0.000000
0.068196 -0.709638 -0.018084
-0.392967 -0.686362 0.039504
0.000000 0.000000 0.000000
0.000000 0.000000 0.000000
0.000000 0.000000 0.000000
0.000000 0.000000 0.000000
-0.199317 -0.243405 -0.324577
0.268149 -0.302336 -0.358226
0.000000 0.000000 0.000000
-0.091179 -0.709638 0.295928
0.000000 0.000000 0.000000
0.134690 -0.579578 0.385290
0.000000 0.000000 0.000000
0.000000 0.000000 0.000000
0.000000 0.000000 0.000000
0.000000 0.000000 0.000000
0.000000 0.000000 0.000000
-0.294887 -0.418910 -0.289665
-0.536594 -0.623437 0.031758
-0.338576 -0.647951 0.350378
-0.536594 -0.584277 0.174507
0.000000 0.000000 0.000000
0.052747 -0.500706 0.315468
0.000000 0.000000 0.000000
0.000000 0.000000 0.000000
0.000000 0.000000 0.000000
0.000000 0.000000 0.000000
-0.501683 -0.669245 0.263390
0.159345 -0.709638 -0.179672
0.000000 0.000000 0.000000
0.359471 -0.496881 0.085193
0.047352 -0.302336 -0.356137
-0.018575 -0.624014 0.385290
0.000000 0.000000 0.000000
0.000000 0.000000 0.000000
0.000000 0.000000 0.000000
-0.246385 -0.709638 0.175500
0.103791 -0.649177 0.385290
0.394382 -0.434078 -0.088176
-0.437390 -0.696576 -0.312938
-0.280533 -0.686362 -0.137952
0.078881 -0.656949 -0.289665
0.000000 0.000000 0.000000
-0.147007 -0.636228 -0.289665
-0.387985 -0.686362 0.116101
-0.190349 -0.692651 0.350378
0.394382 -0.401125 -0.326656
-0.328568 -0.337246 -0.233412
0.394382 -0.389329 -0.259094
-0.240411 -0.302336 -0.130278
0.000000 0.000000 0.000000
0.000000 0.000000 0.000000
0.000000 0.000000 0.000000
0.289094 -0.404663 -0.324577
0.000000 0.000000 0.000000
0.000000 0.000000 0.000000
0.000000 0.000000 0.000000
0.000000 0.000000 0.000000
-0.350399 -0.748600 -0.188369
0.000000 0.000000 0.000000
0.000000 0.000000 0.000000
-0.112215 -0.761412 -0.359487
0.000000 0.000000 0.000000
0.203953 -0.709638 0.267746
0.000000 0.000000 0.000000
0.000000 0.000000 0.000000
0.000000 0.000000 0.000000
0.000000 0.000000 0.000000
0.000000 0.000000 0.000000
-0.115675 -0.498152 0.315468
-0.315486 -0.844076 -0.239356
0.000000 0.000000 0.000000
0.000000 0.000000 0.000000
0.000000 0.000000 0.000000
-0.536594 -0.552559 0.099730
0.083835 -0.337246 -0.260632
-0.528481 -0.709638 0.001678
0.000000 0.000000 0.000000
-0.086035 -0.849282 -0.350730
0.000000 0.000000 0.000000
0.000000 0.000000 0.000000
0.394382 -0.771073 -0.133948
0.000000 0.000000 0.000000
0.000000 0.000000 0.000000
0.000000 0.000000 0.000000
0.000000 0.000000 0.000000
0.000000 0.000000 0.000000
0.000000 0.000000 0.000000
0.000000 0.000000 0.000000
-0.001105 -0.686362 -0.154951
0.000000 0.000000 0.000000
-0.150651 -0.686362 0.058602
0.000000 0.000000 0.000000
0.000000 0.000000 0.000000
0.115090 -0.457916 0.033516
0.000000 0.000000 0.000000
0.000000 0.000000 0.000000
-0.501683 -0.609178 -0.148253
0.266986 -0.753515 0.350378
0.000000 0.000000 0.000000
0.000000 0.000000 0.000000
0.000000 0.000000 0.000000
0.000000 0.000000 0.000000
-0.165256 -0.709638 -0.077327
0.000000 0.000000 0.000000
0.000000 0.000000 0.000000
0.000000 0.000000 0.000000
0.000000 0.000000 0.000000
0.000000 0.000000 0.000000
-0.315486 -0.782143 -0.086144
0.000000 0.000000 0.000000
0.000000 0.000000 0.000000
0.000000 0.000000 0.000000
0.103238 -0.709638 0.339005
0.000000 0.000000 0.000000
0.000000 0.000000 0.000000
0.000000 0.000000 0.000000
-0.394623 -0.697999 0.217058
0.000000 0.000000 0.000000
0.000000 0.000000 0.000000
0.359471 -0.513114 -0.349047
-0.239209 -0.449332 -0.324577
-0.207122 -0.686362 0.199791
0.000000 0.000000 0.000000
0.312546 -0.709638 -0.281281
0.000000 0.000000 0.000000
-0.308199 -0.779980 0.350378
-0.501683 -0.518313 -0.190148
0.000000 0.000000 0.000000
0.233215 -0.724043 0.385290
0.000000 0.000000 0.000000
0.000000 0.000000 0.000000
0.000000 0.000000 0.000000
0.290555 -0.337246 -0.296589
-0.082177 -0.547926 0.315468
-0.501683 -0.586967 -0.058259
0.000000 0.000000 0.000000
0.000000 0.000000 0.000000
0.000000 0.000000 0.000000
0.000000 0.000000 0.000000
0.000000 0.000000 0.000000
-0.327929 -0.337246 -0.165493
-0.266982 -0.337246 -0.327384
-0.198125 -0.709638 -0.300153
-0.470813 -0.686362 0.140908
0.000000 0.000000 0.000000
-0.015304 -0.686362 0.309990
0.000000 0.000000 0.000000
-0.350399 -0.837391 0.066916
0.000000 0.000000 0.000000
0.000000 0.000000 0.000000
0.000000 0.000000 0.000000
0.000000 0.000000 0.000000
-0.315486 -0.779824 0.125506
0.000000 0.000000 0.000000
0.000000 0.000000 0.000000
0.000000 0.000000 0.000000
0.000000 0.000000 0.000000
-0.005024 -0.762285 0.385290
0.334402 -0.561458 0.350378
0.323069 -0.755857 -0.359487
