0.000000 0.000000 0.000000
0.000000 0.000000 0.000000
-0.145629 -0.358878 -0.072427
0.000000 0.000000 0.000000
-0.094233 -0.152457 0.421300
0.000000 0.000000 0.000000
0.000000 0.000000 0.000000
0.115728 -0.063083 0.020917
-0.145629 -0.349429 -0.527859
0.191160 -0.335452 0.388990
0.027133 0.115278 0.029894
0.000000 0.000000 0.000000
0.000000 0.000000 0.000000
0.191160 -0.330586 -0.304994
0.000000 0.000000 0.000000
0.000000 0.000000 0.000000
0.191160 -0.312371 0.021520
-0.145629 -0.041262 -0.240444
-0.065322 -0.333842 0.618357
0.149061 -0.105993 -0.497823
-0.079952 0.115278 0.075384
0.000000 0.000000 0.000000
-0.038357 -0.123300 0.421300
-0.145629 -0.196285 0.130181
0.103856 -0.174587 0.421300
0.000000 0.000000 0.000000
-0.077453 -0.202895 -0.403835
0.000000 0.000000 0.000000
-0.145629 0.020461 0.202307
-0.025062 -0.333842 0.259661
-0.109064 -0.355692 -0.173386
0.074416 -0.307255 -0.575420
0.000000 0.000000 0.000000
0.148318 -0.071502 -0.248957
0.000000 0.000000 0.000000
0.000000 0.000000 0.000000
0.000000 0.000000 0.000000
0.119378 0.115278 -0.126404
-0.047606 0.004275 -0.330232
-0.145629 -0.262639 0.582295
-0.029466 -0.071502 0.218366
-0.041149 -0.063083 -0.077674
0.000000 0.000000 0.000000
-0.145629 -0.359404 -0.306110
-0.057619 0.020146 -0.279020
0.000000 0.000000 0.000000
-0.001124 -0.290415 0.070295
0.000000 0.000000 0.000000
0.154961 -0.290415 -0.104916
0.000000 0.000000 0.000000
-0.145629 0.027377 -0.123188
0.157481 -0.190953 -0.426281
-0.145629 -0.237018 0.348185
0.000000 0.000000 0.000000
0.000000 0.000000 0.000000
0.191160 -0.339475 0.181639
0.000000 0.000000 0.000000
-0.013369 -0.037629 -0.337711
0.016959 -0.307255 0.440498
0.000000 0.000000 0.000000
0.000000 0.000000 0.000000
-0.145629 -0.177551 -0.088967
0.000000 0.000000 0.000000
0.000000 0.000000 0.000000
0.000000 0.000000 0.000000
0.191160 -0.316555 -0.475925
0.000000 0.000000 0.000000
0.000000 0.000000 0.000000
0.009945 -0.333842 -0.299244
0.000000 0.000000 0.000000
-0.145629 -0.034152 0.051031
0.000000 0.000000 0.000000
0.097096 0.016803 -0.403835
-0.145629 -0.032115 0.367398
0.000000 0.000000 0.000000
0.000000 0.000000 0.000000
-0.145629 -0.338501 0.149745
0.000000 0.000000 0.000000
0.000000 0.000000 0.000000
0.037265 0.115278 -0.023460
0.000000 0.000000 0.000000
0.157481 -0.065362 0.166553
0.052504 -0.307255 0.601266
0.000000 0.000000 0.000000
0.000000 0.000000 0.000000
-0.053818 0.115278 -0.181439
-0.014161 -0.333842 -0.451902
0.000000 0.000000 0.000000
0.127146 0.115278 -0.302907
0.027400 -0.290415 -0.161056
-0.145629 -0.198600 -0.239120
0.000000 0.000000 0.000000
0.075234 -0.290415 0.340850
0.000000 0.000000 0.000000
0.157481 -0.240098 -0.607762
0.000000 0.000000 0.000000
0.000000 0.000000 0.000000
0.000000 0.000000 0.000000
-0.059813 0.009641 0.303676
0.000000 0.000000 0.000000
-0.105701 -0.351185 0.481067
-0.068673 -0.071502 -0.123011
-0.043016 -0.063083 0.089654
0.000000 0.000000 0.000000
0.152965 -0.260429 0.454979
0.000000 0.000000 0.000000
0.000000 0.000000 0.000000
0.000000 0.000000 0.000000
0.090569 -0.290415 0.110749
0.000000 0.000000 0.000000
0.000000 0.000000 0.000000
0.000000 0.000000 0.000000
0.008307 -0.071502 -0.223047
-0.145629 -0.252530 0.025815
-0.145629 -0.352642 0.271888
0.072608 -0.240826 0.421300
0.075197 -0.071502 -0.126471
0.000000 0.000000 0.000000
0.044040 -0.115062 -0.403835
0.191160 -0.333460 0.510401
0.000000 0.000000 0.000000
0.000000 0.000000 0.000000
-0.039899 -0.333842 0.352883
0.000000 0.000000 0.000000
0.000000 0.000000 0.000000
-0.145629 -0.139354 0.251876
0.186497 -0.340935 -0.596953
0.157481 -0.064798 -0.354727
-0.016158 -0.333842 -0.065213
-0.098542 -0.344153 0.100051
0.074739 -0.333842 0.226827
0.000000 0.000000 0.000000
0.033477 -0.071502 0.360925
0.000000 0.000000 0.000000
0.000000 0.000000 0.000000
-0.145629 0.063096 -0.175166
0.188169 -0.340935 0.112225
-0.145629 -0.359731 -0.433896
0.156980 0.115278 0.046298
-0.145629 -0.262320 0.458666
0.000000 0.000000 0.000000
0.000000 0.000000 0.000000
0.000000 0.000000 0.000000
0.000000 0.000000 0.000000
0.000000 0.000000 0.000000
-0.095231 0.115278 0.170020
-0.028064 -0.307255 -0.567955
-0.145629 -0.228599 -0.345626
0.191160 -0.323038 0.555021
-0.081741 0.115278 -0.066311
-0.145629 0.070151 0.053840
-0.145629 -0.358923 0.393751
0.088674 -0.333842 -0.382553
0.000000 0.000000 0.000000
0.042692 0.058001 -0.320454
0.000000 0.000000 0.000000
0.164898 -0.340935 -0.193912
0.037235 0.115278 -0.236161
-0.012294 -0.290415 -0.187643
0.089123 -0.333842 -0.056830
0.000000 0.000000 0.000000
0.000000 0.000000 0.000000
0.000000 0.000000 0.000000
-0.079862 -0.307255 -0.356145
0.105998 -0.333842 -0.217514
-0.145629 -0.352243 0.647755
0.000000 0.000000 0.000000
0.024259 0.115278 0.163510
0.074210 -0.071502 0.165954
-0.145629 -0.273684 -0.125238
0.000000 0.000000 0.000000
0.092961 -0.333842 0.460166
0.000000 0.000000 0.000000
-0.128677 -0.307255 0.242226
0.000000 0.000000 0.000000
-0.145629 -0.189475 0.016368
0.000000 0.000000 0.000000
0.073823 -0.333842 -0.490024
0.000000 0.000000 0.000000
-0.013938 -0.333842 0.168976
0.000000 0.000000 0.000000
0.000000 0.000000 0.000000
0.000000 0.000000 0.000000
0.000000 0.000000 0.000000
-0.077706 -0.063083 -0.305242
-0.145629 -0.081918 0.150775
-0.098732 -0.290415 -0.266822
-0.089781 -0.071502 0.299485
0.000000 0.000000 0.000000
-0.145629 -0.017631 -0.140911
0.019939 -0.063083 -0.023539
0.000000 0.000000 0.000000
-0.099723 0.115278 -0.239579
0.000000 0.000000 0.000000
0.157481 -0.338250 0.290603
0.000000 0.000000 0.000000
-0.071441 -0.307255 -0.000220
0.068766 -0.307255 0.047128
-0.016252 -0.307255 0.560575
-0.145629 -0.153423 -0.257174
0.000000 0.000000 0.000000
0.000000 0.000000 0.000000
-0.042027 -0.237299 0.421300
-0.145629 -0.173177 -0.133327
0.000000 0.000000 0.000000
0.156001 -0.354763 -0.383486
0.062017 -0.217040 -0.403835
0.000000 0.000000 0.000000
0.000000 0.000000 0.000000
0.157481 -0.068627 -0.078302
0.000000 0.000000 0.000000
0.000000 0.000000 0.000000
0.000000 0.000000 0.000000
0.128975 0.115278 -0.051630
-0.145629 0.105655 0.249290
0.157481 -0.297229 -0.430235
0.000000 0.000000 0.000000
0.033169 -0.025895 0.275932
0.000000 0.000000 0.000000
0.000000 0.000000 0.000000
0.000000 0.000000 0.000000
0.142777 0.115278 -0.224570
-0.107494 -0.130828 -0.403835
-0.145629 -0.125515 0.008028
-0.019316 -0.071502 -0.185367
-0.145629 -0.078221 0.451667
0.000000 0.000000 0.000000
0.000000 0.000000 0.000000
0.157481 -0.248418 -0.512553
-0.145629 -0.130464 0.357340
0.000000 0.000000 0.000000
-0.145629 -0.272943 -0.458410
0.000000 0.000000 0.000000
0.000000 0.000000 0.000000
0.000000 0.000000 0.000000
0.157481 -0.298552 0.217161
-0.145629 -0.118721 0.486606
-0.040963 0.115278 -0.088723
0.000000 0.000000 0.000000
-0.145629 0.057816 0.310214
0.000000 0.000000 0.000000
0.000000 0.000000 0.000000
-0.067451 -0.290415 -0.101852
0.000000 0.000000 0.000000
0.000000 0.000000 0.000000
-0.145629 -0.044186 -0.056425
0.106414 -0.290415 -0.290462
-0.084134 -0.307255 -0.414748
0.000000 0.000000 0.000000
0.034836 -0.307255 0.315059
0.035083 -0.307255 0.534120
0.047556 -0.030744 -0.295817
0.000000 0.000000 0.000000
0.088940 -0.333842 0.375319
0.153777 -0.038713 -0.445990
0.000000 0.000000 0.000000
0.000000 0.000000 0.000000
0.000000 0.000000 0.000000
0.000000 0.000000 0.000000
0.042018 -0.290415 0.160055
-0.145629 0.031475 0.123655
-0.119276 -0.063083 0.246828
-0.145629 0.114446 -0.015569
0.000000 0.000000 0.000000
0.101280 -0.063083 0.248722
-0.079361 -0.307255 -0.486556
-0.103192 -0.307255 0.062544
0.000000 0.000000 0.000000
-0.085265 -0.071502 0.004003
-0.100221 -0.345575 0.190348
0.043448 -0.071502 0.079157
0.000000 0.000000 0.000000
0.000000 0.000000 0.000000
0.099793 0.115278 0.110677
0.000000 0.000000 0.000000
0.133650 -0.334646 0.016725
0.000000 0.000000 0.000000
-0.047855 -0.307255 -0.163254
-0.128151 -0.071502 0.205933
0.000000 0.000000 0.000000
-0.145629 0.035782 -0.018560
0.000000 0.000000 0.000000
0.011935 0.050874 -0.259206
-0.145629 -0.205238 0.197179
0.000000 0.000000 0.000000
0.000000 0.000000 0.000000
-0.012651 0.115278 -0.257018
0.000000 0.000000 0.000000
0.013731 -0.290415 -0.019659
0.130041 0.115278 -0.367053
-0.029929 -0.071502 0.160123
-0.112409 -0.307255 0.363564
0.000000 0.000000 0.000000
0.000000 0.000000 0.000000
-0.145629 -0.325039 -0.207930
0.073662 -0.063083 -0.356118
0.005045 -0.333842 -0.124960
0.000000 0.000000 0.000000
0.000000 0.000000 0.000000
0.081246 -0.307255 -0.133127
0.000000 0.000000 0.000000
0.000000 0.000000 0.000000
-0.016164 -0.333842 -0.335633
-0.081832 -0.071502 0.383192
0.020007 -0.307255 -0.526330
0.000220 -0.333842 0.633475
0.191160 -0.323304 -0.063634
-0.145629 -0.269389 -0.269649
0.000000 0.000000 0.000000
0.117753 -0.097741 -0.403835
0.026095 -0.333842 0.091002
0.015005 -0.004490 -0.403835
0.105411 -0.333842 0.554237
0.000000 0.000000 0.000000
0.057924 -0.071502 -0.183040
-0.011277 -0.275513 -0.403835
-0.145629 -0.183212 0.475191
0.000000 0.000000 0.000000
0.146185 -0.340772 -0.656467
-0.145629 -0.071575 -0.336043
-0.145629 -0.336334 0.022414
0.041972 -0.333842 -0.212591
0.000000 0.000000 0.000000
-0.139192 -0.307255 0.516379
0.153921 -0.350055 -0.533920
0.000000 0.000000 0.000000
0.010206 -0.290415 0.388205
-0.061708 -0.333842 -0.254826
0.035569 0.115278 -0.133069
0.000000 0.000000 0.000000
0.000000 0.000000 0.000000
-0.101437 -0.346697 0.347318
0.000000 0.000000 0.000000
-0.019776 -0.142661 -0.403835
-0.145629 -0.321014 -0.373488
0.000000 0.000000 0.000000
0.000000 0.000000 0.000000
0.071285 -0.333842 -0.009379
-0.042043 -0.063083 -0.391765
-0.094085 -0.307255 0.537082
0.000000 0.000000 0.000000
0.000000 0.000000 0.000000
0.000000 0.000000 0.000000
-0.145629 -0.194998 -0.454076
-0.028463 0.115278 0.135605
-0.069156 -0.290415 0.318286
0.000000 0.000000 0.000000
-0.133271 -0.290415 -0.031762
-0.117047 -0.063083 -0.194022
0.138633 -0.290415 0.058170
0.157481 -0.166968 -0.545189
-0.024436 -0.047498 0.278325
-0.145629 -0.265101 0.163845
0.050823 -0.290415 -0.342776
0.000000 0.000000 0.000000
-0.061372 -0.307255 0.440608
-0.145629 0.095327 -0.091781
0.000000 0.000000 0.000000
0.000000 0.000000 0.000000
0.000000 0.000000 0.000000
0.000000 0.000000 0.000000
-0.145629 0.060984 -0.254410
0.157481 0.042676 -0.408436
0.000000 0.000000 0.000000
0.000000 0.000000 0.000000
0.153142 -0.307255 -0.540675
0.102123 -0.333842 0.254269
-0.024027 -0.024644 0.358307
0.000000 0.000000 0.000000
0.082730 -0.063083 0.312985
-0.099285 -0.307255 0.580470
0.000000 0.000000 0.000000
0.133134 -0.071502 0.075776
0.000000 0.000000 0.000000
0.000000 0.000000 0.000000
0.000000 0.000000 0.000000
0.114351 -0.290415 -0.244851
0.120142 -0.333842 -0.471894
0.146092 -0.290415 -0.347139
0.000000 0.000000 0.000000
0.000000 0.000000 0.000000
0.157247 -0.307255 0.145264
0.000000 0.000000 0.000000
0.133012 -0.307255 0.502075
0.018239 -0.290415 0.222812
0.000215 0.037954 -0.366989
-0.145629 -0.084635 -0.118395
0.031918 -0.063083 0.121715
0.000000 0.000000 0.000000
0.141936 -0.063083 -0.174692
0.000000 0.000000 0.000000
0.000000 0.000000 0.000000
-0.072351 -0.307255 0.158312
-0.145629 -0.199076 0.281737
0.191160 -0.332951 -0.680702
-0.006916 0.115278 0.090280
0.076240 -0.071502 -0.265907
-0.022157 -0.333842 0.481559
-0.079174 -0.334111 -0.313827
-0.145629 0.003418 0.294167
0.157481 -0.117691 -0.423183
0.000000 0.000000 0.000000
-0.114629 0.115278 -0.158790
0.000000 0.000000 0.000000
0.000000 0.000000 0.000000
0.127478 -0.288929 0.421300
0.156102 -0.355045 -0.104420
-0.070689 -0.290415 0.224106
-0.145629 -0.038168 -0.292086
0.075456 -0.333842 -0.634641
0.000000 0.000000 0.000000
0.000000 0.000000 0.000000
0.000000 0.000000 0.000000
0.000000 0.000000 0.000000
0.042660 -0.333842 -0.423772
-0.145629 -0.351686 0.527023
-0.039753 0.115278 -0.016629
0.000000 0.000000 0.000000
0.000000 0.000000 0.000000
0.000000 0.000000 0.000000
0.106482 -0.307255 0.175306
0.091511 0.115278 -0.191403
-0.001293 -0.071502 0.023161
0.096352 -0.280161 -0.403835
0.000000 0.000000 0.000000
0.152187 -0.307255 -0.027269
0.000000 0.000000 0.000000
-0.145629 -0.333071 0.197433
-0.145629 -0.094686 -0.200343
0.000000 0.000000 0.000000
0.000000 0.000000 0.000000
-0.033768 -0.333842 0.046235
0.000000 0.000000 0.000000
0.038646 -0.307255 -0.096328
-0.119803 -0.217717 0.421300
0.075452 -0.333842 0.139110
0.000000 0.000000 0.000000
-0.126963 0.115278 0.106797
0.000000 0.000000 0.000000
0.024085 -0.071502 -0.134268
-0.145629 0.002246 -0.234162
0.000000 0.000000 0.000000
0.000000 0.000000 0.000000
0.000000 0.000000 0.000000
-0.145629 -0.108293 -0.053606
-0.105254 -0.290415 -0.199952
0.000000 0.000000 0.000000
-0.103362 -0.063083 0.102180
0.000000 0.000000 0.000000
-0.109597 -0.356485 -0.380550
-0.091968 -0.339549 -0.030451
0.000000 0.000000 0.000000
-0.145629 -0.246973 -0.188091
0.000000 0.000000 0.000000
-0.145629 -0.245324 0.238375
0.067560 -0.333842 -0.305453
0.000000 0.000000 0.000000
0.000000 0.000000 0.000000
0.000000 0.000000 0.000000
-0.145629 -0.073246 0.330351
0.000000 0.000000 0.000000
-0.145629 -0.204046 0.547667
0.000000 0.000000 0.000000
0.136121 -0.290415 0.360019
0.000000 0.000000 0.000000
0.092933 -0.071502 -0.041667
-0.027328 -0.290415 0.274549
0.000000 0.000000 0.000000
-0.040250 -0.333842 0.127807
0.157481 -0.295704 -0.645181
-0.100893 -0.346168 0.568352
0.034786 -0.333842 0.407049
0.000000 0.000000 0.000000
0.157481 -0.295572 0.096130
0.000000 0.000000 0.000000
0.000000 0.000000 0.000000
0.000000 0.000000 0.000000
0.191160 -0.320797 -0.140743
0.000000 0.000000 0.000000
0.000000 0.000000 0.000000
0.000000 0.000000 0.000000
0.000000 0.000000 0.000000
0.045729 0.004275 -0.253469
-0.081737 -0.334875 0.283787
0.001044 -0.333842 -0.380381
0.033407 -0.071502 0.212580
0.000000 0.000000 0.000000
-0.145629 -0.095531 0.065758
-0.135583 -0.307255 0.315823
0.104295 -0.037601 -0.403835
0.150541 -0.345120 -0.257789
0.000000 0.000000 0.000000
0.010554 0.115278 -0.171083
0.000000 0.000000 0.000000
-0.145629 -0.138038 -0.185096
0.089427 -0.071502 0.108543
0.000000 0.000000 0.000000
0.000000 0.000000 0.000000
0.104578 0.115278 0.004765
-0.012827 -0.333842 -0.513528
0.000000 0.000000 0.000000
-0.008779 -0.307255 -0.245728
-0.052508 -0.290415 0.392336
0.038444 0.115278 -0.300064
-0.012845 -0.290415 -0.291788
0.000000 0.000000 0.000000
-0.043087 0.115278 0.029188
-0.145629 -0.278355 0.394251
-0.145629 -0.001698 0.088468
-0.011071 -0.333842 0.005073
0.000000 0.000000 0.000000
0.153992 -0.307255 0.303948
-0.052476 0.115278 0.217012
0.000000 0.000000 0.000000
-0.145629 -0.181419 0.377068
0.000000 0.000000 0.000000
0.000000 0.000000 0.000000
0.000000 0.000000 0.000000
-0.145629 -0.205667 -0.301342
0.000000 0.000000 0.000000
0.000000 0.000000 0.000000
0.000000 0.000000 0.000000
0.000000 0.000000 0.000000
-0.108796 -0.355294 -0.483510
-0.066875 -0.333842 -0.134132
0.000000 0.000000 0.000000
-0.145629 -0.216406 -0.396498
0.140466 -0.290415 -0.212634
0.000000 0.000000 0.000000
0.000000 0.000000 0.000000
-0.145629 0.074148 0.172841
0.000000 0.000000 0.000000
0.111679 -0.333842 0.084370
-0.047945 -0.333842 0.527776
0.156491 -0.356150 0.230941
0.000000 0.000000 0.000000
0.000000 0.000000 0.000000
0.000000 0.000000 0.000000
0.005719 -0.165604 0.421300
-0.145629 -0.120957 -0.302570
0.000000 0.000000 0.000000
0.000000 0.000000 0.000000
0.009926 -0.333842 0.579218
0.176466 -0.341244 0.455903
-0.145629 0.017335 -0.067832
0.080756 -0.290415 -0.191608
-0.145629 -0.337830 0.706475
0.000000 0.000000 0.000000
0.004124 -0.333842 0.343801
0.091339 -0.290415 0.265212
0.000000 0.000000 0.000000
0.000000 0.000000 0.000000
0.000000 0.000000 0.000000
0.102972 -0.290415 -0.007693
-0.005749 -0.028638 -0.260619
-0.135798 -0.063083 -0.001827
0.033573 -0.333842 -0.591462
-0.145629 -0.154503 -0.031199
0.091960 -0.307255 -0.439273
0.036558 0.037954 0.259051
0.000000 0.000000 0.000000
-0.145629 -0.309628 0.098058
0.115440 -0.333842 0.329304
-0.018721 -0.290415 -0.125036
-0.031873 -0.071502 -0.270474
-0.145629 -0.140744 0.192961
0.080464 -0.290415 -0.063039
-0.145629 -0.231500 -0.069659
0.000000 0.000000 0.000000
-0.042161 -0.333842 0.404388
0.115243 -0.333842 -0.585980
-0.029661 -0.307255 0.211810
-0.071172 -0.290415 0.108796
-0.083242 0.115278 0.008916
-0.094298 -0.341025 0.034976
0.000000 0.000000 0.000000
0.000000 0.000000 0.000000
0.061507 -0.307255 0.433890
0.056977 -0.290415 -0.263899
0.157481 -0.188852 0.437877
0.140428 -0.337103 -0.332003
0.016163 -0.250198 0.421300
0.000000 0.000000 0.000000
0.045141 -0.063083 -0.079633
0.000000 0.000000 0.000000
-0.145629 -0.222192 0.081581
0.000000 0.000000 0.000000
0.000000 0.000000 0.000000
0.000000 0.000000 0.000000
-0.145629 -0.139205 0.127618
0.062881 0.115278 0.070991
-0.074724 -0.071502 -0.193782
-0.021969 0.020889 -0.239399
-0.099141 -0.063083 -0.076180
-0.091915 -0.307255 -0.149418
0.053838 -0.333842 -0.158029
0.000000 0.000000 0.000000
0.000000 0.000000 0.000000
0.000000 0.000000 0.000000
0.000000 0.000000 0.000000
0.113781 -0.063083 -0.319223
0.018029 -0.290415 0.031680
0.000000 0.000000 0.000000
0.000000 0.000000 0.000000
0.000000 0.000000 0.000000
-0.145629 -0.166821 0.067006
-0.094130 -0.071502 0.154199
-0.145629 -0.012078 -0.023654
0.000000 0.000000 0.000000
-0.129124 -0.307255 -0.492310
0.186126 -0.341094 0.325756
0.173132 -0.340935 -0.429185
0.000000 0.000000 0.000000
-0.065891 -0.333842 -0.447445
0.000000 0.000000 0.000000
0.037741 -0.290415 0.268477
0.137876 -0.335966 -0.700844
0.000000 0.000000 0.000000
0.000000 0.000000 0.000000
0.000000 0.000000 0.000000
0.000000 0.000000 0.000000
0.157481 0.115254 -0.097504
0.000000 0.000000 0.000000
0.033467 0.009072 -0.332299
-0.038819 -0.071502 0.354669
-0.080146 -0.334401 -0.541164
0.000000 0.000000 0.000000
-0.091505 -0.071502 -0.357030
0.072162 -0.333842 0.309180
0.000000 0.000000 0.000000
0.000000 0.000000 0.000000
-0.002236 -0.333842 -0.191080
-0.142147 -0.307255 -0.253122
0.049734 -0.071502 0.262477
-0.103940 -0.349217 0.682904
-0.145629 -0.328030 0.576206
0.051454 -0.307255 -0.447028
0.025953 -0.063083 -0.376544
0.000000 0.000000 0.000000
0.000000 0.000000 0.000000
0.124425 -0.333830 0.203952
-0.123910 -0.290415 -0.337869
-0.145629 -0.103329 -0.244240
-0.059263 -0.290415 -0.303192
0.062652 -0.063083 -0.011542
0.000000 0.000000 0.000000
-0.041474 -0.307255 -0.420230
0.000000 0.000000 0.000000
0.000000 0.000000 0.000000
0.076418 0.115278 -0.059949
0.000000 0.000000 0.000000
0.000000 0.000000 0.000000
0.000000 0.000000 0.000000
0.000000 0.000000 0.000000
-0.003763 0.004275 0.263710
-0.087183 -0.307255 -0.049014
0.000000 0.000000 0.000000
0.105562 -0.333842 -0.164693
0.000000 0.000000 0.000000
0.138471 -0.307255 -0.146632
0.000000 0.000000 0.000000
0.000000 0.000000 0.000000
0.146133 -0.340725 0.572394
-0.067860 -0.095952 -0.403835
-0.077891 -0.333842 -0.088211
-0.123223 -0.290415 0.138500
0.000000 0.000000 0.000000
-0.097406 -0.343245 0.429959
0.000000 0.000000 0.000000
0.000000 0.000000 0.000000
-0.145629 -0.126118 -0.124968
-0.064616 -0.071502 0.256795
0.068083 -0.307255 0.552213
-0.044566 -0.333842 0.311108
0.060972 -0.307255 0.496870
0.000000 0.000000 0.000000
0.000000 0.000000 0.000000
0.000000 0.000000 0.000000
-0.145629 0.015199 0.344910
-0.117731 0.115278 -0.109873
0.061154 -0.063083 0.035796
0.000000 0.000000 0.000000
0.000000 0.000000 0.000000
-0.145629 -0.007146 -0.191125
0.000000 0.000000 0.000000
-0.028015 -0.307255 -0.025579
-0.043758 -0.042400 0.324490
0.064950 -0.333842 -0.346493
0.000000 0.000000 0.000000
0.000000 0.000000 0.000000
0.000000 0.000000 0.000000
0.145167 -0.307255 -0.496438
0.000000 0.000000 0.000000
0.179792 -0.340935 -0.018943
0.067899 -0.071502 -0.321133
0.013906 -0.071502 -0.310851
-0.056607 -0.290415 -0.200288
0.133837 -0.151662 -0.403835
0.000000 0.000000 0.000000
-0.082217 -0.307255 0.473170
-0.101777 0.115278 0.227871
0.000000 0.000000 0.000000
0.000000 0.000000 0.000000
0.042837 -0.333842 -0.068485
0.000000 0.000000 0.000000
0.000000 0.000000 0.000000
0.120524 -0.307255 -0.076833
0.000000 0.000000 0.000000
-0.145629 0.075653 0.099403
0.000000 0.000000 0.000000
0.000000 0.000000 0.000000
0.000000 0.000000 0.000000
-0.145629 0.089030 -0.131148
0.097518 -0.333842 -0.275080
0.000000 0.000000 0.000000
-0.033548 -0.307255 0.628591
0.000000 0.000000 0.000000
