-0.317697 0.144201 0.106102
0.000000 0.000000 0.000000
0.000000 0.000000 0.000000
0.000000 0.000000 0.000000
0.303704 0.006364 0.372880
-0.366224 0.136072 0.826594
0.000000 0.000000 0.000000
0.217693 0.144217 -0.002453
0.255702 0.143171 0.811468
0.242173 0.006364 -0.271822
-0.083043 0.006364 0.129163
0.085895 0.144162 0.358980
-0.135544 0.006364 0.619410
-0.084213 0.144267 -0.333202
0.000000 0.000000 0.000000
-0.350396 0.144146 0.463997
0.337696 -0.131210 0.776930
0.039782 0.144222 -0.035898
0.000000 0.000000 0.000000
0.000000 0.000000 0.000000
0.310798 0.006364 0.014714
-0.076461 0.144102 0.747980
-0.304827 0.006364 0.327767
0.021583 0.006364 0.437618
0.000000 0.000000 0.000000
0.000000 0.000000 0.000000
0.315515 0.144188 0.192831
0.379492 0.043378 0.624293
0.042115 0.144243 -0.169587
0.000000 0.000000 0.000000
0.149623 0.006364 0.715131
0.301648 0.144146 0.464742
-0.057632 0.144192 0.161802
-0.015927 0.006364 -0.141328
0.000000 0.000000 0.000000
-0.321526 0.144177 0.258590
-0.201011 0.144237 -0.131897
-0.094013 0.144135 0.537161
-0.392708 0.026224 0.616461
0.172964 0.006364 0.142119
-0.119441 0.083596 0.817698
-0.342590 0.144277 -0.396088
-0.042573 -0.170409 0.759600
0.067045 0.144198 0.123872
-0.222347 0.144116 0.662172
-0.154692 0.144148 0.450911
0.144088 0.144122 0.619098
0.396738 0.032451 -0.166286
0.000000 0.000000 0.000000
0.000000 0.000000 0.000000
-0.252067 -0.059998 0.776244
0.404793 0.133352 0.003966
0.177981 0.006364 -0.068720
0.000000 0.000000 0.000000
0.242071 0.006364 0.544524
-0.139828 0.144238 -0.141219
-0.395193 0.092479 -0.170059
0.302226 0.018775 0.801715
-0.002325 0.006364 -0.326361
0.228929 0.144244 -0.174945
-0.088216 0.006364 0.343138
0.395223 0.058794 0.169241
0.046425 0.006364 0.251507
-0.160596 0.006364 -0.070483
0.000000 0.000000 0.000000
0.022646 0.006364 0.587596
0.000000 0.000000 0.000000
0.075892 0.110049 0.816409
0.019200 -0.049545 0.465041
0.075862 0.006364 0.014644
-0.261432 0.006364 0.473961
0.309186 0.006364 0.558191
0.379492 0.127560 0.337026
-0.149168 0.144208 0.059013
0.366210 0.144111 0.694459
0.000000 0.000000 0.000000
-0.228143 0.144288 -0.471242
0.000000 0.000000 0.000000
0.186506 0.144201 0.104673
-0.391752 -0.023209 0.745917
0.000000 0.000000 0.000000
0.000000 0.000000 0.000000
0.097700 0.144114 0.672843
-0.361640 0.144225 -0.051859
-0.222180 0.006364 0.196492
-0.248914 0.006364 0.136163
0.019200 -0.058978 0.563763
-0.249442 0.144260 -0.284922
0.270202 0.006364 0.188532
0.379492 0.061574 0.482262
-0.281671 0.006364 0.688809
0.219893 0.144174 0.277529
-0.128359 0.144170 0.305572
0.171340 0.006364 0.420929
0.000000 0.000000 0.000000
-0.402685 0.137254 0.712259
0.212219 -0.220570 0.776930
0.096882 -0.207321 0.739186
-0.025317 0.006364 0.721853
0.000000 0.000000 0.000000
0.000000 0.000000 0.000000
0.000000 0.000000 0.000000
0.000000 0.000000 0.000000
-0.201633 0.144102 0.755853
-0.176059 0.144172 0.295271
-0.379465 0.081576 0.326795
0.048608 0.006364 0.540195
0.024284 0.144179 0.248489
0.392252 0.022004 0.276044
-0.067847 0.006364 -0.001913
-0.067283 0.006364 0.294352
0.083703 0.144142 0.491911
0.000000 0.000000 0.000000
0.132812 0.144222 -0.034853
0.384190 0.116073 0.815884
0.022289 0.144149 0.444623
0.260049 -0.075329 0.735835
0.000000 0.000000 0.000000
-0.196739 0.144194 0.148636
0.312919 0.006364 -0.059690
-0.390396 0.021054 0.481026
-0.321230 0.144128 0.585333
-0.292251 0.051049 0.817069
0.344226 0.144131 0.563173
-0.041418 0.144260 -0.280196
0.402710 -0.002721 0.766547
0.283358 0.006364 0.674745
-0.379465 0.072694 0.035820
0.127688 0.006364 -0.201445
0.000000 0.000000 0.000000
-0.036326 0.144163 0.349111
0.404716 0.135824 -0.129780
0.145124 0.058200 0.817425
0.203295 0.006364 0.287654
0.000000 0.000000 0.000000
0.315907 0.144228 -0.078429
0.143342 0.144182 0.226853
0.000000 0.000000 0.000000
0.000000 0.000000 0.000000
-0.379465 0.136432 -0.279743
-0.061431 0.006364 0.528746
-0.404762 0.130346 0.199110
0.190805 0.144228 -0.076798
0.005225 0.020411 0.801715
-0.360194 0.144153 0.420592
0.314961 0.144209 0.047792
-0.272600 0.144221 -0.026848
0.000000 0.000000 0.000000
-0.394925 0.053087 0.268147
0.000000 0.000000 0.000000
0.248381 0.144129 0.576092
0.000000 0.000000 0.000000
0.000000 0.000000 0.000000
-0.272078 0.144159 0.377341
-0.154440 0.006364 0.731658
-0.088683 0.144221 -0.024708
-0.147895 0.006364 0.510022
-0.113480 0.006364 -0.231209
-0.261826 0.093055 0.817426
-0.148808 0.144122 0.617089
0.019200 -0.141211 0.686010
-0.187588 0.144254 -0.243018
0.274943 0.006364 -0.142018
0.000000 0.000000 0.000000
0.210946 0.006364 0.063310
-0.021193 0.144123 0.611519
-0.043338 0.144206 0.071478
0.227620 0.144110 0.701641
-0.193361 0.006364 0.360034
0.281977 0.144171 0.304136
0.012777 0.144272 -0.363218
0.212657 0.144156 0.397095
-0.000011 0.006364 -0.410960
-0.239954 0.006364 0.589803
0.000000 0.000000 0.000000
0.379492 0.083901 -0.055732
0.046646 0.006364 0.127565
-0.155004 0.006364 0.043805
0.320052 -0.032644 0.776930
0.396738 0.038874 0.042138
-0.318803 0.006364 0.419491
0.132335 0.006364 0.582912
-0.021895 -0.182633 0.677189
-0.318585 -0.062614 0.776930
-0.301219 0.144245 -0.186871
0.108472 0.006364 0.340458
0.000000 0.000000 0.000000
-0.180834 0.006364 0.786529
-0.121236 0.144278 -0.399050
-0.249102 0.144134 0.547156
0.271712 0.144191 0.172812
0.156006 0.006364 0.479025
-0.379465 0.088441 0.526961
0.390441 0.142873 0.121340
0.133409 0.144247 -0.198594
-0.385550 0.031556 0.818959
-0.347016 0.144305 -0.583092
-0.062711 0.006364 -0.256478
0.213012 0.006364 0.773194
0.001424 0.144095 0.797788
-0.133752 0.006364 0.271681
-0.079312 0.144207 0.065708
0.076925 0.006364 -0.097838
-0.308921 0.006364 0.219437
0.000000 0.000000 0.000000
0.296668 -0.232679 0.764789
0.000000 0.000000 0.000000
0.000000 0.000000 0.000000
-0.329824 0.144294 -0.506920
0.394160 0.040835 0.379427
0.000000 0.000000 0.000000
-0.183867 0.144201 0.103485
0.000000 0.000000 0.000000
0.000000 0.000000 0.000000
0.340091 0.144247 -0.199802
0.392937 0.123306 0.423105
-0.403550 0.130210 -0.125735
0.000000 0.000000 0.000000
0.034879 0.006364 -0.231911
0.136487 0.144100 0.768405
0.379492 0.142524 0.211980
-0.076088 0.006364 -0.122654
0.000000 0.000000 0.000000
0.000000 0.000000 0.000000
-0.301033 0.144109 0.708796
-0.033300 0.006364 0.186491
0.397542 0.130210 0.632476
0.000000 0.000000 0.000000
0.257776 0.093231 0.817421
0.000000 0.000000 0.000000
0.214301 0.006364 0.651444
0.302746 0.144112 0.685765
-0.021895 -0.092427 0.532496
-0.274509 0.144186 0.202165
0.003069 0.144108 0.714586
0.037545 0.144135 0.536435
0.040761 0.144168 0.323611
0.287129 -0.170474 0.735835
0.136343 0.144197 0.128901
0.000000 0.000000 0.000000
0.330510 0.144160 0.372748
-0.250423 0.006364 0.034942
-0.021895 -0.128572 0.606255
0.075456 0.006364 0.670959
0.000000 0.000000 0.000000
0.000000 0.000000 0.000000
0.000000 0.000000 0.000000
-0.399449 0.139221 0.031708
-0.379465 0.057374 0.402548
0.287350 0.006364 0.108165
-0.249080 0.144275 -0.380132
-0.022377 0.144239 -0.145636
-0.404762 0.132451 0.633498
-0.123444 0.144109 0.704865
0.134624 0.006364 0.233064
-0.325177 0.006364 0.544058
-0.379465 0.054866 0.715093
-0.065629 0.006364 0.056686
-0.180425 0.144225 -0.049809
0.341489 0.006364 0.149382
-0.379465 0.103982 0.119522
-0.119603 0.006364 0.452743
0.000000 0.000000 0.000000
0.308701 0.006364 0.274096
0.092501 0.015061 0.801715
0.000000 0.000000 0.000000
0.168106 0.006364 -0.155223
0.126828 -0.228035 0.778935
0.395489 0.068957 0.727258
0.139472 0.006364 0.013895
0.048153 0.144260 -0.282530
0.396738 0.028330 0.555161
-0.036936 0.006364 0.633666
0.070675 0.144232 -0.103616
-0.074234 0.144248 -0.206201
0.000000 0.000000 0.000000
0.009292 0.006364 -0.019863
-0.149006 0.144135 0.541446
0.055109 0.006364 0.364335
0.000000 0.000000 0.000000
0.000000 0.000000 0.000000
0.000000 0.000000 0.000000
0.000000 0.000000 0.000000
-0.102362 0.144155 0.407291
0.000000 0.000000 0.000000
-0.143907 0.006364 0.155854
-0.038638 0.006364 0.406065
-0.124479 0.144183 0.219309
0.394876 0.099676 0.279772
0.000000 0.000000 0.000000
0.162902 0.144261 -0.296725
-0.232947 0.006364 0.277835
-0.074702 0.144291 -0.488552
0.379112 0.006364 0.454791
0.000000 0.000000 0.000000
0.236579 0.006364 -0.023625
0.166150 0.144209 0.049100
-0.250418 0.144178 0.252829
0.366532 0.006364 0.691985
0.329002 0.144098 0.780963
-0.282096 -0.036188 0.735835
-0.039660 0.006364 -0.212139
-0.186010 0.144268 -0.339563
0.304128 0.006364 0.473642
-0.067296 0.132894 0.827013
0.121004 0.006364 -0.281846
0.323605 0.006364 0.623319
0.000000 0.000000 0.000000
-0.370679 0.144138 0.512596
-0.055239 0.028836 0.818959
-0.338820 0.014411 0.776930
-0.311556 0.144234 -0.112504
-0.252885 0.144208 0.058055
0.000000 0.000000 0.000000
0.172433 0.144164 0.345738
0.292268 0.144177 0.256669
-0.390820 0.142761 0.294963
0.000000 0.000000 0.000000
-0.379465 0.079536 0.778083
0.365196 0.144139 0.505264
-0.404762 0.133230 -0.352777
0.055899 0.144123 0.616223
0.095148 0.006364 0.473624
0.000000 0.000000 0.000000
0.362852 0.059821 0.817476
0.051912 0.006364 -0.143785
0.040617 -0.175427 0.797477
0.027765 -0.207477 0.715288
0.000000 0.000000 0.000000
0.039730 0.006364 0.731202
-0.237292 0.144300 -0.547483
-0.179260 0.144158 0.383571
0.264416 -0.131152 0.776930
0.000000 0.000000 0.000000
0.173427 0.006364 -0.308615
0.233943 0.006364 0.363704
-0.155841 0.130210 0.817754
0.000000 0.000000 0.000000
-0.078871 0.144146 0.463310
0.255507 -0.283599 0.797477
-0.379465 0.016395 0.332708
0.000000 0.000000 0.000000
-0.379465 0.143650 0.369699
0.182289 0.144135 0.540047
0.000000 0.000000 0.000000
-0.334254 0.144214 0.013907
-0.320750 0.006364 0.179424
-0.252018 0.139776 0.820642
0.000000 0.000000 0.000000
-0.094933 0.006364 0.687309
0.000000 0.000000 0.000000
0.107363 0.006364 0.423225
0.213039 0.006364 0.479914
0.014876 0.006364 0.060326
0.353931 0.006364 0.338562
0.155848 0.144144 0.477111
0.256481 0.144206 0.073288
0.035320 0.144212 0.026721
0.000000 0.000000 0.000000
0.399062 0.130210 0.754933
0.019200 -0.009066 0.502944
-0.344022 0.006364 0.491019
0.379492 0.085909 0.102225
0.291135 -0.007843 0.735835
-0.276734 0.144119 0.646456
-0.004156 0.006364 0.337457
0.000000 0.000000 0.000000
-0.051856 0.144182 0.230005
0.395170 0.094054 0.577312
-0.297859 0.144268 -0.338170
0.394455 0.027503 -0.092720
0.032411 0.144279 -0.413975
0.019200 -0.130668 0.559810
-0.046264 0.144277 -0.393915
0.000000 0.000000 0.000000
0.348029 -0.090347 0.735835
-0.190689 0.006364 0.437975
-0.106288 0.006364 0.199832
-0.348499 0.006364 0.661336
0.067174 0.144152 0.427332
0.085224 0.144100 0.765949
-0.200351 0.006364 0.706571
-0.004155 0.144196 0.135226
-0.349289 0.144192 0.157264
0.321203 0.144137 0.521681
-0.379465 0.068268 0.206837
0.264558 0.018415 0.801715
0.379492 0.112752 0.064259
0.000000 0.000000 0.000000
0.000000 0.000000 0.000000
-0.268293 0.018703 0.768012
0.000000 0.000000 0.000000
0.092615 0.144173 0.280739
0.000000 0.000000 0.000000
0.336139 0.006364 -0.148623
-0.379465 0.077015 0.656830
-0.379465 0.092032 0.591961
0.000000 0.000000 0.000000
0.276642 -0.188177 0.776930
-0.225763 0.006364 0.531235
-0.206364 0.144185 0.210450
-0.070568 0.144228 -0.077746
-0.014171 0.144139 0.506448
-0.003930 0.077763 0.817759
0.071289 0.006364 0.598354
0.000000 0.000000 0.000000
0.235283 0.144144 0.478875
-0.379465 0.100128 0.455900
0.131529 0.129723 0.814420
-0.163088 0.144292 -0.496455
0.000000 0.000000 0.000000
0.187159 0.006364 -0.230532
0.136542 0.006364 0.295537
0.247541 0.144252 -0.232056
-0.226047 0.144245 -0.192075
-0.335506 0.074868 0.817773
-0.128468 0.144193 0.155356
-0.360902 0.144284 -0.441733
0.144740 0.144155 0.410260
0.379492 0.081397 -0.131639
0.231278 0.006364 0.234977
0.288560 -0.068215 0.776930
-0.215214 0.144142 0.489107
-0.025992 0.006364 -0.071599
0.000000 0.000000 0.000000
-0.311864 0.144256 -0.255361
0.000000 0.000000 0.000000
-0.357452 0.144114 0.674363
0.118444 0.144133 0.550573
0.340421 0.144219 -0.014947
-0.021895 -0.029974 0.500507
0.255829 0.006364 0.425881
0.064024 0.144188 0.192792
0.276042 0.144217 -0.003061
-0.351106 0.006364 0.715705
0.000000 0.000000 0.000000
0.124435 0.006364 0.538156
-0.288119 0.144302 -0.562168
0.208344 0.087387 0.817603
0.000000 0.000000 0.000000
-0.068618 0.144115 0.668502
-0.291370 0.144151 0.435157
-0.126477 0.144287 -0.462425
0.000000 0.000000 0.000000
0.178596 0.144191 0.171253
0.000000 0.000000 0.000000
0.099031 0.006364 0.076786
-0.379465 0.128344 0.754621
0.231277 0.006364 0.712097
0.000000 0.000000 0.000000
0.139741 -0.276579 0.797477
-0.379465 0.122848 -0.212686
-0.132763 0.144251 -0.223855
-0.189253 0.006364 -0.013079
0.381374 0.144287 -0.082350
-0.116987 0.144260 -0.282484
-0.225905 0.021054 0.806914
-0.355070 0.006364 0.275385
0.349716 0.021054 0.746608
0.293575 0.144121 0.623360
-0.001170 0.144251 -0.227988
0.133928 0.144235 -0.122295
0.376752 0.006364 0.089858
0.395469 0.084343 0.372267
0.202050 0.144101 0.764119
-0.018258 0.032214 -0.440575
0.062773 0.006364 0.187905
0.304024 0.144255 -0.248289
-0.396708 0.037741 0.558704
0.000015 -0.216470 0.752228
-0.225461 0.006364 -0.054453
0.367192 0.006364 -0.015930
0.019200 -0.126839 0.502108
0.000000 0.000000 0.000000
0.249858 0.006364 -0.088724
-0.198115 0.006364 0.088703
0.056326 0.006364 -0.298848
-0.264883 0.006364 0.376390
0.000000 0.000000 0.000000
0.047074 0.006364 -0.381131
-0.072454 0.006364 0.766348
0.201740 0.144118 0.648915
0.000000 0.000000 0.000000
-0.267895 0.144169 0.312332
0.171968 0.144107 0.716052
-0.309712 0.144137 0.524883
0.350810 0.144175 0.273215
-0.279219 0.144100 0.767146
-0.117952 0.025665 0.814895
0.000000 0.000000 0.000000
0.000000 0.000000 0.000000
-0.036857 0.144152 0.426961
0.345014 0.006364 0.067406
0.000000 0.000000 0.000000
-0.379465 0.107478 0.250502
0.215630 -0.218187 0.735835
0.000000 0.000000 0.000000
0.005379 0.144230 -0.089771
0.000000 0.000000 0.000000
-0.357169 0.144241 -0.160111
-0.015375 0.144102 0.758471
-0.251410 0.144199 0.112626
-0.192734 0.006364 0.643528
-0.119673 0.006364 0.396137
-0.037674 0.144215 0.010190
0.379492 0.053260 0.672932
0.371965 0.006364 0.176507
0.241364 0.006364 0.602093
-0.195719 0.144280 -0.418099
0.000000 0.000000 0.000000
0.023208 0.144158 0.382762
0.075767 0.144249 -0.217051
-0.111141 0.006364 0.562173
0.175757 0.006364 0.346629
-0.045566 0.006364 0.462937
-0.179385 0.006364 0.553356
0.323128 0.108299 0.816536
0.163802 0.006364 0.069896
0.250168 0.144226 -0.059295
-0.203023 0.144125 0.600140
0.000000 0.000000 0.000000
0.308121 0.144196 0.132063
-0.206099 0.117132 0.815785
0.154434 -0.237445 0.728112
0.102473 0.144263 -0.306405
0.000000 0.000000 0.000000
-0.255701 0.144232 -0.101151
-0.013539 -0.178031 0.797477
-0.089065 0.144124 0.604503
0.351989 0.144193 0.150778
-0.132532 0.006364 -0.120551
-0.159376 0.006364 0.319355
0.366849 0.006364 0.791476
0.262276 0.006364 0.046732
0.252386 0.006364 -0.212147
-0.347053 0.144264 -0.312824
0.000000 0.000000 0.000000
0.000000 0.000000 0.000000
0.379492 0.082320 0.023366
-0.058595 0.144173 0.286168
0.000000 0.000000 0.000000
0.000000 0.000000 0.000000
0.150222 0.006364 0.764103
0.379492 0.088265 0.219870
-0.152923 0.006364 0.212312
0.234345 0.006364 0.117525
0.367192 -0.024469 0.750318
0.111890 0.144208 0.054967
0.000000 0.000000 0.000000
-0.292725 -0.096688 0.735835
0.000000 0.000000 0.000000
-0.098933 0.144163 0.353102
0.055167 0.144107 0.719387
0.156447 0.006364 0.640867
-0.379465 0.028492 0.218272
0.280036 0.144244 -0.184283
-0.106695 0.144213 0.024570
0.116796 0.006364 0.131086
0.404793 0.131417 0.306991
-0.044788 0.006364 -0.374102
0.000000 0.000000 0.000000
0.000000 0.000000 0.000000
-0.329252 0.006364 0.597052
-0.206631 0.144211 0.033438
-0.081264 0.144238 -0.137670
0.000015 -0.153483 0.748829
-0.298028 0.006364 0.122841
0.168013 0.144254 -0.243782
0.000000 0.000000 0.000000
-0.393800 0.114313 -0.076823
0.180484 0.021054 0.811574
0.000000 0.000000 0.000000
0.394794 0.050014 0.326344
-0.084398 0.144200 0.110251
0.395494 0.069378 0.425811
0.371065 0.006364 -0.189612
0.000000 0.000000 0.000000
0.070377 -0.223447 0.797477
0.000000 0.000000 0.000000
0.401807 0.130210 0.566248
-0.173445 0.046367 0.816785
0.000000 0.000000 0.000000
0.122715 0.006364 -0.128617
-0.379465 0.097964 0.399436
0.097690 0.144215 0.010615
0.000000 0.000000 0.000000
-0.021198 0.006364 0.030105
0.230347 0.144185 0.211669
0.329315 0.006364 0.422820
-0.379465 0.013803 0.433142
-0.397127 0.130210 0.073768
-0.394225 0.141624 0.561680
0.300443 0.144236 -0.124540
0.364352 0.006364 0.516981
0.379492 0.083651 0.762225
0.000000 0.000000 0.000000
0.379492 0.054047 0.540581
0.185683 0.144239 -0.146020
-0.305034 0.144283 -0.438892
-0.134613 0.144227 -0.070151
0.379492 0.101935 0.463551
0.000000 0.000000 0.000000
0.379492 0.040988 0.229634
-0.299978 0.131105 0.827013
-0.037526 0.144133 0.553768
-0.352209 0.006364 0.374961
0.092159 0.006364 0.749711
0.000000 0.000000 0.000000
0.379492 0.108254 0.668375
0.000000 0.000000 0.000000
0.379492 0.111712 0.172123
-0.379465 0.094352 0.164379
0.000000 0.000000 0.000000
0.004647 0.144264 -0.315460
0.256714 -0.271536 0.734877
0.072895 0.006364 -0.196097
0.011215 0.144206 0.075044
0.000000 0.000000 0.000000
0.000000 0.000000 0.000000
-0.021895 -0.168739 0.550702
0.395409 0.064762 -0.019646
0.180583 -0.240251 0.797477
-0.086439 0.144283 -0.439753
-0.219308 0.144218 -0.011670
0.332288 -0.140996 0.735835
-0.058142 0.006364 0.240923
-0.205683 0.144109 0.707618
0.000000 0.000000 0.000000
0.244118 0.006364 0.319283
-0.034725 0.006364 0.134829
-0.114837 0.006364 0.076387
0.282195 0.144100 0.765953
-0.300362 0.006364 0.274014
0.000000 0.000000 0.000000
0.000000 0.000000 0.000000
0.172401 0.006364 0.200084
-0.116588 0.006364 -0.179137
0.000000 0.000000 0.000000
0.000000 0.000000 0.000000
-0.108706 0.006364 -0.067500
-0.392430 0.023802 0.674476
0.083683 0.006364 0.289507
-0.379465 0.083074 -0.109934
0.000000 0.000000 0.000000
0.280470 0.144162 0.357106
-0.047309 0.006364 -0.312344
-0.228389 0.006364 0.764234
0.000000 0.000000 0.000000
-0.394324 0.107771 -0.008513
-0.379465 0.040761 0.359701
-0.351269 0.144121 0.628510
-0.310726 0.144165 0.341040
-0.379465 0.091480 -0.039640
0.000000 0.000000 0.000000
0.008699 0.144117 0.654606
0.000000 0.000000 0.000000
0.182047 0.006364 0.590358
0.082558 0.144271 -0.354824
0.224437 0.144164 0.348445
-0.395053 0.055551 0.458686
-0.388798 0.021054 0.764023
0.065993 0.061450 0.817528
-0.379465 0.108962 0.308629
0.000000 0.000000 0.000000
0.354827 0.144123 0.616167
-0.270395 0.144126 0.596083
-0.205300 0.006364 0.042063
0.000000 0.000000 0.000000
-0.273656 0.006364 0.519462
0.011397 0.006364 0.641268
0.000000 0.000000 0.000000
0.181419 0.006364 -0.014491
-0.001338 0.021868 0.476071
-0.116116 0.144296 -0.519132
0.006776 0.144185 0.206710
-0.253388 0.006364 0.327864
0.050283 0.144095 0.802354
0.379492 0.079552 0.608592
-0.288239 0.006364 0.637964
-0.310231 0.144226 -0.062090
0.197106 0.006364 -0.116093
0.135530 0.144161 0.364340
-0.181109 0.006364 0.254624
0.395056 0.055020 0.130986
-0.016038 -0.081094 0.485493
0.323392 -0.203096 0.735835
0.177927 0.142681 0.813331
0.000000 0.000000 0.000000
0.000000 0.000000 0.000000
0.377086 0.006364 0.594413
0.000000 0.000000 0.000000
0.000000 0.000000 0.000000
-0.052041 0.092087 0.817457
-0.203177 0.144165 0.337668
-0.396608 0.039061 0.515785
-0.277734 0.144287 -0.463327
0.281280 0.006364 0.233790
0.008019 0.006364 0.161137
-0.213307 0.144307 -0.591384
-0.307735 0.144208 0.057913
-0.158390 0.006364 0.680116
-0.164004 0.144180 0.241744
0.379492 0.072358 0.263505
0.379492 0.007254 0.409070
-0.223956 0.144155 0.405272
-0.134110 0.006364 -0.001053
0.214113 0.144258 -0.268454
0.280679 -0.303671 0.763546
-0.219860 0.006364 0.394616
-0.294958 0.012213 0.735835
0.347924 0.006364 0.244977
0.019200 -0.169561 0.597488
0.345390 0.144167 0.327592
0.019200 -0.106069 0.602327
0.061797 0.006364 -0.032264
-0.201422 0.144135 0.536073
0.195213 0.006364 0.525455
