0.000000 0.000000 0.000000
0.455388 0.786980 -0.398427
0.000000 0.000000 0.000000
0.000000 0.000000 0.000000
-0.528093 0.782856 -0.288607
0.172949 0.529126 -0.581682
0.000000 0.000000 0.000000
-0.477533 0.167312 -0.374285
0.000000 0.000000 0.000000
0.000000 0.000000 0.000000
0.022029 -0.010740 -0.605700
0.000000 0.000000 0.000000
0.000000 0.000000 0.000000
0.000000 0.000000 0.000000
0.000000 0.000000 0.000000
0.477606 0.216312 -0.355446
-0.169821 0.760941 -0.573002
0.000000 0.000000 0.000000
0.000000 0.000000 0.000000
0.000000 0.000000 0.000000
0.000000 0.000000 0.000000
0.000000 0.000000 0.000000
-0.498203 -0.182200 -0.347348
-0.149639 0.285860 -0.589143
-0.329621 0.534303 -0.510099
0.000000 0.000000 0.000000
0.000000 0.000000 0.000000
0.000000 0.000000 0.000000
0.000000 0.000000 0.000000
0.464433 0.564001 -0.388928
0.348818 -0.055349 -0.493938
0.000000 0.000000 0.000000
0.193521 0.214262 -0.573160
0.000000 0.000000 0.000000
0.000000 0.000000 0.000000
0.000000 0.000000 0.000000
0.000000 0.000000 0.000000
0.000000 0.000000 0.000000
-0.276237 -0.013697 -0.528922
0.000000 0.000000 0.000000
0.000000 0.000000 0.000000
0.000000 0.000000 0.000000
0.000000 0.000000 0.000000
0.000000 0.000000 0.000000
0.115212 -0.191471 -0.583415
0.000000 0.000000 0.000000
0.000000 0.000000 0.000000
-0.600507 0.554501 -0.111682
0.000000 0.000000 0.000000
0.000000 0.000000 0.000000
0.298563 0.776776 -0.518902
0.000000 0.000000 0.000000
0.000000 0.000000 0.000000
0.293620 0.322703 -0.531699
-0.487694 0.411932 -0.361043
-0.258916 0.482080 -0.546846
0.000000 0.000000 0.000000
0.000000 0.000000 0.000000
0.000000 0.000000 0.000000
0.000000 0.000000 0.000000
0.000000 0.000000 0.000000
0.000000 0.000000 0.000000
-0.400934 0.770790 -0.455379
-0.015902 0.660783 -0.596734
0.000000 0.000000 0.000000
0.000000 0.000000 0.000000
0.000000 0.000000 0.000000
0.000000 0.000000 0.000000
0.000000 0.000000 0.000000
0.000000 0.000000 0.000000
0.015013 0.444175 -0.596606
0.000000 0.000000 0.000000
0.000000 0.000000 0.000000
0.486836 0.763358 -0.343416
-0.453523 -0.342604 -0.389262
0.367269 0.145050 -0.467262
-0.055441 -0.124847 -0.591530
0.000000 0.000000 0.000000
0.000000 0.000000 0.000000
-0.354863 0.282287 -0.490731
0.000000 0.000000 0.000000
0.054767 0.223271 -0.601389
0.000000 0.000000 0.000000
0.000000 0.000000 0.000000
0.566369 0.599425 -0.217647
0.000000 0.000000 0.000000
0.000000 0.000000 0.000000
-0.593665 0.739600 -0.087571
-0.558538 0.257647 -0.241056
0.000000 0.000000 0.000000
-0.183643 0.145954 -0.567276
-0.535941 0.584774 -0.295612
0.000000 0.000000 0.000000
0.000000 0.000000 0.000000
0.352679 0.444089 -0.478457
0.000000 0.000000 0.000000
-0.339521 -0.155823 -0.489985
0.000000 0.000000 0.000000
0.000000 0.000000 0.000000
0.034084 0.764554 -0.594096
0.000000 0.000000 0.000000
0.000000 0.000000 0.000000
0.000000 0.000000 0.000000
0.413191 -0.006825 -0.432025
0.000000 0.000000 0.000000
0.000000 0.000000 0.000000
0.000000 0.000000 0.000000
0.000000 0.000000 0.000000
0.000000 0.000000 0.000000
-0.442465 -0.003810 -0.403673
0.530024 0.423087 -0.303446
0.196842 -0.005228 -0.571786
0.000000 0.000000 0.000000
-0.089968 0.138565 -0.586983
0.000000 0.000000 0.000000
0.363444 0.204423 -0.470197
0.000000 0.000000 0.000000
-0.430751 0.428842 -0.432501
0.000000 0.000000 0.000000
-0.532586 -0.041540 -0.277761
0.000000 0.000000 0.000000
-0.115731 0.607430 -0.583592
0.000000 0.000000 0.000000
0.000000 0.000000 0.000000
0.000000 0.000000 0.000000
0.000000 0.000000 0.000000
0.000000 0.000000 0.000000
-0.141788 -0.024534 -0.580161
0.000000 0.000000 0.000000
-0.338888 0.648451 -0.502988
0.204379 0.694902 -0.557915
0.000000 0.000000 0.000000
0.000000 0.000000 0.000000
0.321299 0.590213 -0.502536
0.000000 0.000000 0.000000
0.460944 0.370021 -0.377160
-0.568198 0.436558 -0.217735
0.000000 0.000000 0.000000
-0.246861 0.398389 -0.551839
0.000000 0.000000 0.000000
0.000000 0.000000 0.000000
0.000000 0.000000 0.000000
0.000000 0.000000 0.000000
0.000000 0.000000 0.000000
0.000000 0.000000 0.000000
0.000000 0.000000 0.000000
0.000000 0.000000 0.000000
0.000000 0.000000 0.000000
0.000000 0.000000 0.000000
0.000000 0.000000 0.000000
0.237930 -0.223666 -0.544018
0.018050 -0.069671 -0.606224
0.000000 0.000000 0.000000
0.000000 0.000000 0.000000
0.000000 0.000000 0.000000
0.000000 0.000000 0.000000
0.000000 0.000000 0.000000
-0.364235 0.135728 -0.471021
0.000000 0.000000 0.000000
0.000000 0.000000 0.000000
0.000000 0.000000 0.000000
0.000000 0.000000 0.000000
0.000000 0.000000 0.000000
0.000000 0.000000 0.000000
-0.147875 0.506839 -0.579360
0.122354 0.105658 -0.592490
0.000000 0.000000 0.000000
0.000000 0.000000 0.000000
0.000000 0.000000 0.000000
-0.383258 -0.123811 -0.468943
0.000000 0.000000 0.000000
0.000000 0.000000 0.000000
0.000000 0.000000 0.000000
0.000000 0.000000 0.000000
0.000000 0.000000 0.000000
0.000000 0.000000 0.000000
0.000000 0.000000 0.000000
0.000000 0.000000 0.000000
0.157695 0.383539 -0.577252
-0.445683 0.606675 -0.415793
-0.205444 -0.189893 -0.558246
-0.004587 -0.262940 -0.608242
0.000000 0.000000 0.000000
0.000000 0.000000 0.000000
0.000000 0.000000 0.000000
0.000000 0.000000 0.000000
-0.387752 -0.284716 -0.465495
0.408240 0.685364 -0.435824
0.000000 0.000000 0.000000
-0.481109 0.691847 -0.369624
-0.546571 0.086710 -0.269948
0.000000 0.000000 0.000000
0.263861 0.090042 -0.544025
0.524993 0.495357 -0.291587
0.000000 0.000000 0.000000
0.000000 0.000000 0.000000
0.000000 0.000000 0.000000
-0.436037 0.285161 -0.428365
-0.263220 0.681124 -0.545063
0.000000 0.000000 0.000000
0.000000 0.000000 0.000000
-0.561066 0.617417 -0.209003
0.000000 0.000000 0.000000
0.000000 0.000000 0.000000
0.509176 0.614221 -0.314303
0.000000 0.000000 0.000000
0.446640 0.092708 -0.395801
-0.036882 0.316530 -0.603990
-0.172273 0.024878 -0.582735
0.000000 0.000000 0.000000
0.119232 -0.027793 -0.592901
0.000000 0.000000 0.000000
0.000000 0.000000 0.000000
-0.505175 0.256834 -0.321948
0.000000 0.000000 0.000000
-0.258603 0.249277 -0.546975
0.000000 0.000000 0.000000
0.000000 0.000000 0.000000
0.032278 0.548685 -0.604350
0.000000 0.000000 0.000000
0.000000 0.000000 0.000000
0.000000 0.000000 0.000000
0.000000 0.000000 0.000000
0.276653 0.424625 -0.538726
0.339058 -0.161532 -0.488909
0.384155 -0.154891 -0.466823
-0.060968 -0.222069 -0.590801
0.000000 0.000000 0.000000
0.000000 0.000000 0.000000
0.074706 0.474031 -0.598764
-0.398752 0.089119 -0.457053
0.000000 0.000000 0.000000
0.000000 0.000000 0.000000
0.000000 0.000000 0.000000
0.000000 0.000000 0.000000
0.000000 0.000000 0.000000
0.000000 0.000000 0.000000
0.000000 0.000000 0.000000
0.313548 0.641620 -0.521001
0.000000 0.000000 0.000000
0.000000 0.000000 0.000000
0.000000 0.000000 0.000000
-0.241969 -0.123538 -0.553865
0.000000 0.000000 0.000000
0.000000 0.000000 0.000000
0.000000 0.000000 0.000000
0.000000 0.000000 0.000000
0.000000 0.000000 0.000000
0.000000 0.000000 0.000000
-0.581091 0.784267 -0.186607
-0.604526 0.786820 0.017870
0.000000 0.000000 0.000000
-0.333556 0.411911 -0.507079
0.020148 0.087035 -0.595930
0.000000 0.000000 0.000000
0.000000 0.000000 0.000000
0.000000 0.000000 0.000000
0.555976 0.768127 -0.242738
0.000000 0.000000 0.000000
0.000000 0.000000 0.000000
0.000000 0.000000 0.000000
0.000000 0.000000 0.000000
0.000000 0.000000 0.000000
0.000000 0.000000 0.000000
0.102196 0.258320 -0.585128
0.377898 0.358803 -0.471624
0.000000 0.000000 0.000000
0.397372 0.534257 -0.444163
0.000000 0.000000 0.000000
0.000000 0.000000 0.000000
0.000000 0.000000 0.000000
0.542020 0.698957 -0.250481
0.000000 0.000000 0.000000
-0.554104 0.499459 -0.225811
0.000000 0.000000 0.000000
0.000000 0.000000 0.000000
0.000000 0.000000 0.000000
0.000000 0.000000 0.000000
-0.592584 0.301167 -0.158861
0.000000 0.000000 0.000000
0.000000 0.000000 0.000000
0.000000 0.000000 0.000000
-0.502801 0.507182 -0.325042
0.000000 0.000000 0.000000
0.000000 0.000000 0.000000
0.000000 0.000000 0.000000
-0.456270 -0.072565 -0.401997
0.337862 0.040498 -0.502344
0.132740 0.662757 -0.581107
-0.504178 0.067731 -0.339560
-0.290617 0.100649 -0.533715
0.069389 0.354594 -0.599464
0.000000 0.000000 0.000000
0.000000 0.000000 0.000000
-0.237320 0.591158 -0.555792
-0.307604 0.784472 -0.514476
0.000000 0.000000 0.000000
0.148691 0.777051 -0.589022
0.000000 0.000000 0.000000
-0.067489 0.723515 -0.589943
0.243563 -0.117822 -0.541684
0.283722 0.248016 -0.525050
-0.589507 0.441969 -0.119153
0.000000 0.000000 0.000000
0.000000 0.000000 0.000000
-0.122658 0.403639 -0.592696
0.000000 0.000000 0.000000
0.000000 0.000000 0.000000
0.000000 0.000000 0.000000
0.000000 0.000000 0.000000
0.000000 0.000000 0.000000
0.000000 0.000000 0.000000
0.000000 0.000000 0.000000
0.000000 0.000000 0.000000
0.000000 0.000000 0.000000
0.000000 0.000000 0.000000
0.000000 0.000000 0.000000
0.000000 0.000000 0.000000
0.000000 0.000000 0.000000
-0.369533 -0.015274 -0.479473
0.000000 0.000000 0.000000
0.000000 0.000000 0.000000
0.469176 0.446065 -0.382746
0.000000 0.000000 0.000000
0.000000 0.000000 0.000000
0.000000 0.000000 0.000000
0.000000 0.000000 0.000000
-0.447155 -0.241138 -0.397562
-0.414566 0.372863 -0.444919
0.000000 0.000000 0.000000
-0.530544 0.368912 -0.282691
0.000000 0.000000 0.000000
0.000000 0.000000 0.000000
0.000000 0.000000 0.000000
0.000000 0.000000 0.000000
0.000000 0.000000 0.000000
0.168806 -0.103433 -0.572650
0.223386 0.610927 -0.560791
0.000000 0.000000 0.000000
0.000000 0.000000 0.000000
0.000000 0.000000 0.000000
0.259525 0.505495 -0.545821
0.000000 0.000000 0.000000
-0.555567 0.149942 -0.222278
-0.344488 -0.317845 -0.486174
0.000000 0.000000 0.000000
0.000000 0.000000 0.000000
0.000000 0.000000 0.000000
-0.482236 -0.092616 -0.351843
0.000000 0.000000 0.000000
0.000000 0.000000 0.000000
0.000000 0.000000 0.000000
0.000000 0.000000 0.000000
0.000000 0.000000 0.000000
0.000000 0.000000 0.000000
0.000000 0.000000 0.000000
0.000000 0.000000 0.000000
0.000000 0.000000 0.000000
0.000000 0.000000 0.000000
0.425526 0.407617 -0.422560
0.000000 0.000000 0.000000
0.000000 0.000000 0.000000
0.000000 0.000000 0.000000
0.000000 0.000000 0.000000
0.000000 0.000000 0.000000
-0.050970 0.219104 -0.602135
0.000000 0.000000 0.000000
0.429295 0.266986 -0.418406
0.000000 0.000000 0.000000
0.000000 0.000000 0.000000
0.000000 0.000000 0.000000
-0.049940 0.566751 -0.592253
-0.526896 0.664845 -0.291497
0.000000 0.000000 0.000000
0.000000 0.000000 0.000000
0.478034 0.679194 -0.371202
0.000000 0.000000 0.000000
-0.610979 0.639998 -0.032134
0.000000 0.000000 0.000000
0.276602 -0.013367 -0.538748
-0.080197 0.045651 -0.598287
0.000000 0.000000 0.000000
0.000000 0.000000 0.000000
-0.578233 0.684708 -0.167561
0.000000 0.000000 0.000000
-0.387162 0.480720 -0.453430
0.000000 0.000000 0.000000
0.000000 0.000000 0.000000
0.186151 0.046339 -0.576213
0.000000 0.000000 0.000000
0.175471 0.155521 -0.580637
0.000000 0.000000 0.000000
-0.614831 0.712443 -0.002884
0.000000 0.000000 0.000000
0.000000 0.000000 0.000000
-0.179512 0.671507 -0.568988
-0.147445 -0.135171 -0.589432
0.000000 0.000000 0.000000
0.000000 0.000000 0.000000
0.236015 0.784113 -0.544811
0.000000 0.000000 0.000000
0.000000 0.000000 0.000000
-0.243044 0.777929 -0.542672
0.000000 0.000000 0.000000
0.000000 0.000000 0.000000
0.000000 0.000000 0.000000
-0.289813 -0.264319 -0.534048
0.000000 0.000000 0.000000
0.000000 0.000000 0.000000
0.000000 0.000000 0.000000
-0.498424 0.749538 -0.330745
0.000000 0.000000 0.000000
0.000000 0.000000 0.000000
0.000000 0.000000 0.000000
0.000000 0.000000 0.000000
0.000000 0.000000 0.000000
0.000000 0.000000 0.000000
0.000000 0.000000 0.000000
-0.529421 0.171677 -0.306663
0.000000 0.000000 0.000000
0.000000 0.000000 0.000000
0.000000 0.000000 0.000000
0.000000 0.000000 0.000000
0.000000 0.000000 0.000000
0.000000 0.000000 0.000000
0.000000 0.000000 0.000000
0.000000 0.000000 0.000000
0.503689 0.339670 -0.337767
0.000000 0.000000 0.000000
-0.549223 0.713427 -0.237594
0.401406 0.082728 -0.453586
-0.116456 0.204117 -0.583496
0.147625 0.599679 -0.589163
0.000000 0.000000 0.000000
-0.597293 0.496237 -0.060009
0.000000 0.000000 0.000000
0.000000 0.000000 0.000000
0.337882 0.093729 -0.502329
-0.459891 0.497509 -0.397278
0.000000 0.000000 0.000000
0.059215 0.629112 -0.600803
0.000000 0.000000 0.000000
0.349977 0.275323 -0.480531
0.000000 0.000000 0.000000
0.388359 0.783857 -0.451079
-0.051300 -0.035566 -0.602092
0.000000 0.000000 0.000000
0.000000 0.000000 0.000000
-0.144266 -0.239299 -0.589851
0.075705 0.167004 -0.588616
0.000000 0.000000 0.000000
-0.307976 0.232120 -0.514191
-0.394256 0.550270 -0.460503
0.000000 0.000000 0.000000
0.000000 0.000000 0.000000
0.000000 0.000000 0.000000
-0.433138 0.674526 -0.415829
0.000000 0.000000 0.000000
0.000000 0.000000 0.000000
0.000000 0.000000 0.000000
0.000000 0.000000 0.000000
0.000000 0.000000 0.000000
0.000000 0.000000 0.000000
-0.357334 -0.233569 -0.476317
0.000000 0.000000 0.000000
0.000000 0.000000 0.000000
0.000000 0.000000 0.000000
0.000000 0.000000 0.000000
0.000000 0.000000 0.000000
-0.383254 0.209923 -0.468945
0.000000 0.000000 0.000000
-0.055464 0.460432 -0.591526
-0.600722 0.661476 -0.110039
0.000000 0.000000 0.000000
0.006591 -0.180357 -0.607733
0.000000 0.000000 0.000000
0.000000 0.000000 0.000000
0.000000 0.000000 0.000000
0.362020 0.741275 -0.483808
0.000000 0.000000 0.000000
0.143706 0.319352 -0.589679
0.000000 0.000000 0.000000
-0.483143 0.296744 -0.366975
0.000000 0.000000 0.000000
0.000000 0.000000 0.000000
-0.533218 -0.108202 -0.301714
0.000000 0.000000 0.000000
0.432856 0.184852 -0.413765
0.379933 0.609840 -0.470062
0.506558 0.681824 -0.317714
0.097754 0.543233 -0.595729
0.000000 0.000000 0.000000
0.000000 0.000000 0.000000
-0.527492 0.453828 -0.290059
0.024155 0.303076 -0.605420
0.000000 0.000000 0.000000
-0.559721 0.031922 -0.212251
0.000000 0.000000 0.000000
0.000000 0.000000 0.000000
0.000000 0.000000 0.000000
0.090210 -0.076302 -0.596722
0.000000 0.000000 0.000000
0.250960 0.169432 -0.549369
0.397890 -0.105113 -0.456285
0.000000 0.000000 0.000000
0.000000 0.000000 0.000000
0.000000 0.000000 0.000000
-0.450067 -0.171886 -0.410081
-0.248029 0.169974 -0.540607
0.000000 0.000000 0.000000
0.000000 0.000000 0.000000
0.000000 0.000000 0.000000
-0.323020 -0.086272 -0.502646
0.000000 0.000000 0.000000
0.000000 0.000000 0.000000
-0.451084 0.760040 -0.392442
-0.305377 0.316452 -0.527601
0.000000 0.000000 0.000000
0.000000 0.000000 0.000000
0.000000 0.000000 0.000000
0.000000 0.000000 0.000000
0.000000 0.000000 0.000000
0.000000 0.000000 0.000000
-0.474306 0.568079 -0.362178
0.000000 0.000000 0.000000
0.000000 0.000000 0.000000
0.000000 0.000000 0.000000
0.000000 0.000000 0.000000
0.580568 0.733699 -0.183367
0.000000 0.000000 0.000000
0.000000 0.000000 0.000000
-0.572106 0.368357 -0.182351
0.000000 0.000000 0.000000
0.000000 0.000000 0.000000
-0.591966 0.609958 -0.100476
-0.244033 0.073029 -0.542263
-0.425755 0.214824 -0.423816
0.000000 0.000000 0.000000
0.000000 0.000000 0.000000
-0.039038 0.388416 -0.603706
0.000000 0.000000 0.000000
0.000000 0.000000 0.000000
0.000000 0.000000 0.000000
0.000000 0.000000 0.000000
0.000000 0.000000 0.000000
0.000000 0.000000 0.000000
0.000000 0.000000 0.000000
0.000000 0.000000 0.000000
0.000000 0.000000 0.000000
0.000000 0.000000 0.000000
-0.303319 0.583993 -0.517705
0.000000 0.000000 0.000000
0.000000 0.000000 0.000000
0.000000 0.000000 0.000000
0.000000 0.000000 0.000000
-0.167067 0.360189 -0.574142
0.000000 0.000000 0.000000
0.000000 0.000000 0.000000
0.000000 0.000000 0.000000
0.000000 0.000000 0.000000
0.000000 0.000000 0.000000
0.000000 0.000000 0.000000
0.000000 0.000000 0.000000
0.000000 0.000000 0.000000
0.000000 0.000000 0.000000
-0.285878 -0.184442 -0.524929
0.333020 -0.228327 -0.493542
0.000000 0.000000 0.000000
0.109810 0.734108 -0.584126
-0.232322 -0.248547 -0.557861
-0.222688 -0.056288 -0.551104
0.000000 0.000000 0.000000
0.000000 0.000000 0.000000
0.000000 0.000000 0.000000
0.000000 0.000000 0.000000
0.000000 0.000000 0.000000
0.000000 0.000000 0.000000
0.000000 0.000000 0.000000
0.455985 0.020464 -0.383623
-0.578801 0.488899 -0.166189
0.000000 0.000000 0.000000
0.449980 0.633002 -0.407762
0.000000 0.000000 0.000000
0.000000 0.000000 0.000000
0.253233 0.043528 -0.548427
0.537310 0.551485 -0.261850
0.000000 0.000000 0.000000
0.417509 0.337572 -0.441230
0.000000 0.000000 0.000000
-0.441607 0.088695 -0.404792
0.000000 0.000000 0.000000
0.223010 0.399093 -0.560946
-0.318352 0.717967 -0.506228
0.000000 0.000000 0.000000
0.000000 0.000000 0.000000
-0.393558 0.308258 -0.461039
0.000000 0.000000 0.000000
0.000000 0.000000 0.000000
-0.171185 0.439508 -0.583185
0.000000 0.000000 0.000000
0.000000 0.000000 0.000000
0.000000 0.000000 0.000000
0.000000 0.000000 0.000000
-0.479487 -0.281196 -0.355426
0.000000 0.000000 0.000000
0.000000 0.000000 0.000000
0.000000 0.000000 0.000000
0.000000 0.000000 0.000000
-0.587789 0.221932 -0.170439
0.000000 0.000000 0.000000
0.142583 0.449004 -0.579811
0.000000 0.000000 0.000000
0.000000 0.000000 0.000000
0.000000 0.000000 0.000000
-0.399598 0.625130 -0.456404
0.000000 0.000000 0.000000
0.094461 0.404157 -0.596163
0.411434 -0.208838 -0.445891
0.000000 0.000000 0.000000
-0.316077 0.042485 -0.520491
0.299907 0.709230 -0.518346
-0.407066 0.149817 -0.438156
-0.588419 0.765259 -0.127413
-0.217477 0.712532 -0.564010
0.000000 0.000000 0.000000
0.000000 0.000000 0.000000
0.000000 0.000000 0.000000
0.000000 0.000000 0.000000
-0.220023 0.518359 -0.562956
0.000000 0.000000 0.000000
-0.541312 0.527418 -0.282643
0.000000 0.000000 0.000000
0.200973 0.479735 -0.570074
-0.110323 0.670351 -0.594320
0.000000 0.000000 0.000000
0.000000 0.000000 0.000000
0.000000 0.000000 0.000000
0.000000 0.000000 0.000000
0.494054 0.280783 -0.350324
0.000000 0.000000 0.000000
-0.531328 0.024468 -0.280797
0.000000 0.000000 0.000000
0.000000 0.000000 0.000000
0.000000 0.000000 0.000000
0.371014 -0.015255 -0.476906
0.000000 0.000000 0.000000
0.000000 0.000000 0.000000
-0.459419 0.377547 -0.397892
0.000000 0.000000 0.000000
-0.186256 0.235101 -0.566195
0.000000 0.000000 0.000000
0.000000 0.000000 0.000000
0.000000 0.000000 0.000000
0.000000 0.000000 0.000000
0.000000 0.000000 0.000000
-0.212055 0.291613 -0.566256
0.429304 -0.055407 -0.432179
-0.589180 0.574765 -0.167079
0.000000 0.000000 0.000000
0.338761 0.526763 -0.501655
0.000000 0.000000 0.000000
-0.462722 0.237660 -0.377274
-0.027741 0.136662 -0.605194
-0.503979 0.629456 -0.339820
0.300368 0.193342 -0.518155
0.000000 0.000000 0.000000
0.000000 0.000000 0.000000
0.000000 0.000000 0.000000
-0.516232 -0.263252 -0.323851
0.000000 0.000000 0.000000
0.000000 0.000000 0.000000
0.000000 0.000000 0.000000
0.275190 -0.073591 -0.539333
0.000000 0.000000 0.000000
0.000000 0.000000 0.000000
0.000000 0.000000 0.000000
0.000000 0.000000 0.000000
0.543469 0.641048 -0.272936
0.494948 0.552431 -0.332843
0.000000 0.000000 0.000000
0.202778 -0.179965 -0.569326
0.426750 0.491897 -0.421620
0.000000 0.000000 0.000000
0.000000 0.000000 0.000000
0.000000 0.000000 0.000000
-0.549533 0.563372 -0.236846
0.000000 0.000000 0.000000
0.000000 0.000000 0.000000
-0.061341 0.786429 -0.600769
0.286191 -0.165400 -0.534775
0.000000 0.000000 0.000000
0.000000 0.000000 0.000000
0.000000 0.000000 0.000000
0.000000 0.000000 0.000000
-0.505598 -0.040545 -0.321396
0.000000 0.000000 0.000000
0.000000 0.000000 0.000000
-0.001605 0.600605 -0.598617
0.000000 0.000000 0.000000
0.465206 0.149827 -0.371606
0.000000 0.000000 0.000000
0.000000 0.000000 0.000000
0.000000 0.000000 0.000000
0.000000 0.000000 0.000000
0.000000 0.000000 0.000000
0.000000 0.000000 0.000000
0.000000 0.000000 0.000000
0.000000 0.000000 0.000000
-0.291723 0.372718 -0.522508
0.000000 0.000000 0.000000
0.000000 0.000000 0.000000
0.198291 0.108344 -0.571185
0.000000 0.000000 0.000000
0.228851 0.555366 -0.547778
0.137336 0.200548 -0.580502
0.000000 0.000000 0.000000
0.000000 0.000000 0.000000
